-109.579997112877, 6.13414673042438, -1.77635683940025E-15
-109.579997112877, 6.28784344865375, -0.756223262835374
-109.579997112877, 6.40888124681877, -1.51836518941717
-109.579997112877, 6.50210222846344, -2.28442971614749
-109.579997112877, 6.576313709824, -3.05258950631376
-109.579997112877, 6.64088475299644, -3.82162835417721
-109.579997112877, 6.70007777794595, -4.59110086455989
-109.579997112877, 6.75561364365883, -5.36084664654557
-109.579997112877, 6.80919287177259, -6.13073145959736
-109.579997112877, 6.86251662727395, -6.90063407136223
-109.579997112877, 6.74828081772325, -7.61817076964291
-109.579997112877, 6.08557494613038, -8.00804266452076
-109.579997112877, 5.34137625660514, -8.20779208621659
-109.579997112877, 4.5793072583969, -8.32929495762379
-109.579997112877, 3.81625588410264, -8.44482008774226
-109.579997112877, 3.05311439359617, -8.55974821069436
-109.579997112877, 2.2898897968515, -8.67412338998101
-109.579997112877, 1.52660539352675, -8.78809865793721
-109.579997112877, 0.763291214012712, -8.90187445725891
-109.579997112877, 3.70054181231642E-22, -9.01580420502342
-107.442118229734, 6.42417524217853, -1.77635683940025E-15
-107.442118229734, 6.53573278258534, -0.777416824873861
-107.442118229735, 6.63619699646116, -1.55634187741526
-107.442118229735, 6.7241922979711, -2.33677386289745
-107.442118229735, 6.80111157944953, -3.1183783696695
-107.442118229735, 6.86974406485291, -3.90075628841252
-107.442118229735, 6.93257767745598, -4.68362310402234
-107.442118229735, 6.9927944645015, -5.46669644823092
-107.442118229735, 7.053606999657, -6.2497235477333
-107.442118229735, 7.08011540498616, -7.00081947401656
-107.442118229735, 6.96826269555347, -7.72258348056781
-107.442118229735, 6.24536043360684, -8.0292308929405
-107.442118229735, 5.48374059735705, -8.21314048725077
-107.442118229735, 4.70179506337406, -8.28614426662786
-107.442118229735, 3.91928512650464, -8.3532627734046
-107.442118229735, 3.13606179914213, -8.41142580000795
-107.442118229735, 2.35228027829646, -8.46156059073794
-107.442118229735, 1.56820197557032, -8.50683525070459
-107.442118229735, 0.783924597980312, -8.54852780619672
-107.442118229735, 1.25017296293822E-17, -8.59638599622912
-105.249421939332, 6.6015162303367, -1.77635683940025E-15
-105.249421939332, 6.69736939984101, -0.791371997992061
-105.249421939332, 6.79068524333157, -1.58304609179763
-105.249421939332, 6.87810559914267, -2.37539116441788
-105.249421939332, 6.95836739947259, -3.1684936297735
-105.249421939332, 7.03270963578014, -3.9621740310656
-105.249421939332, 7.10287414801508, -4.75623537421024
-105.249421939332, 7.17056187212499, -5.55051212421232
-105.249421939332, 7.23747504614924, -6.3448546398575
-105.249421939332, 7.21762505046079, -7.06660628860148
-105.249421939332, 7.10756303057502, -7.80513219948698
-105.249421939332, 6.35519292423083, -8.06781957094119
-105.249421939332, 5.57500930164274, -8.22285460748167
-105.249421939332, 4.77930137339254, -8.27048236993634
-105.249421939332, 3.98354547479273, -8.31767308106932
-105.249421939332, 3.18722855125185, -8.35403925721398
-105.249421939332, 2.39053289960892, -8.38107747458874
-105.249421939332, 1.5937384574624, -8.40506111319936
-105.249421939332, 0.796817740522529, -8.42433757457175
-105.249421939332, 9.57249530660523E-16, -8.44747256923927
-103.056725648929, 6.73129637671136, -1.77635683940025E-15
-103.056725648929, 6.82321175758725, -0.804837717730043
-103.056725648929, 6.91402880695748, -1.60979990422571
-103.056725648929, 7.00196058203537, -2.41508183697355
-103.056725648929, 7.0852175375606, -3.22085963416172
-103.056725648929, 7.16391528499007, -4.02709674341524
-103.056725648929, 7.23995341541162, -4.83358899940692
-103.056725648929, 7.31310855157336, -5.64034780144321
-103.056725648929, 7.38313681266535, -6.44738395532435
-103.056725648929, 7.32436630916446, -7.15040684524032
-103.056725648929, 7.226976366304, -7.92327364945039
-103.056725648929, 6.46433890375673, -8.18967695477257
-103.056725648929, 5.66755876638071, -8.32716270486996
-103.056725648929, 4.85846222181216, -8.36646909628445
-103.056725648929, 4.04923970315226, -8.40343174943829
-103.056725648929, 3.23961153357014, -8.42994679265972
-103.056725648929, 2.42977414604883, -8.44931190357366
-103.056725648929, 1.61992238001643, -8.46806876754176
-103.056725648929, 0.809957347780108, -8.48073876166225
-103.056725648929, 1.81484922025739E-16, -8.49404361797762
-100.864029358526, 6.83630787567623, -1.77635683940025E-15
-100.864029358526, 6.93051228476718, -0.819357403224415
-100.864029358526, 7.0220946650526, -1.63901180763174
-100.864029358526, 7.11026268654219, -2.45904023350303
-100.864029358526, 7.19422239545922, -3.27950986994281
-100.864029358526, 7.27399944399799, -4.10039741393579
-100.864029358526, 7.35173534567252, -4.9214810461184
-100.864029358526, 7.4276003481168, -5.74273959673316
-100.864029358526, 7.50028336811393, -6.56428492442609
-100.864029358526, 7.41398074645826, -7.26149598354313
-100.864029358526, 7.33277354580505, -8.0676601423137
-100.864029358526, 6.58215742079469, -8.38519262855566
-100.864029358526, 5.7704020636567, -8.52258248667898
-100.864029358526, 4.94682897669374, -8.56629702640727
-100.864029358526, 4.12276360978343, -8.59983497273584
-100.864029358526, 3.29833901975073, -8.6230765912264
-100.864029358526, 2.47381565216591, -8.64263426002671
-100.864029358526, 1.64934345965791, -8.66423524356089
-100.864029358526, 0.824686446277185, -8.67610515988978
-100.864029358526, 1.2591747571746E-15, -8.6865541664878
-98.6713330681237, 6.92392583412686, -1.77635683940025E-15
-98.6713330681237, 7.02287860001236, -0.833849376409341
-98.6713330681237, 7.11642971813625, -1.66832158144123
-98.6713330681237, 7.20442577965909, -2.50339816282018
-98.6713330681236, 7.28800449247701, -3.33892902585938
-98.6713330681237, 7.36848512142152, -4.1747645038515
-98.6713330681237, 7.44714738437112, -5.01077314816817
-98.6713330681237, 7.52368565563368, -5.84697884324223
-98.6713330681237, 7.59575426559574, -6.68357898736904
-98.6713330681237, 7.48876112911986, -7.38304423359993
-98.6713330681237, 7.41442251559727, -8.21203566473802
-98.6713330681237, 6.69702245201814, -8.60628820381346
-98.6713330681237, 5.87310830293444, -8.76048996573664
-98.6713330681236, 5.03548626328045, -8.81911598407304
-98.6713330681237, 4.19672359097282, -8.85844709203936
-98.6713330681237, 3.3575020873632, -8.88680522443557
-98.6713330681237, 2.5182547854072, -8.91440317591585
-98.6713330681237, 1.67909961696146, -8.94466989620257
-98.6713330681236, 0.839599679457935, -8.96214482716293
-98.6713330681237, 6.6803519698698E-16, -8.9750939799589
-96.4786367777203, 6.99830026689345, -1.77635683940025E-15
-96.4786367777207, 7.10120033629806, -0.847455057913368
-96.4786367777209, 7.1963173220305, -1.69581881184591
-96.4786367777209, 7.28442113214401, -2.5449407274087
-96.4786367777209, 7.36769579293033, -3.39455101022142
-96.478636777721, 7.44805105188765, -4.24444271926517
-96.4786367777209, 7.52648290101738, -5.09451418504048
-96.4786367777209, 7.60231504808976, -5.94482123329217
-96.4786367777209, 7.67172780080269, -6.7956695791977
-96.4786367777209, 7.54967911153293, -7.50180359078311
-96.478636777721, 7.47421978451506, -8.34735255540157
-96.4786367777209, 6.79698574894391, -8.81866650492282
-96.478636777721, 5.96553488294622, -9.00554026572952
-96.478636777721, 5.11598212914359, -9.08902895914341
-96.4786367777209, 4.26419303893471, -9.14545119198058
-96.4786367777209, 3.4116488580909, -9.18950793320394
-96.4786367777209, 2.55910828838557, -9.23363809454633
-96.4786367777209, 1.70661891463722, -9.27871306436469
-96.478636777721, 0.853446770450748, -9.30749468869521
-96.4786367777209, 1.98612471070387E-15, -9.32752913751266
-94.2859404873182, 7.06217675246177, -1.77635683940025E-15
-94.2859404873182, 7.1668829516775, -0.859544599940449
-94.2859404873182, 7.26294896287342, -1.72009747453793
-94.2859404873182, 7.35118165758601, -2.58149016886692
-94.2859404873182, 7.43405198493475, -3.44341659684857
-94.2859404873182, 7.51369336643685, -4.30564813723454
-94.2859404873182, 7.59105432189133, -5.16808712916513
-94.2859404873182, 7.66511692219072, -6.03081506418809
-94.2859404873182, 7.72844366308853, -6.89298480149145
-94.2859404873182, 7.59789522463357, -7.60905645184517
-94.2859404873182, 7.51601422840155, -8.46713787995379
-94.2859404873182, 6.87173203589651, -9.00072664786825
-94.2859404873182, 6.03876049315482, -9.23214263890067
-94.2859404873182, 5.18104440046398, -9.35044149812477
-94.2859404873182, 4.31947022048029, -9.43658820032661
-94.2859404873182, 3.45655365416735, -9.50841652918806
-94.2859404873182, 2.5934364879049, -9.5778072510056
-94.2859404873182, 1.73001923119804, -9.64327104492974
-94.2859404873182, 0.865341053113245, -9.68878173822001
-94.2859404873182, 3.44584196424241E-15, -9.71992473847528
-92.0932441969154, 7.11791326644085, -1.77635683940025E-15
-92.0932441969154, 7.22233852011065, -0.8703600632182
-92.0932441969154, 7.31864174949601, -1.74165535084802
-92.0932441969154, 7.40693133384247, -2.61380020871569
-92.0932441969154, 7.48927290460049, -3.48652804613005
-92.0932441969154, 7.56774159844019, -4.3596134076863
-92.0932441969155, 7.64342625621638, -5.23294441666064
-92.0932441969155, 7.71495403314495, -6.10662478762242
-92.0932441969155, 7.67909276954378, -6.89138234624878
-92.0932441969154, 7.63561034821141, -7.70565936521952
-92.0932441969155, 7.54361416751648, -8.573613204565
-92.0932441969155, 6.92202849816615, -9.15387929233484
-92.0932441969155, 6.09245716036081, -9.43332255625585
-92.0932441969154, 5.23051818542058, -9.59218185740171
-92.0932441969154, 4.36271251247946, -9.715848736696
-92.0932441969154, 3.4926756323605, -9.82292521135107
-92.0932441969155, 2.62172294005513, -9.92228568405094
-92.0932441969155, 1.74960176209974, -10.0106732811309
-92.0932441969155, 0.87544593865432, -10.0757998819566
-92.0932441969154, 4.49452938816348E-15, -10.1207155277182
-89.9005479065127, 7.16770912663518, -1.77635683940025E-15
-89.9005479065127, 7.27052372214086, -0.880251867650589
-89.9005479065127, 7.36643943198559, -1.76128080589822
-89.9005479065127, 7.45451061744445, -2.64312864270398
-89.9005479065127, 7.53604078292642, -3.52560655766357
-89.9005479065127, 7.61296065354423, -4.40849919177486
-89.9005479065127, 7.68655954561144, -5.29167475761045
-89.9005479065127, 7.75508886972939, -6.17525645942286
-89.9005479065128, 7.64852737952986, -6.90837860641631
-89.9005479065126, 7.66504570246631, -7.79441275248819
-89.9005479065127, 7.5609253159072, -8.67055170578029
-89.9005479065127, 6.95549200512194, -9.28701101583168
-89.9005479065127, 6.13178570505028, -9.6108127006266
-89.9005479065127, 5.26847255757149, -9.80989565999169
-89.9005479065127, 4.39719206363529, -9.97186772002969
-89.9005479065127, 3.52255885214928, -10.1147538446219
-89.9005479065127, 2.64572141645057, -10.2434178546834
-89.9005479065127, 1.7663959298865, -10.3536537736619
-89.9005479065127, 0.88421432012282, -10.4380891632295
-89.9005479065127, 4.98675166376845E-15, -10.497640144882
-87.6978516161032, 7.21368054279353, -1.77635683940025E-15
-87.6978516161072, 7.31418086784599, -0.88931817690944
-87.6978516161093, 7.40911498984646, -1.77924608390132
-87.6978516161099, 7.49648077432512, -2.66994842076551
-87.6978516161099, 7.57678630320287, -3.56131590318337
-87.6978516161099, 7.6518508590492, -4.45314144557154
-87.6978516161099, 7.72312091124777, -5.34527796137016
-87.6978516161099, 7.78846676777697, -6.23786554414948
-87.6978516161099, 7.67633909450447, -6.98107181379388
-87.6978516161099, 7.68813908816467, -7.87591163209944
-87.6978516161099, 7.57206153765614, -8.75920009833227
-87.6978516161099, 6.98102982339126, -9.40643682619285
-87.6978516161099, 6.16356863209353, -9.76760913737031
-87.6978516161099, 5.30000330481843, -10.00126131397
-87.6978516161099, 4.42660227869583, -10.1964805025291
-87.6978516161099, 3.5486466499634, -10.3701102197422
-87.6978516161099, 2.66686724700755, -10.5231262309772
-87.6978516161099, 1.78117517696756, -10.6514370787794
-87.69785161611, 0.891926806340262, -10.7523619090979
-87.6978516161099, 6.13702559259461E-15, -10.825827716864
-82.2261108901031, 7.32213415777448, -1.77635683940025E-15
-82.2261108901031, 7.41605158589074, -0.907365823664851
-82.2261108901031, 7.50547554274026, -1.8151838913689
-82.2261108901031, 7.58748919910013, -2.72370028305218
-82.2261108901031, 7.66198398205962, -3.63286479351121
-82.2261108901031, 7.73085091218567, -4.54247447787508
-82.2261108901031, 7.79546853111754, -5.45239557324802
-82.2261108901031, 7.85299667260542, -6.36278836210911
-82.2261108901031, 7.72926352422055, -7.12516755827741
-82.2261108901031, 7.72484217509154, -8.03731521094623
-82.2261108901031, 7.59297512709071, -8.93618956495968
-82.2261108901031, 7.04734732599237, -9.65151765788726
-82.2261108901031, 6.24413648267501, -10.0780595286197
-82.2261108901031, 5.37548901602004, -10.3550082010983
-82.2261108901031, 4.49384354120569, -10.5890743375348
-82.2261108901031, 3.60575413294806, -10.7972890937389
-82.2261108901031, 2.71114602252347, -10.9754301039186
-82.2261108901031, 1.81112968067149, -11.1238193641199
-82.2261108901031, 0.906986327522765, -11.2447416805013
-82.2261108901031, 4.61051257235838E-15, -11.3420348348001
-76.7443701640962, 7.44951421084657, -1.77635683940025E-15
-76.7443701640962, 7.53295633594918, -0.918599601506425
-76.7443701640962, 7.60912264416972, -1.83782924330688
-76.7443701640962, 7.67663258292688, -2.75773536367848
-76.7443701640962, 7.73695507642659, -3.67814209876794
-76.7443701640962, 7.79253795541799, -4.59884848942458
-76.7443701640962, 7.8444725231139, -5.51976762897292
-76.7443701640962, 7.89005543520074, -6.44101946960597
-76.7443701640962, 7.75372736648777, -7.2128322891608
-76.7443701640962, 7.72984769473292, -8.13486302242759
-76.7443701640962, 7.59421003255251, -9.04451982070477
-76.7443701640962, 7.09546504571207, -9.80860863371882
-76.7443701640962, 6.31375294671314, -10.2885280164098
-76.7443701640962, 5.43924837199573, -10.5794261045905
-76.7443701640962, 4.54758164272863, -10.8153462338398
-76.7443701640962, 3.6486791460719, -11.0218673013975
-76.7443701640962, 2.74232638569204, -11.1928240475969
-76.7443701640962, 1.83123494577692, -11.3365151083413
-76.7443701640962, 0.91671384513131, -11.4565622480237
-76.7443701640962, 1.92787295010794E-15, -11.5585761288768
-71.2626294380893, 7.61178302714581, -1.77635683940025E-15
-71.2626294380893, 7.67813380400682, -0.922767447597027
-71.2626294380893, 7.73105247042983, -1.84640150237376
-71.2626294380893, 7.7721244230827, -2.77064240133627
-71.2626294380893, 7.80621619771206, -3.6951701851988
-71.2626294380894, 7.83700693828108, -4.61981465790041
-71.2626294380893, 7.8655269472789, -5.54453185125818
-71.2626294380893, 7.8902667509071, -6.4693567750358
-71.2626294380893, 7.73893916291573, -7.24119744878106
-71.2626294380893, 7.69207465713915, -8.16507133143324
-71.2626294380893, 7.54829213986893, -9.07736510288462
-71.2626294380893, 7.0889072441444, -9.86976572595068
-71.2626294380893, 6.33136328826629, -10.3907884234459
-71.2626294380893, 5.46290526354999, -10.7061302190772
-71.2626294380893, 4.57009898140409, -10.9481990373242
-71.2626294380893, 3.66717660938302, -11.1493728114551
-71.2626294380893, 2.75547877251813, -11.3062021391493
-71.2626294380894, 1.83937954907165, -11.4352038203563
-71.2626294380893, 0.920908616838536, -11.5461579772839
-71.2626294380893, 1.16200742191973E-15, -11.6343740926602
-65.7808887120825, 7.75180143610645, -1.77635683940025E-15
-65.7808887120825, 7.80112102207871, -0.919246930438302
-65.7808887120825, 7.82961827328485, -1.83937616308105
-65.7808887120825, 7.84172130310549, -2.75987815054662
-65.7808887120825, 7.8463067071317, -3.6804549609453
-65.7808887120825, 7.84911029468542, -4.60103909330662
-65.7808887120825, 7.85020335361182, -5.52162676831405
-65.7808887120825, 7.84908530367589, -6.44221431311237
-65.7808887120825, 7.67654858738588, -7.20626807783651
-65.7808887120825, 7.59929435039453, -8.12337745750024
-65.7808887120825, 7.4334925867064, -9.02801078416331
-65.7808887120825, 7.01007392948732, -9.83647334344375
-65.7808887120824, 6.28393779141533, -10.3934854004532
-65.7808887120825, 5.43543615700114, -10.747394109724
-65.7808887120825, 4.55151491853092, -11.003783684958
-65.7808887120825, 3.65390322235146, -11.2075737846501
-65.7808887120825, 2.74563945024813, -11.3570409303727
-65.7808887120825, 1.83248520171655, -11.4736517538832
-65.7808887120825, 0.917590136213661, -11.5758449058174
-65.7808887120825, 6.72383130273154E-17, -11.6494918223807
-60.2991479860756, 7.83761702537811, -1.77635683940025E-15
-60.2991479860756, 7.87470983009726, -0.910373478762772
-60.2991479860756, 7.88411186767851, -1.82145651301791
-60.2991479860756, 7.87196760507198, -2.7325277436287
-60.2991479860756, 7.85032718489899, -3.64343356769751
-60.2991479860756, 7.82628430363898, -4.55427965518869
-60.2991479860756, 7.80115579590682, -5.46509666958787
-60.2991479860756, 7.77592790526928, -6.37591094694964
-60.2991479860756, 7.57887720300896, -7.12753071934547
-60.2991479860756, 7.4687254663956, -8.03159989899063
-60.2991479860756, 7.26808982678838, -8.91984077247449
-60.2991479860756, 6.87152106886346, -9.73415145022862
-60.2991479860756, 6.18891444623064, -10.3302177560674
-60.2991479860756, 5.36975546612536, -10.7266573692274
-60.2991479860756, 4.50220752590929, -11.0041201909547
-60.2991479860756, 3.61689126039986, -11.2189338682346
-60.2991479860756, 2.71873036168232, -11.3713442242016
-60.2991479860756, 1.81445800940724, -11.4829776357937
-60.2991479860756, 0.908453049542385, -11.579762926459
-60.2991479860756, -4.20214040946679E-16, -11.6499923032831
-54.8174072600665, 7.88346135332123, -1.77635683940025E-15
-54.8174013184982, 7.91243618498344, -0.898453257082743
-54.8174025859829, 7.90595004158617, -1.79727699620478
-54.8174069958057, 7.87191380742997, -2.69557215016866
-54.8174072600687, 7.82692687958029, -3.59339856982179
-54.8174072600687, 7.77888967897283, -4.49106804187693
-54.8174072600687, 7.72928363337443, -5.38865227772682
-54.8174072600687, 7.6790781672328, -6.28620337032548
-54.8174072600687, 7.45491882487058, -7.02210287289553
-54.8174072600687, 7.31344808658187, -7.90935886935913
-54.8174072600687, 7.07338754470161, -8.77522885300517
-54.8174072600687, 6.68934788232142, -9.58478368825143
-54.8174072600687, 6.05808183648858, -10.218746884261
-54.8174072600687, 5.27646571713132, -10.6597855608985
-54.8174072600687, 4.43318283564169, -10.9693257012542
-54.8174072600687, 3.56499344082902, -11.2018383165514
-54.8174072600687, 2.68148551318175, -11.3664966338069
-54.8174072600687, 1.78976700393883, -11.4799490252207
-54.8174072600687, 0.895567464579613, -11.5720411180149
-54.8174072600687, -4.37103108752586E-16, -11.6499977478676
-49.3356665340619, 7.90554182361672, -1.77635683940025E-15
-49.3356665351949, 7.92055343056353, -0.88422966500705
-49.3356665340619, 7.898903466017, -1.76831852947535
-49.3356665340619, 7.8465168403678, -2.65115515926223
-49.3356665340619, 7.77878461559621, -3.53297093566367
-49.3356665340619, 7.70702896380181, -4.41447076168566
-49.3356665340618, 7.63240911141251, -5.29573274172991
-49.3356665340619, 7.55489040515897, -6.17674445149015
-49.3356665340619, 7.30021361060715, -6.89287388850834
-49.3356665340618, 7.12631237125619, -7.75964106435154
-49.3356665340618, 6.85033152658766, -8.59942950842397
-49.3356665340618, 6.46591292951978, -9.39447966720064
-49.3356665340619, 5.88813835214856, -10.0595870665195
-49.3356665340618, 5.15593264946716, -10.552258352811
-49.3356665340618, 4.34585097730529, -10.9047834047566
-49.3356665340619, 3.49971366274739, -11.1614694804019
-49.3356665340619, 2.63547301767571, -11.3477990097836
-49.3356665340618, 1.75959664055213, -11.4697399212263
-49.3356665340618, 0.880118073454947, -11.5629154143162
-49.3356665340618, 9.18439733680045E-19, -11.6499997039196
-43.8539258080579, 7.90903014183161, -1.77635683940025E-15
-43.8539330782083, 7.90778529413133, -0.866790439193794
-43.8539275520797, 7.86516407228474, -1.73263424500724
-43.8539259183255, 7.79094558659003, -2.59637395053066
-43.8539258080549, 7.69874741189922, -3.45840617873945
-43.853925808055, 7.59978858824779, -4.3196936104995
-43.853925808055, 7.49728624028701, -5.18056663721056
-43.853925808055, 7.38980218941056, -6.04082981046964
-43.853925808055, 7.09861192399834, -6.7308140206486
-43.853925808055, 6.88538134880995, -7.57093567007129
-43.853925808055, 6.58199675080922, -8.38252347188676
-43.853925808055, 6.1895535426256, -9.15495085136095
-43.853925808055, 5.66375329169534, -9.84166767460376
-43.853925808055, 4.99478339009148, -10.3905108113931
-43.853925808055, 4.23217945380264, -10.8007703366147
-43.8539258080549, 3.41615578458598, -11.0923971617693
-43.853925808055, 2.57790775145901, -11.3122320982376
-43.853925808055, 1.7226625287458, -11.4530662313868
-43.853925808055, 0.861583783207111, -11.5536489025248
-43.853925808055, 6.71808882215572E-23, -11.65
-38.3721850820481, 7.88838794393863, -1.77635683940025E-15
-38.3721850820481, 7.85232202626929, -0.843925718972169
-38.3721850820481, 7.78382069945132, -1.68582396391236
-38.3721850820481, 7.68385239259127, -2.52458932331124
-38.3721850820481, 7.56312323329632, -3.36064538586061
-38.3721850820481, 7.43259150033746, -4.19523624226133
-38.3721850820481, 7.29633745058458, -5.02891189264917
-38.3721850820481, 7.15021155825866, -5.86090160157644
-38.3721850820481, 6.81168111280281, -6.51367168400535
-38.3721850820481, 6.54902992521621, -7.31644259454513
-38.3721850820481, 6.22486897767091, -8.09611393852609
-38.3721850820481, 5.82668429794243, -8.84078851457686
-38.3721850820481, 5.34691926035278, -9.53510678406461
-38.3721850820481, 4.7556800470627, -10.1368767382336
-38.3721850820481, 4.06552443395694, -10.6219038477565
-38.3721850820481, 3.29996175788206, -10.9765465816522
-38.3721850820481, 2.49899879760089, -11.2441621389329
-38.3721850820481, 1.67433052451485, -11.4252423850091
-38.3721850820481, 0.837936868485044, -11.543017502802
-38.3721850820481, -4.37040100913245E-16, -11.65
-32.8804443560412, 7.80901536847443, -1.77635683940025E-15
-32.8804443560412, 7.72250141400096, -0.811961942115709
-32.8804443560412, 7.61258486109716, -1.62107564539051
-32.8804443560412, 7.47739126202558, -2.42635578070044
-32.8804443560412, 7.3216424624973, -3.22792891706741
-32.8804443560412, 7.15304891064321, -4.02691098912452
-32.8804443560412, 6.97594989859848, -4.82404971399173
-32.8804443560412, 6.69269497847444, -5.49754235123756
-32.8804443560412, 6.39318274797319, -6.2230160257471
-32.8804443560412, 6.08307433906968, -6.97836194868968
-32.8804443560412, 5.73845169473488, -7.71853284473872
-32.8804443560412, 5.34563074406797, -8.43422574725108
-32.8804443560412, 4.90223276745918, -9.11968389904967
-32.8804443560412, 4.39263752834455, -9.75710499513982
-32.8804443560412, 3.80317456093465, -10.3211105847651
-32.8804443560412, 3.12626086672811, -10.7753759018378
-32.8804443560412, 2.38159873281081, -11.1097539576452
-32.8804443560412, 1.60781861200281, -11.3687647778844
-32.8804443560412, 0.807234296198241, -11.5268124012042
-32.8804443560412, 8.20824963747878E-17, -11.65
-30.6977480656385, 7.74865112303712, -1.77635683940025E-15
-30.6977480656385, 7.63707614876021, -0.795971202235163
-30.6977480656385, 7.5059790159338, -1.58895148198839
-30.6977480656385, 7.35311942620819, -2.37802608740005
-30.6977480656385, 7.18114212790494, -3.16316492076325
-30.6977480656385, 6.99585414762, -3.94528071440408
-30.6977480656385, 6.80129513608372, -4.72513993128624
-30.6977480656385, 6.46898036377693, -5.33642814377471
-30.6977480656385, 6.18173707145764, -6.08668605741578
-30.6977480656385, 5.85518945745257, -6.82108623663771
-30.6977480656385, 5.50236572427443, -7.54321220883492
-30.6977480656385, 5.11447016139527, -8.2470677206183
-30.6977480656385, 4.68607127896584, -8.92699873002873
-30.6977480656385, 4.20667015322036, -9.57177895854333
-30.6977480656385, 3.65993096886419, -10.1602249875876
-30.6977480656385, 3.03115039653657, -10.6592362763139
-30.6977480656385, 2.31866961210699, -11.0299073187476
-30.6977480656385, 1.57312921965711, -11.3290232233653
-30.6977480656385, 0.792675712727733, -11.5169246278758
-30.6977480656385, 1.74372836273863E-16, -11.65
-28.5050517752357, 7.66559283705356, -1.77635683940025E-15
-28.5050517752357, 7.52645601744367, -0.777802760917355
-28.5050517752357, 7.37124193406716, -1.55255124436987
-28.5050517752357, 7.19799722993978, -2.32346724887108
-28.5050517752357, 7.00808052956529, -3.09045166399396
-28.5050517752357, 6.80544751545049, -3.85418329942403
-28.5050517752357, 6.59351791037351, -4.61538538688247
-28.5050517752357, 6.24782583304137, -5.21141045763365
-28.5050517752357, 5.94150608411929, -5.93955365303589
-28.5050517752357, 5.59945162674589, -6.65180613216411
-28.5050517752357, 5.2386046544951, -7.3547320585246
-28.5050517752357, 4.85578424299113, -8.04591451389096
-28.5050517752357, 4.4447155152146, -8.72064596862754
-28.5050517752357, 3.99538775236208, -9.37040677384105
-28.5050517752357, 3.4911742279918, -9.97831210707371
-28.5050517752357, 2.91243393451322, -10.5151792039665
-28.5050517752357, 2.24328623770217, -10.9325592846962
-28.5050517752357, 1.5306963003471, -11.2732272158749
-28.5050517752357, 0.776427545040656, -11.503327004826
-28.5050517752357, 3.42742880996713E-16, -11.65
-26.312355484833, 7.5504849733874, -1.77635683940025E-15
-26.312355484833, 7.38149413417355, -0.756859232184556
-26.312355484833, 7.19954933394626, -1.51070624889536
-26.312355484833, 7.00348225255868, -2.26100345038212
-26.312355484833, 6.79402216965121, -3.00767501393166
-26.312355484833, 6.57344303289783, -3.75114291801914
-26.312355484833, 6.34425431918711, -4.49199990973722
-26.312355484833, 5.98741598636741, -5.0726334566216
-26.312355484833, 5.66393677285179, -5.77721244629041
-26.312355484833, 5.30709865028592, -6.4657163795955
-26.312355484833, 4.93828669787051, -7.14790008166869
-26.312355484833, 4.55938060686541, -7.82452585020968
-26.312355484833, 4.16664451912475, -8.49320365112192
-26.312355484833, 3.74921856549688, -9.14667800372285
-26.312355484833, 3.28867159611807, -9.77033867707572
-26.312355484833, 2.76173479483112, -10.3384463360982
-26.312355484833, 2.14849734986874, -10.8096460050792
-26.312355484833, 1.47595788482191, -11.19505223469
-26.312355484833, 0.757106297196586, -11.4821225035992
-26.312355484833, 1.47126901068471E-15, -11.65
-24.1196591944302, 7.39078888712335, -1.77635683940025E-15
-24.1196591944302, 7.18972166434196, -0.732182928836432
-24.1196591944302, 6.9788245653884, -1.46159470279251
-24.1196591944302, 6.7579843650528, -2.18805800809354
-24.1196591944302, 6.5275926177525, -2.91154954361815
-24.1196591944302, 6.28831524580251, -3.63215263364018
-24.1196591944302, 6.04139911342236, -4.35017284544222
-24.1196591944302, 5.67349101942209, -4.91178545797383
-24.1196591944302, 5.33573241870303, -5.59152991691285
-24.1196591944302, 4.96511027108069, -6.25420629372059
-24.1196591944302, 4.58828573779908, -6.91339621594151
-24.1196591944302, 4.21167319382967, -7.57270732486826
-24.1196591944302, 3.83497527943104, -8.23196926495846
-24.1196591944302, 3.44969772791151, -8.88622937257279
-24.1196591944302, 3.03435174637548, -9.52169021875297
-24.1196591944302, 2.56527699422821, -10.1181959873434
-24.1196591944302, 2.02371785498413, -10.6496215854204
-24.1196591944302, 1.39973182435079, -11.081443900628
-24.1196591944302, 0.725716948744391, -11.4294732168167
-24.1196591944302, 1.55830264107262E-15, -11.65
-21.9269629040272, 7.17537250185683, -1.77635683940025E-15
-21.9269629040274, 6.94018059407612, -0.702829974058466
-21.9269629040275, 6.6984840997243, -1.4034511419838
-21.9269629040275, 6.45129531528954, -2.10215382956516
-21.9269629040275, 6.1987791143762, -2.79894867881051
-21.9269629040275, 5.93991681923375, -3.49340952442108
-21.9269629040275, 5.67410674848934, -4.18523965237067
-21.9269629040275, 5.32188781832255, -4.76542273067539
-21.9269629040275, 4.94475832482471, -5.37450771946014
-21.9269629040275, 4.56234452225189, -6.00935082604475
-21.9269629040275, 4.17705209913017, -6.64246346314758
-21.9269629040275, 3.80168990909256, -7.28150972629957
-21.9269629040275, 3.43729240550867, -7.92687156651167
-21.9269629040275, 3.0786186378756, -8.57544141322897
-21.9269629040275, 2.70727190575517, -9.21676832410775
-21.9269629040275, 2.29866856095463, -9.83488418667396
-21.9269629040275, 1.83024487523434, -10.4087504808808
-21.9269629040275, 1.28699707661898, -10.9109679521871
-21.9269629040275, 0.669277641401541, -11.3191588839468
-21.9269629040275, -4.44089209850063E-16, -11.6319341808636
-19.7342666136246, 6.89553445230232, -1.77635683940025E-15
-19.7342666136247, 6.62522369165331, -0.669029381340665
-19.7342666136247, 6.35121765763284, -1.33655485625498
-19.7342666136247, 6.07539415226218, -2.00333189790748
-19.7342666136247, 5.79948416471967, -2.67007322644735
-19.7342666136247, 5.52027335752859, -3.3354354851302
-19.7342666136247, 5.23403280782433, -3.99780270862463
-19.7342666136247, 4.92249630057217, -4.63769234097438
-19.7342666136247, 4.4811232340621, -5.12607463560828
-19.7342666136247, 4.09151621139429, -5.73340949526762
-19.7342666136247, 3.69989041494076, -6.33944368222103
-19.7342666136247, 3.32689485347474, -6.9570966743439
-19.7342666136247, 2.97455942286328, -7.58676906025079
-19.7342666136247, 2.63929874860168, -8.2257153671456
-19.7342666136247, 2.30674570387423, -8.86608372975403
-19.7342666136247, 1.95620791929141, -9.49673608653553
-19.7342666136247, 1.57139854739501, -10.106936567417
-19.7342666136247, 1.13280421731411, -10.6791702181206
-19.7342666136247, 0.60443328560807, -11.1695772516208
-19.7342666136247, 0, -11.5585252329548
-17.541570323222, 6.54566754464836, -7.24563961837638E-08
-17.541570323222, 6.23943219598426, -0.63378736718612
-17.541570323222, 5.93329553603294, -1.26762232040249
-17.541570323222, 5.62831165732262, -1.90201256832395
-17.541570323222, 5.32553744515053, -2.53746001042599
-17.541570323222, 5.02477799005512, -3.17386324066499
-17.541570323222, 4.71770522064113, -3.80723914565945
-17.541570323222, 4.39617596678366, -4.43335183316758
-17.541570323222, 3.93988708227145, -4.87517332837483
-17.541570323222, 3.54910913291672, -5.46061947793456
-17.541570323222, 3.15607561577568, -6.0445537805399
-17.541570323222, 2.78834978423764, -6.64466851917416
-17.541570323222, 2.45142296197172, -7.26260877841734
-17.541570323222, 2.14026098422181, -7.8939566907576
-17.541570323222, 1.84476836464076, -8.53281663112999
-17.541570323222, 1.5484359672882, -9.17128850068318
-17.541570323222, 1.24160221735917, -9.80477025830733
-17.541570323222, 0.910287053708195, -10.4257098368195
-17.541570323222, 0.50336023110058, -10.9988947848592
-17.541570323222, 0, -11.4831149462732
-15.3488740328418, 6.12660272167367, -3.38876314945106E-06
-15.3488740328323, 5.78469472615448, -0.595178923791425
-15.3488740328242, 5.44417372475818, -1.19114747787605
-15.3488740328201, 5.11181070794562, -1.79169328706716
-15.3488740328193, 4.78897729294035, -2.39742341315772
-15.3488740328192, 4.46980016653427, -3.00509142710194
-15.3488740328192, 4.1445073502087, -3.60950026290992
-15.3488740328192, 3.8057174537447, -4.20641636950494
-15.3488740328192, 3.34900870752102, -4.62293469727721
-15.3488740328192, 2.95940149131851, -5.18801913543913
-15.3488740328192, 2.57429989435879, -5.75616886946818
-15.3488740328192, 2.2184154351268, -6.34294363180469
-15.3488740328192, 1.9035499153601, -6.9527126330073
-15.3488740328192, 1.62489651305173, -7.57992502078418
-15.3488740328192, 1.37056914398161, -8.21743207833042
-15.3488740328192, 1.12878216003849, -8.85982730576588
-15.3488740328192, 0.889263370193066, -9.50307344116493
-15.3488740328192, 0.645732879347864, -10.1447971321919
-15.3488740328192, 0.361934613841954, -10.7690094773035
-15.3488740328192, 0, -11.3514790686136
-13.1561777427581, 5.64247498320854, -1.7237414427046E-05
-13.1561777426165, 5.27870711415769, -0.544388947256187
-13.1561777425026, 4.91853454933122, -1.09114165110998
-13.1561777424384, 4.56856594686534, -1.64446689510312
-13.1561777424188, 4.23133732836115, -2.20565442208161
-13.1561777424165, 3.90172496703634, -2.77135838339746
-13.1561777424165, 3.5706416849774, -3.33619622178242
-13.1561777424165, 3.22873314623453, -3.89453730652005
-13.1561777424165, 2.79543333525889, -4.30817558115663
-13.1561777424165, 2.4135200762157, -4.82377805683465
-13.1561777424165, 2.04756052726509, -5.36661691034022
-13.1561777424165, 1.71242664228641, -5.92891109779252
-13.1561777424165, 1.42274691918196, -6.51586680491136
-13.1561777424165, 1.17728061031557, -7.12271588271688
-13.1561777424165, 0.963137869512338, -7.74138884211126
-13.1561777424165, 0.769051163777947, -8.36667003972292
-13.1561777424165, 0.585379342069849, -8.9951026307021
-13.1561777424165, 0.408461111002043, -9.62547183287498
-13.1561777424165, 0.226329553630805, -10.2543379527075
-13.1561777424165, 0, -10.8682870863186
-11.011074110026, 5.10599592020976, -9.76345166234997E-05
-11.1424040371886, 4.74759713652448, -0.520331250062672
-11.2706083388844, 4.39772817075463, -1.04709592240495
-11.393544146782, 4.06223690099015, -1.58434828271907
-11.5106409229412, 3.74268032271698, -2.1325177894179
-11.6235807044467, 3.43446816425662, -2.68802277906946
-11.7355289331594, 3.1289619489315, -3.24522484649758
-11.8502704480957, 2.81583286799894, -3.79759902740186
-11.9857434351125, 2.44612769250669, -4.26161742435843
-12.1173682947221, 2.08692403949307, -4.74370843346028
-12.2341211989419, 1.76830588620409, -5.29245966131304
-12.3396239469804, 1.48038935880336, -5.86005849349933
-12.4307668663226, 1.23166073967206, -6.44825540324562
-12.5079553138383, 1.02101381172594, -7.05314799546378
-12.5754443908664, 0.836836422447844, -7.66782444036842
-12.636860507638, 0.66923211454044, -8.28787685845798
-12.6951352694238, 0.510200550335612, -8.91049591415486
-12.7516080015456, 0.356086717021879, -9.5345178394089
-12.8101484930011, 0.196329977737257, -10.1569075580205
-12.8820907061161, 0, -10.7669355515265
-9.43723434388171, 4.67055157454405, -0.000177546762461271
-9.67412076712035, 4.33043727726564, -0.499098445786156
-9.90411385332561, 4.00022022293158, -1.0077770902606
-10.1237576361675, 3.68486238253061, -1.53025167198008
-10.3321193333619, 3.38570301640008, -2.06669779413392
-10.5318296092895, 3.09896509690371, -2.61314712362794
-10.7278377644678, 2.81754256939922, -3.16369827694032
-10.9275983147549, 2.53073246751173, -3.71009824698306
-11.1405658230752, 2.22496021832485, -4.23147211746496
-11.3829368246663, 1.87697133082421, -4.65518717304502
-11.5799449680662, 1.59411305074856, -5.20458168715436
-11.7592824826339, 1.33662572028469, -5.7721350452784
-11.9149020196573, 1.11319193816286, -6.36068391041237
-12.0471712872665, 0.923283760271609, -6.96652243098109
-12.1628952808062, 0.757130781967008, -7.58270715282219
-12.2683972277644, 0.605654306191819, -8.20450500053342
-12.3685318762678, 0.461884033740834, -8.82902564896359
-12.4659724055034, 0.321981895516567, -9.45485151643271
-12.567223320559, 0.176608921615647, -10.0787968134987
-12.6902297807059, 0, -10.6902972644815
-8.19804719055501, 4.30032166474066, -0.000267592557311265
-8.51470517045458, 3.98366368484109, -0.479383344940069
-8.82194026895172, 3.67642858634396, -0.970600130215711
-9.11692461455446, 3.38144424074121, -1.47659752397065
-9.39745641995409, 3.10091243534158, -1.99876489545359
-9.66304517932643, 2.83532367596924, -2.53634967869865
-9.92259145133299, 2.57577740396267, -3.07984397044368
-10.1859312997406, 2.31243755555503, -3.61967243312681
-10.457543533927, 2.04082532136872, -4.15119067110523
-10.7772393412838, 1.72112951401185, -4.55602049443762
-11.0336661175195, 1.46470273777614, -5.10238800759776
-11.2684635301993, 1.22990532509641, -5.6678233801628
-11.4741110387427, 1.024257816553, -6.25546812257338
-11.6497420039338, 0.848626851361897, -6.86232776398563
-11.8032012461546, 0.695167609141115, -7.48116849118471
-11.9430368922603, 0.555331963035402, -8.10645750344759
-12.0754367756301, 0.422932079665547, -8.73498972112338
-12.2044536519394, 0.29391520335625, -9.36492995575621
-12.3381732782356, 0.160195577060086, -9.9928754551223
-12.4983688552957, 0, -10.60801684608
-7.04326285209081, 3.93100732635735, -0.000379147661852642
-7.4301378966, 3.64205847220525, -0.459148922122449
-7.80619849761509, 3.36118669901317, -0.931704907700097
-8.16879072235599, 3.09037417349537, -1.42036785873832
-8.51359276189092, 2.83284876407196, -1.928662559393
-8.84088270721049, 2.58840277041639, -2.45472864764852
-9.15989768023991, 2.35013717995641, -2.98869039450396
-9.48123143426732, 2.11013974061677, -3.52048023722954
-9.80914467705601, 1.86522821915821, -4.04595593627156
-10.1912880543713, 1.57981334796342, -4.4454487825725
-10.502752917932, 1.34718677586522, -4.98619126912916
-10.7887550092217, 1.13357781417034, -5.54841924481508
-11.0424816981644, 0.944074673354387, -6.13420594735519
-11.2607146769256, 0.781081040019269, -6.74190092094487
-11.4511807614737, 0.638825917425817, -7.36405414372317
-11.6245059961499, 0.509372935988659, -7.99399920010012
-11.7880593958439, 0.387218333087855, -8.62801925289536
-11.947403477037, 0.268207581864355, -9.2637105775499
-12.1117967666413, 0.145425682810289, -9.89736348545906
-12.3065079298854, 0, -10.5172652431396
-5.89482361580312, 3.53710938135737, -0.000523694754781133
-6.34628912047514, 3.28036851073346, -0.43895443111688
-6.78639086208185, 3.03009002182589, -0.892403957161511
-7.21222162801226, 2.78792719775178, -1.36352267654528
-7.6207448558683, 2.55560688068559, -1.85448191058011
-8.00955626091999, 2.33449634708237, -2.36620401274386
-8.38685593186953, 2.11993234384568, -2.88925996624596
-8.76485610252507, 1.9049699781593, -3.4116491234419
-9.14756287923322, 1.68733104444474, -3.92947583935443
-9.58586275343067, 1.43807724735219, -4.32486610676427
-9.95360951333575, 1.2289458246187, -4.8566490971602
-10.2908535217827, 1.03716080572947, -5.41462303520317
-10.5944790753148, 0.864494039053384, -5.99750432224747
-10.8583985794252, 0.714407437621563, -6.60545221208245
-11.0889197983219, 0.583313881581604, -7.23120288588515
-11.2983420369513, 0.464218962219439, -7.86674064049029
-11.4952967488501, 0.352214116482378, -8.50755369893954
-11.686882274006, 0.243262637314137, -9.15052275148374
-11.8835422270589, 0.131425415995656, -9.7914295366092
-12.1146470044752, 0, -10.4167072186028
-4.71293912080525, 3.09822282405463, -0.000717262124974856
-5.2250685787679, 2.87815002851313, -0.419780702924229
-5.72630287926734, 2.66275911120283, -0.854155966891143
-6.21390772263351, 2.45322505818025, -1.30651793071934
-6.68493731468577, 2.25081373913976, -1.77920756024029
-7.13625671685587, 2.05687230309579, -2.27415645251496
-7.57365116690878, 1.86891471174689, -2.78375810746336
-8.0090567255623, 1.68181178884848, -3.29538515162393
-8.44734811394806, 1.49346876423993, -3.80408254542972
-8.93609866699871, 1.28344237567754, -4.19993197641281
-9.36472061121067, 1.09925451452927, -4.7178997736978
-9.7555567352239, 0.931304014762339, -5.27037639613874
-10.1122992565318, 0.778004252891428, -5.84947893502428
-10.4270433709288, 0.642752089481133, -6.45673078297505
-10.7032823598001, 0.524046388074475, -7.0858717997452
-10.9539280540705, 0.416338663453538, -7.72764926800219
-11.1891439026529, 0.315261467935169, -8.37633503538219
-11.4174747902248, 0.217142884918459, -9.02793692150616
-11.6508183141996, 0.116870266649352, -9.67740258126846
-11.9227860790649, 0, -10.3085356247973
-3.4797525365542, 2.59203767668133, -0.000984708056332187
-4.04924158662151, 2.41313739877748, -0.402755873250006
-4.60899297231615, 2.23729612764856, -0.819278804213691
-5.15655988908082, 2.06528250672191, -1.25321485081935
-5.68919733455835, 1.89795885579892, -1.70708989551355
-6.20350902474867, 1.73639208942585, -2.18360933320296
-6.70265220239161, 1.57959038589252, -2.6775857757679
-7.19680719234046, 1.42435568029287, -3.1770637467004
-7.69205513375574, 1.26877763302395, -3.67535054181683
-8.2016463412634, 1.10869376726796, -4.14335913633102
-8.71965505043921, 0.945965612938717, -4.57830415824835
-9.16733334342322, 0.805331177532285, -5.12361698037411
-9.58034180262374, 0.675587983841588, -5.69821178985257
-9.9516312410522, 0.558950475693247, -6.30323337492222
-10.2809595407782, 0.455494712433842, -6.9344511055393
-10.5802147730949, 0.361486154728808, -7.58199589452248
-10.8610629789525, 0.273260012240588, -8.23856760407435
-11.1333566159512, 0.187721216850635, -8.8990992264409
-11.4107834014754, 0.100569885280028, -9.55725287515468
-11.7309251536547, 0, -10.1933831035262
-2.21095939827988, 1.99257265450891, -0.00136783643782538
-2.8333492602207, 1.85962421085901, -0.389576274461494
-3.44747477345224, 1.72844111135411, -0.791301387758428
-4.05123501216418, 1.59947213389658, -1.2091181912398
-4.6421776564811, 1.47324111753121, -1.64566079177585
-5.21703787741325, 1.35044546104215, -2.10408858139537
-5.77679237569611, 1.23087653178505, -2.58170290072765
-6.32852930523014, 1.11302023210661, -3.06900066256523
-6.87823519257144, 0.995597782519608, -3.55869725429194
-7.43190277273209, 0.877329077351077, -4.04369442747155
-8.01223341327504, 0.753364886768121, -4.45543988923353
-8.51774161142605, 0.645383487477865, -4.99237514827728
-8.98798649801165, 0.544934669736965, -5.56191658164772
-9.4195808293032, 0.452741981291818, -6.16254387004768
-9.80908514830803, 0.369540123142773, -6.79257432705172
-10.1656862803598, 0.293366701290689, -7.4427479991049
-10.5017176485919, 0.221587178268443, -8.10431574240521
-10.8278557380365, 0.151920954478415, -8.77105767400041
-11.160061546041, 0.0809586078104778, -9.43462863709997
-11.5390642282445, 0, -10.0709772344966
-1.0027534198005, 1.27455566916947, -0.0019365640773138
-1.66872625144262, 1.19250012656643, -0.381900664561005
-2.32775597279091, 1.11130005532114, -0.773947113256607
-2.97710914992814, 1.03129224605417, -1.18203951337916
-3.61450955945175, 0.95275715577144, -1.60882381094223
-4.23899165106408, 0.87581375141847, -2.05457770198379
-4.85119860886785, 0.800382785287195, -2.51730667187608
-5.45358443528142, 0.726161895944204, -2.99296271072403
-6.05213343703149, 0.652413747702169, -3.47352069157756
-6.64969066630106, 0.578787797281365, -3.95533105379651
-7.26615397953515, 0.502832399014495, -4.38605399046254
-7.82040994367731, 0.434541664441261, -4.91755812030948
-8.34180157713664, 0.370300194880559, -5.48193767059126
-8.83064887810295, 0.310068562860502, -6.07510836015877
-9.28253803371825, 0.254390601089878, -6.69733195897823
-9.7033178419959, 0.20254567011951, -7.34139449887751
-10.103949476628, 0.153183226785863, -7.99840834089245
-10.4958152837236, 0.104900834620522, -8.66078720503056
-10.8956140768402, 0.0556410069781058, -9.31828981847332
-11.3472033028343, 0, -9.9402552005887
-0.137933806264311, 0.438431576729235, -0.00279306629900982
-0.822917141247363, 0.411173050220922, -0.384162270837298
-1.50127149693291, 0.384178320214912, -0.777206163110811
-2.17036600156867, 0.357552080772705, -1.18582243616742
-2.82792431943955, 0.33138491739363, -1.61277309951437
-3.47275523525143, 0.305724233820251, -2.05874367446529
-4.10508261228009, 0.280561121539433, -2.52230855644793
-4.72722673470261, 0.255803246147523, -2.99949931595227
-5.34516470262538, 0.231212752307943, -3.48214063710874
-5.95799289192735, 0.206825599234296, -3.97125524505506
-6.56944085321994, 0.182493371557895, -4.45349971081713
-7.14056219132664, 0.159765919167204, -4.99071083783136
-7.69088000143125, 0.137866331471243, -5.54928713765737
-8.21969780914802, 0.116822324276422, -6.12826951254636
-8.7240432585663, 0.096752180814238, -6.72872474894055
-9.20665382832859, 0.0775469646619602, -7.34684258564738
-9.67462946957955, 0.0589241372575542, -7.97615689385244
-10.1387315551669, 0.0404554558218837, -8.60834652093859
-10.6191653455914, 0.0213368633789021, -9.22808341840592
-11.155342377424, 0, -9.79958577073535
