-109.579997112877, 6.51206175173207, -1.77635683940025E-15
-109.579997112877, 6.66933705664178, -0.77919279479639
-109.579997112877, 6.79232681810616, -1.56453811253939
-109.579997112877, 6.88647505890534, -2.35388575697199
-109.579997112877, 6.96148845703413, -3.14530316890314
-109.579997112877, 7.02713492533854, -3.93756044392087
-109.579997112877, 7.0873452286131, -4.73025047050859
-109.579997112877, 7.14401872584904, -5.52320191877256
-109.579997112877, 7.19905391852665, -6.31626908711514
-109.579997112877, 7.26699387336822, -7.10799020561224
-109.579997112877, 7.05001110274985, -7.82141846882915
-109.579997112877, 6.31913674243665, -8.12388636379558
-109.579997112877, 5.5422157772121, -8.29061533965346
-109.579997112877, 4.75319175158912, -8.38490330366517
-109.579997112877, 3.96193993935123, -8.46173789005674
-109.579997112877, 3.17018149493911, -8.533124312058
-109.579997112877, 2.37788147336821, -8.59826996496859
-109.579997112877, 1.58545162930396, -8.66182616459024
-109.579997112877, 0.793017048476629, -8.72532329774399
-109.579997112877, 7.85285625079614E-22, -8.78105679427797
-107.442118229735, 6.68350823443971, -1.77635683940025E-15
-107.442118229735, 6.79535733055102, -0.80329754166149
-107.442118229735, 6.89698751943915, -1.6079485609955
-107.442118229735, 6.98656957247501, -2.41402938966788
-107.442118229735, 7.06528391694194, -3.2212467244905
-107.442118229735, 7.13575835772927, -4.02922729720348
-107.442118229735, 7.20072543819877, -4.83767116600168
-107.442118229735, 7.26358714088556, -5.64628220996042
-107.442118229735, 7.32775161504919, -6.45479045958755
-107.442118229735, 7.34676036817107, -7.22660824583345
-107.442118229735, 7.19278323934322, -7.98866926316588
-107.442118229735, 6.45742434686603, -8.31415005254723
-107.442118229735, 5.6623122839185, -8.47134046579084
-107.442118229735, 4.8552370159417, -8.55026609602004
-107.442118229735, 4.04668522804224, -8.61387775311312
-107.442118229735, 3.2377659569072, -8.67261713489539
-107.442118229735, 2.42853104139208, -8.72685222710887
-107.442118229735, 1.61916875831029, -8.77915939114189
-107.442118229735, 0.809773129219866, -8.83094922519709
-107.442118229735, 1.66674993260847E-17, -8.8764298137455
-105.249421939332, 6.78177006698795, -1.77635683940025E-15
-105.249421939332, 6.87947289794076, -0.81797477405262
-105.249421939332, 6.97498453051661, -1.63620720160131
-105.249421939332, 7.06460706191004, -2.45510386276713
-105.249421939332, 7.14705749748626, -3.2747541116193
-105.249421939332, 7.2238151522953, -4.09495827753001
-105.249421939332, 7.29663260598449, -4.91552222587756
-105.249421939332, 7.36706443604401, -5.73629476170468
-105.249421939332, 7.43666619958405, -6.55713823621429
-105.249421939332, 7.40490410157259, -7.30069884203269
-105.249421939332, 7.28789559453805, -8.09635339738082
-105.249421939332, 6.56114792760226, -8.45476631030698
-105.249421939332, 5.75174734704096, -8.60570985320382
-105.249421939332, 4.93165622984314, -8.68229176836235
-105.249421939332, 4.11030499581351, -8.74562044503077
-105.249421939332, 3.28865000091775, -8.80485245509783
-105.249421939332, 2.46667989386015, -8.85955887604617
-105.249421939332, 1.64460502397985, -8.91267475722793
-105.249421939332, 0.822509309102939, -8.96546738701283
-105.249421939332, 8.14471683248645E-17, -9.01132675655471
-103.056725648929, 6.85664039966548, -1.77635683940025E-15
-103.056725648929, 6.95122915736873, -0.829816029246078
-103.056725648929, 7.04451765222037, -1.65977899980656
-103.056725648929, 7.13468318251126, -2.4900866156723
-103.056725648929, 7.21990160201232, -3.32091534615723
-103.056725648929, 7.30099684613199, -4.15215825297962
-103.056725648929, 7.37941474668663, -4.98365785636212
-103.056725648929, 7.45459591442632, -5.81545617668144
-103.056725648929, 7.52597989152529, -6.64758875301746
-103.056725648929, 7.45563385141269, -7.37249941865186
-103.056725648929, 7.35905886146037, -8.19047850664526
-103.056725648929, 6.65071075474758, -8.59141108723674
-103.056725648929, 5.82988042776314, -8.74358595481618
-103.056725648929, 4.99869037043276, -8.82354521427921
-103.056725648929, 4.16613579093453, -8.88983876933748
-103.056725648929, 3.33332250643312, -8.95277510212035
-103.056725648929, 2.50020974417904, -9.01163286558865
-103.056725648929, 1.66701271144517, -9.06929251657837
-103.056725648929, 0.833805720477793, -9.12680601187235
-103.056725648929, 2.04212518384116E-16, -9.17477605764845
-100.864029358526, 6.92057311581703, -1.77635683940025E-15
-100.864029358526, 7.01789217089321, -0.840084355967143
-100.864029358526, 7.11204463425296, -1.6805288453449
-100.864029358526, 7.2016222601588, -2.52147289742567
-100.864029358526, 7.28669308655125, -3.36288522597536
-100.864029358526, 7.36816463580006, -4.20465407522821
-100.864029358526, 7.44766957519591, -5.04661119276111
-100.864029358526, 7.52509857299546, -5.88876171848669
-100.864029358526, 7.59840003198619, -6.73127940655267
-100.864029358526, 7.50159519111838, -7.44740418324404
-100.864029358526, 7.41531004381404, -8.28135318126904
-100.864029358526, 6.73013201807873, -8.72827712225127
-100.864029358526, 5.9005324208938, -8.89037063023573
-100.864029358526, 5.05959302989987, -8.97801658175154
-100.864029358526, 4.2169480184107, -9.04986502099267
-100.864029358526, 3.3740177155754, -9.11827390330395
-100.864029358526, 2.53080834658971, -9.18316313020757
-100.864029358526, 1.68751537146526, -9.24696104912607
-100.864029358526, 0.844199380873734, -9.31045300925768
-100.864029358526, 1.29829329258616E-15, -9.3606669151607
-98.6713330681237, 6.97779157791365, -1.77635683940025E-15
-98.6713330681237, 7.07900515687408, -0.849333238605826
-98.6713330681237, 7.17416059302842, -1.69936611871306
-98.6713330681237, 7.2633454923764, -2.55004656667808
-98.6713330681237, 7.347997974394, -3.40119086896618
-98.6713330681237, 7.42961577529826, -4.25263207743099
-98.6713330681237, 7.50938449582402, -5.10424846772568
-98.6713330681236, 7.58678447910911, -5.95608320079172
-98.6713330681237, 7.65848548412217, -6.80841130464675
-98.6713330681237, 7.54317822513228, -7.52226938727219
-98.6713330681237, 7.46063609835201, -8.3684365365272
-98.6713330681237, 6.79926282256292, -8.85990423700514
-98.6713330681237, 5.96361719110506, -9.03985676229402
-98.6713330681237, 5.11435997813726, -9.13953775970324
-98.6713330681237, 4.26287013168705, -9.22063708050734
-98.6713330681237, 3.41093288539042, -9.29689065898792
-98.6713330681237, 2.55864926466535, -9.36918027923895
-98.6713330681237, 1.7062177682904, -9.43970949407603
-98.6713330681237, 0.853706656529742, -9.50926990289255
-98.6713330681237, 1.61764347319236E-15, -9.56184521227261
-96.4786367777209, 7.03092287161301, -1.77635683940025E-15
-96.4786367777209, 7.13526705398691, -0.857783817611756
-96.4786367777209, 7.23139940337366, -1.71652663832911
-96.4786367777209, 7.32021628228963, -2.576058217853
-96.4786367777209, 7.40409194163228, -3.43608730783553
-96.4786367777209, 7.48503494162554, -4.29639777457452
-96.478636777721, 7.56396881630155, -5.1568949126959
-96.478636777721, 7.64004827393777, -6.01764867562179
-96.4786367777209, 7.70826503051054, -6.87904897960956
-96.4786367777209, 7.58072191764984, -7.59490583748046
-96.4786367777209, 7.49750976609535, -8.45085097666606
-96.478636777721, 6.85743484852515, -8.98250643167361
-96.4786367777209, 6.0186576717077, -9.18708517040515
-96.4786367777209, 5.16274414838882, -9.30379292057112
-96.4786367777209, 4.30387983944869, -9.39883161549205
-96.4786367777209, 3.44416359984916, -9.48583538927413
-96.4786367777209, 2.58383732403686, -9.56660040231667
-96.4786367777209, 1.72317588906192, -9.64371919302669
-96.478636777721, 0.862325195758771, -9.71870030033279
-96.4786367777209, 2.07556237341902E-15, -9.77374446897723
-94.2859404873182, 7.08165136745533, -1.77635683940025E-15
-94.2859404873182, 7.18691471272724, -0.865661628451766
-94.2859404873182, 7.28346830449888, -1.73233763522604
-94.2859404873182, 7.37206187119395, -2.59986490587572
-94.2859404873182, 7.4551759441266, -3.46793570971955
-94.2859404873182, 7.53496523236834, -4.33631903786463
-94.2859404873182, 7.61236305586835, -5.20491870835206
-94.2859404873182, 7.68621843972457, -6.07382612307166
-94.2859404873182, 7.69558925318243, -6.89270284251267
-94.2859404873182, 7.61450426010823, -7.66417929677512
-94.2859404873182, 7.52724146775562, -8.5281047286251
-94.2859404873182, 6.9043103157851, -9.09440206340428
-94.2859404873182, 6.065317710924, -9.32842363037926
-94.2859404873182, 5.20464887734001, -9.4673663101598
-94.2859404873182, 4.34012822780611, -9.58157736146064
-94.2859404873182, 3.47395190664518, -9.68248096878935
-94.2859404873182, 2.60657303458846, -9.77249990580603
-94.2859404873182, 1.73850311766354, -9.85562071015191
-94.2859404873182, 0.870089663585763, -9.93508356265647
-94.2859404873182, 4.00016957723395E-15, -9.99281683422935
-92.0932441969155, 7.13041855407896, -1.77635683940025E-15
-92.0932441969154, 7.2347311166515, -0.873196450176218
-92.0932441969154, 7.33109772995731, -1.74730449141321
-92.0932441969155, 7.41944998042409, -2.62225998067349
-92.0932441969155, 7.50173670951304, -3.49780799046378
-92.0932441969155, 7.58001428227614, -4.3737243751386
-92.0932441969155, 7.65539946465848, -5.2498943210536
-92.0932441969155, 7.72643017241618, -6.12642683821047
-92.0932441969154, 7.66522408349072, -6.89109148926022
-92.0932441969155, 7.64450553485821, -7.73116453203688
-92.0932441969155, 7.55096172308413, -8.60195023681625
-92.0932441969154, 6.94243135124906, -9.19889125863926
-92.0932441969155, 6.1056030456505, -9.46472648831732
-92.0932441969155, 5.24171283159639, -9.62837349531787
-92.0932441969155, 4.37291289978754, -9.76442412369262
-92.0932441969154, 3.50125180332997, -9.8807588463334
-92.0932441969154, 2.62751924424862, -9.98042072407541
-92.0932441969155, 1.75262489945018, -10.0693733753115
-92.0932441969154, 0.877222475264597, -10.1532043156227
-92.0932441969155, 4.15417904385045E-15, -10.2145242825619
-89.9005479065127, 7.17735776164827, -1.77635683940025E-15
-89.9005479065127, 7.27958810250407, -0.880549341062511
-89.9005479065127, 7.37521375984376, -1.76183890630955
-89.9005479065127, 7.46307302549901, -2.64393661674019
-89.9005479065127, 7.54429643714869, -3.52667153771908
-89.9005479065127, 7.62077260631382, -4.40983122427565
-89.9005479065127, 7.6938437005566, -5.29327905542061
-89.9005479065127, 7.7617290492202, -6.17713872334792
-89.9005479065127, 7.65452652309371, -6.91070644824442
-89.9005479065127, 7.67057041175462, -7.79697885322522
-89.9005479065127, 7.56963224170281, -8.6740373691332
-89.9005479065127, 6.97503739428572, -9.29963989260602
-89.9005479065127, 6.14216472124113, -9.59793880016801
-89.9005479065127, 5.2758792289173, -9.78555266536375
-89.9005479065127, 4.40354517748641, -9.943015895336
-89.9005479065127, 3.52692170101496, -10.0745354223274
-89.9005479065127, 2.64723373136393, -10.1838073256046
-89.9005479065127, 1.76589902326291, -10.2790002537283
-89.9005479065127, 0.883917225301482, -10.3680404955358
-89.9005479065127, 5.94710055837987E-15, -10.4345683942143
-87.6978516161095, 7.22280339858537, -1.77635683940025E-15
-87.6978516161097, 7.32243730256021, -0.887843207876112
-87.6978516161099, 7.41679063211366, -1.7762615116151
-87.6978516161099, 7.50368656416628, -2.66543961691456
-87.6978516161099, 7.58347448345586, -3.55528439393207
-87.69785161611, 7.65791947493724, -4.44559360610943
-87.69785161611, 7.72852719128838, -5.33621509071666
-87.69785161611, 7.79319833950178, -6.22728492804244
-87.6978516161099, 7.68118571273035, -6.96915241441261
-87.6978516161099, 7.69264435347731, -7.86244213248078
-87.6978516161099, 7.5842543684113, -8.74561603082319
-87.6978516161099, 7.00514962749149, -9.39955136632484
-87.6978516161099, 6.17767901645028, -9.73031902182875
-87.69785161611, 5.30902183275226, -9.93883487903455
-87.6978516161099, 4.43310255879978, -10.1145405982211
-87.6978516161099, 3.5515657454751, -10.2594893146085
-87.6978516161099, 2.66607980416756, -10.3780943387567
-87.6978516161099, 1.7785544728799, -10.4804793544725
-87.69785161611, 0.890298354729102, -10.5763654558877
-87.69785161611, 6.1530934566572E-15, -10.6503582094346
-82.2261108901031, 7.3333419115581, -1.77635683940025E-15
-82.2261108901031, 7.42610657325362, -0.905107813281412
-82.2261108901031, 7.51432089053492, -1.81066883414477
-82.2261108901031, 7.59514544531762, -2.71691824502757
-82.2261108901031, 7.66851276777626, -3.62380255342007
-82.2261108901031, 7.73629392522867, -4.53112302655327
-82.2261108901031, 7.79989230846118, -5.43874596793165
-82.226110890103, 7.85658807549345, -6.34682246266898
-82.2261108901031, 7.73304792944831, -7.10683544055847
-82.2261108901031, 7.72786758691574, -8.01662537292556
-82.2261108901031, 7.60546985594057, -8.91493237724862
-82.2261108901031, 7.07312714609015, -9.63636349468927
-82.2261108901031, 6.26574994410487, -10.0468840643951
-82.2261108901031, 5.38974084038675, -10.2916542519916
-82.2261108901031, 4.50158522230239, -10.4888439519731
-82.2261108901031, 3.60684116764102, -10.6537117681916
-82.226110890103, 2.70760214751191, -10.7921143172672
-82.2261108901031, 1.80620589738287, -10.9158275395452
-82.2261108901031, 0.904189127380205, -11.0349560284218
-82.2261108901031, 4.03793257201732E-15, -11.135930662555
-76.7443701640962, 7.46420060879692, -1.77635683940025E-15
-76.7443701640962, 7.54609261548161, -0.917680526918588
-76.7443701640962, 7.62026851913263, -1.83601509809902
-76.7443701640962, 7.68559264884083, -2.75502226977094
-76.7443701640962, 7.74378285157953, -3.67451014260178
-76.7443701640962, 7.79736109498961, -4.59427952405156
-76.7443701640962, 7.84742267784134, -5.51424686211677
-76.7443701640962, 7.89140626348539, -6.43452142955139
-76.7443701640962, 7.75440647262913, -7.20507345731394
-76.7443701640962, 7.72906386586333, -8.12601128533081
-76.7443701640962, 7.59699804167607, -9.0353617409373
-76.7443701640962, 7.10693099192049, -9.80358939765542
-76.7443701640962, 6.32703507432982, -10.2833494697294
-76.7443701640962, 5.4496752263225, -10.5619475767256
-76.7443701640962, 4.55065522523741, -10.7630412083351
-76.7443701640962, 3.64528473053545, -10.9336212612314
-76.7443701640962, 2.73600974829378, -11.0820742642368
-76.7443701640962, 1.82489065926696, -11.2188446852341
-76.7443701640962, 0.913254692802724, -11.3521377241778
-76.7443701640962, 1.81475111684476E-15, -11.4737164100029
-71.2626294380893, 7.62445309834673, -1.77635683940025E-15
-71.2626294380893, 7.68931305488084, -0.922155069738166
-71.2626294380893, 7.74018802290888, -1.84518655152252
-71.2626294380893, 7.77890427181374, -2.76881235904686
-71.2626294380893, 7.8106263550045, -3.69270823944964
-71.2626294380893, 7.83915257550108, -4.61670916431879
-71.2626294380893, 7.86552321127426, -5.54077402765906
-71.2626294380893, 7.88835129215572, -6.46493219766439
-71.2626294380893, 7.73582570858715, -7.23580280267184
-71.2626294380893, 7.68712721380618, -8.15885747591303
-71.2626294380893, 7.54335748231372, -9.07052973533542
-71.2626294380893, 7.08926772057265, -9.86518479219883
-71.2626294380894, 6.3348666146147, -10.3893849645338
-71.2626294380893, 5.46747492797177, -10.7053909557214
-71.2626294380893, 4.56840294931264, -10.9191956255879
-71.2626294380893, 3.66003232016761, -11.0906361722123
-71.2626294380893, 2.7473791751879, -11.2376660175155
-71.2626294380893, 1.83238193971192, -11.3694374069641
-71.2626294380893, 0.916498480934222, -11.4949302802193
-71.2626294380893, 1.13204424136282E-15, -11.6158395534461
-65.7808887120825, 7.76427093581447, -1.77635683940025E-15
-65.7808887120825, 7.81193003499839, -0.918065709652936
-65.7808887120825, 7.83796404882567, -1.83700057142621
-65.7808887120825, 7.84704883868189, -2.75627148642074
-65.7808887120825, 7.8484387942738, -3.6755930071077
-65.7808887120825, 7.84797637244644, -4.59491584405638
-65.7808887120825, 7.8459473609752, -5.51423649049787
-65.7808887120825, 7.84212126736775, -6.43355137661023
-65.7808887120825, 7.66711341678785, -7.19599257933797
-65.7808887120825, 7.5863946437755, -8.11151423242156
-65.7808887120825, 7.41780633664224, -9.01441060776095
-65.7808887120825, 6.99979690451007, -9.82456810526735
-65.7808887120824, 6.27931660578051, -10.3868714466999
-65.7808887120824, 5.43446503122065, -10.7462801514953
-65.7808887120825, 4.54647215979432, -10.9823770753498
-65.7808887120825, 3.64446963815074, -11.159684458073
-65.7808887120825, 2.73664149270057, -11.3043423214072
-65.7808887120825, 1.82533149163572, -11.4253585549496
-65.7808887120825, 0.912654764869624, -11.5356943422876
-65.7808887120825, 5.89382307932427E-17, -11.6462196599504
-60.2991479860756, 7.8514340283189, -1.77635683940025E-15
-60.2991479860756, 7.88610992813494, -0.907419221829489
-60.2991479860756, 7.89162832509046, -1.81548657095182
-60.2991479860756, 7.87434812143604, -2.72342919735404
-60.2991479860756, 7.84695926993631, -3.63113518029684
-60.2991479860756, 7.81700457256571, -4.53876072198863
-60.2991479860756, 7.78592852906006, -5.4463488411203
-60.2991479860756, 7.75481872260229, -6.35393591030092
-60.2991479860756, 7.55178268157599, -7.10178084230016
-60.2991479860756, 7.43459944554936, -8.00185560169017
-60.2991479860756, 7.224882447589, -8.8849158667204
-60.2991479860756, 6.83364447893433, -9.69918639824958
-60.2991479860756, 6.16397507308476, -10.3054205457771
-60.2991479860756, 5.35360735621452, -10.7126827878778
-60.2991479860756, 4.48786831756537, -10.9844927792236
-60.2991479860756, 3.60092303767168, -11.1789859964987
-60.2991479860756, 2.7054834901548, -11.3297042300611
-60.2991479860756, 1.80479167407154, -11.4453692155408
-60.2991479860756, 0.902237910434655, -11.5457413528868
-60.2991479860756, 1.83726199842494E-17, -11.6489336002164
-54.8174072600687, 7.89507137799912, -1.77635683940025E-15
-54.8174054085582, 7.91854427437637, -0.89283084439479
-54.8174064802823, 7.90565027510346, -1.78585821100303
-54.817407215094, 7.86443900261774, -2.67807157581925
-54.8174072600687, 7.81009145180677, -3.56959972926755
-54.8174072600687, 7.75227615482938, -4.46091127173207
-54.8174072600687, 7.69244984048463, -5.35209021513887
-54.8174072600687, 7.6312744043186, -6.2431776477316
-54.8174072600687, 7.39715386416127, -6.97169958824593
-54.8174072600687, 7.24837642973497, -7.85186526351668
-54.8174072600687, 6.99224913513305, -8.70707446373146
-54.8174072600687, 6.60734220741619, -9.51068319406855
-54.8174072600687, 5.99677989467515, -10.1571967868106
-54.8174072600687, 5.23389677743762, -10.6184909808842
-54.8174072600687, 4.40211387866932, -10.9411520326287
-54.8174072600687, 3.5375781291971, -11.1649308728559
-54.8174072600687, 2.66056082507906, -11.3332568434155
-54.8174072600687, 1.77540892120654, -11.4522797639599
-54.8174072600687, 0.887546789161559, -11.5495952352173
-54.8174072600687, 3.52859429641848E-18, -11.6497951902234
-49.3356665340619, 7.90974026096806, -1.77635683940025E-15
-49.3356690238147, 7.91641586965517, -0.875529752984178
-49.3356671253119, 7.88366999729928, -1.7504784735676
-49.3356665701295, 7.81918504809653, -2.62369640967877
-49.3356665340619, 7.73775146921112, -3.49552303677432
-49.3356665340619, 7.65058881687729, -4.36679951042466
-49.3356665340619, 7.56054077974533, -5.23778260641894
-49.3356665340619, 7.46684451060419, -6.10837994948312
-49.3356665340619, 7.20016705484023, -6.81274037624757
-49.3356665340618, 7.02626750728621, -7.67050882822431
-49.3356665340619, 6.73426336069997, -8.49530529768539
-49.3356665340619, 6.33718592658868, -9.2747482289243
-49.3356665340618, 5.77970950108431, -9.94656594424387
-49.3356665340619, 5.07722066623605, -10.466456109008
-49.3356665340619, 4.29093281141329, -10.8495540529536
-49.3356665340619, 3.45720686801786, -11.1160171758622
-49.3356665340619, 2.60500810533509, -11.3160550864547
-49.3356665340619, 1.73964970535684, -11.4488304387757
-49.3356665340619, 0.86980194816363, -11.5491719596419
-49.3356665340619, 7.30802870145309E-20, -11.6499957582096
-43.853925808055, 7.90012734007538, -1.77635683940025E-15
-43.853925808055, 7.87761373960648, -0.855063766929036
-43.853925808055, 7.82021078751391, -1.7084809712279
-43.853925808055, 7.73017434975173, -2.55910224492423
-43.853925808055, 7.62003885383877, -3.40738373146417
-43.853925808055, 7.5013038376524, -4.25451188380009
-43.853925808055, 7.37771609454161, -5.10094569203562
-43.853925808055, 7.24621185192089, -5.94617873708526
-43.853925808055, 6.94529692979479, -6.62029750756361
-43.853925808055, 6.7489588258016, -7.4526376882099
-43.853925808055, 6.44274664468846, -8.25032540436458
-43.853925808055, 6.02933123113218, -8.9986079847712
-43.853925808055, 5.5092306601522, -9.67614467597153
-43.853925808055, 4.8700527293571, -10.2429434596812
-43.853925808055, 4.14385482723398, -10.6932926973061
-43.853925808055, 3.35471920043126, -11.0212080931832
-43.853925808055, 2.53605248994843, -11.2682943016273
-43.853925808055, 1.69689993450307, -11.4326270125344
-43.853925808055, 0.848856895452754, -11.5443198343383
-43.853925808055, 1.69583569458094E-18, -11.65
-38.3721850820481, 7.85035398931762, -1.77635683940025E-15
-38.3721850820481, 7.7853680065823, -0.829842866445284
-38.3721850820481, 7.69285951600857, -1.65705491956814
-38.3721850820481, 7.57188961276963, -2.48059696810016
-38.3721850820481, 7.42974327450341, -3.30076974878449
-38.3721850820481, 7.27585149064764, -4.11883133074284
-38.3721850820481, 7.11443090795993, -4.93543988036763
-38.3721850820481, 6.86457704834298, -5.65292794528944
-38.3721850820481, 6.60946609345002, -6.38984905519989
-38.3721850820481, 6.39694194110986, -7.19455221061513
-38.3721850820481, 6.09897504322786, -7.97093136501527
-38.3721850820481, 5.68683296348146, -8.69346264216038
-38.3721850820481, 5.18976527737246, -9.36049447262105
-38.3721850820481, 4.60533104615148, -9.95222323632373
-38.3721850820481, 3.94535052847442, -10.4584563164503
-38.3721850820481, 3.21917800778278, -10.8631002269437
-38.3721850820481, 2.44553526849938, -11.1695878089441
-38.3721850820481, 1.64463259209158, -11.394292507732
-38.3721850820481, 0.824203679416584, -11.5333783938312
-38.3721850820481, -4.08085628239895E-16, -11.65
-32.8804443560412, 7.72100030199364, -1.77635683940025E-15
-32.8804443560412, 7.59847525224294, -0.797174271592633
-32.8804443560412, 7.4574519060858, -1.59127634855259
-32.8804443560412, 7.29568998959383, -2.38141457546227
-32.8804443560413, 7.11537146365912, -3.1675334415323
-32.8804443560412, 6.92186739464453, -3.95052137368547
-32.8804443560412, 6.71872218464003, -4.73106076652885
-32.8804443560412, 6.3769457079036, -5.34359393882594
-32.8804443560412, 6.15726100264187, -6.11957954735904
-32.8804443560412, 5.93967867487095, -6.89616712640323
-32.8804443560412, 5.66479290981186, -7.65400916133152
-32.8804443560412, 5.29186580559326, -8.36833950354883
-32.8804443560412, 4.83005128795854, -9.02906906386595
-32.8804443560412, 4.29861536306901, -9.63520558051439
-32.8804443560412, 3.6973007813841, -10.1718863483879
-32.8804443560412, 3.03626561737423, -10.6333886991593
-32.8804443560412, 2.31992635345875, -11.0029433637601
-32.8804443560412, 1.57416424111189, -11.3092339199403
-32.8804443560412, 0.794584541501534, -11.511591774136
-32.8804443560412, -2.22268471351556E-16, -11.65
-30.6977480656385, 7.63315622898798, -1.77635683940025E-15
-30.6977480656385, 7.48347186055078, -0.781216507042341
-30.6977480656385, 7.31839161092154, -1.55931987754398
-30.6977480656385, 7.13609784715426, -2.33357014902724
-30.6977480656385, 6.93779214703452, -3.10387946569224
-30.6977480656385, 6.72720187888085, -3.87092944896528
-30.6977480656385, 6.50713509939274, -4.63531096297749
-30.6977480656385, 6.15382372051832, -5.23623163560311
-30.6977480656385, 5.93045416060633, -5.99957846079985
-30.6977480656385, 5.71384993826356, -6.76491758163083
-30.6977480656385, 5.45081475965585, -7.51533812127931
-30.6977480656385, 5.10533172619903, -8.23115894646892
-30.6977480656385, 4.67151890771638, -8.89736089128448
-30.6977480656385, 4.16831178172744, -9.51291203066297
-30.6977480656385, 3.59364341805172, -10.0619181999279
-30.6977480656385, 2.95021727008584, -10.5289816776354
-30.6977480656385, 2.25837911173456, -10.920251652773
-30.6977480656385, 1.53665703684408, -11.254142076579
-30.6977480656385, 0.780555849149894, -11.4968612513009
-30.6977480656385, 4.03015960829432E-16, -11.65
-28.5050517752357, 7.51077926286028, -1.77635683940025E-15
-28.5050517752357, 7.3329459565002, -0.763218607584892
-28.5050517752357, 7.14255692797463, -1.52339949985719
-28.5050517752357, 6.93853473071637, -2.28003504687398
-28.5050517752357, 6.7216685932706, -3.03309224127207
-28.5050517752357, 6.49429563888011, -3.78304872396576
-28.5050517752357, 6.2582717581002, -4.53032428205179
-28.5050517752357, 5.89597779299097, -5.12013244502679
-28.5050517752357, 5.6700518828628, -5.87042735497678
-28.5050517752357, 5.45572316070986, -6.62419758040445
-28.5050517752357, 5.20514738923114, -7.36656775196981
-28.5050517752357, 4.88986921211184, -8.0835796085261
-28.5050517752357, 4.49310606174988, -8.75888922812506
-28.5050517752357, 4.02535592069487, -9.38720521968707
-28.5050517752357, 3.48374149323571, -9.95256152413584
-28.5050517752357, 2.85945420342629, -10.4252707460157
-28.5050517752357, 2.1901844592956, -10.8319957994385
-28.5050517752357, 1.49251885322293, -11.1885285087266
-28.5050517752357, 0.763980146228222, -11.4755054053315
-28.5050517752357, 6.25298543284753E-16, -11.65
-26.312355484833, 7.34488748667626, -1.77635683940025E-15
-26.312355484833, 7.14006721528102, -0.743570004284382
-26.312355484833, 6.92550944394778, -1.48438790546072
-26.312355484833, 6.70095148323376, -2.22223634020979
-26.312355484833, 6.46703895560099, -2.95717389504459
-26.312355484833, 6.22499876170521, -3.68947700592551
-26.312355484833, 5.97549975291724, -4.41926938080677
-26.312355484833, 5.60655262590756, -4.99752087580288
-26.312355484833, 5.37997666985972, -5.73463282954639
-26.312355484833, 5.16977731766031, -6.47669589444988
-26.312355484833, 4.93229325348603, -7.21039939640492
-26.312355484833, 4.64586639017612, -7.92625852668859
-26.312355484833, 4.28985001709051, -8.61002440161878
-26.312355484833, 3.8623224470067, -9.25150701546066
-26.312355484833, 3.35902913271026, -9.83497953639006
-26.312355484833, 2.76233637772047, -10.3221811106465
-26.312355484833, 2.11672300664614, -10.7437489591974
-26.312355484833, 1.44288018773821, -11.1186843709044
-26.312355484833, 0.740583151075015, -11.4368850986568
-26.312355484833, 7.01992555472603E-16, -11.65
-24.1196591944302, 7.13021236606375, -1.77635683940025E-15
-24.1196591944302, 6.90148831256654, -0.723011251257634
-24.1196591944302, 6.66609709193569, -1.44387957819717
-24.1196591944302, 6.42450605878593, -2.1626943243498
-24.1196591944302, 6.17722526491189, -2.87957199873337
-24.1196591944302, 5.92452751206134, -3.59455830927202
-24.1196591944302, 5.66553338835341, -4.30728487458646
-24.1196591944302, 5.29236516089633, -4.87300882774096
-24.1196591944302, 5.06839691697163, -5.5973595074125
-24.1196591944302, 4.86502499077605, -6.32790640709833
-24.1196591944302, 4.64179334562308, -7.05258038058299
-24.1196591944302, 4.38110521674313, -7.76454847315733
-24.1196591944302, 4.06295508197545, -8.45259081553682
-24.1196591944302, 3.67540169424445, -9.10396666816384
-24.1196591944302, 3.21182827388723, -9.70330633866629
-24.1196591944302, 2.6524546266006, -10.2136383987127
-24.1196591944302, 2.03415410730337, -10.6525142378897
-24.1196591944302, 1.38722614751912, -11.0478738179079
-24.1196591944102, 0.711220661954329, -11.3909291676185
-24.1196591944302, 4.89493779909219E-16, -11.65
-21.9269629040275, 6.8661841484134, -1.77635683940025E-15
-21.9269629040275, 6.61843266276246, -0.702319370424053
-21.9269629040275, 6.36734340440533, -1.40345272829529
-21.9269629040275, 6.11372513734588, -2.10367552029445
-21.9269629040275, 5.85836702082101, -2.80326586850292
-21.9269629040275, 5.60053874787596, -3.50194868051034
-21.9269629040275, 5.33717743222095, -4.19856131860939
-21.9269629040275, 4.96219913971852, -4.75018983837514
-21.9269629040275, 4.74443172928407, -5.46220660549808
-21.9269629040275, 4.55001791173602, -6.18111837208425
-21.9269629040275, 4.34151433254238, -6.89603877692633
-21.9269629040275, 4.10317408024368, -7.60151629706804
-21.9269629040275, 3.81690623699975, -8.28879670517806
-21.9269629040275, 3.46602646016132, -8.9452970106616
-21.9269629040275, 3.0415065945648, -9.5565647038782
-21.9269629040275, 2.52671816923478, -10.0932615517995
-21.9269629040275, 1.94202542635111, -10.5542839760581
-21.9269629040275, 1.32728505408594, -10.9742215629071
-21.9269629040221, 0.680990190487263, -11.3437928536064
-21.9269629040275, 0, -11.6397188034432
-19.7342666136248, 6.5559790566796, -5.82141362886564E-08
-19.7342666136248, 6.29502758757211, -0.681830086156953
-19.7342666136247, 6.03438813688917, -1.36377942811999
-19.7342666136247, 5.77453036308023, -2.04602696059626
-19.7342666136247, 5.5159245513087, -2.72874994989444
-19.7342666136247, 5.25791058595802, -3.41169653508853
-19.7342666136247, 4.99455781473437, -4.09259732222986
-19.7342666136247, 4.6184607027901, -4.62727888143196
-19.7342666136247, 4.40781402518421, -5.32609851210299
-19.7342666136247, 4.22210849827413, -6.03214055574891
-19.7342666136247, 4.02764826703658, -6.73580369939937
-19.7342666136247, 3.80932332517119, -7.43239393374133
-19.7342666136247, 3.55101876108984, -8.11505451662473
-19.7342666136247, 3.23486256761259, -8.77278055632481
-19.7342666136247, 2.84989669169775, -9.39260759822504
-19.7342666136247, 2.38462488075082, -9.95417217629436
-19.7342666136247, 1.84283477158836, -10.4430825882927
-19.7342666136247, 1.26765141386409, -10.8921701629597
-19.7342666136247, 0.656255920498263, -11.2908648566523
-19.7342666136247, 0, -11.6068966060622
-17.5415703232318, 6.20420590490655, -2.26959401339113E-06
-17.5415703232268, 5.93355038966324, -0.661720603398115
-17.5415703232236, 5.6660982892547, -1.32473892128857
-17.5415703232222, 5.40414208388418, -1.98994686203643
-17.541570323222, 5.14693958502892, -2.65700862354226
-17.541570323222, 4.89163552774041, -3.32480005715381
-17.541570323222, 4.63095777935462, -3.99050595525246
-17.541570323222, 4.25437961230079, -4.50739717059727
-17.541570323222, 4.05059250795857, -5.19244882447352
-17.541570323222, 3.87293711821325, -5.88494871760388
-17.541570323222, 3.69135024177926, -6.57642113412457
-17.541570323222, 3.4911278171473, -7.26270337765148
-17.541570323222, 3.25782833987116, -7.93836975400244
-17.541570323222, 2.97412978904369, -8.59435560288971
-17.541570323222, 2.62855309857975, -9.21984592124939
-17.541570323222, 2.21377099717288, -9.80153340405978
-17.541570323222, 1.724384389738, -10.3221536735037
-17.541570323222, 1.19697910879284, -10.8044202975018
-17.541570323222, 0.625977435486766, -11.2344935342254
-17.541570323222, 0, -11.5737735526696
-15.3488740329515, 5.81277236396319, -1.09148413755896E-05
-15.3488740328849, 5.5358960635338, -0.642303273740382
-15.3488740328417, 5.26491532113053, -1.28710207893639
-15.3488740328231, 5.00234698915166, -1.93537071856174
-15.3488740328193, 4.74720760951589, -2.58660204373422
-15.3488740328192, 4.49602169917067, -3.2393706567179
-15.3488740328192, 4.23979958748241, -3.89017173646305
-15.3488740328192, 3.87783056132221, -4.40898203826264
-15.3488740328192, 3.66613943315993, -5.06069358316797
-15.3488740328192, 3.49579655003148, -5.73905523774136
-15.3488740328192, 3.3257446415778, -6.41749176626922
-15.3488740328192, 3.14207543380051, -7.09235146285382
-15.3488740328192, 2.93183103802997, -7.7593461254847
-15.3488740328192, 2.6789117482572, -8.41127190046056
-15.3488740328192, 2.37293191600014, -9.03995745844696
-15.3488740328192, 2.00891746778106, -9.63684663606836
-15.3488740328192, 1.58040827544597, -10.1891498938625
-15.3488740328192, 1.11074051322368, -10.707282192992
-15.3488740328192, 0.58861930500908, -11.1725482944913
-15.3488740328192, 0, -11.5398561645855
-13.1561777431519, 5.37991730520677, -3.03887031145173E-05
-13.1561777427849, 5.0987175620144, -0.62322772776468
-13.1561777425478, 4.82553874077693, -1.24997756688131
-13.1561777424418, 4.5631200978821, -1.88130656858496
-13.1561777424173, 4.3104290634451, -2.51659608246185
-13.1561777424165, 4.06367337381162, -3.15421843845053
-13.1561777424165, 3.81281855773659, -3.7902324424717
-13.1561777424165, 3.48613742967792, -4.33889432222764
-13.1561777424165, 3.24657439218852, -4.93137359246588
-13.1561777424165, 3.08260442487767, -5.59511488064892
-13.1561777424165, 2.92259705898025, -6.2598310940876
-13.1561777424165, 2.75394847252523, -6.92239687014752
-13.1561777424165, 2.56522525007754, -7.57948439808639
-13.1561777424165, 2.3419476933197, -8.22559177921156
-13.1561777424165, 2.07597910934735, -8.85527931066114
-13.1561777424165, 1.76380833184412, -9.46337116929231
-13.1561777424165, 1.40186036499846, -10.0431164889569
-13.1561777424165, 0.999227695233072, -10.5956412421871
-13.1561777424165, 0.540541351050481, -11.1021807111483
-13.1561777424165, 0, -11.5045232638868
-11.0769429462236, 4.92624016090925, -0.000127350626518096
-11.1749178097107, 4.65886719677118, -0.618223210264043
-11.2692716498108, 4.40137598925642, -1.24105342822486
-11.3591230603318, 4.1561718919203, -1.86948142820445
-11.4449864148541, 3.92185118156294, -2.50260812884784
-11.5283591651454, 3.69432731900936, -3.13854597282883
-11.6130830431244, 3.46311623504078, -3.77296686341817
-11.7292263670455, 3.14616162366012, -4.29910028905336
-11.8016879034, 2.94841441512586, -4.91978763737333
-11.8561612131803, 2.79975699643708, -5.58164773961947
-11.909177216526, 2.65507656048866, -6.24451506178638
-11.9646429051533, 2.50371094436609, -6.90567808424874
-12.0265519767586, 2.33476136492312, -7.56195369580068
-12.099508347601, 2.13566375528497, -8.20852374347014
-12.1860757856846, 1.89942160403866, -8.84070790388619
-12.2876259406549, 1.62229168543794, -9.45375045434668
-12.4060510827336, 1.29911000251349, -10.0405447218012
-12.5395218747547, 0.934868808207202, -10.5996233760815
-12.6954604813385, 0.509313048475349, -11.1067749456932
-12.8820907061161, 0, -11.4999669818477
-9.51884867760118, 4.55337220486409, -0.000203773925219793
-9.6951707991468, 4.30021428367874, -0.615703419945244
-9.86423973677069, 4.05747026261837, -1.23739367284698
-10.0245590712273, 3.8272886547686, -1.86613882388997
-10.1771657306232, 3.60818067039865, -2.50074108037183
-10.3248908342877, 3.39608147477428, -3.1388773994723
-10.4749830159518, 3.18058370079577, -3.77531281217669
-10.6886000740879, 2.87387884780616, -4.27239546752885
-10.8017594365707, 2.71140808850666, -4.92827209846119
-10.8974711190835, 2.57398817564664, -5.59608474584348
-10.9907205714747, 2.44010345765388, -6.264970820152
-11.0880169091603, 2.30040834525663, -6.93207989740747
-11.1965956289594, 2.14451433293211, -7.59379378069574
-11.3242291643944, 1.9612619978251, -8.24496912963317
-11.4749622629696, 1.74484401490493, -8.88080526769563
-11.6511473564868, 1.49188283438099, -9.49625431766887
-11.8569726316406, 1.19636518561067, -10.0827231642558
-12.0891341331016, 0.863034786827364, -10.6384944614855
-12.3639928886284, 0.468400973674439, -11.1308856372724
-12.6902297807059, 0, -11.4967553135294
-8.26906369603626, 4.22930515925941, -0.000287313890691076
-8.50817842656407, 3.99019042873161, -0.613462185006681
-8.73703332655164, 3.76133552874403, -1.23440722216177
-8.95366839478714, 3.54470046050853, -1.86405707633467
-9.15949635795137, 3.33887249734429, -2.50092764092953
-9.35873268059947, 3.13963617469619, -3.14198822805215
-9.5598519808505, 2.93851687444516, -3.78186246928187
-9.84128010464859, 2.65708875064708, -4.27435366340098
-9.98974149520631, 2.50862736008936, -4.94216597614909
-10.1182093397765, 2.3801595155192, -5.61842582013828
-10.2431305074694, 2.25523834782631, -6.29602445139244
-10.373494691596, 2.12487416369962, -6.97155733844325
-10.5192934263734, 1.97907542892226, -7.64069788481662
-10.6901626867656, 1.80820616853003, -8.29782344931171
-10.8909926414204, 1.60737621387527, -8.93773066251094
-11.1248193371158, 1.37354951817987, -9.55477390071593
-11.3980823293072, 1.10028652598842, -10.1383435633807
-11.707057548354, 0.791311306941674, -10.6850620242267
-12.07134637212, 0.427022483175682, -11.1590775358515
-12.4983688552957, 0, -11.4935243993702
-7.08792308836618, 3.89765153284965, -0.00039034173554995
-7.38618047797272, 3.67488934595662, -0.611492176674133
-7.67201614241796, 3.46140468498026, -1.23176537208476
-7.94332033552184, 3.25877327508025, -1.86211706294137
-8.19949011245827, 3.06744544309747, -2.50226552594935
-8.44681810642459, 2.88272135331554, -3.14782790947056
-8.69787707905093, 2.69521067384792, -3.79113236941303
-9.03478900375373, 2.44357822565898, -4.28611690575744
-9.21825209464948, 2.30655349210248, -4.96383923579145
-9.37787007906731, 2.18733816830688, -5.65110878057871
-9.53328430124456, 2.07126254633434, -6.33989077385935
-9.69564004452968, 1.95000244787862, -7.02615830812871
-9.87781961919911, 1.81393634566354, -7.7045656763632
-10.090556010994, 1.65504799781582, -8.36892864313663
-10.3393550565307, 1.46922521047842, -9.01343171053849
-10.6280935264344, 1.25357250500564, -9.6313723702641
-10.9654378400185, 1.00161711463271, -10.209515329354
-11.3483952164289, 0.715594284591408, -10.7408061229027
-11.7933045694526, 0.383300822962593, -11.1917814308641
-12.3065079298854, 0, -11.4902734051639
-5.90218009626005, 3.53292587413989, -0.000525376881573085
-6.25996763934666, 3.3294580911978, -0.609539643587179
-6.60245798030667, 3.13468957088254, -1.23006746016727
-6.92676049087468, 2.95026416507166, -1.86339346207914
-7.23454275577706, 2.77523354626271, -2.50755251932016
-7.53116554468205, 2.60654913453632, -3.15862055879354
-7.83156877178198, 2.43571485092942, -3.80738117568547
-8.21836976743124, 2.21574760347973, -4.30881966042312
-8.43697503344986, 2.09143045025367, -4.99931114402218
-8.62852786855417, 1.9824975613702, -5.7005640934911
-8.81564249176258, 1.87608860925348, -6.40341569393321
-9.01171920265403, 1.76458306798314, -7.10300527893079
-9.23269321453227, 1.63891884866234, -7.79262865489141
-9.48960298420253, 1.4928185657961, -8.46552277071829
-9.78854541574299, 1.32281501215609, -9.11497893281075
-10.1350121315217, 1.12578519408428, -9.73226312808749
-10.5388689312181, 0.89611859655151, -10.3014158231988
-10.9997785831773, 0.634006997551364, -10.808160675447
-11.5231106890146, 0.336396794584205, -11.229349568268
-12.1146470044752, 0, -11.4870014552999
-4.67807595452702, 3.1132042595979, -0.000710079518348239
-5.09443702225559, 2.93428515485788, -0.610290178922494
-5.49363920699319, 2.76273958290235, -1.23330038673577
-5.87227977632894, 2.60002976939027, -1.87133249429852
-6.23196866650646, 2.44546389086906, -2.52224294118088
-6.57872120641744, 2.29645703404246, -3.18143919299248
-6.92981092991193, 2.14558639824131, -3.83789911612627
-7.36018958770245, 1.96064364033366, -4.35354265583661
-7.61442159209608, 1.85139480285104, -5.06073009063284
-7.8397406530086, 1.75457046507311, -5.7796344502631
-8.0611892759832, 1.65940933585255, -6.49997533701787
-8.29474165824851, 1.55904696678482, -7.21574033025553
-8.559214455071, 1.44539744548419, -7.91856402327429
-8.86517510869887, 1.31391971983753, -8.60108760063408
-9.21955071134211, 1.16163707268097, -9.2552040976975
-9.63131970878538, 0.984691277090219, -9.86795751196527
-10.107498204042, 0.780067366087787, -10.4227975779451
-10.6548769235205, 0.544847221761805, -10.8907188550098
-11.2578966048802, 0.285716986271514, -11.2720482074864
-11.9227860790649, 0, -11.4837076294501
-3.40623269118291, 2.6151333284183, -0.00097143175122871
-3.8779723196381, 2.46694022335523, -0.617140920535574
-4.33144843042072, 2.32448445140987, -1.248172807174
-4.76270376866259, 2.18900915148993, -1.89608875400396
-5.17327388370666, 2.06003194346158, -2.55862383113764
-5.57009434015498, 1.93537407703175, -3.23032757565745
-5.97263581213512, 1.8089190008603, -3.89826316021334
-6.43582747110417, 1.66341116975711, -4.44229311453619
-6.7247889123839, 1.57263632142187, -5.17181304310117
-6.98570465930612, 1.49067179615425, -5.91302057789574
-7.24508765632473, 1.40918877159973, -6.65482504811186
-7.52190024931984, 1.32223038353545, -7.38961761355118
-7.83626684644922, 1.22347471547917, -8.10754068879158
-8.19839945625462, 1.10971374935598, -8.80020932477185
-8.61721312328718, 0.978146897608436, -9.45669319278108
-9.10777527420679, 0.824040852692813, -10.0556773981088
-9.66512579883981, 0.64895379222182, -10.5870849342617
-10.3105312111184, 0.446205016624403, -10.9936994033407
-10.9962386076014, 0.230795705809752, -11.3201661494957
-11.7309251536547, 0, -11.4803909589212
-2.11788818588529, 2.0124535580922, -0.0013538843037367
-2.63470445914872, 1.90205664550586, -0.637554420076463
-3.13302723533248, 1.79561012126086, -1.28897474813022
-3.60836113029054, 1.69407424252457, -1.9581134300799
-4.06251536609228, 1.59706254211132, -2.6424820066384
-4.50449035820034, 1.50265244495821, -3.33516740122363
-4.95583158949056, 1.40624162928724, -4.02146271457039
-5.42784057137664, 1.30541598387129, -4.62085767712291
-5.74661893732593, 1.23732186760459, -5.38088412834831
-6.04360676394439, 1.17388241952495, -6.15019577659045
-6.34440083656192, 1.10962992079544, -6.91795013510295
-6.67140862598676, 1.03977792074862, -7.67432476866543
-7.04258820704177, 0.96049040237228, -8.40899072495462
-7.47005606252142, 0.869179168736244, -9.11079516423869
-7.97051991173922, 0.762275290756837, -9.75974211196094
-8.55933980630693, 0.636497714096511, -10.3257569852827
-9.23055429878529, 0.4931198611026, -10.7823594557754
-9.96791323711867, 0.335612920104125, -11.1216069764369
-10.7380266337224, 0.171109312685456, -11.3728111146463
-11.5390642282445, 0, -11.477050422631
-0.93033693767948, 1.28347821593341, -0.00192865764670537
-1.46541484092582, 1.2175504399046, -0.685855110105513
-1.98207825899754, 1.15389154107463, -1.38398158877508
-2.47564433756026, 1.09307850116869, -2.09887161863924
-2.94968890417445, 1.03467073694258, -2.82707351355428
-3.41847863197692, 0.976910429533768, -3.55873924125273
-3.94345111187076, 0.91222775834561, -4.20559303053996
-4.33067337901187, 0.864517503919918, -4.98358726729712
-4.66735750079134, 0.823034132548262, -5.78565354624067
-4.99601497174933, 0.782539737238615, -6.59112356641387
-5.33812783692693, 0.740387481996595, -7.39084121379073
-5.71618535095443, 0.693806430976553, -8.17387250908263
-6.14748547538607, 0.640665275581769, -8.92828672050511
-6.65800890002143, 0.577762894839413, -9.63011815123483
-7.27959963330282, 0.501175739218272, -10.2335146523683
-8.00053544833894, 0.41234812242362, -10.7084109260699
-8.80298822807054, 0.313476674331905, -11.0311869284008
-9.63407382037555, 0.211077333118531, -11.2688532211947
-10.4845699284537, 0.106286392235782, -11.4213450692677
-11.3472033028342, 0, -11.4736849426575
-0.12289664512525, 0.439029972098269, -0.00279235965070236
-0.621730668843052, 0.419179152721624, -0.783330306433283
-1.0954438451162, 0.400328003338409, -1.5793566884354
-1.54143624717049, 0.382579986572127, -2.39128514499699
-1.9718810092686, 0.365450679392258, -3.21161149174595
-2.40568004232031, 0.348187890886588, -4.03016135222235
-2.81476509404363, 0.331908581366116, -4.84695332274732
-3.15370528010045, 0.318420647317923, -5.70915806702233
-3.47921257302604, 0.305467267695803, -6.57656133662565
-3.80560238196968, 0.292478768845166, -7.44363003755324
-4.15048742899739, 0.278754262398657, -8.30345442075605
-4.54199859344358, 0.263174295836958, -9.14279395633607
-5.05066611821865, 0.242932157817145, -9.91461639145787
-5.73786808295681, 0.21558534218572, -10.5317848277067
-6.58294313837587, 0.181956055715233, -10.9056104332769
-7.47183586500141, 0.146583069666794, -11.1624990831443
-8.38355605032243, 0.110301677740154, -11.3221543071862
-9.30472634123491, 0.073644224177245, -11.4127653799491
-10.2298104833281, 0.0368310211081661, -11.4480598563595
-11.155342377424, 0, -11.470293379306
