-109.579997112877, 6.5259287231478, -1.77635683940025E-15
-109.579997112877, 6.68334033726355, -0.781236858610155
-109.579997112877, 6.80641114413691, -1.5686248916644
-109.579997112877, 6.90061330837476, -2.36001125755847
-109.579997112877, 6.97570085422437, -3.15346141293838
-109.579997112877, 7.04144051147662, -3.9477487372518
-109.579997112877, 7.10173254591132, -4.74246911522192
-109.579997112877, 7.15850674425297, -5.53744926408622
-109.579997112877, 7.21369289617631, -6.33254155369401
-109.579997112877, 7.28165618766053, -7.12631446861218
-109.579997112877, 7.07425168347406, -7.84919788731772
-109.579997112877, 6.34341988874578, -8.15456923220313
-109.579997112877, 5.56310917030898, -8.31509902679759
-109.579997112877, 4.77122015850156, -8.40136588617593
-109.579997112877, 3.97694794110026, -8.46729157012057
-109.579997112877, 3.18218211070792, -8.52690606355072
-109.579997112877, 2.38686882627572, -8.5787932426174
-109.579997112877, 1.59142737034592, -8.62869498931296
-109.579997112877, 0.795980434122411, -8.67850934455963
-109.579997112877, 8.88179447828582E-16, -8.71886863074787
-107.442118229735, 6.69604827513245, -1.77635683940025E-15
-107.442118229735, 6.80703805871926, -0.804001788124117
-107.442118229735, 6.90829225013197, -1.6092844071959
-107.442118229735, 6.99784681969783, -2.41595126896789
-107.442118229735, 7.07672197439027, -3.22373489550219
-107.442118229735, 7.14744246796962, -4.0322753587902
-107.442118229735, 7.2127085123137, -4.84127615182746
-107.442118229735, 7.27588088288927, -5.65044385605027
-107.442118229735, 7.34032609619547, -6.45951073696169
-107.442118229735, 7.35725106083702, -7.23027185865633
-107.442118229735, 7.20763803478113, -7.99505157144996
-107.442118229735, 6.46913586766324, -8.312741862618
-107.442118229735, 5.67113843456137, -8.45819441975516
-107.442118229735, 4.8627028576889, -8.52820403877899
-107.442118229735, 4.05267915988205, -8.57923193334699
-107.442118229735, 3.24241994539264, -8.62636620530252
-107.442118229735, 2.43196970525647, -8.67010480730083
-107.442118229735, 1.62143422244648, -8.71223858321216
-107.442118229735, 0.810852733293913, -8.75347956161707
-107.442118229735, -4.25934797010141E-16, -8.78896392213441
-105.249421939332, 6.79089658368375, -1.77635683940025E-15
-105.249421939332, 6.88818401825007, -0.817518779226967
-105.249421939332, 6.98345500605964, -1.63527396220313
-105.249421939332, 7.0730071588308, -2.45367345344808
-105.249421939332, 7.15551349553847, -3.27281362987742
-105.249421939332, 7.23244246272714, -4.09249762473866
-105.249421939332, 7.30549770246833, -4.91253647725127
-105.249421939332, 7.37613178421159, -5.73278778347067
-105.249421939332, 7.44579815415283, -6.55312199098294
-105.249421939332, 7.41235548160801, -7.29458925774031
-105.249421939332, 7.29768763195509, -8.0899729047724
-105.249421939332, 6.56421178130794, -8.43231471990174
-105.249421939332, 5.7525092530582, -8.56757270392511
-105.249421939332, 4.93206329092811, -8.6344914062913
-105.249421939332, 4.11044721078552, -8.68691333105533
-105.249421939332, 3.28861304546186, -8.7357864404569
-105.249421939332, 2.46660016278532, -8.78157007402111
-105.249421939332, 1.64453351475602, -8.82638367176111
-105.249421939332, 0.82241794981338, -8.8702873549604
-105.249421939332, -3.58594339826822E-16, -8.90807502422004
-103.056725648929, 6.86351448820412, -1.77635683940025E-15
-103.056725648929, 6.95796899207301, -0.828860090645831
-103.056725648929, 7.05109211639867, -1.65787057859309
-103.056725648929, 7.14111238943672, -2.48722317469739
-103.056725648929, 7.22625562472347, -3.31708965105136
-103.056725648929, 7.30629760160216, -4.14746485311995
-103.056725648929, 7.38386124655273, -4.97807577881223
-103.056725648929, 7.45943239925607, -5.80887019093821
-103.056725648929, 7.5321756720261, -6.63991644410362
-103.056725648929, 7.46111860293819, -7.36272113573974
-103.056725648929, 7.36692607050679, -8.17991422695276
-103.056725648929, 6.65002994512, -8.5627556963602
-103.056725648929, 5.82733967778153, -8.69877480304361
-103.056725648929, 4.99621131544331, -8.76930309504292
-103.056725648929, 4.16391953835791, -8.82605108108734
-103.056725648929, 3.33139637758954, -8.87929222985328
-103.056725648929, 2.49870993611275, -8.92992690513231
-103.056725648929, 1.66600008784554, -8.98017864659634
-103.056725648929, 0.833228168329603, -9.02938677466596
-103.056725648929, 2.11580442813746E-16, -9.07008238943366
-100.864029358526, 6.92585510346832, -1.77635683940025E-15
-100.864029358526, 7.02318278412321, -0.839101974383347
-100.864029358526, 7.11722105452698, -1.6785783047017
-100.864029358526, 7.20664733597855, -2.51855805358738
-100.864029358526, 7.29159234428949, -3.35900342697903
-100.864029358526, 7.37297521905154, -4.19980149821576
-100.864029358526, 7.45240564944047, -5.04078649993616
-100.864029358526, 7.52976624499697, -5.88196438572674
-100.864029358526, 7.60300593743924, -6.72350895630684
-100.864029358526, 7.50574455989959, -7.43790147330208
-100.864029358526, 7.42186188193383, -8.27116645432746
-100.864029358526, 6.72908596747021, -8.70340978156569
-100.864029358526, 5.89795525707108, -8.85186174137351
-100.864029358526, 5.05710128572609, -8.9313002333736
-100.864029358526, 4.21475481489962, -8.99467055789283
-100.864029358526, 3.37210803010889, -9.05392158582721
-100.864029358526, 2.52931732071664, -9.11109787998045
-100.864029358526, 1.68651272671555, -9.16806888641796
-100.864029358526, 0.843602737545642, -9.22345533884499
-100.864029358526, 4.22720396251131E-16, -9.26689989475078
-98.6713330681237, 6.98195429242783, -1.77635683940025E-15
-98.6713330681237, 7.08322234750307, -0.848579125651559
-98.6713330681237, 7.17831281720292, -1.69787230811569
-98.6713330681237, 7.26737021203434, -2.54781974762681
-98.6713330681237, 7.35188654320009, -3.39823163638563
-98.6713330681237, 7.43338479292712, -4.2489386644951
-98.6713330681237, 7.51303579122501, -5.09982055644342
-98.6713330681237, 7.5903160748116, -5.95092086765388
-98.6713330681237, 7.66190913777465, -6.80251316858808
-98.6713330681237, 7.54637598341077, -7.51515236827877
-98.6713330681237, 7.465826682077, -8.36084982090903
-98.6713330681237, 6.79927025593679, -8.84296954620837
-98.6713330681237, 5.96251475189991, -9.01371958558238
-98.6713330681237, 5.11320435546843, -9.10715621997432
-98.6713330681237, 4.26180775979516, -9.18106817744526
-98.6713330681237, 3.40992581124818, -9.24919181167688
-98.6713330681237, 2.55784122037699, -9.31473944105568
-98.6713330681237, 1.70568199528758, -9.3793064094258
-98.6713330681236, 0.853327452312703, -9.44123593902281
-98.6713330681237, 1.63729826592027E-15, -9.48764914170571
-96.478636777721, 7.03435761799133, -1.77635683940025E-15
-96.4786367777209, 7.13871284894931, -0.857376957130138
-96.4786367777209, 7.23480199983896, -1.715719558105
-96.4786367777209, 7.32353231109622, -2.57485541288812
-96.4786367777209, 7.40729750459141, -3.4344908565479
-96.4786367777209, 7.48812032094338, -4.29440834789053
-96.4786367777209, 7.56692326875196, -5.15451329716349
-96.4786367777209, 7.6428565432041, -6.0148758953639
-96.4786367777209, 7.71091089450692, -6.87588531544018
-96.4786367777209, 7.58323107283613, -7.59108074396395
-96.4786367777209, 7.50132159531625, -8.44680929745915
-96.478636777721, 6.85846553915687, -8.97391323521327
-96.4786367777209, 6.01924391502851, -9.17462083419154
-96.4786367777209, 5.16315611069828, -9.28759231836363
-96.4786367777209, 4.30413878670843, -9.37741881043634
-96.478636777721, 3.44423001195498, -9.45831402374893
-96.478636777721, 2.58386669869136, -9.53423971141184
-96.4786367777209, 1.72322782588566, -9.60697564677642
-96.4786367777209, 0.862245129554299, -9.67551765390421
-96.478636777721, 2.99218752749787E-15, -9.725393017932
-94.2859404873182, 7.08466425277381, -1.77635683940025E-15
-94.2859404873182, 7.18986459810949, -0.86563302403467
-94.2859404873182, 7.28637997136513, -1.73227703694879
-94.2859404873182, 7.37492614870422, -2.59977291130951
-94.2859404873182, 7.457963324181, -3.46781486793273
-94.2859404873182, 7.53764330380204, -4.33617203658096
-94.2859404873182, 7.61490965205726, -5.20474723147364
-94.2859404873182, 7.6886026338821, -6.07363225809472
-94.2859404873182, 7.69787697066138, -6.89261446332808
-94.2859404873182, 7.61652848318496, -7.66383219300257
-94.2859404873182, 7.52971308605176, -8.52778854955015
-94.2859404873182, 6.90548351858626, -9.09266304599376
-94.2859404873182, 6.06690325326377, -9.32784875763614
-94.2859404873182, 5.2060877284732, -9.46591916539835
-94.2859404873182, 4.34128493381151, -9.57766620106517
-94.2859404873182, 3.4748025534344, -9.67559786023322
-94.2859404873182, 2.60727036367228, -9.76377920059472
-94.2859404873182, 1.73905725383215, -9.84499401540338
-94.2859404873182, 0.870295736057324, -9.92012612603819
-94.2859404873182, 4.03410241848992E-15, -9.97422676406583
-92.0932441969154, 7.13322158160988, -1.77635683940025E-15
-92.0932441969154, 7.23743179392647, -0.873546432756603
-92.0932441969155, 7.33376402440351, -1.74799562673834
-92.0932441969155, 7.4220914760005, -2.62329064462326
-92.0932441969155, 7.50432041425234, -3.49918085546102
-92.0932441969154, 7.58249769426893, -4.37544283400138
-92.0932441969154, 7.65775351222885, -5.25196044167645
-92.0932441969154, 7.72860947866516, -6.12884347527728
-92.0932441969154, 7.66410954862821, -6.89100074106591
-92.0932441969154, 7.64618559144725, -7.73427993904687
-92.0932441969155, 7.55217465340086, -8.60533358807682
-92.0932441969154, 6.943042019267, -9.20263962397955
-92.0932441969154, 6.1074642041615, -9.47351612951064
-92.0932441969155, 5.24360792514769, -9.63914577277906
-92.0932441969155, 4.37454994560737, -9.7756989778572
-92.0932441969154, 3.50262878200328, -9.8926355437397
-92.0932441969154, 2.62874058773194, -9.99388605215859
-92.0932441969154, 1.75360428835118, -10.0837491738619
-92.0932441969154, 0.877692338765765, -10.1657443987182
-92.0932441969154, 5.51745905709566E-15, -10.2252177563236
-89.9005479065127, 7.18010963130337, -1.77635683940025E-15
-89.9005479065127, 7.28222390444602, -0.881242939352886
-89.9005479065127, 7.37781362382463, -1.76321601731916
-89.9005479065127, 7.46565125995135, -2.64599482212312
-89.9005479065127, 7.54681875463123, -3.52941312840465
-89.9005479065127, 7.623198030252, -4.41325926104994
-89.9005479065127, 7.69614078729418, -5.29739553220098
-89.9005479065127, 7.76384010282193, -6.18194693312366
-89.9005479065127, 7.65622833628256, -6.91627104557421
-89.9005479065127, 7.67198957154314, -7.80322290295848
-89.9005479065127, 7.56973108619538, -8.6807554147976
-89.9005479065127, 6.97477296961015, -9.30765105008421
-89.9005479065127, 6.14375667265371, -9.61329865896077
-89.9005479065127, 5.2777950189181, -9.8054387544589
-89.9005479065127, 4.40535599407665, -9.96609206289696
-89.9005479065127, 3.52864148598085, -10.1015222764355
-89.9005479065127, 2.64886842342807, -10.2154920880313
-89.9005479065127, 1.76723278273333, -10.3141011448065
-89.9005479065127, 0.884614555165212, -10.4035513429549
-89.9005479065127, 5.07932401070035E-15, -10.4698697944429
-87.6978516161098, 7.22561437240468, -1.77635683940025E-15
-87.6978516161099, 7.32513545705346, -0.888800939906957
-87.6978516161099, 7.41943829515421, -1.77816907989811
-87.6978516161099, 7.50629113582773, -2.66829501083599
-87.69785161611, 7.58600565310061, -3.55908928296643
-87.6978516161099, 7.66034868097197, -4.45034944161167
-87.6978516161099, 7.73082612689652, -5.34192333571462
-87.6978516161099, 7.79530266050087, -6.23394886954194
-87.6978516161099, 7.68283389483347, -6.97684347814655
-87.6978516161099, 7.69383543410999, -7.87107655542007
-87.6978516161099, 7.5835171955401, -8.75488733924197
-87.6978516161099, 7.00416154054095, -9.41057839907714
-87.69785161611, 6.17880254931251, -9.74943524306028
-87.6978516161099, 5.31076130071727, -9.96430777699529
-87.6978516161099, 4.43493062819757, -10.1451736553003
-87.69785161611, 3.55350664378893, -10.2964807502447
-87.69785161611, 2.66802230470359, -10.4219716849978
-87.6978516161099, 1.78014729628042, -10.5293651715499
-87.6978516161099, 0.891164278464319, -10.6272410821403
-87.6978516161099, 6.15514119868351E-15, -10.7021756533093
-82.2261108901031, 7.33685467809903, -1.77635683940025E-15
-82.2261108901031, 7.42942945774485, -0.906129189485374
-82.2261108901031, 7.51740472629767, -1.81271488285153
-82.2261108901031, 7.59796037411652, -2.71998891123786
-82.2261108901031, 7.67105586830266, -3.62789515853053
-82.2261108901031, 7.73858133418914, -4.53623420675675
-82.2261108901031, 7.80192232349677, -5.44487431957936
-82.2261108901031, 7.85832624847632, -6.35396759994084
-82.2261108901031, 7.73419860983277, -7.11499055242132
-82.2261108901031, 7.72829362657013, -8.02577218982178
-82.226110890103, 7.60408888755807, -8.92480073154596
-82.2261108901031, 7.07192898079602, -9.64800691216917
-82.2261108901031, 6.26624699968917, -10.0642849549691
-82.2261108901031, 5.39107207645279, -10.3155100300922
-82.2261108901031, 4.50332944462452, -10.519092795578
-82.2261108901031, 3.60898017491628, -10.6914357745656
-82.2261108901031, 2.70981652535824, -10.8366964733981
-82.2261108901031, 1.80803681656026, -10.9648444413304
-82.2261108901031, 0.905151792333484, -11.0850026442697
-82.2261108901031, 4.44117835855584E-15, -11.1863711261053
-76.7443701640962, 7.46867187880052, -1.77635683940025E-15
-76.7443701640962, 7.55015440779321, -0.918185147370298
-76.7443701640962, 7.62376797722627, -1.83703282467871
-76.7443701640962, 7.68845345741188, -2.75655271371897
-76.7443701640962, 7.74601387406046, -3.67654760298098
-76.7443701640962, 7.79900246585546, -4.59681836313932
-76.7443701640962, 7.84850537471153, -5.51728308204128
-76.7443701640962, 7.89197490152676, -6.43804905772513
-76.7443701640962, 7.75446172835979, -7.20900634840386
-76.7443701640962, 7.72841073229818, -8.13039016148498
-76.7443701640962, 7.59550652599864, -9.04010093289528
-76.7443701640962, 7.10591335019326, -9.80929301705707
-76.7443701640962, 6.32692574146216, -10.2914920133749
-76.7443701640962, 5.45014173484489, -10.5733731058953
-76.7443701640962, 4.55193319480912, -10.7801887932519
-76.7443701640962, 3.64718739472864, -10.9564822583778
-76.7443701640962, 2.7380050494627, -11.1083331643356
-76.7443701640962, 1.82654115850051, -11.2459314412284
-76.7443701640962, 0.914123554620285, -11.3770795440568
-76.7443701640962, 1.78265841473109E-15, -11.4956384866121
-71.2626294380893, 7.62632818652743, -1.77635683940025E-15
-71.2626294380893, 7.6909775158893, -0.922236125224807
-71.2626294380894, 7.74155328660733, -1.84535028744333
-71.2626294380893, 7.77992006935318, -2.76905692219895
-71.2626294380893, 7.81129028904012, -3.69303108284714
-71.2626294380893, 7.83948075276595, -4.61710856692622
-71.2626294380893, 7.86553143080585, -5.54124875788298
-71.2626294380893, 7.88806955757578, -6.46548030471923
-71.2626294380894, 7.73529613756437, -7.23637886740578
-71.2626294380893, 7.68623129280238, -8.15947916168679
-71.2626294380893, 7.54210195922464, -9.07116815811381
-71.2626294380893, 7.08813089441509, -9.86598257778272
-71.2626294380893, 6.33392301997639, -10.3906013803142
-71.2626294380893, 5.4667253832588, -10.7073216918509
-71.2626294380893, 4.56876392705086, -10.9261350711551
-71.2626294380893, 3.66125684745035, -11.1023925935953
-71.2626294380893, 2.74876146132245, -11.2507720100754
-71.2626294380893, 1.83358034793437, -11.3817159281116
-71.2626294380894, 0.917280413502415, -11.504625913939
-71.2626294380893, 2.39665955342402E-16, -11.6199648153914
-65.7808887120825, 7.75877698186502, -1.77635683940025E-15
-65.7808887120825, 7.80716637295237, -0.918475965098237
-65.7808887120825, 7.83429405008995, -1.83782711095952
-65.7808887120825, 7.84472408408939, -2.75753101984733
-65.7808887120825, 7.84753895409103, -3.67729643951002
-65.7808887120825, 7.84853281044541, -4.59706603001062
-65.7808887120825, 7.84789885916434, -5.51683577889438
-65.7808887120825, 7.84528912581867, -6.43660198155388
-65.7808887120825, 7.67144214035466, -7.1996464813746
-65.7808887120825, 7.59236387050779, -8.11576868822714
-65.7808887120825, 7.42525149822547, -9.01936885561191
-65.7808887120825, 7.00540337793709, -9.8289494535484
-65.7808887120824, 6.28279092986666, -10.3892077558652
-65.7808887120825, 5.43651137127184, -10.7463553968744
-65.7808887120825, 4.54863614607195, -10.9848320643296
-65.7808887120825, 3.6469706690066, -11.1660826195748
-65.7808887120824, 2.73881179598326, -11.3114574059774
-65.7808887120825, 1.82696461588464, -11.431814505926
-65.7808887120825, 0.913764717355312, -11.5415453846609
-65.7808887120825, 6.24580921965158E-17, -11.6464729574354
-60.2991479860756, 7.84172554305893, -1.77635683940025E-15
-60.2991479860756, 7.87812243341493, -0.909353703136581
-60.2991479860756, 7.88641798436988, -1.81940038969342
-60.2991479860756, 7.8728172375496, -2.72940450952998
-60.2991479860756, 7.84954829110239, -3.63922380902934
-60.2991479860756, 7.82383045238329, -4.54897771939577
-60.2991479860756, 7.79702223278659, -5.45870039959664
-60.2991479860756, 7.77014572307971, -6.36842122457699
-60.2991479860756, 7.57149977251213, -7.11879593612085
-60.2991479860756, 7.45950704489586, -8.02157390784303
-60.2991479860756, 7.25660553993103, -8.90824427676669
-60.2991479860756, 6.86241551602561, -9.7227874651545
-60.2991479860756, 6.18413285530221, -10.3222343079096
-60.2991479860756, 5.36779171682543, -10.7220404149249
-60.2991479860756, 4.49854908352422, -10.9896956081819
-60.2991479860756, 3.60969983682452, -11.1848212845442
-60.2991479860756, 2.71207076879494, -11.3345364973914
-60.2991479860756, 1.8093002559195, -11.4497235585584
-60.2991479860756, 0.904754366639107, -11.5502582052536
-60.2991479860756, 2.22084893457332E-17, -11.6489170840155
-54.8174072600687, 7.8864981774703, -1.77635683940025E-15
-54.8174023876116, 7.91424896325032, -0.897022852250836
-54.8174039473194, 7.90618952268642, -1.79438243979217
-54.8174070715983, 7.87057318326215, -2.69114786415863
-54.8174072600687, 7.82342161281465, -3.58739519627588
-54.8174072600687, 7.77312032862151, -4.48347258894085
-54.8174072600687, 7.72115910150935, -5.37945532296887
-54.8174072600687, 7.66844961132886, -6.2753944127012
-54.8174072600687, 7.44223384515449, -7.00949925150162
-54.8174072600687, 7.29951800619504, -7.89505354838413
-54.8174072600687, 7.05577608844022, -8.75836799721724
-54.8174072600687, 6.67207662207954, -9.56668977519281
-54.8174072600687, 6.04611370527795, -10.2039490832169
-54.8174072600687, 5.26901641270651, -10.6498645192935
-54.8174072600687, 4.42721479309512, -10.9584308282131
-54.8174072600687, 3.55671772709916, -11.1762919319719
-54.8174072600687, 2.67429666295668, -11.3392254553474
-54.8174072600687, 1.78448346577206, -11.4559340178028
-54.8174072600687, 0.892216799984679, -11.5525751232385
-54.8174072600687, 6.03720034653082E-18, -11.6497056179439
-49.3356665340619, 7.90702281808919, -1.77635683940025E-15
-49.3356666075031, 7.92018872773923, -0.882266700693536
-49.3356665514016, 7.89620945572467, -1.76430099663246
-49.3356665350992, 7.84111189239979, -2.64497535558874
-49.3356665340618, 7.77036278291125, -3.52455547054494
-49.3356665340618, 7.69540180737707, -4.40378907738404
-49.3356665340618, 7.61734486275716, -5.28275326768075
-49.3356665340618, 7.53595836294958, -6.16141534194594
-49.3356665340619, 7.27924530214206, -6.87503753138091
-49.3356665340619, 7.10733646130937, -7.74013869211712
-49.3356665340618, 6.82722432628045, -8.57639957783363
-49.3356665340618, 6.43948533670359, -9.3677498297096
-49.3356665340619, 5.86618210214747, -10.0343233021746
-49.3356665340619, 5.14063682042332, -10.533308900499
-49.3356665340619, 4.3355854822802, -10.8921902995881
-49.3356665340618, 3.48953044516119, -11.1420965188059
-49.3356665340618, 2.62728564223112, -11.328596317588
-49.3356665340618, 1.7539383908605, -11.454106076744
-49.3356665340618, 0.876938738369227, -11.5517347264751
-49.3356665340619, 6.0672346797162E-19, -11.6499704153429
-43.853925808055, 7.90787111006939, -1.77635683940025E-15
-43.853925808055, 7.90014593376789, -0.864290914654964
-43.853925808055, 7.85568618440104, -1.72746019698902
-43.853925808055, 7.77819121643472, -2.58832573842609
-43.853925808055, 7.68179081925302, -3.44730874592234
-43.853925808055, 7.57818604012862, -4.30545825806403
-43.853925808055, 7.47075216598836, -5.16313691976152
-43.853925808055, 7.35772151621191, -6.02009324690182
-43.853925808055, 7.06570241053872, -6.70686825439884
-43.853925808055, 6.86138071607185, -7.54651976741399
-43.853925808055, 6.55669900648908, -8.35471406920474
-43.853925808055, 6.15693755609422, -9.12048801410051
-43.853925808055, 5.63088576983926, -9.80404174908762
-43.853925808055, 4.9683704147625, -10.3569188539171
-43.853925808055, 4.21403785833011, -10.7769944415466
-43.853925808055, 3.40265831008942, -11.0734019078938
-43.853925808055, 2.56804857402958, -11.2971507939119
-43.853925808055, 1.71636489038237, -11.4434981799885
-43.853925808055, 0.858350238471874, -11.5480644519814
-43.853925808055, 3.01015801569856E-20, -11.65
-38.3721850820481, 7.88094908826902, -1.77635683940025E-15
-38.3721850820481, 7.83797694363804, -0.840821369815789
-38.3721850820481, 7.76368592509287, -1.6794399132945
-38.3721850820481, 7.65852677202646, -2.51476819737409
-38.3721850820481, 7.53239429623361, -3.34721309726923
-38.3721850820481, 7.3959445911475, -4.17803889264646
-38.3721850820481, 7.25331807712854, -5.00782640584987
-38.3721850820481, 7.08994228879116, -5.82345005079554
-38.3721850820481, 6.7661060335587, -6.48639504109434
-38.3721850820481, 6.52537743354018, -7.29309044315778
-38.3721850820481, 6.20971893577963, -8.07302251470375
-38.3721850820481, 5.80348789152354, -8.810057440531
-38.3721850820481, 5.31403481664468, -9.4942507125
-38.3721850820481, 4.72098305393372, -10.0905377331031
-38.3721850820481, 4.03819643156548, -10.5815017428855
-38.3721850820481, 3.28214508007109, -10.9495401740827
-38.3721850820481, 2.48699370017227, -11.2256734875376
-38.3721850820481, 1.66754862028232, -11.4170094143122
-38.3721850820481, 0.834725006552115, -11.5398744700588
-38.3721850820481, 1.15416303409843E-17, -11.65
-32.8804443560412, 7.78932638736262, -1.77635683940025E-15
-32.8804443560412, 7.69367625669434, -0.808849661140245
-32.8804443560412, 7.57593179787288, -1.61476798271908
-32.8804443560412, 7.43401844939507, -2.41678601838168
-32.8804443560412, 7.27189606184837, -3.21497719343362
-32.8804443560412, 7.09668960633297, -4.01041059186487
-32.8804443560412, 6.91256491940405, -4.80382539732733
-32.8804443560412, 6.5962554018023, -5.43832457445334
-32.8804443560412, 6.34049749721834, -6.20313501146144
-32.8804443560412, 6.06919715629512, -6.97107171838594
-32.8804443560412, 5.75164642900838, -7.72086171778274
-32.8804443560412, 5.36139305706208, -8.43536064212837
-32.8804443560412, 4.90391562309483, -9.10889436769769
-32.8804443560412, 4.37801716209476, -9.73023460928759
-32.8804443560412, 3.77815671018219, -10.2803231039147
-32.8804443560412, 3.10560685880032, -10.7381553623195
-32.8804443560412, 2.36780117892318, -11.0824222768096
-32.8804443560412, 1.60081384882209, -11.3549506429945
-32.8804443560412, 0.804572453245466, -11.5231872731725
-32.8804443560412, -3.35823498456014E-16, -11.65
-30.6977480656391, 7.72276361957929, -1.77635683940025E-15
-30.6977480656387, 7.6014538114648, -0.793080042215964
-30.6977480656385, 7.46173542926177, -1.58311643671115
-30.6977480656385, 7.30138573394255, -2.36922475951662
-30.6977480656385, 7.12255549727437, -3.15134385787167
-30.6977480656385, 6.93050079760674, -3.93033145970321
-30.6977480656385, 6.72896128972136, -4.70691679764226
-30.6977480656385, 6.38959570922296, -5.3154332191769
-30.6977480656385, 6.12769940558897, -6.07379174269862
-30.6977480656385, 5.84684950851467, -6.82530833482545
-30.6977480656385, 5.52991233357856, -7.56221669035942
-30.6977480656385, 5.15393331438651, -8.27064370147579
-30.6977480656385, 4.71510212998421, -8.94201324713798
-30.6977480656385, 4.21653088207098, -9.57018125946747
-30.6977480656385, 3.65005830298388, -10.1375945390682
-30.6977480656385, 3.01306993961015, -10.6244184896975
-30.6977480656385, 2.30568445540122, -11.0015787437785
-30.6977480656385, 1.56587615677179, -11.3110925425097
-30.6977480656385, 0.790418831237503, -11.5123332569159
-30.6977480656385, 2.21971184558605E-16, -11.65
-28.5050517752357, 7.6314181590816, -1.77635683940025E-15
-28.5050517752357, 7.48208748276329, -0.775186066156063
-28.5050517752357, 7.3175699908206, -1.54728640064246
-28.5050517752357, 7.1360980804178, -2.31557769088344
-28.5050517752357, 6.93882420245223, -3.0799685941177
-28.5050517752357, 6.7292819504208, -3.84109526453972
-28.5050517752357, 6.5104849761666, -4.5996106339274
-28.5050517752357, 6.15871552508357, -5.19441434663648
-28.5050517752357, 5.88413126202077, -5.93456493981978
-28.5050517752357, 5.59476178788933, -6.66904246173301
-28.5050517752357, 5.27893362455384, -7.39248187619892
-28.5050517752357, 4.92000028725772, -8.09541015074276
-28.5050517752357, 4.50679865400765, -8.76784191853599
-28.5050517752357, 4.03970693606486, -9.4039668003404
-28.5050517752357, 3.50988168700865, -9.9885443011086
-28.5050517752357, 2.90560585090343, -10.4956705231411
-28.5050517752357, 2.2334762183992, -10.9076709570274
-28.5050517752357, 1.52335820420286, -11.2519780480017
-28.5050517752357, 0.774488596050391, -11.4970487360555
-28.5050517752357, 4.14141544601953E-16, -11.65
-26.312355484833, 7.50447938485557, -1.77635683940025E-15
-26.312355484833, 7.32590980997436, -0.754953111537021
-26.312355484833, 7.13502243228162, -1.50688357351232
-26.312355484833, 6.93084911173655, -2.25531537460529
-26.312355484833, 6.7141497028469, -3.00021909774203
-26.312355484833, 6.48704290314973, -3.74202058568261
-26.312355484833, 6.25158550123271, -4.48121131760973
-26.312355484833, 5.88948190150329, -5.06204016204527
-26.312355484833, 5.60369559800368, -5.78327079968773
-26.312355484833, 5.307124952675, -6.5001247778659
-26.312355484833, 4.99311768018674, -7.2094939640302
-26.312355484833, 4.65149956491586, -7.90593362619462
-26.312355484833, 4.26943797121342, -8.58096151834718
-26.312355484833, 3.83990295113028, -9.22674845012111
-26.312355484833, 3.35230454034872, -9.82962118451451
-26.312355484833, 2.78441652466932, -10.3570023823109
-26.312355484833, 2.14948657560312, -10.8008696261835
-26.312355484833, 1.47172226887856, -11.1777853569722
-26.312355484833, 0.75550334442822, -11.4738493074672
-26.312355484833, 6.52442948669761E-16, -11.65
-24.1196591944302, 7.33099194995213, -1.77635683940025E-15
-24.1196591944302, 7.12318608344413, -0.732425947786385
-24.1196591944302, 6.90581668155459, -1.46207016161792
-24.1196591944302, 6.67881157193819, -2.18877452715115
-24.1196591944302, 6.44280482302473, -2.9126066626164
-24.1196591944302, 6.19879985199119, -3.63378346716704
-24.1196591944302, 5.94764580316669, -4.35249977175208
-24.1196591944302, 5.57611772684825, -4.91725006830724
-24.1196591944302, 5.28147420977156, -5.61926245474454
-24.1196591944302, 4.98012433912274, -6.31841972693468
-24.1196591944302, 4.66976596363607, -7.01362068043414
-24.1196591944302, 4.34498639255196, -7.70218589185503
-24.1196591944302, 3.99544164094422, -8.37846541478219
-24.1196591944302, 3.60803006541255, -9.03369188420605
-24.1196591944302, 3.16711108203976, -9.65395778393505
-24.1196591944302, 2.6462483891529, -10.2079659780689
-24.1196591944302, 2.05433470314482, -10.6862335850301
-24.1196591944302, 1.41001530043852, -11.0913675738772
-24.1196591944247, 0.726416763163965, -11.4253333096302
-24.1196591944302, 6.11745030481406E-16, -11.65
-21.9269629040275, 7.10280779786225, -1.77635683940025E-15
-21.9269629040275, 6.86696552199377, -0.707941159881305
-21.9269629040275, 6.62445832082634, -1.41362778485024
-21.9269629040275, 6.37604201019929, -2.11725650019368
-21.9269629040275, 6.12223931458797, -2.81896060221738
-21.9269629040275, 5.86305223000711, -3.51869351224984
-21.9269629040275, 5.59779670002166, -4.2161464751406
-21.9269629040275, 5.21681212726144, -4.76131351211947
-21.9269629040275, 4.91712638118813, -5.44468364301725
-21.9269629040275, 4.61522338619879, -6.12707741258045
-21.9269629040275, 4.312066380749, -6.80891505371497
-21.9269629040275, 4.00505763079094, -7.48902421844948
-21.9269629040275, 3.68633787065538, -8.16370222718556
-21.9269629040275, 3.34085578804481, -8.82499549999757
-21.9269629040275, 2.9480321618981, -9.45912117184666
-21.9269629040275, 2.48330892699641, -10.0419747411086
-21.9269629040275, 1.93880427177944, -10.5517269806422
-21.9269629040275, 1.33877525624647, -10.9944184766231
-21.9269629040226, 0.691187438985511, -11.363961510543
-21.9269629040275, 0, -11.638996907501
-19.7342666136247, 6.81543504102351, -1.77635683940025E-15
-19.7342666136247, 6.55417280998165, -0.681862923932484
-19.7342666136247, 6.28913764615289, -1.36226910166371
-19.7342666136247, 6.02204687622921, -2.04187146966254
-19.7342666136247, 5.7536177674298, -2.72094625697945
-19.7342666136247, 5.48236113765458, -3.39889547081159
-19.7342666136247, 5.20571352429628, -4.07466018478992
-19.7342666136247, 4.83744783717135, -4.62991136019684
-19.7342666136247, 4.51553925921214, -5.26206613456124
-19.7342666136247, 4.21830771505675, -5.92903614830026
-19.7342666136247, 3.92668191624844, -6.59847333140385
-19.7342666136247, 3.63955067138514, -7.26985436768836
-19.7342666136247, 3.34942594969827, -7.93994301619689
-19.7342666136247, 3.04273526142305, -8.6025641920333
-19.7342666136247, 2.69768591878182, -9.24588794789144
-19.7342666136247, 2.29257826525936, -9.85287372138329
-19.7342666136247, 1.80740981390376, -10.3979262151436
-19.7342666136247, 1.26369431541141, -10.8842647120064
-19.7342666136247, 0.660708876909462, -11.2953124338785
-19.7342666136247, 0, -11.6024238957605
-17.5415703232223, 6.46817401673584, -2.53031920829121E-07
-17.5415703232221, 6.18550230581553, -0.65595454236214
-17.541570323222, 5.90263800342023, -1.31182580889611
-17.541570323222, 5.62030422858907, -1.96792558572837
-17.541570323222, 5.3392248207131, -2.62456373729199
-17.541570323222, 5.05908825589064, -3.28160423101211
-17.541570323222, 4.77418412884827, -3.93658786551016
-17.541570323222, 4.43522661614092, -4.52616967684874
-17.541570323222, 4.07870028330481, -5.08342843242427
-17.541570323222, 3.79005446494223, -5.73677109259898
-17.541570323222, 3.51176134030085, -6.39458319660195
-17.541570323222, 3.24542504772657, -7.05733112887484
-17.541570323222, 2.98315035723098, -7.72170367151823
-17.541570323222, 2.711682178946, -8.38234952839137
-17.541570323222, 2.41173254199424, -9.03045729591055
-17.541570323222, 2.06371358157198, -9.65393189825929
-17.541570323222, 1.64784115582105, -10.2340377236984
-17.541570323222, 1.17155124522802, -10.7656864612622
-17.541570323222, 0.622523166346157, -11.2221036773199
-17.541570323222, 0, -11.5654239846706
-15.3488740328529, 6.06445477000539, -4.48475088594608E-06
-15.3488740328372, 5.76253026370589, -0.630030459272261
-15.3488740328255, 5.46284186438996, -1.26112180716632
-15.3488740328203, 5.16898353931655, -1.89494636393394
-15.3488740328193, 4.88087846446932, -2.53140905287104
-15.3488740328192, 4.59514561427961, -3.16894167872441
-15.3488740328192, 4.30519538172937, -3.80456309002074
-15.3488740328192, 3.9981311089646, -4.4319627258426
-15.3488740328192, 3.60904571180734, -4.9146357604243
-15.3488740328192, 3.33191607874051, -5.5559441986268
-15.3488740328192, 3.06916842225696, -6.2032657543535
-15.3488740328192, 2.82385603556356, -6.85739818420584
-15.3488740328192, 2.58859125306003, -7.51522804928124
-15.3488740328192, 2.34985620866279, -8.17179856460922
-15.3488740328192, 2.09174855328958, -8.82094488542556
-15.3488740328192, 1.79754075528103, -9.45447687191529
-15.3488740328192, 1.45389914012503, -10.0624273596652
-15.3488740328192, 1.05398636603302, -10.6349886652231
-15.3488740328192, 0.573790390028216, -11.1417245349661
-15.3488740328192, -4.44089209850063E-16, -11.5273331956753
-13.1561777427856, 5.60608760207557, -1.88080635198198E-05
-13.1561777426107, 5.28864776264365, -0.605304957590213
-13.1561777424887, 4.97629890988142, -1.21323007148545
-13.1561777424312, 4.67294210572816, -1.82568786572379
-13.1561777424172, 4.37857860794803, -2.4425223765967
-13.1561777424165, 4.08950556741919, -3.06185774183456
-13.1561777424165, 3.79780173247815, -3.67995529666882
-13.1561777424165, 3.49182805660254, -4.29104004804763
-13.1561777424165, 3.1077910928067, -4.76088347731342
-13.1561777424165, 2.84459136034606, -5.39163026320241
-13.1561777424165, 2.59913197530194, -6.0294766529149
-13.1561777424165, 2.37536592763159, -6.67525530809603
-13.1561777424165, 2.16654083032993, -7.32604373581451
-13.1561777424165, 1.95901692109672, -7.97725105224247
-13.1561777424165, 1.74000462934285, -8.62466429289811
-13.1561777424165, 1.49693450370168, -9.26340058912643
-13.1561777424165, 1.22234137357457, -9.88917517101532
-13.1561777424165, 0.904186818499786, -10.4939344316352
-13.1561777424165, 0.508512835185038, -11.0501297689775
-13.1561777424165, 0, -11.487272837791
-11.0123991710363, 5.10237983464056, -9.81882513148832E-05
-11.1252459217336, 4.79442155683939, -0.595380868737276
-11.2348638106508, 4.49527482839104, -1.19573065821583
-11.3399892581347, 4.20838795251577, -1.80282566199266
-11.4408337440882, 3.93318380150493, -2.416031060106
-11.5388773374493, 3.66562327384791, -3.03306857378439
-11.6373002286284, 3.39702764414291, -3.64959526777751
-11.7404439888348, 3.1155487839824, -4.25948921429454
-11.8663646023862, 2.77191199294174, -4.74203892507782
-11.9515766821579, 2.53936860846526, -5.374947645329
-12.0303914618929, 2.32428342716836, -6.01480814676184
-12.1017624453075, 2.12951233272836, -6.66201434468928
-12.1682587386376, 1.94804424572041, -7.31361278773619
-12.2345888480695, 1.76702967382715, -7.96535673080763
-12.3047822735845, 1.57547212962688, -8.61365564561292
-12.3827625028496, 1.3626644328289, -9.25436468253543
-12.4711578327765, 1.12143397291991, -9.88348813608426
-12.5748313403865, 0.838509434464682, -10.4925350279944
-12.7076348771491, 0.476089176773748, -11.0507285038388
-12.8820907061161, 0, -11.4820669556132
-9.42411461513221, 4.68938848069981, -0.000173522451826901
-9.6279710952193, 4.39669756780345, -0.58733118635513
-9.8247144636662, 4.1142194435249, -1.18185964337575
-10.0122180514608, 3.84500751433089, -1.78545536189839
-10.1909900521447, 3.58833213144323, -2.3971173824371
-10.3637703546357, 3.34025944596863, -3.01403863369472
-10.5365460168006, 3.09219342293266, -3.63096578893189
-10.7172223904067, 2.83278379952028, -4.24083301373101
-10.931451496973, 2.52520018607283, -4.72769380073538
-11.0781486395832, 2.31457690555948, -5.36493122028892
-11.2129524938307, 2.12102964552244, -6.0101501669262
-11.3346741805451, 1.94626536239284, -6.66329044580653
-11.4482492738378, 1.78319770948367, -7.32093437605874
-11.5619939571713, 1.61988656436947, -7.97848879733921
-11.6826976984994, 1.44658381616026, -8.63221404543719
-11.816927855631, 1.25386025293439, -9.2777853932622
-11.9695992250517, 1.0346593598856, -9.91061013829837
-12.1498823850991, 0.775814300500822, -10.5207136428474
-12.3846293404059, 0.438771785987473, -11.0701418096447
-12.6902297807059, 0, -11.4783906784174
-8.1646164256291, 4.33375242966658, -0.000258587202690917
-8.4400262418844, 4.05834261341127, -0.579599836302772
-8.70508125901087, 3.79328759628479, -1.16850683416208
-8.95703048425415, 3.54133837104151, -1.76880392024207
-9.19653188198577, 3.3018369733099, -2.37921892850203
-9.42731965571893, 3.07104919957674, -2.99632568087921
-9.65694502881692, 2.84142382647875, -3.61430449560107
-9.89665598457355, 2.60171287072211, -4.2244424561788
-10.1745604037529, 2.32380845154279, -4.71314161372795
-10.3675220812566, 2.1308467740391, -5.35566885209942
-10.5447278956179, 1.95364095967774, -6.00719643148185
-10.7043268706391, 1.7940419846566, -6.66777589207417
-10.8534278071277, 1.644941048168, -7.33327403063177
-11.0032256190046, 1.49514323629103, -7.99845821475909
-11.1625271670221, 1.33584168827354, -8.65918737419594
-11.3397238116787, 1.15864504361701, -9.31070803857767
-11.5419047386371, 0.956464116658533, -9.94740915808301
-11.7817462383404, 0.716622616955309, -10.5572871079581
-12.0966378550435, 0.401731000252159, -11.0936953762077
-12.4983688552957, 0, -11.4746864584806
-6.98565805529479, 3.9740311405426, -0.000364988035114453
-7.32627734297197, 3.71962974072813, -0.572160364488117
-7.65424585991606, 3.47467693616255, -1.15535298061091
-7.96689340460016, 3.2411670443458, -1.75149965502018
-8.2626660992757, 3.02026062396813, -2.3609146375517
-8.5461118801487, 2.80856091689241, -2.97942086051858
-8.82861434797746, 2.59756575053884, -3.5986038341928
-9.12198385079837, 2.37845422373872, -4.20975277670839
-9.45511933607698, 2.12964231892646, -4.7010408458721
-9.69131060033548, 1.95323601891604, -5.34969583987458
-9.90767061334274, 1.79164126440792, -6.00902524639003
-10.1023312536437, 1.64625331612388, -6.67882614236467
-10.2845561353658, 1.51015337502173, -7.35409159884492
-10.4682541157397, 1.37295320744195, -8.02873277132005
-10.6640691853494, 1.22670304012707, -8.69801315891106
-10.8819370824464, 1.06398207862748, -9.35655580637368
-11.1316421938686, 0.877482569689375, -9.99710014869658
-11.4295141369033, 0.655008264754232, -10.6044850995961
-11.8208497313794, 0.362727919413671, -11.1222922725665
-12.3065079298854, 0, -11.4709529362155
-5.8118092458567, 3.58431826308539, -0.0005049282440941
-6.2155210536448, 3.3547341200223, -0.564689575770257
-6.60402845385633, 3.13379646887971, -1.1428065734475
-6.97351518486337, 2.92367555372441, -1.73718821055528
-7.32448611290108, 2.72408426558481, -2.3462560969984
-7.66141684817888, 2.53247739989965, -2.96574853429428
-7.9956522411575, 2.34240333023402, -3.5871837357048
-8.34161784117761, 2.1456584883006, -4.19993462468953
-8.72585398598424, 1.9271498285648, -4.69631248100052
-9.00533072097742, 1.76821609050788, -5.35250062725328
-9.26077606571907, 1.62294860156995, -6.02151039035354
-9.49058884576268, 1.49225792283967, -6.70273688756291
-9.70651535875316, 1.36946413159257, -7.38999172559787
-9.92511097352275, 1.24515246687018, -8.07612427330353
-10.1588897738668, 1.11220637882445, -8.75556108378259
-10.4192042861702, 0.96416987585091, -9.42206392379471
-10.7196334725243, 0.793320829651018, -10.0656289562765
-11.0823382962801, 0.587056671554975, -10.6643725237056
-11.5508849814964, 0.320602019659119, -11.156928172096
-12.1146470044752, 0, -11.4671886689327
-4.6079623750544, 3.14333353882614, -0.000695759102140296
-5.07156658755062, 2.94411306149851, -0.560195643635071
-5.5187004935438, 2.75197022116127, -1.1353312081081
-5.94506517342876, 2.56875235395301, -1.72884641977969
-6.3508791939346, 2.39436553715489, -2.33920852174436
-6.74070064171155, 2.22685106510011, -2.96181960809954
-7.12711817982669, 2.06079932459378, -3.58695698028032
-7.53251706972002, 1.88659089814791, -4.18915542363964
-7.95792653250716, 1.7037835078099, -4.70915780174566
-8.28183580695712, 1.56459288242857, -5.37496761895618
-8.57731937169986, 1.43761738215526, -6.05624286557039
-8.84355912207822, 1.32320856376172, -6.75169118199266
-9.09542773895859, 1.21497532358345, -7.45350033623606
-9.35191368864337, 1.10475791842032, -8.15331628807721
-9.62760869566802, 0.986285977450315, -8.84437240649799
-9.9353140643428, 0.854058511065585, -9.51916919632922
-10.2942101693531, 0.699833308998946, -10.1629976566407
-10.7355290012634, 0.510189328256287, -10.7405460961364
-11.284308246356, 0.27436734862806, -11.1986023374161
-11.9227860790649, 0, -11.4633921229257
-3.36275610447444, 2.62879113877222, -0.000963630266736597
-3.88182735064032, 2.46572919723007, -0.561564376064522
-4.38403516515773, 2.30796476335371, -1.13876709798436
-4.86462831793933, 2.15699039680328, -1.73583242662671
-5.32353071070081, 2.0128300032258, -2.35137971283541
-5.76536696366686, 1.87403079640299, -2.980521965988
-6.20395483558104, 1.73625204163776, -3.6121755472263
-6.68563130148189, 1.58493736122516, -4.17140690820993
-7.1297383919064, 1.44542478958463, -4.75978924814476
-7.49824782215845, 1.32966059802644, -5.43876804381105
-7.83383846668045, 1.22423757091148, -6.13622555496826
-8.13765882804699, 1.12879491564902, -6.84956037131545
-8.42870270154771, 1.03736588844413, -7.56877125506994
-8.72767398212147, 0.943446531832104, -8.28438238346921
-9.0517025616489, 0.841655631867661, -8.98783700458729
-9.41586791456, 0.727256096299682, -9.66924952496865
-9.84656572057049, 0.591955940521886, -10.3062007888943
-10.3861467663796, 0.422451014947839, -10.8400746668132
-11.0205531069965, 0.223157506798884, -11.2481805388265
-11.7309251536571, 0, -11.4595616645855
-2.10207750364612, 2.01583087145362, -0.00135152306244242
-2.66746980387562, 1.89505765363039, -0.574774107700526
-3.21620304936148, 1.777842969672, -1.16484747853309
-3.74314579124855, 1.66528294626796, -1.77532196455828
-4.24823945988989, 1.55739009445659, -2.40483004255857
-4.73677731567956, 1.45303372305177, -3.0478852538412
-5.22388671250091, 1.34898248418247, -3.69208545835568
-5.77520201734183, 1.23121624758214, -4.22029009549057
-6.22766785093294, 1.134565206074, -4.88998749721341
-6.63601607736086, 1.04733810857357, -5.58899128093031
-7.00738047396749, 0.968011111822897, -6.3092230145182
-7.3479021581371, 0.895272414251222, -7.04529878482594
-7.68127959907648, 0.824059795551642, -7.78481505922711
-8.02869643161851, 0.749848228158485, -8.51750146702158
-8.4102775530358, 0.668338841002958, -9.23209991177548
-8.84864843080424, 0.574698617238685, -9.91138229058326
-9.37413987759361, 0.46244860438642, -10.5221060898551
-10.0351033094656, 0.321260476252622, -10.9730559400057
-10.7604297933969, 0.166323782913807, -11.3065614034413
-11.5390642282445, 0, -11.4557290325542
-0.932685546609106, 1.28318884019476, -0.00192891370759019
-1.52430942992672, 1.21029394650541, -0.610449209240079
-2.09895076914402, 1.13949149834045, -1.23524250553344
-2.65124182704478, 1.07144286290421, -1.88016376076937
-3.1822766554669, 1.00601324037764, -2.54298433127633
-3.70036265488529, 0.942179063099732, -3.21616097154663
-4.22087501282624, 0.878045930435568, -3.88743270404325
-4.78408957184025, 0.808651393532503, -4.48001680064923
-5.25147551447889, 0.751064048664871, -5.18969592918606
-5.68070589603597, 0.698177909490798, -5.92349676534695
-6.07291682019801, 0.649852994917928, -6.67806553802581
-6.44427310367001, 0.604097612878982, -7.4433449558761
-6.81957881811433, 0.557855615341611, -8.20665617115967
-7.22224355378957, 0.508242670483978, -8.95557777828285
-7.67890619172956, 0.451976560573297, -9.67202429922412
-8.23111482118624, 0.383938081273139, -10.3157679867348
-8.91904091530312, 0.299177643246913, -10.8030864600623
-9.69265783654059, 0.203859105878789, -11.1450689353969
-10.5068749910889, 0.103538150970726, -11.3723318538352
-11.3472033028346, 0, -11.4545840325635
-0.125104592385085, 0.438942108079047, -0.00279246340009758
-0.705080630407694, 0.415862287886025, -0.683692757058111
-1.26160955934368, 0.393715532209962, -1.38387649457869
-1.78924351096762, 0.372718635902429, -2.10612258204192
-2.29335171521423, 0.3526579334784, -2.84504805611127
-2.79000243395347, 0.332893997495255, -3.58904134105043
-3.30809288057951, 0.312276879600833, -4.30574514169188
-3.7691592051928, 0.29392900456549, -5.07218357754709
-4.19730328509704, 0.276891251739379, -5.857609797021
-4.59555883338976, 0.261042896216265, -6.65862812251746
-4.97218394097655, 0.246055311913787, -7.470102649973
-5.34771936359639, 0.231111091011615, -8.28208509305451
-5.74977442689929, 0.215111535925921, -9.08112491886821
-6.22971716259891, 0.196012484729495, -9.83486125664741
-6.85656652796291, 0.171067366841457, -10.4696804270605
-7.64863297917859, 0.139547527957577, -10.8788623292551
-8.49621749997617, 0.105818378723942, -11.1612232643686
-9.37248043813672, 0.070947988003134, -11.3370906255927
-10.2617901720244, 0.0355584073852658, -11.4252649928688
-11.155342377424, 0, -11.4531878745701
