-109.579997112877, 6.29339735665944, -1.77635683940025E-15
-109.579997112877, 6.44885010484297, -0.770657728553884
-109.579997112877, 6.5708713148964, -1.54732048648216
-109.579997112877, 6.66460163713435, -2.32792665667686
-109.579997112877, 6.73931515695231, -3.1106032120559
-109.579997112877, 6.80455909121117, -3.89413410257603
-109.579997112877, 6.86436678017273, -4.67809976580324
-109.579997112877, 6.92060096163028, -5.46233056789712
-109.579997112877, 6.97511987832135, -6.2466828204681
-109.579997112877, 7.03906132202, -7.03001290262073
-109.579997112877, 6.93292665484734, -7.782654216903
-109.579997112877, 6.25885577091145, -8.16817939284135
-109.579997112877, 5.4917597871307, -8.33671415854795
-109.579997112877, 4.70957863076753, -8.41194177614641
-109.579997112877, 3.92555058220304, -8.47092494300891
-109.579997112877, 3.14098569237883, -8.5221860934299
-109.579997112877, 2.35594157695438, -8.56559961242517
-109.579997112877, 1.57078787514468, -8.60700590056917
-109.579997112877, 0.785624688928864, -8.64823207314364
-109.579997112877, 1.12187932408488E-21, -8.6794093876499
-107.442118229735, 6.55469455391138, -1.77635683940025E-15
-107.442118229735, 6.6640067910607, -0.793275083501118
-107.442118229735, 6.76401902067986, -1.58777324142779
-107.442118229735, 6.85275337037535, -2.38360911959082
-107.442118229735, 6.9310530504687, -3.18054171836736
-107.442118229735, 7.00132185766599, -3.97822442507208
-107.442118229735, 7.06608354067259, -4.77637489663149
-107.442118229735, 7.12854440599117, -5.57470949656696
-107.442118229735, 7.1919232475243, -6.37297143356996
-107.442118229735, 7.20977561538867, -7.13224195725948
-107.442118229735, 7.11168824724309, -7.90131112142777
-107.442118229735, 6.38914383097806, -8.22726863897281
-107.442118229735, 5.60124178328376, -8.36587493752421
-107.442118229735, 4.80229535593052, -8.41667347055663
-107.442118229735, 4.00213836246469, -8.44809761106876
-107.442118229735, 3.20185430792753, -8.47609788047098
-107.442118229735, 2.40147722869667, -8.50131111752837
-107.442118229735, 1.60104299819665, -8.52464005085747
-107.442118229735, 0.800544070608839, -8.54563236322983
-107.442118229735, 1.86317994439271E-17, -8.56482469466045
-105.249421939332, 6.69469939173194, -1.77635683940025E-15
-105.249421939332, 6.79059749388688, -0.80654137564549
-105.249421939332, 6.88462924070176, -1.61330152272901
-105.249421939332, 6.97321248308709, -2.42067643955077
-105.249421939332, 7.0549500235445, -3.2287733933035
-105.249421939332, 7.13118734644462, -4.03740894869794
-105.249421939332, 7.20357891393396, -4.84639836484999
-105.249421939332, 7.27349171725587, -5.65560611547205
-105.249421939332, 7.34229262431429, -6.46490931837352
-105.249421939332, 7.31110981834074, -7.19462709910735
-105.249421939332, 7.22446783399982, -7.98288144068847
-105.249421939332, 6.48558616589226, -8.29180985584653
-105.249421939332, 5.68216059050375, -8.40685540184944
-105.249421939332, 4.87112306064168, -8.44955328992118
-105.249421939332, 4.05947773189906, -8.48013630375239
-105.249421939332, 3.24768793647112, -8.5066194332106
-105.249421939332, 2.43582935621341, -8.53092678542109
-105.249421939332, 1.62395901726564, -8.55483990266935
-105.249421939332, 0.812006246260539, -8.57572447625499
-105.249421939332, 9.74940408063812E-16, -8.59444561587959
-103.056725648929, 6.79877651155199, -1.77635683940025E-15
-103.056725648929, 6.89210314578741, -0.818905398333911
-103.056725648929, 6.98413970682193, -1.63795656556369
-103.056725648929, 7.07319025272957, -2.45733723969047
-103.056725648929, 7.15755632317739, -3.27721266619061
-103.056725648929, 7.23684955704341, -4.09759504166903
-103.056725648929, 7.31364448327408, -4.91821577070044
-103.056725648929, 7.38850809986935, -5.73901478760046
-103.056725648929, 7.46074364217432, -6.5600488436534
-103.056725648929, 7.39258752820658, -7.27228333940131
-103.056725648929, 7.31581160267918, -8.08076894803308
-103.056725648929, 6.58173204228006, -8.41414743344573
-103.056725648929, 5.76544080791484, -8.52378244869713
-103.056725648929, 4.94247955027103, -8.56873148813626
-103.056725648929, 4.11896886739899, -8.60251631037654
-103.056725648929, 3.29525936131062, -8.63111314979177
-103.056725648929, 2.47151144709962, -8.65859440711654
-103.056725648929, 1.64779849191556, -8.68710371081703
-103.056725648929, 0.823957401832103, -8.7115478118543
-103.056725648929, 2.13882562833025E-16, -8.73178274007311
-100.864029358526, 6.8848686446686, -1.77635683940025E-15
-100.864029358526, 6.98132507334396, -0.831138975620876
-100.864029358526, 7.07453257402128, -1.66264793646564
-100.864029358526, 7.16321054798116, -2.49465188650968
-100.864029358526, 7.24747481088004, -3.32711475935559
-100.864029358526, 7.32819738646489, -4.15992898773608
-100.864029358526, 7.40697058995691, -4.99293006100728
-100.864029358526, 7.48375522897827, -5.82611686337549
-100.864029358526, 7.55677501767605, -6.65964037267164
-100.864029358526, 7.46235816916185, -7.36561742650173
-100.864029358526, 7.39043787558535, -8.19182590805593
-100.864029358526, 6.67818746219103, -8.57908725950931
-100.864029358526, 5.85127023642253, -8.70193294712373
-100.864029358526, 5.01641241213927, -8.75746062810227
-100.864029358526, 4.18065567719678, -8.79739583467431
-100.864029358526, 3.34460317977304, -8.83074601871724
-100.864029358526, 2.50856128659945, -8.86435973097141
-100.864029358526, 1.67259187184357, -8.89972674997924
-100.864029358526, 0.836406529749254, -8.92943759986855
-100.864029358526, 1.31482962651036E-15, -8.9522374755889
-98.6713330681237, 6.9584499097561, -1.77635683940025E-15
-98.6713330681237, 7.05910558258468, -0.842922960799951
-98.6713330681237, 7.15363137017816, -1.68655495103161
-98.6713330681237, 7.24216980025268, -2.53083675508768
-98.6713330681237, 7.32618974439231, -3.37558118306945
-98.6713330681237, 7.40719396978284, -4.22062047752004
-98.6713330681237, 7.4863670253616, -5.06583335594348
-98.6713330681237, 7.56324642114787, -5.91125768043443
-98.6713330681237, 7.63487333762845, -6.75713928749346
-98.6713330681237, 7.52158834477646, -7.46383015994492
-98.6713330681237, 7.44920787893308, -8.30460020329963
-98.6713330681237, 6.76718553978412, -8.75513211944326
-98.6713330681237, 5.93284915361691, -8.90656946440419
-98.6713330681237, 5.08714929083454, -8.98004486560337
-98.6713330681237, 4.23983979367114, -9.03198234135746
-98.6713330681237, 3.3920395085534, -9.07543215871941
-98.6713330681237, 2.54426953031768, -9.11946640258326
-98.6713330681237, 1.69659677067314, -9.1653349760253
-98.6713330681237, 0.848483030973593, -9.20193438584992
-98.6713330681237, 1.64341386981576E-15, -9.22893847977635
-96.4786367777209, 7.02283975180292, -1.77635683940025E-15
-96.4786367777209, 7.12680518977817, -0.853901716743464
-96.4786367777209, 7.22255332148455, -1.7087637698724
-96.4786367777209, 7.31097239343092, -2.56441626266294
-96.478636777721, 7.39442889789629, -3.42056828630868
-96.4786367777209, 7.47493722117085, -4.27700305706052
-96.4786367777209, 7.55343955088988, -5.13362400498486
-96.4786367777209, 7.62913105951655, -5.99049746440575
-96.478636777721, 7.69738802100622, -6.84798502618369
-96.4786367777209, 7.57108166860095, -7.55955008210394
-96.4786367777209, 7.49435439428633, -8.41232446465698
-96.4786367777209, 6.84185142479505, -8.92147662096753
-96.4786367777209, 6.00440470993205, -9.11303422464062
-96.4786367777209, 5.14997223188596, -9.21207459501619
-96.4786367777209, 4.29281076330792, -9.28420919154263
-96.4786367777209, 3.4347727351231, -9.34530048899302
-96.4786367777209, 2.57665018647359, -9.40520241668159
-96.4786367777209, 1.71847290527103, -9.46429153913401
-96.4786367777209, 0.859557506757384, -9.51125697358257
-96.4786367777209, 2.11284421052914E-15, -9.54470658840398
-94.2859404873182, 7.08028337571086, -1.77635683940025E-15
-94.2859404873182, 7.18527004608285, -0.863959570350417
-94.2859404873182, 7.28161280839702, -1.72892535831427
-94.2859404873182, 7.37000675814185, -2.59474096431243
-94.2859404873182, 7.45288912175971, -3.46110300456908
-94.2859404873182, 7.5324033524973, -4.32778123027259
-94.2859404873182, 7.60950881918553, -5.19467703769888
-94.2859404873182, 7.68307267175311, -6.06187993122381
-94.2859404873182, 7.70667719259248, -6.89258582148514
-94.2859404873182, 7.61177835227498, -7.64864339650306
-94.2859404873182, 7.52740501158416, -8.51116883633648
-94.2859404873182, 6.89758107349066, -9.06747418471739
-94.2859404873182, 6.06152533157949, -9.30484663663287
-94.2859404873182, 5.20137732512966, -9.43682281378251
-94.2859404873182, 4.33700647532203, -9.53818985428395
-94.2859404873182, 3.47104554412138, -9.62514306652209
-94.2859404873182, 2.60453378990664, -9.70644401735917
-94.2859404873182, 1.73749070538657, -9.78181883780494
-94.2859404873182, 0.869277237774443, -9.84212873955831
-94.2859404873182, 4.04453004610626E-15, -9.8845066246959
-92.0932441969154, 7.13243764789221, -1.77635683940025E-15
-92.0932441969154, 7.23658168102775, -0.87335064008613
-92.0932441969154, 7.33287384102183, -1.74760075800565
-92.0932441969154, 7.4211685811004, -2.62269577714432
-92.0932441969154, 7.50335665809354, -3.49838665472421
-92.0932441969154, 7.58148000201301, -4.37445036059737
-92.0932441969154, 7.65667565067505, -5.25077011246061
-92.0932441969154, 7.72746707900509, -6.1274554247657
-92.0932441969155, 7.66456048512826, -6.89097178124918
-92.0932441969154, 7.6450582931128, -7.73249028951862
-92.0932441969155, 7.55069747823787, -8.60322907641545
-92.0932441969155, 6.93773562273262, -9.19730119357056
-92.0932441969154, 6.10615794659873, -9.47987278866818
-92.0932441969154, 5.24299327111714, -9.64795502311804
-92.0932441969154, 4.3738888842996, -9.7828639555978
-92.0932441969154, 3.50213227272373, -9.89955816503834
-92.0932441969154, 2.62887539944877, -10.0044561009044
-92.0932441969155, 1.75423938008527, -10.0970950773707
-92.0932441969155, 0.877916941255049, -10.1721203143181
-92.0932441969154, 4.63872445562771E-15, -10.2252173171883
-89.9005479065127, 7.18070134428065, -1.77635683940025E-15
-89.9005479065127, 7.28286614491422, -0.882222810153556
-89.9005479065127, 7.37851757370326, -1.7651740987039
-89.9005479065127, 7.46640798987071, -2.64893163145906
-89.9005479065127, 7.54761015348403, -3.53333003794548
-89.9005479065127, 7.6240119296686, -4.41815703624121
-89.9005479065127, 7.69695963215013, -5.30327537762177
-89.9005479065127, 7.76461670921428, -6.18881197138936
-89.9005479065127, 7.65660189603237, -6.92415306667294
-89.9005479065127, 7.6721095899649, -7.81208593806667
-89.9005479065127, 7.56679716287038, -8.69006564157008
-89.9005479065127, 6.9681974652624, -9.31628156015371
-89.9005479065127, 6.14245691890635, -9.63948581710049
-89.9005479065127, 5.27796755507216, -9.84204980929135
-89.9005479065127, 4.40580162814681, -10.0094685922494
-89.9005479065127, 3.52968514460268, -10.1548835695399
-89.9005479065126, 2.65073378318566, -10.282066529434
-89.9005479065127, 1.7693278604653, -10.3908963500824
-89.9005479065127, 0.885730248062884, -10.4802947962642
-89.9005479065127, 5.97359795700772E-15, -10.5449738998055
-87.6978516161099, 7.2264789916062, -1.77635683940025E-15
-87.6978516161099, 7.32612884127262, -0.890589361395698
-87.6978516161099, 7.42055678085462, -1.78174591303079
-87.6978516161099, 7.50750920341015, -2.6736622553245
-87.6978516161099, 7.58729538662688, -3.56624890476502
-87.6978516161099, 7.66170212342545, -4.45930160131798
-87.6978516161099, 7.73221688886354, -5.35266975329197
-87.6978516161099, 7.79664347769086, -6.24649495135878
-87.6978516161099, 7.68351310050257, -6.99122983555366
-87.6978516161099, 7.69400548072391, -7.88725579663029
-87.69785161611, 7.57856658189154, -8.77197089343206
-87.6978516161099, 6.99516171303249, -9.4279471282048
-87.6978516161099, 6.17547433149087, -9.78603771755524
-87.6978516161099, 5.30994737828124, -10.0173103851461
-87.6978516161099, 4.4351494461241, -10.2116008472124
-87.6978516161099, 3.55512568464679, -10.3806778171548
-87.6978516161099, 2.67087314200535, -10.5260513535652
-87.6978516161099, 1.78315729122383, -10.6484932523297
-87.6978516161099, 0.892852480416667, -10.7505684369549
-87.69785161611, 6.15548522967756E-15, -10.8268887346785
-82.2261108901031, 7.33794068483358, -1.77635683940025E-15
-82.226110890103, 7.43061764818221, -0.908055569266997
-82.2261108901031, 7.51865654206071, -1.81657091022545
-82.2261108901031, 7.59923542118047, -2.7257772308829
-82.2261108901031, 7.67233199884049, -3.6356164105591
-82.2261108901031, 7.73986462618163, -4.54588703184367
-82.2261108901031, 7.80318965417346, -5.45645970853902
-82.2261108901031, 7.85947693498669, -6.367490535883
-82.2261108901031, 7.73456540067437, -7.13046083507263
-82.2261108901031, 7.72797565711351, -8.04316095073958
-82.2261108901031, 7.59882345915251, -8.94325880842957
-82.2261108901031, 7.06302256897429, -9.66689427481296
-82.2261108901031, 6.26038449926054, -10.0942503452901
-82.2261108901031, 5.38838663227007, -10.3625564174606
-82.2261108901031, 4.50324041837882, -10.5852690902711
-82.2261108901031, 3.61147344387421, -10.7797572545576
-82.2261108901031, 2.71379498451134, -10.9448765764965
-82.2261108901031, 1.81192177587788, -11.0853493454045
-82.2261108901031, 0.907236683512546, -11.2065228130174
-82.2261108901031, 4.42851443650217E-15, -11.3066634223262
-76.7443701640962, 7.4700408152067, -1.77635683940025E-15
-76.7443701640962, 7.55145737858841, -0.919047487387435
-76.7443701640962, 7.62494398236717, -1.83876119504168
-76.7443701640962, 7.68946643914629, -2.75914779846445
-76.7443701640962, 7.7468609902932, -3.68000789667071
-76.7443701640962, 7.79969703182406, -4.60114201324627
-76.7443701640962, 7.8490482965909, -5.52246911109278
-76.7443701640962, 7.8923442976339, -6.44409751881076
-76.7443701640962, 7.75439614796317, -7.21589261524472
-76.7443701640962, 7.72788117580435, -8.13811561332724
-76.7443701640962, 7.59304503295417, -9.04835721052807
-76.7443701640962, 7.10164462061812, -9.81758839847888
-76.7443701640962, 6.32313629121999, -10.3025393343759
-76.7443701640962, 5.44771828259089, -10.591352728373
-76.7443701640962, 4.55276246289419, -10.815481482147
-76.7443701640962, 3.65074559505709, -11.0092615623052
-76.7443701640962, 2.74247783686579, -11.1713232237572
-76.7443701640962, 1.83055321118016, -11.3114833154709
-76.7443701640962, 0.916274637067656, -11.4354276832492
-76.7443701640962, 2.66123197434559E-15, -11.5435833533037
-71.2626294380893, 7.62698425619087, -1.77635683940025E-15
-71.2626294380893, 7.69157589018422, -0.922522138104438
-71.2626294380893, 7.7420550874077, -1.84592329946286
-71.2626294380893, 7.78030333806816, -2.76991641151964
-71.2626294380893, 7.81155443988722, -3.69417610345737
-71.2626294380894, 7.83963231372645, -4.61853847567067
-71.2626294380893, 7.86557423652174, -5.54296316869487
-71.2626294380894, 7.88800681456695, -6.46747869775559
-71.2626294380893, 7.73505149742371, -7.23864475810925
-71.2626294380893, 7.68572844044558, -8.16201238883285
-71.2626294380893, 7.54096138003092, -9.07387538210804
-71.2626294380893, 7.08602100839737, -9.86847548693038
-71.2626294380893, 6.33141490478907, -10.3930772247299
-71.2626294380893, 5.46427195118757, -10.7107849409061
-71.2626294380893, 4.56966441609217, -10.9443889683133
-71.2626294380893, 3.66490969892035, -11.1354843134511
-71.2626294380893, 2.7528723912728, -11.2882189216311
-71.2626294380893, 1.83711998389904, -11.4170882414772
-71.2626294380893, 0.919542569410069, -11.5323196944222
-71.2626294380893, 1.12638922229717E-15, -11.6305019265473
-65.7808887120825, 7.7577391606788, -1.77635683940025E-15
-65.7808887120825, 7.80627326619717, -0.918730177349579
-65.7808887120824, 7.83360554120872, -1.83833684463134
-65.7808887120825, 7.84428351175111, -2.75829931012125
-65.7808887120824, 7.84736300220397, -3.67832525655663
-65.7808887120825, 7.84862787926036, -4.59835589042443
-65.7808887120825, 7.8482521502798, -5.51838713651881
-65.7808887120825, 7.84586518243814, -6.43841529538234
-65.7808887120825, 7.6721658444876, -7.20174850334516
-65.7808887120825, 7.59326668267496, -8.11814991351976
-65.7808887120825, 7.42613590327633, -9.02200297721774
-65.7808887120824, 7.00514451319679, -9.8312432750521
-65.7808887120825, 6.28153848829937, -10.3906529447671
-65.7808887120825, 5.43468100505109, -10.7470884685397
-65.7808887120825, 4.5494694144521, -10.9966987193109
-65.7808887120825, 3.65043297934057, -11.1916293633888
-65.7808887120825, 2.74242420833414, -11.3393636529502
-65.7808887120825, 1.82999261899019, -11.4572424309373
-65.7808887120825, 0.915980902975966, -11.5622961704112
-65.7808887120825, 6.31466293034694E-17, -11.6483293783373
-60.2991479860756, 7.83975636430759, -1.77635683940025E-15
-60.2991479860756, 7.87648990595556, -0.909870124368728
-60.2991479860756, 7.88531887684619, -1.82044135821573
-60.2991479860756, 7.87242049266456, -2.73098499296088
-60.2991479860756, 7.84993803338927, -3.64135327969244
-60.2991479860756, 7.82502939864944, -4.55165893931649
-60.2991479860756, 7.79903338567025, -5.46193443529862
-60.2991479860756, 7.77295560188076, -6.37220759218013
-60.2991479860756, 7.575072075202, -7.12320749078875
-60.2991479860756, 7.46394491925871, -8.02663068062821
-60.2991479860756, 7.26211715591276, -8.91408015065432
-60.2991479860756, 6.86671016000861, -9.7285027201666
-60.2991479860756, 6.18625615194833, -10.326265389387
-60.2991479860756, 5.36850460098457, -10.7244058120831
-60.2991479860756, 4.50038411579119, -10.9980319725806
-60.2991479860756, 3.61370675744184, -11.2050011552637
-60.2991479860756, 2.71586039334207, -11.3563657281277
-60.2991479860756, 1.81228783949415, -11.469432817674
-60.2991479860756, 0.906956687899121, -11.567647588487
-60.2991479860756, 2.30042133809455E-17, -11.6495429693724
-54.8174072600687, 7.88460378882986, -1.77635683940025E-15
-54.8174017515857, 7.91313209003017, -0.897919779628214
-54.8174031539526, 7.90605868498725, -1.79619807614186
-54.8174070273611, 7.87144769073135, -2.69392369801804
-54.8174072600687, 7.82566448354862, -3.5911626105717
-54.8174072600687, 7.77679420388923, -4.48823974646013
-54.8174072600687, 7.72632236669845, -5.38522828359334
-54.8174072600687, 7.67519812998137, -6.28218009152929
-54.8174072600687, 7.45036000949748, -7.01742187612438
-54.8174072600687, 7.30860789913971, -7.90407015906065
-54.8174072600687, 7.06717925784661, -8.76899037048944
-54.8174072600687, 6.68324483614589, -9.57807560480884
-54.8174072600687, 6.05392239026428, -10.2132419094318
-54.8174072600687, 5.27397393449517, -10.6560806723061
-54.8174072600687, 4.43113696761764, -10.9649580379162
-54.8174072600687, 3.56189302371445, -11.1913857340587
-54.8174072600687, 2.67876228199325, -11.3552804240374
-54.8174072600687, 1.78776552024311, -11.4700464738359
-54.8174072600687, 0.894291359644473, -11.5639677609029
-54.8174072600687, 6.62578440176388E-18, -11.6498683638361
-49.3356665340619, 7.90607189684371, -1.77635683940025E-15
-49.335666544044, 7.92047021929865, -0.883599390378645
-49.3356665364158, 7.8980417484536, -1.76702732993328
-49.335666534202, 7.84473013948424, -2.64916644439032
-49.3356665340618, 7.7760199231338, -3.53026413262626
-49.3356665340618, 7.70319337406752, -4.4110335451834
-49.3356665340618, 7.62742664873019, -5.29155487837577
-49.3356665340619, 7.54862029553893, -6.17180934290194
-49.3356665340618, 7.29361235829197, -6.88718459108931
-49.3356665340619, 7.12135420116134, -7.75360643653915
-49.3356665340618, 6.8439326555924, -8.59222025059364
-49.3356665340618, 6.45801943648093, -9.38587551784188
-49.3356665340619, 5.88137417884254, -10.0511984024611
-49.3356665340619, 5.15125936204341, -10.5458527708445
-49.3356665340619, 4.3427849200767, -10.9003974323514
-49.3356665340619, 3.49634887718982, -11.1538427808182
-49.3356665340618, 2.63268620964117, -11.3399744294429
-49.3356665340618, 1.7576483435028, -11.4632550612439
-49.3356665340619, 0.878999182356066, -11.5582256175093
-49.3356665340618, 8.04795325907115E-19, -11.6499840109241
-43.853925808055, 7.90870169939657, -1.77635683940025E-15
-43.8539337465565, 7.90629305598588, -0.866004805660331
-43.8539277127258, 7.8623369072439, -1.7310243867149
-43.8539259285662, 7.78681685638462, -2.59389166127487
-43.853925808055, 7.69319934063397, -3.45500956378337
-43.853925808055, 7.59268923230704, -4.3153554622076
-43.853925808055, 7.48854195152652, -5.17526876869812
-43.853925808055, 7.37921089582538, -6.03453609217718
-43.853925808055, 7.08863668453678, -6.7237476574212
-43.853925808055, 6.88090361718894, -7.56444449191013
-43.853925808055, 6.57728594092783, -8.37506199640032
-43.853925808055, 6.18141698785391, -9.14488354305581
-43.853925808055, 5.65432905203106, -9.82975141001251
-43.853925808055, 4.98683851122796, -10.3793192409423
-43.853925808055, 4.22681683243299, -10.7928006331962
-43.853925808055, 3.41205656813271, -11.0855320702832
-43.853925808055, 2.57484766616593, -11.3064425322745
-43.853925808055, 1.72069440693962, -11.4491852585159
-43.853925808055, 0.860556960927987, -11.5513066064184
-43.853925808055, -4.44086996041876E-16, -11.65
-38.3721850820481, 7.8860308775151, -1.77635683940025E-15
-38.3721850820481, 7.8476596448485, -0.843079796334827
-38.3721850820481, 7.77720415436168, -1.68407057920721
-38.3721850820481, 7.67546104702033, -2.52187261202685
-38.3721850820481, 7.55287722488137, -3.35690598703313
-38.3721850820481, 7.42031923209583, -4.1904234703719
-38.3721850820481, 7.28188398315332, -5.02298485048349
-38.3721850820481, 7.13314459364337, -5.85375317715163
-38.3721850820481, 6.79820164743961, -6.506579180578
-38.3721850820481, 6.54774424491888, -7.31244686422284
-38.3721850820481, 6.2280493638876, -8.09303972388324
-38.3721850820481, 5.82563248045755, -8.83453477807177
-38.3721850820481, 5.33997194184856, -9.52384906621228
-38.3721850820481, 4.74589284001631, -10.1218653233691
-38.3721850820481, 4.05737984706698, -10.6081140928459
-38.3721850820481, 3.29478191165703, -10.9672841857157
-38.3721850820481, 2.49552790183848, -11.2376831313787
-38.3721850820481, 1.67241080409177, -11.422242114832
-38.3721850820481, 0.837029498727241, -11.5417974442689
-38.3721850820481, -4.35694408179187E-16, -11.65
-32.8804443560412, 7.80254998076224, -1.77635683940025E-15
-32.8804443560412, 7.71290822899564, -0.811254316476803
-32.8804443560412, 7.60029103102134, -1.61962727991612
-32.8804443560412, 7.46274995646062, -2.42413820080929
-32.8804443560412, 7.30475081027685, -3.22489679409838
-32.8804443560412, 7.13381870290674, -4.02300656926014
-32.8804443560412, 6.95422489308729, -4.81921060102897
-32.8804443560412, 6.65757682757883, -5.47715661784684
-32.8804443560412, 6.37857043158282, -6.22028841639826
-32.8804443560412, 6.08897398470479, -6.9833413242382
-32.8804443560412, 5.7583567573812, -7.72940011116457
-32.8804443560412, 5.36621755360884, -8.4449350942097
-32.8804443560412, 4.9144583493056, -9.12441421258617
-32.8804443560412, 4.39452176141623, -9.75294697941565
-32.8804443560412, 3.79752830423608, -10.3085515218761
-32.8804443560412, 3.12079321284798, -10.7628224063011
-32.8804443560412, 2.37799310538835, -11.1004055793847
-32.8804443560412, 1.6061448542484, -11.364053175813
-32.8804443560412, 0.806669154117489, -11.5255480373685
-32.8804443560412, 9.03706081569482E-17, -11.65
-30.6977480656388, 7.74009494413017, -1.77635683940025E-15
-30.6977480656386, 7.6251630694982, -0.795419042007712
-30.6977480656385, 7.4910738106403, -1.58782452039646
-30.6977480656385, 7.33558473145671, -2.37631025093655
-30.6977480656385, 7.16120546796127, -3.16084374307955
-30.6977480656385, 6.97362458512013, -3.94233543648716
-30.6977480656385, 6.77600620863958, -4.72134800560294
-30.6977480656385, 6.44119245269292, -5.33194121983707
-30.6977480656385, 6.16736221928267, -6.08746515201609
-30.6977480656385, 5.86468473258195, -6.83194374075028
-30.6977480656385, 5.53038723412389, -7.56270237676711
-30.6977480656385, 5.14799234557948, -8.26936932070424
-30.6977480656385, 4.71291909071747, -8.94488725088939
-30.6977480656385, 4.22157736883431, -9.58048333350489
-30.6977480656385, 3.66225228572672, -10.1568690510143
-30.6977480656385, 3.02734302456288, -10.6483264417314
-30.6977480656385, 2.31571256188925, -11.0204765320129
-30.6977480656385, 1.57154884981605, -11.3229013678106
-30.6977480656385, 0.792332029491618, -11.5153353805646
-30.6977480656385, -2.5445604844672E-16, -11.65
-28.5050517752357, 7.65435937070949, -1.77635683940025E-15
-28.5050517752357, 7.51165533654485, -0.777431256485674
-28.5050517752357, 7.35316464794794, -1.55179254829125
-28.5050517752357, 7.17699385277353, -2.32232312512876
-28.5050517752357, 6.98442682042325, -3.08892508047615
-28.5050517752357, 6.77928228466953, -3.8522659280543
-28.5050517752357, 6.5648251528852, -4.61304036842851
-28.5050517752357, 6.21663654852453, -5.20904306073789
-28.5050517752357, 5.9266712208123, -5.94429338847694
-28.5050517752357, 5.61181149352142, -6.66927821442872
-28.5050517752357, 5.27408148772478, -7.38387151828126
-28.5050517752357, 4.90304829423625, -8.0816866208707
-28.5050517752357, 4.48956558628504, -8.75518018985941
-28.5050517752357, 4.02892567023586, -9.39724602646125
-28.5050517752357, 3.50887220291665, -9.99192314206093
-28.5050517752357, 2.9146401466541, -10.5121688349319
-28.5050517752357, 2.2421191030987, -10.9250742392006
-28.5050517752357, 1.52929543805371, -11.2659511808788
-28.5050517752357, 0.776289478321403, -11.501157384807
-28.5050517752357, 3.66295527473058E-16, -11.65
-26.312355484833, 7.53531942626916, -1.77635683940025E-15
-26.312355484833, 7.36287158782515, -0.756763640695853
-26.312355484833, 7.17770617524501, -1.51051353680606
-26.312355484833, 6.97872728666197, -2.26073466997943
-26.312355484833, 6.76665583590422, -3.00736277884795
-26.312355484833, 6.54368925835497, -3.75081494310385
-26.312355484833, 6.31216144086926, -4.49164326789881
-26.312355484833, 5.95305902009415, -5.07278542398763
-26.312355484833, 5.64849797172231, -5.78663471790345
-26.312355484833, 5.32212226565215, -6.49083377340289
-26.312355484833, 4.98102122975745, -7.18801802750229
-26.312355484833, 4.62077530961779, -7.87548243090513
-26.312355484833, 4.23253792023724, -8.54749218061568
-26.312355484833, 3.80696497177287, -9.19641732963216
-26.312355484833, 3.33012098982998, -9.80843621649482
-26.312355484833, 2.77913103157517, -10.3540733279672
-26.312355484833, 2.15237930448176, -10.8093235592898
-26.312355484833, 1.47579351544986, -11.1890561787838
-26.312355484833, 0.757107174676975, -11.4790865051214
-26.312355484833, 6.08484570577552E-16, -11.65
-24.1196591944301, 7.37087460595177, -1.77635683940025E-15
-24.1196591944302, 7.16722997894964, -0.732782462698003
-24.1196591944302, 6.95393782961513, -1.4628146775074
-24.1196591944302, 6.73091546434515, -2.18993341568661
-24.1196591944302, 6.49859462312336, -2.91413585089103
-24.1196591944302, 6.25767626353391, -3.63552501935927
-24.1196591944302, 6.00923165647271, -4.35435526342822
-24.1196591944302, 5.63966642721735, -4.91751472810633
-24.1196591944302, 5.32253799735103, -5.60872122430855
-24.1196591944302, 4.98561434948213, -6.29057065343505
-24.1196591944302, 4.64137180338109, -6.96876185872821
-24.1196591944302, 4.29037068547536, -7.64347635812075
-24.1196591944302, 3.92705791564655, -8.31162457817455
-24.1196591944302, 3.53974500923534, -8.96608634408611
-24.1196591944302, 3.10980613806019, -9.59319712550017
-24.1196591944302, 2.61215998582402, -10.1674121251658
-24.1196591944302, 2.04112690624854, -10.6691127746718
-24.1196591944302, 1.4053781697163, -11.0860116990428
-24.1196591944302, 0.726226489981923, -11.4270461454241
-24.1196591944302, 6.50456722456167E-16, -11.65
-21.9269629040275, 7.15081383466538, -1.77635683940025E-15
-21.9269629040275, 6.9150647138702, -0.705092545376132
-21.9269629040275, 6.67298196648137, -1.40803701008878
-21.9269629040275, 6.42552426201302, -2.10910771660281
-21.9269629040275, 6.17291093439843, -2.80833718263999
-21.9269629040275, 5.91431405722752, -3.50537485503871
-21.9269629040275, 5.64901658420513, -4.19988821112577
-21.9269629040275, 5.27897676840253, -4.75670433959705
-21.9269629040275, 4.94098902350785, -5.40704936630725
-21.9269629040275, 4.59573235659601, -6.06547822354441
-21.9269629040275, 4.24938523844432, -6.72333765758243
-21.9269629040275, 3.90721986542179, -7.38338312593891
-21.9269629040275, 3.56552226862183, -8.04367092783825
-21.9269629040275, 3.21410189018197, -8.69880804826405
-21.9269629040275, 2.83186509208746, -9.33631803418467
-21.9269629040275, 2.39569441408625, -9.9378885253031
-21.9269629040275, 1.88604278589361, -10.4786505926486
-21.9269629040275, 1.31181768539445, -10.9495559708734
-21.9269629040275, 0.679483365039235, -11.3393809212389
-21.9269629040275, 0, -11.6352604461859
-19.7342666136242, 6.86783111308034, -1.77635683940025E-15
-19.7342666136246, 6.60027165958267, -0.673875342558525
-19.7342666136247, 6.32934952767021, -1.34640693629844
-19.7342666136247, 6.05718463915562, -2.01843689369372
-19.7342666136247, 5.78524749841165, -2.69055900443729
-19.7342666136247, 5.51009856024198, -3.36137028824918
-19.7342666136247, 5.22851334660191, -4.02950333971635
-19.7342666136247, 4.89417338004967, -4.63405570390558
-19.7342666136247, 4.50102883433953, -5.18261803120808
-19.7342666136247, 4.152398092592, -5.81834681812319
-19.7342666136247, 3.80643587203023, -6.45551975536016
-19.7342666136247, 3.47458349614763, -7.10015299001699
-19.7342666136247, 3.15358332587484, -7.75026930652291
-19.7342666136247, 2.83390027441507, -8.40103509064458
-19.7342666136247, 2.49756838031595, -9.04328604637582
-19.7342666136247, 2.12318204627835, -9.66400697275399
-19.7342666136247, 1.6906707892359, -10.245435775196
-19.7342666136247, 1.19923896620123, -10.7777119810854
-19.7342666136247, 0.632675390856979, -11.2295276285388
-19.7342666136247, 0, -11.5792069239848
-17.5415703232221, 6.51808203835443, -1.2099053095316E-07
-17.541570323222, 6.22013086646228, -0.64165219523182
-17.541570323222, 5.92294333512605, -1.28365820221299
-17.541570323222, 5.62744975880308, -1.92644539076158
-17.541570323222, 5.33458396550741, -2.5704337116172
-17.541570323222, 5.04391160051203, -3.21541508149583
-17.541570323222, 4.74753361585438, -3.85778996311113
-17.541570323222, 4.43519984153144, -4.49248093617932
-17.541570323222, 4.00167819846945, -4.9568572789308
-17.541570323222, 3.65574294622854, -5.57396387276613
-17.541570323222, 3.31317594505872, -6.19292089992718
-17.541570323222, 2.99320937580688, -6.8238394720144
-17.541570323222, 2.69328609883236, -7.46455193412195
-17.541570323222, 2.40308101889166, -8.10974347542169
-17.541570323222, 2.10792338483112, -8.75267124277883
-17.541570323222, 1.78995292580433, -9.38457527646282
-17.541570323222, 1.43775304431836, -9.99796227079768
-17.541570323222, 1.04027609434711, -10.5829778522477
-17.541570323222, 0.564821451579206, -11.1060123138116
-17.541570323222, 0, -11.5218110299369
-15.3488740328457, 6.10364224115124, -3.77240648078084E-06
-15.3488740328338, 5.77526819710739, -0.608300277040836
-15.3488740328246, 5.44973449197853, -1.21811872981938
-15.3488740328202, 5.13302372357044, -1.83255785705392
-15.3488740328193, 4.82554670127801, -2.45167614514848
-15.3488740328192, 4.52187090040794, -3.0726710997561
-15.3488740328192, 4.21270812512217, -3.69094674493308
-15.3488740328192, 3.88879819793032, -4.30157184045321
-15.3488740328192, 3.45667614640304, -4.74459261812534
-15.3488740328192, 3.11232391256016, -5.34398370530073
-15.3488740328192, 2.77690202199928, -5.94836831417009
-15.3488740328192, 2.47157025433482, -6.56847019164956
-15.3488740328192, 2.19469893651414, -7.20182484883591
-15.3488740328192, 1.93499059955547, -7.84244614686682
-15.3488740328192, 1.67877701285254, -8.48448028208381
-15.3488740328192, 1.41362444171194, -9.12286055463504
-15.3488740328192, 1.13374637294895, -9.75491620136738
-15.3488740328192, 0.829811216319537, -10.3757163251019
-15.3488740328192, 0.464147429876169, -10.9613283177083
-15.3488740328192, 0, -11.4611499160949
-13.1561777427707, 5.62791551804592, -1.78563838147278E-05
-13.1561777426129, 5.27461921197935, -0.574306384505307
-13.1561777424946, 4.92689312159591, -1.15197773629585
-13.1561777424342, 4.5911790337862, -1.73669967910773
-13.1561777424178, 4.26847286439079, -2.32870878423192
-13.1561777424165, 3.95330936300172, -2.92477617574601
-13.1561777424165, 3.63480911388349, -3.51906263651059
-13.1561777424165, 3.30362825300211, -4.10634562438744
-13.1561777424165, 2.8703722212814, -4.53101650711346
-13.1561777424165, 2.53396568836276, -5.11535752976392
-13.1561777424165, 2.21586867636006, -5.70977926557607
-13.1561777424165, 1.93015496906985, -6.32040156019971
-13.1561777424165, 1.67941955262135, -6.94623200426084
-13.1561777424165, 1.45244528364753, -7.58112190122904
-13.1561777424165, 1.235795810079, -8.21962527307463
-13.1561777424165, 1.0207254825678, -8.85866416307419
-13.1561777424165, 0.803458092212149, -9.49695968844566
-13.1561777424165, 0.580489295871591, -10.1332745051554
-13.1561777424165, 0.325693336495028, -10.7569302087427
-13.1561777424165, 0, -11.3467010563417
-11.0123254594599, 5.10258099320267, -9.81574007789307E-05
-11.1398167966664, 4.75465770433469, -0.556325048262456
-11.263547766244, 4.41699644190293, -1.11966412097788
-11.381417860795, 4.09532948119831, -1.69350838458903
-11.4933307240193, 3.78991977813292, -2.27735418083468
-11.6012910397254, 3.49529655956199, -2.86746808813635
-11.7093713306416, 3.20034592917929, -3.45739816495381
-11.8210709501309, 2.89551816731262, -4.04158368772252
-11.9647695118155, 2.50336543535143, -4.48029635954295
-12.0736180126108, 2.20631836364563, -5.06901505007831
-12.1753115643428, 1.92879711592372, -5.66840366064725
-12.2658924291194, 1.68160234118738, -6.28261946426337
-12.344996545733, 1.46572756084335, -6.91012295746002
-12.4166181737995, 1.27027245826948, -7.5452203726389
-12.4850842563523, 1.08342882528518, -8.18326380853936
-12.5530734539438, 0.897886609226934, -8.82173946428836
-12.6218386870539, 0.710226595710219, -9.45951264251396
-12.6928148178703, 0.516533052243845, -10.0952229589129
-12.7745733927641, 0.293414267128614, -10.7193500942115
-12.8820907061161, 0, -11.3095321785553
-9.43428315398302, 4.67478880293732, -0.000176636926403557
-9.66510682783171, 4.34337921621237, -0.539483149200406
-9.88785202502565, 4.02356845973252, -1.08906880192608
-10.0990579567741, 3.72032542842842, -1.65241347961675
-10.2985997409896, 3.43382942419042, -2.22864585952677
-10.4898897325645, 3.15918109200053, -2.81340364081188
-10.6798420623338, 2.88645333380905, -3.39950252291944
-10.8749428678754, 2.60633355122278, -3.98038530824498
-11.1202511581299, 2.25412739429833, -4.42145362701488
-11.3070683063008, 1.98590103416749, -5.01059375816989
-11.4802094543378, 1.7373102576702, -5.61235890575152
-11.6344662164899, 1.51583310612003, -6.22960786408704
-11.7692218140426, 1.32235513157268, -6.86071848916046
-11.8911939604928, 1.14723124599791, -7.49979007573244
-12.0077959227104, 0.979817707059245, -8.14193669255723
-12.123543251844, 0.813631224221031, -8.78455815463152
-12.2407580074721, 0.645337855204475, -9.42636453034828
-12.3623280445116, 0.470791306050243, -10.065667966153
-12.5029153313871, 0.268940369942566, -10.6923510404567
-12.6902297807059, 0, -11.2803641738454
-8.18885038838025, 4.30951846691542, -0.000265097499600209
-8.49930774706699, 3.99906110822867, -0.523218822284865
-8.79865332813459, 3.69971552716107, -1.05895263005177
-9.08357110589668, 3.41479774939898, -1.61018185796147
-9.35268654317845, 3.14568231211721, -2.17707359346116
-9.60773004242605, 2.89063881286962, -2.75685839049586
-9.86060949522949, 2.63775936006618, -3.33855686285107
-10.1187613410355, 2.37960751426021, -3.91559411019975
-10.4368803833634, 2.06148847193227, -4.35463654376802
-10.6828402011454, 1.81552865415022, -4.94216574946234
-10.9094769012373, 1.58889195405832, -5.54504004923063
-11.1121419553659, 1.38622689992976, -6.16469833253811
-11.289410815944, 1.20895803935167, -6.79977774943156
-11.4496026731628, 1.04876618213286, -7.44392431377619
-11.6024804218644, 0.895888433431289, -8.09163228190305
-11.7539649185896, 0.744403936706036, -8.7399967986757
-11.9073759410891, 0.590992914206581, -9.38745424055998
-12.0669175410989, 0.431451314196805, -10.0319190275402
-12.2512162127197, 0.247152642575926, -10.6624654034345
-12.4983688552957, 0, -11.2483662265421
-7.0265801150633, 3.94346731264139, -0.000375014694262255
-7.40834444995609, 3.6583355402797, -0.506267210551493
-7.77722950027427, 3.38282303536095, -1.02681521313535
-8.12996847189939, 3.11936969787527, -1.56449633421769
-8.46246930380265, 2.87103180235411, -2.12188502472845
-8.77800725707097, 2.63536312500622, -2.69448731276494
-9.08920647537471, 2.40293495777726, -3.27079738327692
-9.40505763002937, 2.16703235688486, -3.84314384120945
-9.7854553446781, 1.88292128451193, -4.27968789056097
-10.0871928588119, 1.65755986562208, -4.86364108990168
-10.3632363344399, 1.4513887850344, -5.4671293532322
-10.6114451295891, 1.26600684332802, -6.08911113489748
-10.8291464257782, 1.10341031255141, -6.72868469270788
-11.0255186860703, 0.956743991205521, -7.37899034816584
-11.2124642092163, 0.817118302062333, -8.03363069491571
-11.3972787154456, 0.679084224745785, -8.68921618981016
-11.5843903636105, 0.539334460311257, -9.34378469115819
-11.7794617819597, 0.393639710521065, -9.99469401640672
-12.0042192031642, 0.225773108007058, -10.6299760595138
-12.3065079298854, 0, -11.2129313041003
-5.87031812851046, 3.55104524152271, -0.000518113786085604
-6.31962579159764, 3.29553149926503, -0.488032725263532
-6.75461939156429, 3.04815792494865, -0.992401068321996
-7.17016765694052, 2.81184258671155, -1.51799663005414
-7.56500980240061, 2.58730247205078, -2.0643258173398
-7.94293703088152, 2.37238158735736, -2.62629629026215
-8.31223915288511, 2.1623656562502, -3.19583445582095
-8.68476230751839, 1.95051797783765, -3.7625858466156
-9.12126830325127, 1.70228432938109, -4.1983354575637
-9.4806701132767, 1.49789853986928, -4.77591256627476
-9.80636575167923, 1.3126808855933, -5.3795376451703
-10.10108189252, 1.14508075268537, -6.00382542746788
-10.3608337908261, 0.997364198868558, -6.64836656088198
-10.5948692166942, 0.864272172185661, -7.30588981148732
-10.8170579918507, 0.737917137335339, -7.96885735180526
-11.0361777675602, 0.613307391065904, -8.63317990204497
-11.2579506805035, 0.487188850090736, -9.29633446700722
-11.489865421219, 0.355302821533424, -9.95484289221133
-11.7564360564792, 0.203708566222163, -10.5952953999985
-12.1146470044752, 0, -11.173441554181
-4.68168746492871, 3.11165231764677, -0.000710821659246737
-5.194464946215, 2.89130105285849, -0.47127057912203
-5.69309177206496, 2.67703062222689, -0.959479564405407
-6.17242677825534, 2.47105029211099, -1.47004055691289
-6.63061422770253, 2.27415751175226, -2.00311867324345
-7.07055464676456, 2.08510586399147, -2.55413708982893
-7.49932306695491, 1.90085505903565, -3.11552620502881
-7.92940640768964, 1.71603920507588, -3.67572370633362
-8.3935041975497, 1.51660662717761, -4.17036698470411
-8.83837139587586, 1.32543783878213, -4.68234571135012
-9.21609069445955, 1.16312391468181, -5.28548650283531
-9.56001422338045, 1.01533274335723, -5.91209083385224
-9.86545108569326, 0.884080101851291, -6.5619096017516
-10.1408287401032, 0.765744533972114, -7.22753554681385
-10.4016389001696, 0.653668924692031, -7.90011326484922
-10.658285842932, 0.543382337418584, -8.57459196986393
-10.9180231829584, 0.431767741465611, -9.24766469621461
-11.1908483436328, 0.314529033810485, -9.91451966963847
-11.5046416308988, 0.179685460809388, -10.5592713829476
-11.9227860790649, 0, -11.129308252762
-3.44473218537299, 2.60303903054031, -0.000978370877321678
-4.01745718421366, 2.42312220607641, -0.456813991920886
-4.57709195041815, 2.24731756999638, -0.930144454322631
-5.11873173653398, 2.07716590817172, -1.42591522125769
-5.6400342393243, 1.91340303580369, -1.94509198937053
-6.14280449596561, 1.75546191538304, -2.48400320656143
-6.63250615564864, 1.6016261866769, -3.03601176058129
-7.1213119247943, 1.448071894578, -3.58890129833506
-7.61588096467931, 1.29270711861328, -4.13609581969773
-8.1421349681843, 1.12738877322291, -4.5921748299141
-8.57462720516517, 0.991524911787845, -5.19423540261278
-8.97065150916729, 0.867117150068309, -5.82327251109941
-9.32612800107595, 0.755447148365504, -6.47838290159049
-9.64790732094748, 0.654362834730456, -7.15244634540866
-9.95240158159825, 0.558708479578042, -7.83532167942179
-10.2517241301227, 0.464678775042763, -8.52071339852913
-10.5548992636544, 0.369438812771397, -9.20423901140759
-10.8753876718503, 0.268760028369069, -9.87893780496112
-11.2460886180776, 0.152307390181484, -10.524328567363
-11.7309251536547, 0, -11.0800180929313
-2.1781760599076, 1.99957548999959, -0.00136291170444991
-2.80536520532556, 1.86560187337061, -0.447217986364751
-3.42098787535303, 1.73409896681535, -0.909594625521082
-4.02055932743009, 1.60602475435632, -1.39349854298614
-4.60149312139426, 1.48193172441795, -1.90061579788422
-5.16460443842508, 1.36164574648213, -2.42835652986522
-5.71378721744628, 1.24433503784926, -2.97125797012241
-6.26011972219121, 1.12763317513786, -3.51717582415915
-6.80835135534923, 1.01052564038349, -4.06109602983349
-7.38517967120514, 0.887309579943346, -4.52654703174688
-7.87206648214282, 0.783305887553545, -5.12819352009544
-8.32071406627744, 0.687470460748901, -5.76022405072033
-8.72895784190011, 0.600265674942233, -6.42026477104501
-9.10195493014947, 0.520589919598052, -7.10185207319021
-9.45607751796565, 0.444945938565613, -7.79393804422888
-9.80409823153857, 0.37060537639263, -8.48926490336628
-10.1578663465054, 0.295037114160455, -9.1815442135828
-10.536519366987, 0.214153197447257, -9.85975072906887
-10.9781426671493, 0.119818225066722, -10.4963697220859
-11.5390642282445, 0, -11.0251781373063
-0.981477291654856, 1.27717713382468, -0.00193423876638981
-1.6515074523865, 1.19462168142932, -0.446423824572297
-2.31126713991558, 1.1133316699219, -0.906221985134319
-2.95666470996808, 1.03381123712172, -1.38624465933371
-3.58510172410001, 0.956380540648294, -1.88858960876273
-4.19681222351235, 0.881010743923267, -2.4114903690712
-4.79468944770517, 0.807345366433055, -2.95041335398616
-5.38656557421414, 0.734419393469973, -3.49604090451884
-5.98111923694778, 0.66116351712748, -4.03869757323476
-6.59030070803911, 0.586105325893366, -4.53259035514323
-7.12033921586381, 0.520798461568554, -5.13912570137997
-7.61436003781523, 0.459929392026377, -5.7758504425471
-8.071675292328, 0.403582872218405, -6.43982257965894
-8.49663081031285, 0.351223445596717, -7.12534367311634
-8.90359065347678, 0.301081293902441, -7.82190514902968
-9.30575932067626, 0.251529470408944, -8.52129718318535
-9.71809936687713, 0.20072441557728, -9.2146222640821
-10.1704762731501, 0.144986357293752, -9.88175436297654
-10.7018057140357, 0.079520435109902, -10.4862986964858
-11.3472033028342, 0, -10.9646438094303
-0.133997047680765, 0.438588237822617, -0.00279288128212241
-0.82063933617406, 0.411263694192535, -0.459574472365077
-1.49665066746482, 0.38436220352435, -0.931947055106381
-2.15775825824291, 0.35805379882642, -1.42497073349339
-2.80125143689619, 0.332446349750783, -1.94080404104404
-3.42729951124875, 0.307533118787814, -2.47772365061316
-4.0397094423903, 0.283162610062388, -3.0302078586745
-4.64716298303953, 0.258989338108603, -3.5881557764929
-5.26124165224131, 0.234552422890746, -4.12928806637366
-5.83725581062238, 0.211630263469477, -4.71931708266931
-6.37784778638098, 0.190117709880473, -5.34229017109682
-6.89374002770616, 0.169588068329496, -5.98590178389781
-7.38296893456578, 0.150119479175285, -6.65003935540427
-7.84930911918548, 0.131561733847566, -7.33050533088964
-8.30238759886971, 0.113531730607962, -8.0199118011721
-8.75675067681427, 0.0954506075031838, -8.70846525253341
-9.23736073723469, 0.0763250004948671, -9.37873550230679
-9.7895301254293, 0.0543517302903388, -9.99052600970663
-10.4288908329521, 0.0289087305787981, -10.5101221877315
-11.155342377424, 0, -10.8988146342961
