-109.579997112877, 6.16139582589464, -1.77635683940025E-15
-109.579997112877, 6.3169642669597, -0.76370002578555
-109.579997112877, 6.43900174775316, -1.53348034811192
-109.579997112877, 6.53264307873907, -2.30725248371421
-109.579997112877, 6.60711226267053, -3.08312606943781
-109.579997112877, 6.67203960788002, -3.85986486996584
-109.579997112877, 6.73159999633389, -4.63703465515142
-109.579997112877, 6.78752113925926, -5.41447544845397
-109.579997112877, 6.84151788705401, -6.19205262516892
-109.579997112877, 6.90113039913083, -6.96898616049767
-109.579997112877, 6.83687191460331, -7.72576051014389
-109.579997112877, 6.20015584930037, -8.15621872334817
-109.579997112877, 5.44228385442497, -8.3326110930764
-109.579997112877, 4.66689634600625, -8.40828593096801
-109.579997112877, 3.89004766674103, -8.47190087470082
-109.579997112877, 3.11259553139247, -8.52758600632589
-109.579997112877, 2.33465752277479, -8.5760937523869
-109.579997112877, 1.55661533430257, -8.62291645052762
-109.579997112877, 0.778568887703583, -8.66966835923029
-109.579997112877, -4.44089069578051E-16, -8.70669377044562
-107.442118229735, 6.40472498050421, -1.77635683940025E-15
-107.442118229735, 6.52260519584072, -0.784502700887549
-107.442118229735, 6.62640238882621, -1.57098953431182
-107.442118229735, 6.715494643275, -2.35927907604643
-107.442118229735, 6.79230814944571, -3.14886442912084
-107.442118229735, 6.86039275339036, -3.93925300557458
-107.442118229735, 6.92254292195735, -4.73013239769188
-107.442118229735, 6.98215298698118, -5.52120821683729
-107.442118229735, 7.04263942788155, -6.31221719279751
-107.442118229735, 7.07770901508688, -7.0787176352042
-107.442118229735, 7.00599986531585, -7.85001998239757
-107.442118229735, 6.32242091255889, -8.23252033383262
-107.442118229735, 5.54605080558169, -8.38967207174421
-107.442118229735, 4.75525485095981, -8.45007666631
-107.442118229735, 3.96308489709843, -8.49274260294739
-107.442118229735, 3.17070974336209, -8.53139925343696
-107.442118229735, 2.37816684024254, -8.5664638407901
-107.442118229735, 1.58553512076653, -8.59946403858312
-107.442118229735, 0.792841450971203, -8.63094624263899
-107.442118229735, 7.56115996890326E-18, -8.65844723552147
-105.249421939332, 6.58038735969027, -1.77635683940025E-15
-105.249421939332, 6.67996110300398, -0.800154503719118
-105.249421939332, 6.77557869333484, -1.60078977105166
-105.249421939332, 6.86398579291045, -2.4022514975773
-105.249421939332, 6.94434222096878, -3.20456102991421
-105.249421939332, 7.01812309674725, -4.00750323101027
-105.249421939332, 7.08733816943837, -4.81085294091083
-105.249421939332, 7.15423306623831, -5.61439972341733
-105.249421939332, 7.22105722419874, -6.41795240841587
-105.249421939332, 7.20985389499028, -7.15811392611297
-105.249421939332, 7.14012218943993, -7.94605863512623
-105.249421939332, 6.43260379766676, -8.30450517138217
-105.249421939332, 5.63858100153779, -8.43975773367555
-105.249421939332, 4.8340509853797, -8.49201411764007
-105.249421939332, 4.02866678132741, -8.53097159496664
-105.249421939332, 3.22310655096766, -8.56609955000244
-105.249421939332, 2.41742881226117, -8.59843574791253
-105.249421939332, 1.61170511529274, -8.62960997165015
-105.249421939332, 0.805906501664276, -8.65877443611302
-105.249421939332, 5.11387443265203E-17, -8.68478566360893
-103.056725648929, 6.71173723419805, -1.77635683940025E-15
-103.056725648929, 6.80519212854995, -0.813676519239619
-103.056725648929, 6.89745814549381, -1.62748845953413
-103.056725648929, 6.98652440705152, -2.44165613724725
-103.056725648929, 7.07037677316121, -3.25637622305137
-103.056725648929, 7.14914966305136, -4.07160458322557
-103.056725648929, 7.22487435405388, -4.88712181460195
-103.056725648929, 7.29778681007998, -5.70289535340379
-103.056725648929, 7.36811760872462, -6.51889558132221
-103.056725648929, 7.3149018374228, -7.23782249951572
-103.056725648929, 7.24739671647662, -8.04304283753569
-103.056725648929, 6.53589208506892, -8.40862250806665
-103.056725648929, 5.727011925702, -8.53283272661627
-103.056725648929, 4.90968671944385, -8.58484042792712
-103.056725648929, 4.09171109188428, -8.62628125748548
-103.056725648929, 3.27352800774938, -8.66340676830254
-103.056725648929, 2.45524161905163, -8.69820431939957
-103.056725648929, 1.63695370446696, -8.73296185017686
-103.056725648929, 0.818564304323925, -8.76522102269549
-103.056725648929, 1.47443578385198E-16, -8.79269849214639
-100.864029358526, 6.81730856093601, -1.77635683940025E-15
-100.864029358526, 6.91182726643657, -0.826376341835287
-100.864029358526, 7.00423734198709, -1.65299089194046
-100.864029358526, 7.09339219422308, -2.47996248732399
-100.864029358526, 7.17814322320224, -3.30739635705438
-100.864029358526, 7.25843532670915, -4.13527583963333
-100.864029358526, 7.33658486886111, -4.96336050769199
-100.864029358526, 7.41280350428956, -5.7916250957279
-100.864029358526, 7.48578903275218, -6.62017986093297
-100.864029358526, 7.40253317628938, -7.32914545063997
-100.864029358526, 7.33532900912679, -8.15067117615912
-100.864029358526, 6.63566213429836, -8.55066844354452
-100.864029358526, 5.81466923973547, -8.67985195265194
-100.864029358526, 4.98502201584384, -8.73865150024164
-100.864029358526, 4.15453037830638, -8.78459704578593
-100.864029358526, 3.3237714344959, -8.82546999384106
-100.864029358526, 2.49295255247423, -8.86511684478815
-100.864029358526, 1.66217261304935, -8.90557081003758
-100.864029358526, 0.831235602219693, -8.94261678218258
-100.864029358526, 3.11818865333437E-16, -8.97224139086654
-98.6713330681237, 6.90535553487276, -1.77635683940025E-15
-98.6713330681237, 7.00401507699106, -0.838245004770687
-98.6713330681237, 7.09796221699608, -1.67703064224451
-98.6713330681237, 7.18668263296533, -2.51638535554046
-98.6713330681237, 7.27099587799423, -3.35619479724209
-98.6713330681237, 7.3520766794491, -4.1963229000175
-98.6713330681237, 7.43130720055723, -5.03662763614269
-98.6713330681237, 7.50840958830351, -5.87713012220987
-98.6713330681237, 7.58100679713777, -6.71803117427183
-98.6713330681237, 7.4759535651748, -7.42489638091495
-98.6713330681237, 7.40652827965632, -8.26069141338718
-98.6713330681237, 6.72770577425024, -8.70816724211424
-98.6713330681237, 5.89753946616744, -8.85604092268925
-98.6713330681237, 5.05662363487809, -8.92795666016656
-98.6713330681237, 4.21434877409394, -8.98229489564998
-98.6713330681237, 3.37167762327343, -9.03019728507524
-98.6713330681236, 2.52897374627459, -9.07752665496206
-98.6713330681237, 1.68631410612052, -9.12562953370783
-98.6713330681237, 0.843396510779986, -9.16892942371168
-98.6713330681237, 1.46191644112439E-15, -9.20161131522071
-96.4786367777209, 6.98034445336003, -1.77635683940025E-15
-96.4786367777209, 7.0829167511267, -0.849244383261183
-96.4786367777209, 7.17817759996152, -1.69933972526681
-96.4786367777209, 7.26673726453577, -2.55016032729642
-96.478636777721, 7.35058664456069, -3.40145891685208
-96.4786367777209, 7.43151645616891, -4.25304073002723
-96.4786367777209, 7.51056064870216, -5.1047995165453
-96.4786367777209, 7.5870770833868, -5.95678877569424
-96.478636777721, 7.65731695608562, -6.80931203508592
-96.4786367777209, 7.53674919401274, -7.51895683100643
-96.4786367777209, 7.46298861715187, -8.3669619089012
-96.4786367777209, 6.80754767600598, -8.86374667590396
-96.4786367777209, 5.97178162613643, -9.04142965036212
-96.4786367777209, 5.12132641276713, -9.1327398136564
-96.4786367777209, 4.26867385673898, -9.20134445166146
-96.4786367777209, 3.41536144285288, -9.26133227633656
-96.4786367777209, 2.56195154317128, -9.31992400358848
-96.4786367777209, 1.70849384380081, -9.37780073755414
-96.4786367777209, 0.854610591673222, -9.42896552220412
-96.478636777721, 2.73530880635174E-15, -9.46601393563677
-94.2859404873154, 7.04513020117682, -1.77635683940025E-15
-94.285940487317, 7.14992266733803, -0.859258465700161
-94.2859404873179, 7.24609272466939, -1.71952452944406
-94.2859404873182, 7.33455189167069, -2.58061910407559
-94.2859404873182, 7.41780467561793, -3.44223391915668
-94.2859404873182, 7.49796955180204, -4.30414223447593
-94.2859404873182, 7.57596325725543, -5.16624959283734
-94.2859404873182, 7.65082221964366, -6.02863428090266
-94.2859404873182, 7.71681843336768, -6.89172623175719
-94.2859404873182, 7.58606195815152, -7.60703376375448
-94.2859404873182, 7.50588558877566, -8.46520352881954
-94.2859404873182, 6.87099796733953, -9.00586531278995
-94.2859404873182, 6.03369808461134, -9.22103362372116
-94.2859404873182, 5.17619678081407, -9.33854102227917
-94.2859404873182, 4.31533117303085, -9.42906957530363
-94.2859404873182, 3.45328111719595, -9.50767347296196
-94.2859404873182, 2.59082625551139, -9.58172327468405
-94.2859404873182, 1.72807411872314, -9.65220666051357
-94.2859404873182, 0.864547720956543, -9.71239986283149
-94.2859404873182, 3.70825589352277E-15, -9.75542058500017
-92.0932441969154, 7.10181297312193, -1.77635683940025E-15
-92.0932441969154, 7.20665034455145, -0.868416159942233
-92.0932441969154, 7.30307457031641, -1.7378060509265
-92.0932441969155, 7.39147203770824, -2.60804995524266
-92.0932441969154, 7.47410004548049, -3.47886198749863
-92.0932441969155, 7.55307566389691, -4.35001359007793
-92.0932441969154, 7.62942160872776, -5.22139948914701
-92.0932441969154, 7.70185189283891, -6.09311872752569
-92.0932441969154, 7.68442127687064, -6.89187941902778
-92.0932441969154, 7.62535823488145, -7.68840649621397
-92.0932441969155, 7.5367686121457, -8.55498842427738
-92.0932441969155, 6.91798950276114, -9.13234032577386
-92.0932441969155, 6.08272661181156, -9.38790346122338
-92.0932441969154, 5.22087806885752, -9.53659163616557
-92.0932441969154, 4.35425368066708, -9.65519457187398
-92.0932441969155, 3.48555267739336, -9.75761595668395
-92.0932441969154, 2.61573988335779, -9.85014892815216
-92.0932441969155, 1.74504959598608, -9.93400075593231
-92.0932441969155, 0.873234676406227, -10.0052016414593
-92.0932441969154, 3.86905435418068E-15, -10.055887014214
-89.9005479065127, 7.15229397793455, -1.77635683940025E-15
-89.9005479065127, 7.25570810519605, -0.87695355858851
-89.9005479065127, 7.35179443042072, -1.75473905006044
-89.9005479065127, 7.43996300524332, -2.63335562400756
-89.9005479065127, 7.5217797019227, -3.51258768097365
-89.9005479065127, 7.59922058009603, -4.39221687517624
-89.9005479065127, 7.67351282672799, -5.27211749131292
-89.9005479065127, 7.74303564256603, -6.1524063325174
-89.9005479065127, 7.64723124100737, -6.89031653277722
-89.9005479065127, 7.65646464023551, -7.76477143653921
-89.9005479065127, 7.55827955854235, -8.63859973769152
-89.9005479065127, 6.95321587969492, -9.24766063061879
-89.9005479065127, 6.12223722418587, -9.54225136491614
-89.9005479065127, 5.25803496171078, -9.72283017254522
-89.9005479065127, 4.38754143854992, -9.87094092808895
-89.9005479065127, 3.51375986195179, -9.99831841089182
-89.9005479065127, 2.63779049486026, -10.1096973548115
-89.9005479065127, 1.76013574537605, -10.2068959596352
-89.9005479065127, 0.880988049551808, -10.2895594188276
-89.9005479065127, 4.84816094884538E-15, -10.3491565467615
-87.6978516161099, 7.19849769697104, -1.77635683940025E-15
-87.6978516161099, 7.29967286027202, -0.885011653230441
-87.6978516161099, 7.39487683208877, -1.77068400234848
-87.6978516161099, 7.48244429264446, -2.65714371975385
-87.6978516161099, 7.56312678214423, -3.54425753382459
-87.6978516161099, 7.63875765955068, -4.43181746102381
-87.6978516161099, 7.71075577071263, -5.31967932927903
-87.6978516161099, 7.77715960370535, -6.20797507894967
-87.69785161611, 7.66723770714502, -6.94649390320827
-87.69785161611, 7.68110339003888, -7.83710874467061
-87.6978516161099, 7.57326547453308, -8.71749855776329
-87.6978516161099, 6.9819399603604, -9.35562705758674
-87.6978516161099, 6.1563272380834, -9.68573661862579
-87.6978516161099, 5.29071298184406, -9.89520501254344
-87.6978516161099, 4.41732502547696, -10.0701789992172
-87.6978516161099, 3.53931039137162, -10.2202710506316
-87.6978516161099, 2.65785495232804, -10.3486696711778
-87.6978516161099, 1.77385194869846, -10.4581800781495
-87.6978516161099, 0.888034024150271, -10.5519856768942
-87.6978516161099, 5.19263144281624E-15, -10.6213395538674
-82.2261108901022, 7.30417741114414, -1.77635683940025E-15
-82.2261108901027, 7.39906830552627, -0.90270507318838
-82.226110890103, 7.4895920815662, -1.80585695542872
-82.2261108901031, 7.57280153673665, -2.7097109152114
-82.2261108901031, 7.64851912964554, -3.61422397959443
-82.2261108901031, 7.71856262301502, -4.51919569117345
-82.2261108901031, 7.78438574390108, -5.42448385598124
-82.2261108901031, 7.84331136803529, -6.33024342180619
-82.2261108901031, 7.72226941145433, -7.08794537278099
-82.2261108901031, 7.72138092989238, -7.99557070007101
-82.2261108901031, 7.59708421808541, -8.89107626659674
-82.2261108901031, 7.04856158360601, -9.59661981873783
-82.2261108901031, 6.23852797667033, -9.99945846557882
-82.2261108901031, 5.36735411193101, -10.2532096762952
-82.2261108901031, 4.48472051040509, -10.464772441732
-82.2261108901031, 3.59554983901228, -10.6469224611186
-82.2261108901031, 2.70104610652985, -10.8008317669756
-82.2261108901031, 1.80296004686517, -10.9323172022382
-82.2261108901031, 0.902746706836498, -11.0484574003327
-82.2261108901031, 5.69439132637727E-15, -11.1426062975854
-76.7443701640962, 7.42486651895153, -1.77635683940025E-15
-76.7443701640962, 7.5104785600196, -0.915919908295094
-76.7443701640962, 7.58957900115702, -1.8324233104228
-76.7443701640962, 7.66039040336351, -2.74960424680439
-76.7443701640962, 7.72395352755814, -3.66731714581844
-76.7443701640962, 7.78256265548698, -4.58536109305244
-76.7443701640962, 7.83736670905526, -5.50363971433981
-76.7443701640962, 7.88560702653137, -6.42228296378911
-76.7443701640962, 7.75204263666617, -7.19191284007515
-76.7443701640962, 7.73208637977035, -8.11156915417761
-76.7443701640962, 7.60008025919813, -9.0191688129417
-76.7443701640962, 7.0969536390165, -9.77680327396416
-76.7443701640962, 6.31030586953534, -10.2437600720196
-76.7443701640962, 5.43406884402133, -10.5216314068542
-76.7443701640962, 4.54013945302989, -10.7384977226473
-76.7443701640962, 3.63957716384991, -10.9259782429586
-76.7443701640962, 2.73355473997277, -11.0850752809089
-76.7443701640962, 1.82432068091036, -11.224763216574
-76.7443701640962, 0.913189439268444, -11.3515442166787
-76.7443701640962, 3.03170556661711E-15, -11.4624226673245
-71.2626294380893, 7.59105939556368, -1.77635683940025E-15
-71.2626294380893, 7.65972506438472, -0.922272061167964
-71.2626294380893, 7.7158727795799, -1.84538961328366
-71.2626294380893, 7.76068071473242, -2.7691304047309
-71.2626294380893, 7.79851850702019, -3.69318586525378
-71.2626294380893, 7.83287522869719, -4.61737819793401
-71.2626294380893, 7.86478123056962, -5.54165826333724
-71.2626294380893, 7.89256113130852, -6.46607020970576
-71.2626294380893, 7.74357615067189, -7.23799018307309
-71.2626294380893, 7.70021640944893, -8.16172048361065
-71.2626294380893, 7.55899478340171, -9.07398362879876
-71.2626294380893, 7.09635646992437, -9.86399605564472
-71.2626294380893, 6.33614517448143, -10.3804222123733
-71.2626294380893, 5.46601079586534, -10.6902939470728
-71.2626294380893, 4.56885066254411, -10.9141702693709
-71.2626294380893, 3.66280724535525, -11.0993618865026
-71.2626294380893, 2.75070011017383, -11.2520243031763
-71.2626294380893, 1.83540216991809, -11.3844018963584
-71.2626294380893, 0.918520799935533, -11.5053796896167
-71.2626294380893, 1.21746823072618E-15, -11.6131287799874
-65.7808887120825, 7.74696906235361, -1.77635683940025E-15
-65.7808887120825, 7.79690749574267, -0.919286035731222
-65.7808887120825, 7.82634240335886, -1.83945787545032
-65.7808887120825, 7.83959524947716, -2.76001603192074
-65.7808887120825, 7.84538815467305, -3.68065754990918
-65.7808887120825, 7.84942411154255, -4.60130878572465
-65.7808887120825, 7.85169337887076, -5.52196597413216
-65.7808887120825, 7.85158864471148, -6.4426258227566
-65.7808887120825, 7.68009939755582, -7.20688491484358
-65.7808887120825, 7.60439632781368, -8.12420277811659
-65.7808887120825, 7.44021572676143, -9.02918924754285
-65.7808887120825, 7.01646547636882, -9.83748513915468
-65.7808887120825, 6.28954354907426, -10.3935407480245
-65.7808887120825, 5.44037729844253, -10.7460186613935
-65.7808887120825, 4.55274641128266, -10.9891271682644
-65.7808887120825, 3.65170882365131, -11.1777761461389
-65.7808887120825, 2.7429068851265, -11.324659976081
-65.7808887120825, 1.83008473708965, -11.4444241691729
-65.7808887120825, 0.915780221342993, -11.5524004924165
-65.7808887120825, 7.07673923539055E-17, -11.646975329817
-60.2991479860756, 7.83983665240295, -1.77635683940025E-15
-60.2991479860756, 7.87655448683201, -0.909784406399839
-60.2991479860756, 7.88536407426727, -1.82026953843965
-60.2991479860756, 7.87244120156661, -2.73072653709459
-60.2991479860756, 7.84992977943877, -3.64100780925984
-60.2991479860756, 7.82499079315469, -4.55122633433215
-60.2991479860756, 7.79896404011629, -5.4614146452269
-60.2991479860756, 7.77285562374188, -6.37160061724222
-60.2991479860756, 7.57495076276346, -7.12251012700209
-60.2991479860756, 7.46380729575121, -8.02584516458165
-60.2991479860756, 7.26203319586301, -8.91321974566691
-60.2991479860756, 6.86694171825896, -9.72771181737712
-60.2991479860756, 6.18681061485868, -10.3257076589909
-60.2991479860756, 5.36923932129954, -10.724018578663
-60.2991479860756, 4.50039657132253, -10.9948433090452
-60.2991479860756, 3.61265181643636, -11.1968582493391
-60.2991479860756, 2.7147450723488, -11.3474549496286
-60.2991479860756, 1.81136900652835, -11.4613928215234
-60.2991479860756, 0.906232651719206, -11.5606064817207
-60.2991479860756, -4.21117415136181E-16, -11.6492775042271
-54.8174072600687, 7.88660929313065, -1.77635683940025E-15
-54.8174023241987, 7.91431308065347, -0.896980458222368
-54.8174039229568, 7.90619445854318, -1.79429627568534
-54.8174070701927, 7.87051616733306, -2.69101541952908
-54.8174072600687, 7.82328165751471, -3.58721459365742
-54.8174072600687, 7.77289375250441, -4.48324332718601
-54.8174072600687, 7.72084231219972, -5.37917702642555
-54.8174072600687, 7.66803668736661, -6.27506665496982
-54.8174072600687, 7.44098644160448, -7.00902597972287
-54.8174072600687, 7.29633700508579, -7.8942476563114
-54.8174072600687, 7.05261506645774, -8.75753183573886
-54.8174072600687, 6.66960383633934, -9.56614555738245
-54.8174072600687, 6.04427973540524, -10.2039548413464
-54.8174072600687, 5.26737078357253, -10.6500921145617
-54.8174072600687, 4.42618238902671, -10.9604437563463
-54.8174072600687, 3.55727467996002, -11.1843491472044
-54.8174072600687, 2.67515927776063, -11.3485272785072
-54.8174072600687, 1.78526165952714, -11.4642611320465
-54.8174072600687, 0.892858860422279, -11.5592036642687
-54.8174072600687, 6.00307574659816E-18, -11.6498111946887
-49.3356665340619, 7.9072113167199, -1.77635683940025E-15
-49.3356666333124, 7.92011075287841, -0.881733466589282
-49.3356665575185, 7.89580715004601, -1.76322145246823
-49.3356665354702, 7.84034956528961, -2.64333486720837
-49.3356665340618, 7.76918239246362, -3.52234231209314
-49.3356665340618, 7.69377998781279, -4.40099907640262
-49.3356665340619, 7.61524892416761, -5.27938173502087
-49.3356665340619, 7.53332574809585, -6.15745443433689
-49.3356665340618, 7.27341093526627, -6.86998847926442
-49.3356665340619, 7.09341936489777, -7.73296482955305
-49.3356665340618, 6.81286773380068, -8.56856275554015
-49.3356665340619, 6.42812296730673, -9.36083177304124
-49.3356665340619, 5.85901640722783, -10.0302793624397
-49.3356665340618, 5.13579061843809, -10.5315887606268
-49.3356665340618, 4.33176126049674, -10.8914453176276
-49.3356665340619, 3.48754967986541, -11.1456700071077
-49.3356665340619, 2.62625682757221, -11.3338716639776
-49.3356665340618, 1.75338770441367, -11.4589322066951
-49.3356665340619, 0.876781577302709, -11.5552288565428
-49.3356665340619, 5.68380478357945E-19, -11.6499821236217
-43.853925808055, 7.90764933734437, -1.77635683940025E-15
-43.853925808055, 7.89931218364569, -0.863108777387215
-43.853925808055, 7.85436718500197, -1.7250747885252
-43.853925808055, 7.7764219598781, -2.58471794106974
-43.853925808055, 7.67950173704083, -3.44245806174
-43.853925808055, 7.57530127366769, -4.29934997625707
-43.853925808055, 7.46723319143109, -5.15576283083833
-43.853925808055, 7.35350926403277, -6.01144025553388
-43.853925808055, 7.05377889411821, -6.69529381961838
-43.853925808055, 6.8300000188201, -7.52881982775594
-43.853925808055, 6.52227396808733, -8.33478384835713
-43.853925808055, 6.12918152870828, -9.10275890260321
-43.853925808055, 5.61362836605296, -9.79285064983573
-43.853925808055, 4.95854335634581, -10.3525551096942
-43.853925808055, 4.20704180384339, -10.7751279618326
-43.853925808055, 3.39759490414581, -11.0734523336013
-43.853925808055, 2.5646759936228, -11.2988859383629
-43.853925808055, 1.71421896060079, -11.4454034448108
-43.853925808055, 0.857324526937519, -11.5494135655675
-43.853925808055, -4.4404551973697E-16, -11.65
-38.3721850820481, 7.87973248566554, -1.77635683940025E-15
-38.3721850820481, 7.83583099166347, -0.838668109536656
-38.3721850820481, 7.76091484004667, -1.67512049367113
-38.3721850820481, 7.65532379790752, -2.50827463186731
-38.3721850820481, 7.52874870000712, -3.33852491621275
-38.3721850820481, 7.39175537910339, -4.16712970131524
-38.3721850820481, 7.24854785998376, -4.99468291163288
-38.3721850820481, 7.09037143799885, -5.81532778613308
-38.3721850820481, 6.74460817765307, -6.46423578311181
-38.3721850820481, 6.46873883895857, -7.25740449416265
-38.3721850820481, 6.13924677746772, -8.02961822218239
-38.3721850820481, 5.74206914097991, -8.76933616248538
-38.3721850820481, 5.27172145728728, -9.46438924256374
-38.3721850820481, 4.69783436255864, -10.0761839051057
-38.3721850820481, 4.0255487610059, -10.5775507340948
-38.3721850820481, 3.27288876395711, -10.9475892172185
-38.3721850820481, 2.48038766065736, -11.2249307722477
-38.3721850820481, 1.66330334518791, -11.4170896892987
-38.3721850820481, 0.83263522185385, -11.5401129653338
-38.3721850820481, -4.31748107400276E-16, -11.65
-32.8804443560412, 7.7862824629879, -1.77635683940025E-15
-32.8804443560412, 7.68969514778605, -0.805292226456426
-32.8804443560412, 7.57138498351234, -1.6076695044571
-32.8804443560412, 7.42924217705091, -2.40617162664062
-32.8804443560412, 7.26703899634836, -3.20085397829613
-32.8804443560412, 7.09170088806471, -3.9927535773167
-32.8804443560412, 6.90749134718092, -4.78263518183063
-32.8804443560412, 6.60398357653975, -5.43053582670184
-32.8804443560412, 6.30611533776898, -6.16448772124466
-32.8804443560412, 5.98337386117324, -6.90853991145616
-32.8804443560412, 5.63125259287292, -7.639118248575
-32.8804443560412, 5.23988507581481, -8.34939244935229
-32.8804443560412, 4.80490354102787, -9.03378065625066
-32.8804443560412, 4.31175072080829, -9.67722161315054
-32.8804443560412, 3.74373355022563, -10.2552699527138
-32.8804443560412, 3.08795724502538, -10.7303385634268
-32.8804443560412, 2.35598323595925, -11.0788459484516
-32.8804443560412, 1.59366927563382, -11.3542117473454
-32.8804443560412, 0.801098792629615, -11.523130282154
-32.8804443560412, -3.31522583894275E-16, -11.65
-30.6977480656385, 7.71879727045448, -1.77635683940025E-15
-30.6977480656385, 7.59669327793845, -0.788770633825855
-30.6977480656385, 7.45653263797776, -1.57452550696217
-30.6977480656385, 7.29610228736302, -2.35639324014982
-30.6977480656385, 7.11742177076632, -3.13430066707911
-30.6977480656385, 6.92553095844531, -3.90906531927372
-30.6977480656385, 6.72427808381722, -4.68144895094015
-30.6977480656385, 6.38659819976727, -5.28631944116707
-30.6977480656385, 6.08796077409344, -6.02624626403102
-30.6977480656385, 5.74894217191856, -6.74880794382473
-30.6977480656385, 5.38788627633696, -7.46061682129706
-30.6977480656385, 5.00022586573605, -8.1582639054132
-30.6977480656385, 4.58014292525912, -8.8368463650023
-30.6977480656385, 4.11632411606112, -9.48615408394515
-30.6977480656385, 3.59103164247449, -10.0865237599504
-30.6977480656385, 2.98559078985942, -10.6051927997483
-30.6977480656385, 2.28962612575797, -10.9940313934761
-30.6977480656385, 1.55695538515448, -11.3096870303389
-30.6977480656385, 0.786211129743135, -11.5122982234698
-30.6977480656385, 2.29604742039653E-16, -11.65
-28.5050517752357, 7.62607317059972, -1.77635683940025E-15
-28.5050517752357, 7.4758865055731, -0.769800990125423
-28.5050517752357, 7.31089196778203, -1.53655964075542
-28.5050517752357, 7.12938774828813, -2.2995778882354
-28.5050517752357, 6.9324146999487, -3.05875409745216
-28.5050517752357, 6.72324058502674, -3.81466663913931
-28.5050517752357, 6.50498504596308, -4.56800510795599
-28.5050517752357, 6.15532166121195, -5.15819115088982
-28.5050517752357, 5.83784583040508, -5.87511014690924
-28.5050517752357, 5.48309441240173, -6.57458910781975
-28.5050517752357, 5.11310230915066, -7.26614622769062
-28.5050517752357, 4.72843618419295, -7.94964313962202
-28.5050517752357, 4.32469191774034, -8.62202364027724
-28.5050517752357, 3.89058407011353, -9.27511291201729
-28.5050517752357, 3.40793802316973, -9.89298916180861
-28.5050517752357, 2.85451353958802, -10.4477581985088
-28.5050517752357, 2.20815789764015, -10.8885085239837
-28.5050517752357, 1.51085176693308, -11.2468830362717
-28.5050517752357, 0.769209505343702, -11.4967701731726
-28.5050517752357, 4.25044433192455E-16, -11.65
-26.312355484833, 7.4968338463495, -1.77635683940025E-15
-26.312355484833, 7.31601697185098, -0.747595665839034
-26.312355484833, 7.12353572466109, -1.49227126836875
-26.312355484833, 6.9186093846508, -2.23361848659474
-26.312355484833, 6.70176424746531, -2.97156903757827
-26.312355484833, 6.47458048785303, -3.70640620416955
-26.312355484833, 6.23914493238952, -4.43863957998808
-26.312355484833, 5.8788090909756, -5.0125480477715
-26.312355484833, 5.54489759891913, -5.7051326721408
-26.312355484833, 5.17511843357039, -6.3795453400523
-26.312355484833, 4.79616183176543, -7.04886892790168
-26.312355484833, 4.41291549884346, -7.71574568133441
-26.312355484833, 4.02460662547478, -8.37968396933521
-26.312355484833, 3.62125436994987, -9.03454515940331
-26.312355484833, 3.18204378979019, -9.66576984102276
-26.312355484833, 2.68376738590019, -10.2510044643988
-26.312355484833, 2.10415163814904, -10.7543995023662
-26.312355484833, 1.44908042610009, -11.1569041323392
-26.312355484833, 0.748017782420823, -11.4709948848313
-26.312355484833, 6.60829462190885E-16, -11.65
-24.11965919443, 7.31950115585078, -1.77635683940025E-15
-24.1196591944301, 7.10551530744853, -0.721211462692325
-24.1196591944302, 6.88319898610438, -1.43989904810721
-24.1196591944302, 6.6529182267963, -2.15607479952314
-24.1196591944302, 6.41486467168942, -2.86970476843413
-24.1196591944302, 6.16884531187494, -3.58062793212349
-24.1196591944302, 5.91546477933012, -4.28895965517123
-24.1196591944302, 5.54855149986617, -4.84921521153249
-24.1196591944302, 5.19703448688379, -5.50901791795011
-24.1196591944302, 4.81362746588652, -6.1562506384108
-24.1196591944302, 4.42520710165453, -6.8005100343329
-24.1196591944302, 4.04204127789445, -7.44790644218102
-24.1196591944302, 3.66556901422158, -8.09921735851928
-24.1196591944302, 3.28981934683119, -8.75094546173813
-24.1196591944302, 2.89403223023722, -9.39059727160243
-24.1196591944302, 2.45429981733611, -10.0006464324681
-24.1196591944302, 1.94915035634242, -10.5576024608615
-24.1196591944302, 1.35798804478446, -11.0213283480977
-24.1196591944302, 0.707163656565487, -11.397197549379
-24.1196591944302, 6.03565417821509E-16, -11.65
-21.9269629040275, 7.08492196774638, -1.77635683940025E-15
-21.9269629040275, 6.83540905327103, -0.690111529237177
-21.9269629040275, 6.58132024984752, -1.37855325467274
-21.9269629040275, 6.32406574176387, -2.06581871743917
-21.9269629040275, 6.06364511533304, -2.75189029494502
-21.9269629040275, 5.79801777418822, -3.43596020106974
-21.9269629040275, 5.52544332982072, -4.11729071075159
-21.9269629040275, 5.19005087445386, -4.7204600026297
-21.9269629040275, 4.78508439572611, -5.28357566613062
-21.9269629040275, 4.39007503460972, -5.90200560856784
-21.9269629040275, 3.99297962260733, -6.51911029011736
-21.9269629040275, 3.60928688175867, -7.14462332321027
-21.9269629040275, 3.24147502806617, -7.77960433148551
-21.9269629040275, 2.88733579412332, -8.42232689475346
-21.9269629040275, 2.52936270397423, -9.06290524806468
-21.9269629040275, 2.1454374575617, -9.68819323641055
-21.9269629040275, 1.71565927142497, -10.2826698940122
-21.9269629040275, 1.21967488705606, -10.8219219723142
-21.9269629040275, 0.636711619734941, -11.2665939460223
-21.9269629040275, 0, -11.6269295488768
-19.7342666136246, 6.78735261109148, -1.77635683940025E-15
-19.7342666136247, 6.50168486325584, -0.654462786648724
-19.7342666136247, 6.21417058250397, -1.30811732009035
-19.7342666136247, 5.92888972604621, -1.96274957491955
-19.7342666136247, 5.64503469062568, -2.61800164297801
-19.7342666136247, 5.3596760245323, -3.2725980833067
-19.7342666136247, 5.067427194481, -3.92414466036751
-19.7342666136247, 4.7607566532586, -4.56897648819851
-19.7342666136247, 4.30706762545245, -5.03006056156384
-19.7342666136247, 3.908295564728, -5.62241232036624
-19.7342666136247, 3.50512092440409, -6.21178651977324
-19.7342666136247, 3.12234710280668, -6.81456708806241
-19.7342666136247, 2.76431884939464, -7.43236858351
-19.7342666136247, 2.42827386626843, -8.06241928021147
-19.7342666136247, 2.10300967811402, -8.69813246316498
-19.7342666136247, 1.77014164972003, -9.32987762138641
-19.7342666136247, 1.41768275890549, -9.9508651036753
-19.7342666136247, 1.02928654661921, -10.5498563938908
-19.7342666136247, 0.554261446865309, -11.0819879594994
-19.7342666136247, 0, -11.5278479714695
-17.5415703232227, 6.42508670941499, -4.20133380973379E-07
-17.5415703232224, 6.1035494899659, -0.616429485927009
-17.5415703232221, 5.78231750721661, -1.23301696013084
-17.541570323222, 5.46824570573924, -1.85327290362863
-17.541570323222, 5.16224537053509, -2.47755839569956
-17.541570323222, 4.85819140007114, -3.10279527572207
-17.541570323222, 4.54732810842885, -3.72466872968633
-17.541570323222, 4.22288797390222, -4.33953343368675
-17.541570323222, 3.76753631883182, -4.77097106785439
-17.541570323222, 3.36957135258449, -5.34103643167647
-17.541570323222, 2.96653894489604, -5.90754714285957
-17.541570323222, 2.58638470244799, -6.48953158901188
-17.541570323222, 2.24077165815255, -7.09268326625223
-17.541570323222, 1.92606779236451, -7.71257045546613
-17.541570323222, 1.63270023091897, -8.34286988374177
-17.541570323222, 1.34807465553471, -8.97718765354251
-17.541570323222, 1.06278444505085, -9.61120678559959
-17.541570323222, 0.768763084596867, -10.2411949726656
-17.541570323222, 0.423081031778826, -10.8434700774251
-17.541570323222, 0, -11.3944041007508
-15.348874032872, 6.00217273579099, -5.77087792405648E-06
-15.3488740328498, 5.65247081527172, -0.568839035236452
-15.3488740328317, 5.30592362056871, -1.13959589125199
-15.348874032822, 4.96970718999558, -1.71648438368397
-15.3488740328195, 4.64573818387156, -2.30034821750245
-15.3488740328192, 4.32804015536588, -2.88765502526826
-15.3488740328192, 4.0059354363243, -3.47254828920144
-15.3488740328192, 3.67152826477686, -4.05047925349353
-15.3488740328192, 3.22421812456405, -4.45114751942149
-15.3488740328192, 2.83648631470185, -4.99468215135674
-15.3488740328192, 2.44332160176334, -5.53437444557603
-15.3488740328192, 2.07269402720605, -6.08966711061636
-15.3488740328192, 1.74286768754299, -6.67006977676881
-15.3488740328192, 1.45513870593042, -7.27249886685721
-15.3488740328192, 1.19854571116939, -7.88891031759934
-15.3488740328192, 0.962232552193102, -8.51340913818643
-15.3488740328192, 0.734817178463357, -9.14121610392585
-15.3488740328192, 0.513032259682455, -9.77103579041411
-15.3488740328192, 0.282686221054534, -10.3977382844643
-15.3488740328192, 0, -11.002441116334
-13.1561777429388, 5.52166010383593, -2.27602392205198E-05
-13.1561777427358, 5.16595220603862, -0.500187290940605
-13.1561777425688, 4.81433496561996, -1.00323086202759
-13.1561777424645, 4.47293349501818, -1.51324685688962
-13.1561777424245, 4.14525082357023, -2.03218658250996
-13.1561777424167, 3.82714466524292, -2.55706444639199
-13.1561777424165, 3.51195216874124, -3.08369890108816
-13.1561777424165, 3.18789568070274, -3.60491548546327
-13.1561777424165, 2.84873588055853, -4.1163893294236
-13.1561777424165, 2.41229117427595, -4.46314724987326
-13.1561777424165, 2.04730911982148, -4.95658174805122
-13.1561777424165, 1.69666706947008, -5.46023869166434
-13.1561777424165, 1.37921416611635, -5.98532881282197
-13.1561777424165, 1.10657554715632, -6.53500607545481
-13.1561777424165, 0.875679121926662, -7.10355686673234
-13.1561777424165, 0.67429238234979, -7.68328580425408
-13.1561777424165, 0.492924926500488, -8.26960886671021
-13.1561777424165, 0.324296066007973, -8.85973244948993
-13.1561777424165, 0.166199574557837, -9.45277092227589
-13.1561777424165, 0, -10.0435459802497
-11.04830180953, 5.00440169481172, -0.000113876496538096
-11.175265753978, 4.65791765842235, -0.474520927600278
-11.2993705015074, 4.3192363576322, -0.955264028122805
-11.4186315630329, 3.99377345427697, -1.44623634286487
-11.5321451801694, 3.68399530094668, -1.94859028753265
-11.6411745373401, 3.38645467300134, -2.45928394079723
-11.7478648536679, 3.09529727705208, -2.9741434844405
-11.8565627373084, 2.79866123888786, -3.48543333117225
-11.9694415967819, 2.49061533637993, -3.98899738123699
-12.1118806012767, 2.10189993035471, -4.34972394161391
-12.2298938024371, 1.77984243235333, -4.84326540937866
-12.341941434754, 1.47406494503735, -5.34833130912077
-12.4425763414344, 1.19943273492514, -5.87324952217712
-12.5293240216505, 0.962698703705404, -6.41867932045733
-12.6029231257047, 0.761847078008012, -6.98025827036661
-12.6671580080516, 0.586550371456103, -7.55152101136859
-12.7251822361864, 0.428202512464132, -8.128388394922
-12.7791548349197, 0.280911531982362, -8.70857951718821
-12.8298011766087, 0.142697892093785, -9.29130138920117
-12.8820907061162, 0, -9.87276867513005
-9.49608246221118, 4.58605924215055, -0.000196249855192629
-9.72362480880312, 4.25936088496259, -0.452355958372971
-9.9451871857636, 3.94124838567707, -0.913500847324054
-10.1577688136439, 3.63603017184984, -1.38739201091288
-10.359962225053, 3.34572704220846, -1.87500554516769
-10.5533032270085, 3.06813393190627, -2.37350904639912
-10.7409697099256, 2.79868812286653, -2.8786229131375
-10.9305657196445, 2.52647195812932, -3.38152343687441
-11.1255407205162, 2.24653280204882, -3.87807726672723
-11.3662219005424, 1.90097010878178, -4.23986444880058
-11.568520083672, 1.61051655110154, -4.7273410374406
-11.7580969805826, 1.33832782795123, -5.23018964673304
-11.9300810078911, 1.09139841008328, -5.75198567439798
-12.0796040991458, 0.876717718747213, -6.29452356344594
-12.2072027373927, 0.693515487957887, -6.85399194978196
-12.3185536755526, 0.533641209112436, -7.42404497076617
-12.4192946091955, 0.389000450960562, -8.00012904639026
-12.5129164930452, 0.254581007245308, -8.57989043362226
-12.6008568354363, 0.12831894736929, -9.16237010892616
-12.6902297807059, 0, -9.74416402891478
-8.26834312094933, 4.23002573434634, -0.000287109723053515
-8.57100214952524, 3.92736670577043, -0.431808072051811
-8.86573540552508, 3.63263344977059, -0.874153812437971
-9.1503517017716, 3.34801715352407, -1.32954422487312
-9.42262902776174, 3.07573982753393, -1.79976817916234
-9.68120583039929, 2.81716302489638, -2.28521496083759
-9.93002544038743, 2.56834341490824, -2.7807989833248
-10.1807339150692, 2.3176349402265, -3.27447300727369
-10.4370014758203, 2.06136737947533, -3.76240087856543
-10.7185076186918, 1.77986123660391, -4.19662057417819
-11.0105347631379, 1.48783409215778, -4.59942878379904
-11.2577984041156, 1.24057045118009, -5.09647633224365
-11.4839978159826, 1.01437103931309, -5.6131696095401
-11.683252521931, 0.815116333364697, -6.15154403140651
-11.8545832666146, 0.64378558868108, -6.70884865653901
-12.0039115606171, 0.494457294678548, -7.27873807344749
-12.1388834109757, 0.359485444319927, -7.85577283756109
-12.2639252467952, 0.234443608500502, -8.43727870821996
-12.381347276808, 0.117021578487619, -9.02195225618297
-12.4983688552957, 0, -9.60678187494949
-7.11954234221606, 3.87403577551731, -0.000398382001081052
-7.48804689148213, 3.59880745885152, -0.410805631988248
-7.84774510956159, 3.33015640619324, -0.833199935421774
-8.1967606776486, 3.06948400069361, -1.26931289006802
-8.53080460244906, 2.81999360146143, -1.72329675121074
-8.84915380623685, 2.58222526008027, -2.19454696234464
-9.15745342193163, 2.35196274520662, -2.67612779482611
-9.46414726290205, 2.12289954978563, -3.15930806572906
-9.77578751552795, 1.89014198327429, -3.63753019191625
-10.0958392839673, 1.65110203207447, -4.1069810256098
-10.46268411229, 1.37711332616055, -4.46005965194928
-10.7638433947334, 1.152183776389, -4.94849797119816
-11.04036526856, 0.945655390223548, -5.45914688144141
-11.2879496671818, 0.760739797183749, -5.99236440079619
-11.5031026840809, 0.600046522746195, -6.54709729684708
-11.6907559687092, 0.459892221400562, -7.11723844325742
-11.8599764175009, 0.33350501842265, -7.69633767811384
-12.0163323496265, 0.216726053046714, -8.28105805651066
-12.1627271508478, 0.107386847359802, -8.86978639798888
-12.3065079298854, 0, -9.45952176258044
-5.97243949888214, 3.49297052868816, -0.000541599156037826
-6.40147165953207, 3.24898712505926, -0.390128465615175
-6.82145513035614, 3.01014955977205, -0.792542014546539
-7.23027916886497, 2.77765817672609, -1.20987380149995
-7.62575884262737, 2.55275551039816, -1.64387932795175
-8.00512010092669, 2.33701911696649, -2.09650946193153
-8.37070345522883, 2.12911798676313, -2.56395120354016
-8.73258796931519, 1.92332032503626, -3.03520334455813
-9.09826079854006, 1.71536831194302, -3.50256745217456
-9.46955208111102, 1.50422117853891, -3.96402126683821
-9.89012421396792, 1.26504885101351, -4.31154232750273
-10.2472351346209, 1.06196585191627, -4.78734860311145
-10.5745123631934, 0.87584877380164, -5.29085310876407
-10.8722730677473, 0.706517248505422, -5.81799688843602
-11.1348848700572, 0.557174315183958, -6.36930988005564
-11.3650397079996, 0.426289113855962, -6.93955683848402
-11.5720399415747, 0.308571548200469, -7.52148758428344
-11.7631298240013, 0.199901932750526, -8.11059339264439
-11.9418032960669, 0.0982933219025221, -8.7048375530794
-12.1146470044752, 0, -9.30137401874766
-4.78701799607095, 3.06638957385429, -0.000732661045428645
-5.27321717932548, 2.8574595625355, -0.370475039835208
-5.75100544073789, 2.65214390117081, -0.752976895971988
-6.21849500277915, 2.45125380745471, -1.15025652138247
-6.67363424183932, 2.25567090718751, -1.56416746748502
-7.11381991741059, 2.06651386754821, -1.99679273758694
-7.53931659030666, 1.8836690011928, -2.44652699341575
-7.95807793408434, 1.70371844736899, -2.90371795535198
-8.37858949528156, 1.5230157883219, -3.35900161517973
-8.80238932524642, 1.34090009104994, -3.81065643982811
-9.26903291446712, 1.1403735296413, -4.16012222127037
-9.68801627886938, 0.960327568887149, -4.61656740545967
-10.0691890328948, 0.796529622375082, -5.11102171611264
-10.4201475669125, 0.645715361450326, -5.63130757819262
-10.735559856667, 0.510176069040646, -6.17786060169056
-11.0149042448499, 0.390135912259182, -6.74723090444199
-11.2660627042719, 0.282207841671733, -7.33201946626546
-11.4980322453566, 0.182525652738319, -7.92614895103954
-11.7157717775221, 0.0889583978216196, -8.52663679052712
-11.9227860790649, 0, -9.13161309682348
-3.54435669302718, 2.57174281491815, -0.000996461627004309
-4.08538639504715, 2.40178280596948, -0.352767310831985
-4.6191390162736, 2.23410883180257, -0.7165396123513
-5.14400886422319, 2.06922530743905, -1.09423547392285
-5.65815919683221, 1.90770923021643, -1.48778844964254
-6.15936092441547, 1.75026085023451, -1.89926403068466
-6.64637695504475, 1.59726878969725, -2.32906593098792
-7.12439746327356, 1.4471025981686, -2.76985744682409
-7.60130036289118, 1.29728749414744, -3.21198302997912
-8.07957591058435, 1.14704118407912, -3.65247662347163
-8.56080797798844, 0.995866107781062, -4.0894105233837
-9.07142288026616, 0.835460656774522, -4.44507244086924
-9.51105912599192, 0.697352564041842, -4.9275339776324
-9.91842098617194, 0.569383202760843, -5.44026668488354
-10.2922132118119, 0.45195946469706, -5.98031896176054
-10.6287561593125, 0.346237279472752, -6.54666587331605
-10.9329647495651, 0.250672665314669, -7.13283368903883
-11.2145785433463, 0.162206019708307, -7.73131677599973
-11.4793056058684, 0.0790442011478389, -8.33822390758161
-11.7309251536547, 0, -8.95123742578434
-2.25896288657376, 1.98231864902344, -0.0013750677062151
-2.85194839060849, 1.85565125822995, -0.338289105538416
-3.43897790592267, 1.73025612374912, -0.685932414368751
-4.0187419121483, 1.60641297169075, -1.0460908822604
-4.58966754556306, 1.48445778083075, -1.42071326432467
-5.1499245118061, 1.36478151959836, -1.81179825288516
-5.69756934151014, 1.24779933168961, -2.22114005618779
-6.23521344473728, 1.13295339487005, -2.64414692322949
-6.76831068181528, 1.01907871226746, -3.07314251794837
-7.30049163500944, 0.90539975669024, -3.50332713324866
-7.8339325217794, 0.791451667217619, -3.93187551604799
-8.39411141339132, 0.671792083475221, -4.29014855580102
-8.89494802123145, 0.564808580679076, -4.75765851963572
-9.36086868614943, 0.46528345815859, -5.26170637614098
-9.79638851842329, 0.372252245055414, -5.79340705767051
-10.1971466398827, 0.286646466770504, -6.35295310311251
-10.5644074605028, 0.20819603320661, -6.93609256500928
-10.9065158885959, 0.135118391914929, -7.53506525996465
-11.2300204628899, 0.066014712218277, -8.14476801181494
-11.5390642282444, 0, -8.76227687632341
-1.02770738789581, 1.27148105216578, -0.00193929387787727
-1.66548465464127, 1.19289952872189, -0.32806346462847
-2.29857509639786, 1.11489547623367, -0.66332162531955
-2.92525682303722, 1.03768105144699, -1.01057762898108
-3.54390152887162, 0.961456880424019, -1.37215892380776
-4.1533987918465, 0.886359779983518, -1.74917871853774
-4.75347503850507, 0.812423457534217, -2.14124435696117
-5.34469833388723, 0.739577920903961, -2.54674150860957
-5.92884104209424, 0.667604794370633, -2.96254135864284
-6.51023048958799, 0.595970901348073, -3.38224574503312
-7.08937603919921, 0.52461348245411, -3.80508773231989
-7.68513194087412, 0.45120947639224, -4.18212273130832
-8.23951685939274, 0.382902853150837, -4.63695851657653
-8.75985308089068, 0.318791422530234, -5.13123096802595
-9.25454921795244, 0.257839146368846, -5.65156673346494
-9.72108724625178, 0.200356274338372, -6.19764801391457
-10.1582550550785, 0.14649215247411, -6.76788999643942
-10.5711215990012, 0.0956222270438411, -7.35627534773137
-10.9658564743408, 0.04698633254275, -7.95718038187187
-11.3472033028341, 0, -8.56681246568172
-0.14164958821218, 0.43828370927677, -0.00279324094032911
-0.801976364826884, 0.41200637663926, -0.325653248103409
-1.4580555650183, 0.385898073916227, -0.657065357914443
-2.10831246143991, 0.360021466496631, -0.999768549119073
-2.75120506484622, 0.334437916975119, -1.35610698174633
-3.38553493412711, 0.309195116641538, -1.72749337746236
-4.01071425169235, 0.28431645736624, -2.11410971177412
-4.62685026570951, 0.259797671268723, -2.51500794854819
-5.2351186270635, 0.235591973983334, -2.92777905135842
-5.83975282786405, 0.211530896072932, -3.34587270948843
-6.44074754253177, 0.187614649465953, -3.76918540441857
-7.04386031242706, 0.163614116042611, -4.18289914847902
-7.61890431732314, 0.14073056333356, -4.64071949582439
-8.17285675392317, 0.118686337720713, -5.12400378882377
-8.71128958462206, 0.0972597060948288, -5.62455607166371
-9.23258256540582, 0.0765151451550465, -6.14295017121417
-9.73515819090051, 0.0565154308403646, -6.67954055033817
-10.2203583761903, 0.0372071623948445, -7.23193243893065
-10.6918947922591, 0.018442635959519, -7.796068207329
-11.155342377424, 0, -8.36689118401282
