-109.579997112877, 6.53320144378741, -1.77635683940025E-15
-109.579997112877, 6.69101275780389, -0.780948394599618
-109.579997112877, 6.81428082653922, -1.56809964209733
-109.579997112877, 6.90853832266857, -2.35927488914958
-109.579997112877, 6.98361332623755, -3.15252256425705
-109.579997112877, 7.04934519878638, -3.94660695360746
-109.579997112877, 7.10964690821167, -4.74112320487295
-109.579997112877, 7.16641421031266, -5.5359005108703
-109.579997112877, 7.22154236472622, -6.33079352255623
-109.579997112877, 7.28977982794736, -7.1243294525571
-109.579997112877, 7.07230078048956, -7.84116973770096
-109.579997112877, 6.33890153550669, -8.14132637230387
-109.579997112877, 5.55916604240439, -8.30371689585464
-109.579997112877, 4.76784491857702, -8.3935515305984
-109.579997112877, 3.974153165024, -8.46387291332767
-109.579997112877, 3.17996109967648, -8.52824436625376
-109.579997112877, 2.38521234678099, -8.58540127563484
-109.579997112877, 1.59033198588373, -8.64071191807413
-109.579997112877, 0.795446483374697, -8.69594864992464
-109.579997112877, 5.89084739012115E-22, -8.74238032388132
-107.442118229727, 6.69222436314524, -1.77635683940025E-15
-107.442118229731, 6.80512177662949, -0.802777835312954
-107.442118229734, 6.90722404446472, -1.60699666063338
-107.442118229735, 6.99686166196029, -2.41269979123956
-107.442118229735, 7.07540811067743, -3.2195627680611
-107.442118229735, 7.14561802969502, -4.02719609900137
-107.442118229735, 7.21026475441261, -4.83529562789069
-107.442118229735, 7.272796202639, -5.64356234818488
-107.442118229735, 7.3366668044283, -6.45172386892947
-107.442118229735, 7.35790177130633, -7.22503223510407
-107.442118229735, 7.19944588654105, -7.98408297250195
-107.442118229735, 6.45927780291498, -8.29807670150751
-107.442118229735, 5.66309838875308, -8.448085794344
-107.442118229735, 4.85589592271872, -8.5213561967236
-107.442118229735, 4.04708852347438, -8.57644647827349
-107.442118229735, 3.2379989088848, -8.62721346838774
-107.442118229735, 2.42867318241941, -8.67408046760526
-107.442118229735, 1.6192439584985, -8.71913030423125
-107.442118229735, 0.809767763313783, -8.76333012941961
-107.442118229735, 1.50695044908438E-17, -8.80179601668572
-105.249421939332, 6.78702076367259, -1.77635683940025E-15
-105.249421939332, 6.88499263143745, -0.816532784143154
-105.249421939332, 6.98057625709973, -1.63334742196765
-105.249421939332, 7.07010612140408, -2.45084599281968
-105.249421939332, 7.15234435329391, -3.26911066486223
-105.249421939332, 7.22876427455432, -4.08794046321157
-105.249421939332, 7.30116681558148, -4.90713590033871
-105.249421939332, 7.37121296539753, -5.7265365879556
-105.249421939332, 7.44056475924696, -6.54599645426534
-105.249421939332, 7.41132394801791, -7.28998362892006
-105.249421939332, 7.29088680082887, -8.08178045972571
-105.249421939332, 6.55529474786055, -8.42072017232154
-105.249421939332, 5.74535539885363, -8.56091488789259
-105.249421939332, 4.92600601256391, -8.63014487928244
-105.249421939332, 4.10546334268303, -8.68522093818807
-105.249421939332, 3.28467077399198, -8.73642400913117
-105.249421939332, 2.46365732013209, -8.78396977840177
-105.249421939332, 1.64257277686563, -8.83027632687492
-105.249421939332, 0.821441418932503, -8.87574493050523
-105.249421939332, 7.69026299563323E-17, -8.9151878988712
-103.056725648929, 6.85941102568071, -1.77635683940025E-15
-103.056725648929, 6.95383342292993, -0.827988119270102
-103.056725648929, 7.04699927673841, -1.65611832896544
-103.056725648929, 7.1370483083533, -2.48459266598929
-103.056725648929, 7.22211797294502, -3.31359198444694
-103.056725648929, 7.30294066340181, -4.14301790120415
-103.056725648929, 7.38104454071991, -4.97270397642551
-103.056725648929, 7.45597595160901, -5.80268243473606
-103.056725648929, 7.52728032070939, -6.63298019348762
-103.056725648929, 7.45907608080645, -7.35731614671326
-103.056725648929, 7.36129501868812, -8.17223669578316
-103.056725648929, 6.64179962619508, -8.55130922046687
-103.056725648929, 5.82063047496942, -8.69114704558935
-103.056725648929, 4.99050875544254, -8.76312410511177
-103.056725648929, 4.15921414595164, -8.82167906497147
-103.056725648929, 3.32767341808731, -8.87661669372818
-103.056725648929, 2.49592710492142, -8.92836354831041
-103.056725648929, 1.66414034511626, -8.97946093691755
-103.056725648929, 0.832299729196895, -9.02967022257002
-103.056725648929, 1.95908321970628E-16, -9.07152423101286
-100.864029358526, 6.92134360660762, -1.77635683940025E-15
-100.864029358526, 7.01792114901721, -0.838313689859559
-100.864029358526, 7.11148628882156, -1.67696872602203
-100.864029358526, 7.20133047244051, -2.51603027550174
-100.864029358526, 7.28674156291149, -3.35555432210353
-100.864029358526, 7.36806623244828, -4.19548483444163
-100.864029358526, 7.44740755708327, -5.03560526987344
-100.864029358526, 7.5246970030423, -5.8759169295191
-100.864029358526, 7.59799658437336, -6.71658407411011
-100.864029358526, 7.50296946767678, -7.43169232674401
-100.864029358526, 7.41705428766568, -8.26338328789061
-100.864029358526, 6.72137582689602, -8.69140240395899
-100.864029358526, 5.89146433323927, -8.84182241445001
-100.864029358526, 5.05154523300012, -8.92180169197202
-100.864029358526, 4.2101467908897, -8.98618391884661
-100.864029358526, 3.36845138042768, -9.0465598560971
-100.864029358526, 2.52657714910874, -9.10440047078476
-100.864029358526, 1.68467584042283, -9.16184431617065
-100.864029358526, 0.842686027328727, -9.217974361067
-100.864029358526, 3.95862282140029E-16, -9.26231054561948
-98.6713330681237, 6.9770178257529, -1.77635683940025E-15
-98.6713330681237, 7.07788214043196, -0.847751063756031
-98.6713330681237, 7.17286476631502, -1.69618082052743
-98.6713330681237, 7.26197809686976, -2.54524750380938
-98.6713330681237, 7.34658006546199, -3.39477647428736
-98.6713330681237, 7.42812555949228, -4.24460461111479
-98.6713330681237, 7.50782664484721, -5.09460779671305
-98.6713330681237, 7.58519671094052, -5.94482612542764
-98.6713330681237, 7.65706099421902, -6.79552278002397
-98.6713330681237, 7.54312588472234, -7.5082836997473
-98.6713330681236, 7.46163522852671, -8.35277476007913
-98.6713330681237, 6.79223101253917, -8.83048726443389
-98.6713330681237, 5.95628917999739, -9.00103269085155
-98.6713330681237, 5.10780906443702, -9.09395552198555
-98.6713330681237, 4.25729781496139, -9.16801416838613
-98.6713330681237, 3.40632638836997, -9.23660050877623
-98.6713330681237, 2.5551311891949, -9.30236138921633
-98.6713330681237, 1.70385817700419, -9.367108491023
-98.6713330681237, 0.852417901764761, -9.42961184066213
-98.6713330681237, 2.48351817838308E-15, -9.47671440081614
-96.4786367777209, 7.0290276984618, -1.77635683940025E-15
-96.4786367777209, 7.13314948479653, -0.856534709999659
-96.478636777721, 7.22916117160076, -1.71401629402598
-96.4786367777209, 7.31793203796123, -2.57227901194441
-96.478636777721, 7.40179421556837, -3.43103650086951
-96.478636777721, 7.48273190462857, -4.29007497360972
-96.478636777721, 7.56168112356307, -5.14929848302126
-96.478636777721, 7.63782576508029, -6.00877465126159
-96.478636777721, 7.70636556957887, -6.86887954367596
-96.478636777721, 7.57973777957145, -7.58375357568136
-96.4786367777209, 7.49769233454728, -8.43849245986
-96.4786367777209, 6.85242254208615, -8.96140247507095
-96.4786367777209, 6.01350673896506, -9.15983417970142
-96.4786367777209, 5.15808777982341, -9.27116983130743
-96.478636777721, 4.29983552029937, -9.36000675494498
-96.4786367777209, 3.44075205804989, -9.44044656985446
-96.4786367777209, 2.58122419677855, -9.51600595392042
-96.4786367777209, 1.72143973484344, -9.5885890654253
-96.4786367777209, 0.861352664584363, -9.65749040045462
-96.4786367777209, 2.04318423271271E-15, -9.70781667798435
-94.2859404873182, 7.07905528285115, -1.77635683940025E-15
-94.2859404873182, 7.184275329683, -0.864756463135404
-94.2859404873182, 7.28078050737425, -1.73052853324694
-94.2859404873182, 7.36935149283101, -2.59714968002464
-94.2859404873182, 7.4524805490389, -3.4643112006061
-94.2859404873182, 7.53232073961656, -4.33178227398579
-94.2859404873182, 7.60980128130341, -5.199467240391
-94.2859404873182, 7.68379788043812, -6.06745564443185
-94.2859404873182, 7.70138203425963, -6.89280427003744
-94.2859404873182, 7.61301654216861, -7.65608241550904
-94.2859404873182, 7.52668391187826, -8.51917945673035
-94.2859404873182, 6.90058803162433, -9.08025408872548
-94.2859404873182, 6.0618072832631, -9.3116283552149
-94.2859404873182, 5.20144921625483, -9.44698214177286
-94.2859404873182, 4.33724861623216, -9.55661158962802
-94.2859404873182, 3.47147254144457, -9.65306054347114
-94.2859404873182, 2.60470812764583, -9.74021372912628
-94.2859404873182, 1.73731111614677, -9.82083668891895
-94.2859404873182, 0.869420056318502, -9.89596589444006
-94.2859404873182, 3.96088169100736E-15, -9.95016154907259
-92.0932441969154, 7.12745837139886, -1.77635683940025E-15
-92.0932441969154, 7.23186401060222, -0.872610797227071
-92.0932441969155, 7.32825093806829, -1.74614273159573
-92.0932441969155, 7.41661645810508, -2.62052358736484
-92.0932441969155, 7.49895585228972, -3.49549376254937
-92.0932441969155, 7.57733497314915, -4.37082840979949
-92.0932441969155, 7.65285684250559, -5.24641409136797
-92.0932441969154, 7.72408223192336, -6.12235858792662
-92.0932441969155, 7.66824626400218, -6.89119606648605
-92.0932441969154, 7.64283992696035, -7.72592453086046
-92.0932441969155, 7.54974789450725, -8.59616599443324
-92.0932441969154, 6.93901329035444, -9.18986800261541
-92.0932441969155, 6.10283085591271, -9.4560125334323
-92.0932441969155, 5.23925680475004, -9.61824370497621
-92.0932441969154, 4.37066855470002, -9.75193389448871
-92.0932441969154, 3.4993663508338, -9.86665971786928
-92.0932441969154, 2.62619446060908, -9.96621613655083
-92.0932441969154, 1.7518556354135, -10.0549798569534
-92.0932441969154, 0.876808468322131, -10.1364973213536
-92.0932441969155, 4.56182345971103E-15, -10.1956139195783
-89.9005479065127, 7.17422197599658, -1.77635683940025E-15
-89.9005479065127, 7.27663884824467, -0.880233364501052
-89.9005479065127, 7.37235011931495, -1.76121965027807
-89.9005479065127, 7.46027048610514, -2.64301768800754
-89.9005479065127, 7.54159027364241, -3.52545010929054
-89.9005479065127, 7.6182109849804, -4.40830392189365
-89.9005479065127, 7.69145834394454, -5.29144390546915
-89.9005479065127, 7.75956863892967, -6.17499318946703
-89.9005479065127, 7.65266763545408, -6.90818532229458
-89.9005479065127, 7.66893013631193, -7.79416142154142
-89.9005479065127, 7.5678596032611, -8.67087081876093
-89.9005479065127, 6.97123894503522, -9.29413220374467
-89.9005479065127, 6.13932991252118, -9.59459778299318
-89.9005479065127, 5.27354922170824, -9.78305629288981
-89.9005479065127, 4.40151092652939, -9.94052020134859
-89.9005479065127, 3.52536415978742, -10.0732693152277
-89.9005479065127, 2.64628618888973, -10.1850597379837
-89.9005479065127, 1.76544982559636, -10.2821048775751
-89.9005479065127, 0.883706750920002, -10.3705898896257
-89.9005479065127, 5.03422888307387E-15, -10.4360658821117
-87.6978516161086, 7.21955795464176, -1.77635683940025E-15
-87.6978516161094, 7.31942885882659, -0.887712910687628
-87.6978516161098, 7.41392989252063, -1.77601190277157
-87.6978516161099, 7.50094637969422, -2.66507476977687
-87.69785161611, 7.58087871376886, -3.55480320635695
-87.6978516161099, 7.65550290689558, -4.44499408761917
-87.6978516161099, 7.72631192508968, -5.33549629546796
-87.6978516161099, 7.79121648981616, -6.22644592920716
-87.6978516161099, 7.67939010913795, -6.96812173973099
-87.6978516161099, 7.69113929788228, -7.86130377100165
-87.6978516161099, 7.58207899564399, -8.74422948758336
-87.6978516161099, 7.00067917269999, -9.3960453891088
-87.6978516161099, 6.17421941643137, -9.72954402286188
-87.6978516161099, 5.30636950777826, -9.94085679175726
-87.6978516161099, 4.4309845344287, -10.1187094032531
-87.6978516161099, 3.5501455849706, -10.2672461724974
-87.6978516161099, 2.66537103125854, -10.3903030465513
-87.6978516161099, 1.77832510040487, -10.4958663834894
-87.6978516161099, 0.890228714711146, -10.5922636398208
-87.6978516161099, 6.14898954036157E-15, -10.665875712669
-82.2261108901031, 7.32931348639331, -1.77635683940025E-15
-82.2261108901031, 7.42240409820972, -0.905033697393445
-82.2261108901031, 7.51098119068179, -1.81051867961138
-82.2261108901031, 7.59217994925472, -2.71669402494709
-82.2261108901031, 7.66591074954621, -3.62350826297479
-82.2261108901031, 7.7340387046523, -4.53076219516579
-82.2261108901031, 7.79797154169808, -5.43832108560014
-82.2261108901031, 7.85498259794087, -6.34633728716448
-82.2261108901031, 7.73170072358472, -7.10630353332539
-82.2261108901031, 7.72705231252937, -8.0160543584295
-82.2261108901031, 7.60376806089272, -8.91412813131353
-82.2261108901031, 7.06873722540268, -9.63349989214082
-82.2261108901031, 6.26131505705137, -10.0443516488645
-82.2261108901031, 5.386386637181, -10.292768972021
-82.2261108901031, 4.49935712313563, -10.4948133816769
-82.2261108901031, 3.60571019044714, -10.6653084276198
-82.226110890103, 2.70728723270201, -10.8086396495006
-82.2261108901031, 1.80630510934532, -10.9350203904885
-82.2261108901031, 0.904284802137128, -11.0538084465386
-82.2261108901031, 4.52857727963955E-15, -11.153572384747
-76.7443701640962, 7.45899346570417, -1.77635683940025E-15
-76.7443701640962, 7.5414009811525, -0.917582543133978
-76.7443701640962, 7.6162586365875, -1.83580993906037
-76.7443701640962, 7.68234307863681, -2.75471089021148
-76.7443701640962, 7.74127887636395, -3.67409946862586
-76.7443701640962, 7.79555678123357, -4.59377598884841
-76.7443701640962, 7.84627637278452, -5.51365542637224
-76.7443701640962, 7.89084236753147, -6.43385011012394
-76.7443701640962, 7.7542476120142, -7.20442270833575
-76.7443701640962, 7.729564800577, -8.12532713455675
-76.7443701640962, 7.59729845784794, -9.03454749185199
-76.7443701640962, 7.1053420108711, -9.80148582659331
-76.7443701640963, 6.3246258728623, -10.2799807228249
-76.7443701640962, 5.44752951727155, -10.559292924566
-76.7443701640962, 4.54958620390468, -10.7649587649394
-76.7443701640962, 3.64518613764533, -10.9403183858973
-76.7443701640962, 2.73642774331021, -11.0915652816314
-76.7443701640962, 1.8254540616221, -11.2289420219546
-76.7443701640962, 0.913597003846596, -11.3603484371518
-76.7443701640962, 1.85351216462148E-15, -11.4789280404207
-71.2626294380893, 7.61941517125554, -1.77635683940025E-15
-71.2626294380893, 7.68485797589155, -0.922222133241536
-71.2626294380893, 7.73654262560165, -1.84531669090858
-71.2626294380893, 7.77619719192569, -2.7690105351925
-71.2626294380893, 7.80886390285227, -3.6929812186956
-71.2626294380893, 7.83829257314146, -4.61706155761767
-71.2626294380893, 7.86552131451543, -5.54120923741337
-71.2626294380893, 7.88911870189566, -6.46545572970415
-71.2626294380893, 7.73714494077299, -7.23653589826797
-71.2626294380893, 7.68927373047271, -8.15974485836793
-71.2626294380893, 7.54588389559898, -9.07155501288355
-71.2626294380893, 7.09038529780333, -9.86550327175654
-71.2626294380893, 6.33502391996467, -10.3885088483201
-71.2626294380893, 5.46717973161657, -10.7036395192739
-71.2626294380893, 4.5687601201526, -10.9207881788489
-71.2626294380893, 3.66104702477347, -11.0962115117235
-71.2626294380894, 2.74850614235298, -11.2445799194208
-71.2626294380893, 1.83336717898068, -11.3761133201151
-71.2626294380893, 0.917158313015772, -11.5000108914387
-71.2626294380893, 2.55440309374748E-16, -11.6166472999412
-65.7808887120825, 7.75661782819372, -1.77635683940025E-15
-65.7808887120825, 7.80529106314821, -0.918602881075985
-65.7808887120825, 7.83284503669144, -1.83808308269285
-65.7808887120825, 7.84379874541032, -2.75792238744094
-65.7808887120824, 7.84716683802798, -3.67782740901708
-65.7808887120825, 7.84872577800669, -4.59773767775185
-65.7808887120825, 7.8486323336147, -5.51764906244374
-65.7808887120825, 7.8464918416439, -6.43755788839122
-65.7808887120825, 7.67310004254654, -7.20080441937234
-65.7808887120825, 7.59467436885388, -8.11712799962622
-65.7808887120825, 7.42816813358189, -9.02097457837101
-65.7808887120825, 7.00772753657733, -9.83036092941466
-65.7808887120825, 6.28439457415832, -10.389905216792
-65.7808887120825, 5.43761819181824, -10.7462247658065
-65.7808887120825, 4.54932120111058, -10.98365188574
-65.7808887120825, 3.64732964118917, -11.1640080763897
-65.7808887120825, 2.73900630505935, -11.3092634332895
-65.7808887120825, 1.82705641444566, -11.4299254752613
-65.7808887120824, 0.913772777945683, -11.5401445020578
-65.7808887120825, 6.38995816440696E-17, -11.6462372238562
-60.2991479860756, 7.84162067607648, -1.77635683940025E-15
-60.2991479860756, 7.87803509222911, -0.909363933776683
-60.2991479860756, 7.88635984608799, -1.81942127768301
-60.2991479860756, 7.87279783553872, -2.72943688212028
-60.2991479860756, 7.84957187538646, -3.63926817895274
-60.2991479860756, 7.82389812657265, -4.54903423373218
-60.2991479860756, 7.79713411349135, -5.45876911449847
-60.2991479860756, 7.77030102276443, -6.36850212139219
-60.2991479860756, 7.57169011122955, -7.11889216223121
-60.2991479860756, 7.45973040446874, -8.02168607868383
-60.2991479860756, 7.25691622945765, -8.9083875184927
-60.2991479860756, 6.86274051275065, -9.72294542992321
-60.2991479860756, 6.18440834456848, -10.3223501252983
-60.2991479860756, 5.36802452593754, -10.7220941287329
-60.2991479860756, 4.4986493877298, -10.9893244560638
-60.2991479860756, 3.60963946472161, -11.1837751958318
-60.2991479860756, 2.71197820139955, -11.3333763590329
-60.2991479860756, 1.80921129655138, -11.4486778092695
-60.2991479860756, 0.90467043790121, -11.5493565716798
-60.2991479860756, 2.2250748413499E-17, -11.6488817851751
-54.8174072600685, 7.88678953284143, -1.77635683940025E-15
-54.8174024671374, 7.91441600740557, -0.896864176237419
-54.8174040476972, 7.90620475983399, -1.79406148766416
-54.817407077164, 7.87042938852885, -2.69065812466605
-54.8174072600687, 7.82306310074137, -3.58673172024735
-54.8174072600687, 7.77253714114664, -4.48263404449741
-54.8174072600687, 7.72034173936005, -5.37844071847593
-54.8174072600687, 7.66738229015055, -6.27420261179595
-54.8174072600687, 7.44062958522702, -7.00807260271729
-54.8174072600687, 7.29696030764072, -7.89331897973948
-54.8174072600687, 7.05295180520724, -8.75639362043603
-54.8174072600687, 6.66964324378216, -9.56474765682272
-54.8174072600687, 6.04447635893937, -10.202562385311
-54.8174072600687, 5.26788663573373, -10.6490181877646
-54.8174072600687, 4.42636339524523, -10.9578430521646
-54.8174072600687, 3.55596356906295, -11.1754258995675
-54.8174072600687, 2.67371539260705, -11.3384122260641
-54.8174072600687, 1.78408232678404, -11.4552437496849
-54.8174072600687, 0.891992893901328, -11.5520140500055
-54.8174072600687, 5.94769643873234E-18, -11.6497010975897
-49.3356665340677, 7.90718839606312, -1.77635683940025E-15
-49.3356666296037, 7.92012014736675, -0.881892003288976
-49.335666556633, 7.89584848714175, -1.76353993960425
-49.3356665354151, 7.84042338943386, -2.64381475077766
-49.3356665340618, 7.76929758454592, -3.52298508833584
-49.3356665340619, 7.69394034273246, -4.40180532548979
-49.3356665340619, 7.61545769768994, -5.28035196306439
-49.3356665340619, 7.5335898185483, -6.15858952878676
-49.3356665340618, 7.27536171967237, -6.87156392319125
-49.3356665340618, 7.10008448230105, -7.73563273751993
-49.3356665340618, 6.81955874514647, -8.57137442762114
-49.3356665340619, 6.43293590083058, -9.36288243728606
-49.3356665340619, 5.86177633217269, -10.0308078297794
-49.3356665340619, 5.13770008700318, -10.5312241521364
-49.3356665340618, 4.33343636639012, -10.8909299213909
-49.3356665340619, 3.487842079174, -11.1410500153748
-49.3356665340619, 2.62605189747471, -11.3278674466908
-49.3356665340619, 1.75312263464356, -11.4536191089267
-49.3356665340619, 0.87652165464799, -11.5514095512815
-49.3356665340619, 5.73023531521587E-19, -11.6499712026132
-43.853925808055, 7.90768468956262, -1.77635683940025E-15
-43.853925808055, 7.89943382113981, -0.86360267474979
-43.853925808055, 7.85452847401093, -1.72606448885526
-43.853925808055, 7.7766018201959, -2.58620453788173
-43.853925808055, 7.67971321195267, -3.44444456539251
-43.853925808055, 7.57556113095359, -4.30183916657035
-43.853925808055, 7.4675449659637, -5.15875564861309
-43.853925808055, 7.35386694991731, -6.0149366632438
-43.853925808055, 7.05842653855718, -6.70024199336597
-43.853925808055, 6.84620679933886, -7.53725721283517
-43.853925808055, 6.54024077071479, -8.34430770104689
-43.853925808055, 6.14295865308011, -9.11063524079116
-43.853925808055, 5.62141563514965, -9.79681532451709
-43.853925808055, 4.96248981759934, -10.3528593334375
-43.853925808055, 4.20991453602097, -10.7746181560259
-43.853925808055, 3.39956792507301, -11.0718243593221
-43.853925808055, 2.56583374068756, -11.2962040934022
-43.853925808055, 1.71493538621497, -11.4430671916084
-43.853925808055, 0.857638557361064, -11.5478689937075
-43.853925808055, 4.13497986639061E-20, -11.65
-38.3721850820481, 7.87992336426535, -1.77635683940025E-15
-38.3721850820481, 7.83611978597642, -0.839669868350597
-38.3721850820481, 7.76120207212237, -1.67712129974789
-38.3721850820481, 7.65554134509519, -2.51126999683393
-38.3721850820481, 7.52889199700231, -3.34251598096299
-38.3721850820481, 7.39185033067981, -4.17212176823324
-38.3721850820481, 7.24858815282319, -5.00067577697259
-38.3721850820481, 7.0856265014646, -5.81643586489787
-38.3721850820481, 6.75383487721458, -6.47493878211451
-38.3721850820481, 6.49901810604402, -7.27614837957071
-38.3721850820481, 6.17819041467202, -8.05290757201052
-38.3721850820481, 5.77565257691683, -8.79076556861544
-38.3721850820481, 5.29389172621742, -9.47910290804159
-38.3721850820481, 4.70885212096028, -10.0816853764053
-38.3721850820481, 4.03094014149198, -10.5773522818794
-38.3721850820481, 3.27695099330591, -10.9470189125466
-38.3721850820481, 2.48328776459451, -11.2240611789429
-38.3721850820481, 1.66522004188124, -11.4163969983827
-38.3721850820481, 0.833584610797677, -11.5396986922705
-38.3721850820481, -4.31874661609546E-16, -11.65
-32.8804443560412, 7.78675727376417, -1.77635683940025E-15
-32.8804443560412, 7.69015653958949, -0.807039787615802
-32.8804443560412, 7.57170471658244, -1.61115159735149
-32.8804443560412, 7.42930185208098, -2.41137149476803
-32.8804443560412, 7.26678064301931, -3.2077616387788
-32.8804443560412, 7.09114126829247, -4.00137354246611
-32.8804443560412, 6.9065839623848, -4.79295746682759
-32.8804443560412, 6.594345882473, -5.43146420580251
-32.8804443560412, 6.32196257122545, -6.18461280987239
-32.8804443560412, 6.0300571727922, -6.94315517538502
-32.8804443560412, 5.69938747360343, -7.68549956211347
-32.8804443560412, 5.30981146384267, -8.39857845921173
-32.8804443560412, 4.8617733378261, -9.07647547491534
-32.8804443560412, 4.34904283539907, -9.70659977303884
-32.8804443560412, 3.76185650578098, -10.267729406636
-32.8804443560412, 3.09646992484974, -10.7327525860432
-32.8804443560412, 2.36163084329418, -11.079326016149
-32.8804443560412, 1.59713305111646, -11.353801522914
-32.8804443560412, 0.802828684249128, -11.5229491977866
-32.8804443560412, 1.11891210664394E-16, -11.65
-30.6977480656385, 7.71941564698387, -1.77635683940025E-15
-30.6977480656385, 7.59719006587404, -0.790918423833866
-30.6977480656385, 7.45677914268688, -1.57880347903504
-30.6977480656385, 7.29596773187206, -2.36277873330291
-30.6977480656385, 7.11682122259482, -3.14277600537549
-30.6977480656385, 6.92446543508896, -3.91963157319869
-30.6977480656385, 6.72267391534474, -4.69408743449126
-30.6977480656385, 6.38370302304903, -5.30077861832567
-30.6977480656385, 6.10653179690158, -6.05149819255073
-30.6977480656385, 5.80229600539091, -6.79169866186719
-30.6977480656385, 5.46841661868284, -7.51895200241708
-30.6977480656385, 5.08940174905682, -8.22362808537914
-30.6977480656385, 4.65915654806221, -8.89824442940732
-30.6977480656385, 4.17481032560196, -9.53499345850958
-30.6977480656385, 3.62463987172587, -10.1155184643531
-30.6977480656385, 2.99993626385981, -10.6146293190046
-30.6977480656385, 2.29766775755121, -10.9968464263312
-30.6977480656385, 1.56133982378856, -11.3094542492799
-30.6977480656385, 0.788341516685333, -11.5120499443671
-30.6977480656385, 2.28409724099113E-16, -11.65
-28.5050517752357, 7.62694066375039, -1.77635683940025E-15
-28.5050517752357, 7.47669778802921, -0.772552636657216
-28.5050517752357, 7.31147952818137, -1.54203660840205
-28.5050517752357, 7.12955502991463, -2.30774200822066
-28.5050517752357, 6.93202347352187, -3.06957475782459
-28.5050517752357, 6.72228619755728, -3.82814518318356
-28.5050517752357, 6.50338792424601, -4.58412047695734
-28.5050517752357, 6.15224293708373, -5.17672976140023
-28.5050517752357, 5.85976289806195, -5.90733681288985
-28.5050517752357, 5.54401603302111, -6.62823490472649
-28.5050517752357, 5.20722006698881, -7.33952370481457
-28.5050517752357, 4.8400271392916, -8.03555014615295
-28.5050517752357, 4.43270929775723, -8.70883768586034
-28.5050517752357, 3.97983921163082, -9.35228090629663
-28.5050517752357, 3.46921948889817, -9.95064938529105
-28.5050517752357, 2.88404004005121, -10.4759769892442
-28.5050517752357, 2.2219248790265, -10.8988839423948
-28.5050517752357, 1.51733344490161, -11.2489354312231
-28.5050517752357, 0.771940971716311, -11.4966027939363
-28.5050517752357, 4.23347415076976E-16, -11.65
-26.312355484833, 7.49833989476933, -1.77635683940025E-15
-26.312355484833, 7.31852030767505, -0.751632355650299
-26.312355484833, 7.12663846671568, -1.50027384068119
-26.312355484833, 6.92179816926635, -2.24547366890418
-26.312355484833, 6.70469507048823, -2.9871956393285
-26.312355484833, 6.47727256267812, -3.72582309489145
-26.312355484833, 6.24160058261936, -4.46185768371882
-26.312355484833, 5.88005969235743, -5.03971773178455
-26.312355484833, 5.57414986996216, -5.74938446576409
-26.312355484833, 5.24816229777379, -6.45010531169611
-26.312355484833, 4.90916735812175, -7.14462703041454
-26.312355484833, 4.5534443663884, -7.83071345319814
-26.312355484833, 4.1724433226697, -8.50304984701425
-26.312355484833, 3.7559185415058, -9.1538923586077
-26.312355484833, 3.28917786229738, -9.76950732979089
-26.312355484833, 2.74795362430239, -10.3201404128974
-26.312355484833, 2.13205278607365, -10.7849343629194
-26.312355484833, 1.46269588069289, -11.1706960132256
-26.312355484833, 0.752211033186771, -11.472697780565
-26.312355484833, 6.59567027088566E-16, -11.65
-24.1196591944302, 7.32263364821448, -1.77635683940025E-15
-24.1196591944302, 7.11254001249961, -0.728089623867556
-24.1196591944302, 6.89325220848728, -1.4534628365785
-24.1196591944302, 6.66482785926456, -2.17601125187514
-24.1196591944302, 6.42778934833383, -2.89578048804265
-24.1196591944302, 6.1828333665878, -3.6128949376741
-24.1196591944302, 5.9307723311519, -4.32754139800671
-24.1196591944302, 5.55917248007228, -4.88794472170753
-24.1196591944302, 5.24274444884199, -5.57645326810543
-24.1196591944302, 4.90900260968785, -6.25679776122618
-24.1196591944302, 4.56969854404824, -6.93439100820483
-24.1196591944302, 4.22540655796829, -7.60946102119565
-24.1196591944302, 3.87080483036391, -8.27915873149487
-24.1196591944302, 3.49379738399306, -8.93643993212193
-24.1196591944302, 3.07455747280367, -9.56744634670302
-24.1196591944302, 2.58703965448936, -10.1466685448705
-24.1196591944302, 2.02406958681082, -10.6533272954173
-24.1196591944302, 1.39520150609361, -11.0755205899392
-24.1196591944302, 0.720926068461087, -11.4199283054638
-24.1196591944302, 6.04820405122392E-16, -11.65
-21.9269629040275, 7.09164906487642, -1.77635683940025E-15
-21.9269629040275, 6.85148793213078, -0.702167550500306
-21.9269629040275, 6.60520887637231, -1.40221391440607
-21.9269629040275, 6.35376750022891, -2.10042308982152
-21.9269629040275, 6.09752408221279, -2.79688430401398
-21.9269629040275, 5.83596382051228, -3.49136546100394
-21.9269629040275, 5.5682425499113, -4.18349314013929
-21.9269629040275, 5.19350088331215, -4.73416060481969
-21.9269629040275, 4.863106035365, -5.39047476622207
-21.9269629040275, 4.5258682752121, -6.05152639882811
-21.9269629040275, 4.19009663214671, -6.71332261729458
-21.9269629040275, 3.8592856201725, -7.37761483657169
-21.9269629040275, 3.52979914743037, -8.04256549774856
-21.9269629040275, 3.19103142823149, -8.70280827733219
-21.9269629040275, 2.82045560237985, -9.34558932634074
-21.9269629040275, 2.39300985889748, -9.95167109869832
-21.9269629040275, 1.88792732271386, -10.494809986964
-21.9269629040275, 1.31461850675875, -10.9646509251942
-21.9269629040217, 0.682087036131945, -11.3514011365704
-21.9269629040275, 0, -11.6377714881533
-19.7342666136236, 6.80087813934058, -1.77635683940025E-15
-19.7342666136246, 6.53228227300064, -0.67413981281229
-19.7342666136247, 6.26045793755412, -1.3469853569786
-19.7342666136247, 5.98775028327563, -2.01947364771709
-19.7342666136247, 5.71443688286584, -2.69171588296714
-19.7342666136247, 5.4385015771077, -3.36288479821118
-19.7342666136247, 5.15693720690016, -4.03170942508009
-19.7342666136247, 4.81156739884155, -4.61991972358285
-19.7342666136247, 4.43867603605407, -5.1935153489747
-19.7342666136247, 4.1050498717061, -5.83795538597038
-19.7342666136247, 3.77640203898786, -6.48493081647564
-19.7342666136247, 3.46214441604391, -7.13902126551543
-19.7342666136247, 3.15814253593879, -7.79795063820134
-19.7342666136247, 2.85466099167969, -8.45711850978886
-19.7342666136247, 2.53150844853176, -9.10677999113795
-19.7342666136247, 2.16452371460601, -9.73256299636892
-19.7342666136248, 1.72930829442763, -10.3126306341685
-19.7342666136247, 1.22653199154166, -10.8346820681128
-19.7342666136247, 0.647328534579027, -11.2710107447098
-19.7342666136247, 0, -11.5948206252665
-17.5415703232224, 6.44968071944995, -3.18287912332085E-07
-17.5415703232222, 6.1558981107495, -0.646029918018863
-17.5415703232221, 5.86275591823654, -1.29235028942277
-17.541570323222, 5.57101213010229, -1.93930292827801
-17.541570323222, 5.28142702479371, -2.58722444643365
-17.541570323222, 4.99357078325041, -3.23591593070296
-17.541570323222, 4.70078438016887, -3.88239339831321
-17.541570323222, 4.38778902827343, -4.51429744145439
-17.541570323222, 3.97716017082288, -5.002556927724
-17.541570323222, 3.64786677952575, -5.63122763677276
-17.541570323222, 3.32983732250356, -6.26563068386874
-17.541570323222, 3.03388264991188, -6.91063382772898
-17.541570323222, 2.75558164856048, -7.56346815825435
-17.541570323222, 2.48488327492303, -8.21950508708889
-17.541570323222, 2.20506536939605, -8.87167226292958
-17.541570323222, 1.8942266989909, -9.50955333379557
-17.541570323222, 1.53406788237439, -10.1207059649645
-17.541570323222, 1.11219756386749, -10.690841364263
-17.541570323222, 0.600830566526534, -11.1821805854023
-17.541570323222, 0, -11.5511812643262
-15.3488740328589, 6.04171740340385, -4.93205868345482E-06
-15.3488740328407, 5.72387062512215, -0.617451371467966
-15.348874032827, 5.4089767973, -1.23640668521288
-15.3488740328206, 5.1016776328161, -1.85916302230278
-15.3488740328193, 4.80193273901194, -2.48559472077433
-15.3488740328192, 4.50532362376496, -3.11351947151476
-15.3488740328192, 4.2042546907955, -3.73931396034418
-15.3488740328192, 3.88904517402124, -4.3580439029127
-15.3488740328192, 3.47649928405858, -4.82140497742769
-15.3488740328192, 3.1537209161354, -5.43626782262932
-15.3488740328192, 2.85372414493048, -6.06254869922835
-15.3488740328192, 2.57777239682951, -6.69976288032223
-15.3488740328192, 2.32589011407637, -7.34689941103127
-15.3488740328192, 2.08714477442734, -7.99902135570926
-15.3488740328192, 1.84657592335775, -8.65046796182225
-15.3488740328192, 1.58750499204478, -9.29474213767134
-15.3488740328192, 1.29832836985327, -9.92600539271591
-15.3488740328192, 0.962174232134396, -10.5334473965311
-15.3488740328192, 0.537310267515321, -11.0816360650026
-15.3488740328192, 0, -11.5058343294525
-13.156177742828, 5.57892378748191, -2.00323763098798E-05
-13.156177742638, 5.24117860032882, -0.590144712209804
-13.1561777425015, 4.90924855294178, -1.18355400724156
-13.1561777424348, 4.58818476713975, -1.78290513509159
-13.1561777424176, 4.27824364068283, -2.38808930610234
-13.1561777424165, 3.97477155050706, -2.99654921317261
-13.1561777424165, 3.66866247112295, -3.60368414211772
-13.1561777424165, 3.35070346917611, -4.20466035174189
-13.1561777424165, 2.94100341056823, -4.65539718966999
-13.1561777424165, 2.63598918876949, -5.26307544649765
-13.1561777424165, 2.35203134333273, -5.88082336803657
-13.1561777424165, 2.09839850425108, -6.51160666965316
-13.1561777424165, 1.8737848122817, -7.15333285502565
-13.1561777424165, 1.66656909260268, -7.80092235465887
-13.1561777424165, 1.46344252724859, -8.44981315531878
-13.1561777424165, 1.25225729356705, -9.09611418709741
-13.1561777424165, 1.02607490317476, -9.73730834864527
-13.1561777424165, 0.771962630662242, -10.367886147158
-13.1561777424165, 0.445752125384913, -10.9631924536151
-13.1561777424165, 0, -11.4573101557399
-11.0229524243235, 5.07358005363273, -0.000102662300488102
-11.1438639664742, 4.74361299603537, -0.577534108946266
-11.2611179731217, 4.42362733646322, -1.16129075943629
-11.3730657908369, 4.11812224274848, -1.7537741656564
-11.4798385099133, 3.82673997006681, -2.35428236189045
-11.5832218484263, 3.54460730177939, -2.95979060634008
-11.6867802575642, 3.26199686653979, -3.56504726900371
-11.7939005414677, 2.96966609100016, -4.16501327250082
-11.9292770798938, 2.60022412328021, -4.62939183358412
-12.0278797573329, 2.33113785767597, -5.24157721272313
-12.1190662301822, 2.08229038121858, -5.86336770161413
-12.1997272732089, 1.86216675565857, -6.49730425924228
-12.2708780742636, 1.66799653789354, -7.14082679811155
-12.3367443047667, 1.48824788952165, -7.78911423034963
-12.4015322307594, 1.31144192933482, -8.43832403667032
-12.4690035906587, 1.12731289002159, -9.08521048656081
-12.5413873886171, 0.929777829222494, -9.72758299872073
-12.6233497777952, 0.706102835837273, -10.3600880939354
-12.731297926866, 0.411512819959561, -10.9574612096208
-12.8820907061166, 0, -11.454106382925
-9.44421819377766, 4.66052437599386, -0.000179710491296755
-9.66293260595164, 4.34650089763574, -0.565791673124951
-9.87374401000952, 4.04382431714976, -1.14049991779958
-10.07388808386, 3.7564635638342, -1.72675928013669
-10.26367542891, 3.48397268566763, -2.3234833621549
-10.4462689694036, 3.2218104525455, -2.92705547662732
-10.628142306499, 2.96068226548358, -3.53129833240056
-10.8153234884751, 2.69193323672475, -4.1305315722498
-11.0468010031195, 2.35958488533905, -4.59786165575936
-11.2160713936156, 2.11655162439255, -5.21318450718985
-11.3719738291866, 1.89271166516964, -5.83919420980403
-11.5095955997977, 1.69511852681373, -6.47817099978213
-11.6309275637218, 1.52091379577318, -7.12721708116064
-11.743481201263, 1.35931271785963, -7.78111901382057
-11.8544695349379, 1.19995905546791, -8.43584405179975
-11.9702150823015, 1.0337751308408, -9.08803159266149
-12.0946198008222, 0.855158632523543, -9.7353039909058
-12.2364238189648, 0.651560750794167, -10.3714418049046
-12.4263698175584, 0.378842082711593, -10.9664344172581
-12.6902297807059, 0, -11.4521571282649
-8.19267386769527, 4.30569498760041, -0.000266133162172658
-8.48780659677817, 4.0105622585175, -0.554103857800472
-8.77171651677867, 3.726652338517, -1.11953178240167
-9.04086518409767, 3.457503671198, -1.69920791185491
-9.29553766242416, 3.20283119287151, -2.29183729012367
-9.53971362553872, 2.95865522975695, -2.89325729173638
-9.78166611660973, 2.71670273868595, -3.49648230072521
-10.0294861386796, 2.46888271661611, -4.09490066013348
-10.3306393788998, 2.1677294763959, -4.56169822766689
-10.55330568593, 1.94506316936563, -5.17955718955853
-10.758128762977, 1.7402400923187, -5.80961212887834
-10.9388937018972, 1.55947515339851, -6.45419977786218
-11.0982260998339, 1.40014275546173, -7.11004704594971
-11.2461561245124, 1.25221273078331, -7.77125060010384
-11.3921857753809, 1.10618307991481, -8.43330293288811
-11.544527365718, 0.953841489577635, -9.09249263926574
-11.7084553188679, 0.789913536427725, -9.74607838533266
-11.8962486212178, 0.602120234077839, -10.3865853596418
-12.1506256617574, 0.347743193538263, -10.9776471590799
-12.4983688552957, 0, -11.4497346193979
-7.02101293163974, 3.9476253251416, -0.000373641344485965
-7.38504521987243, 3.67573724641415, -0.542433201470306
-7.73579421034145, 3.41377018410439, -1.09795417992905
-8.07009217163271, 3.16409005034688, -1.66904351201275
-8.38522022757757, 2.9287275167103, -2.25685964629818
-8.68543208131532, 2.70450558156209, -2.85676297712255
-8.98293972100394, 2.48230336715309, -3.45877276535964
-9.28612646676241, 2.25585954756748, -4.05633542997705
-9.64824486668949, 1.98540091186233, -4.52216807265322
-9.92053474458109, 1.78203331467392, -5.14243006131831
-10.1707759838523, 1.5951333830933, -5.77697512423329
-10.3919014238742, 1.42997943112599, -6.42812034869918
-10.5868772130464, 1.28435610476189, -7.09221045811422
-10.7680225906623, 1.14906242262871, -7.76241619346677
-10.946983870033, 1.01539999765282, -8.43354017674516
-11.133731850983, 0.875921848631384, -9.10133739717839
-11.3350073591318, 0.725593394331024, -9.76249679709136
-11.5668550317104, 0.552431231818226, -10.4077292635902
-11.8835743072589, 0.315880249643328, -10.9921625294477
-12.3065079298854, 0, -11.446768967417
-5.85346126352927, 3.56063145829115, -0.000514294770787089
-6.28369127739516, 3.31596685560193, -0.529862856759971
-6.69848115730468, 3.08008279847707, -1.07524715486364
-7.0931654350711, 2.85563246052947, -1.6400170456665
-7.46742133529726, 2.64279939872111, -2.2229191838111
-7.82559498964275, 2.43911204077332, -2.81906987365587
-8.17789466414701, 2.23876511677421, -3.41985805594219
-8.53528877012513, 2.03552107492579, -4.01663832299203
-8.95450731506462, 1.79711851017692, -4.48250233937623
-9.27665737625409, 1.61391716627487, -5.1051954395981
-9.57247898820941, 1.44568837046033, -5.74493946824734
-9.83455351195349, 1.29665097846006, -6.4038327610624
-10.0659601326988, 1.16505390921899, -7.07781896044355
-10.2812242326071, 1.04263682119654, -7.75889705795316
-10.4941449065974, 0.921552400242125, -8.44095448757426
-10.716494107757, 0.795106133810922, -9.11900269113387
-10.9568374152498, 0.658426920502817, -9.78883052337751
-11.235682563604, 0.499852355188598, -10.4384183411624
-11.6187412906846, 0.282013273192305, -11.0114558029411
-12.1146470044752, 0, -11.4431737723508
-4.65367428814001, 3.12369016868625, -0.000705076713833055
-5.14646716839689, 2.91192670713394, -0.519517463858908
-5.62319881032458, 2.70706509737711, -1.05578131758727
-6.07883915801997, 2.51126686019362, -1.61332476244296
-6.51253128423732, 2.32490023523772, -2.19125036106276
-6.92825167561818, 2.14625644259445, -2.7846447540434
-7.33620049704899, 1.97095225695495, -3.38442416870144
-7.74839050470624, 1.79382554442357, -3.98074996493647
-8.2221469487613, 1.59024243974576, -4.44965453478832
-8.59588039134508, 1.4296413217707, -5.07516307824133
-8.93887430015262, 1.28224962775397, -5.7212150502547
-9.2438790134762, 1.15118268975458, -6.38941219652359
-9.5140582121106, 1.03508100761902, -7.07521311466854
-9.7661291564275, 0.926760823087375, -7.76919172414212
-10.0160649500993, 0.81935815767919, -8.46408965070422
-10.2775597488716, 0.706988344752729, -9.15391014879778
-10.5617920917701, 0.58484773106137, -9.83291426024688
-10.8950567779386, 0.441636888568311, -10.4846602087285
-11.3530109796947, 0.244844339646441, -11.0378041963472
-11.922786079065, 0, -11.438840687104
-3.40839831866643, 2.61445301444458, -0.000971821315660823
-3.95979366380788, 2.44123672438767, -0.513307605184775
-4.49542935582538, 2.27297119909649, -1.0436610728742
-5.01005890194901, 2.11130458090924, -1.59637326217344
-5.50230248306296, 1.95667032859611, -2.17106536692824
-5.97557989309927, 1.80799414216004, -2.76303225753656
-6.43982266832342, 1.66215611157343, -3.36284211098827
-6.90741853856983, 1.51526473390095, -3.95977766745292
-7.43232038549519, 1.35037115732368, -4.43795142399996
-7.85848059205477, 1.21649645090736, -5.06788302694484
-8.24975933333725, 1.09357946849122, -5.72224534316635
-8.59935041526619, 0.98375831968704, -6.40199678679806
-8.91098885410878, 0.88585968000666, -7.1018253273492
-9.20360731074475, 0.793936010524721, -7.81068150790023
-9.49526673348712, 0.702313613613455, -8.51997401505052
-9.80165690173118, 0.606063674761441, -9.22238352607154
-10.1384243294003, 0.500270970947642, -9.90919230418647
-10.540343579266, 0.374011360710381, -10.5556600606705
-11.0850570035644, 0.202894140856183, -11.074216824584
-11.7309251536548, 0, -11.433631698952
-2.14081891196671, 2.00755533508006, -0.0013573134768627
-2.74367210414948, 1.87878011146035, -0.51548180926888
-3.33159064053358, 1.75319507355267, -1.04735143408209
-3.89926286207389, 1.63193484267147, -1.60172027468441
-4.44502249352704, 1.51535535118943, -2.17865139865267
-4.97188642978092, 1.40281216142445, -2.77369329607321
-5.48989112852237, 1.29216138975819, -3.37684881747504
-6.01062741676912, 1.18092712437581, -3.97753543745535
-6.57877272589742, 1.05956583744858, -4.47749318893332
-7.05299802345218, 0.958266765749842, -5.11700794500683
-7.48960711349702, 0.865002876740067, -5.78397519465223
-7.8819592644457, 0.781192694375182, -6.47907490765146
-8.23599976392408, 0.705566248198981, -7.19546514473756
-8.57270428009752, 0.633642934320507, -7.92059980081447
-8.91199812028219, 0.561166515999868, -8.64446320320758
-9.27147662023565, 0.484378460768088, -9.35802147065356
-9.67606279518395, 0.397954973544331, -10.0455317975691
-10.1767294150051, 0.291007781819338, -10.6602887456776
-10.8162162166382, 0.154407267879959, -11.1244384130271
-11.5390642282448, 0, -11.4273680158348
-0.955660809365703, 1.28035802253619, -0.00193141989535357
-1.59492808719281, 1.20159291252242, -0.53304510596824
-2.21962966183347, 1.12462246532607, -1.08144107736467
-2.82440310822149, 1.05010739363325, -1.65204391710418
-3.40784323908172, 0.97822083274145, -2.24478026086898
-3.97334131878566, 0.908544939722406, -2.85494096056987
-4.53265490268058, 0.839631047997146, -3.47089154313061
-5.09443248286985, 0.770413563477558, -4.08455537484531
-5.68180861355678, 0.698042041959559, -4.63466822356208
-6.18618034664995, 0.635897620646532, -5.29688911307468
-6.65309956818108, 0.578367781208403, -5.98640670841705
-7.07668137592064, 0.526177611550665, -6.70378493780692
-7.46833047389213, 0.477921920451673, -7.4394540770029
-7.84962034975545, 0.430942605130558, -8.18065983676539
-8.24221900991725, 0.382569917005473, -8.91581168749439
-8.66883456810974, 0.330005954262325, -9.63128642589137
-9.17203539925321, 0.26800580158948, -10.2936174183985
-9.81439705905252, 0.188859427987039, -10.8141408227967
-10.5523483385715, 0.0979353094967507, -11.1914349635177
-11.3472033028347, 0, -11.4198139317139
-0.129015658381064, 0.438786469407736, -0.00279264718565913
-0.775211576751018, 0.413071466325381, -0.575045503178151
-1.40359648213374, 0.388065242486049, -1.16679305348594
-2.00803077402909, 0.364012119838079, -1.78300347160389
-2.58818572849459, 0.340925179765854, -2.42218440595188
-3.15090368406626, 0.318532135256189, -3.07683894877865
-3.70910715826674, 0.296318741993267, -3.73536401728848
-4.27973165018703, 0.273611061317084, -4.37157636551443
-4.79691804837332, 0.25302991952179, -5.06269916084438
-5.2840794522009, 0.233643605487757, -5.7753996048673
-5.73936129350296, 0.215525920711977, -6.50888117898634
-6.16445428116561, 0.198609584385361, -7.26033680481702
-6.57444489003715, 0.182294238727556, -8.0201912276024
-6.99094320452867, 0.165719922585229, -8.7764663299319
-7.44596015083644, 0.147612779156741, -9.50988078869632
-7.9986027541746, 0.125620677621761, -10.1714240508704
-8.6876587264956, 0.0982000828014687, -10.6847012422517
-9.47545507234648, 0.066850170358621, -11.0357022644048
-10.3040245064596, 0.0338777158034926, -11.2743597066927
-11.1553423774243, 0, -11.4106535527304
