-109.579997112877, 6.30115988741185, -1.77635683940025E-15
-109.579997112877, 6.45715564285465, -0.766742813247621
-109.579997112877, 6.57942716367108, -1.5395913291365
-109.579997112877, 6.67318246327017, -2.3164393633014
-109.579997112877, 6.74775651780573, -3.09538446708419
-109.579997112877, 6.81282653998992, -3.87518943069583
-109.579997112877, 6.87251906947385, -4.6554254822424
-109.579997112877, 6.92858755955603, -5.43593100959798
-109.579997112877, 6.98277576565613, -6.2165696851413
-109.579997112877, 7.04480548320549, -6.9963238766845
-109.579997112877, 6.89676940747205, -7.72142743344541
-109.579997112877, 6.20351952359599, -8.07447880018105
-109.579997112877, 5.44364880851813, -8.25816330656431
-109.579997112877, 4.66803065976173, -8.36027061929767
-109.579997112877, 3.89083092214635, -8.45134002143045
-109.579997112877, 3.11316147925175, -8.53829360040089
-109.579997112877, 2.33507882791223, -8.62148152727149
-109.579997112877, 1.55688639652807, -8.70363770879678
-109.579997112877, 0.778677667730742, -8.78563995695844
-109.579997112877, 1.79903705323054E-22, -8.86306036820716
-107.442118229735, 6.51066051742404, -1.77635683940025E-15
-107.442118229735, 6.6268694070473, -0.783553951547797
-107.442118229735, 6.72982004173868, -1.56895676164036
-107.442118229735, 6.81866956234644, -2.35608053805798
-107.442118229735, 6.89555926508771, -3.14446675693551
-107.442118229735, 6.9638258471683, -3.93364895127911
-107.442118229735, 7.0261928935542, -4.72332128832843
-107.442118229735, 7.08601928948696, -5.51319108245799
-107.442118229735, 7.14668722950883, -6.30299638330109
-107.442118229735, 7.1795342917603, -7.06632993943584
-107.442118229735, 7.04284101693553, -7.79495957100386
-107.442118229735, 6.30897536180113, -8.08944621794329
-107.442118229735, 5.53588010448677, -8.25720238922887
-107.442118229735, 4.74662819335881, -8.32286249227702
-107.442118229735, 3.95615477701885, -8.37408279826471
-107.442118229735, 3.16530851060927, -8.41915853216609
-107.442118229735, 2.37415347113401, -8.45847112349866
-107.442118229735, 1.5828119109917, -8.4938406999233
-107.442118229735, 0.791334386974696, -8.52603191064923
-107.442118229735, 8.74116180149852E-18, -8.56156324821684
-105.249421939332, 6.65644066970696, -1.77635683940025E-15
-105.249421939332, 6.75462809608723, -0.795652709251333
-105.249421939332, 6.84933681535125, -1.59172554923266
-105.249421939332, 6.93728532669858, -2.38857181229587
-105.249421939332, 7.01748383253577, -3.18623583994795
-105.249421939332, 7.09131115683679, -3.98451599056426
-105.249421939332, 7.16067525913437, -4.78319727993357
-105.249421939332, 7.22764953385709, -5.58208304195576
-105.249421939332, 7.294311289452, -6.3809950105759
-105.249421939332, 7.28096413209877, -7.1138311998018
-105.249421939332, 7.15624746810643, -7.8578281885818
-105.249421939332, 6.39704824870268, -8.1109997519356
-105.249421939332, 5.60840023721001, -8.2493093491097
-105.249421939332, 4.80791962718799, -8.29238067489993
-105.249421939332, 4.00703906521298, -8.32833016886485
-105.249421939332, 3.20585488252741, -8.35664234755816
-105.249421939332, 2.40447028605713, -8.37868271335947
-105.249421939332, 1.60302198529163, -8.39828137265154
-105.249421939332, 0.801481884299108, -8.4136105839344
-105.249421939332, 5.58942107528977E-17, -8.43172713725738
-103.056725648929, 6.76559347638624, -1.77635683940025E-15
-103.056725648929, 6.85813667849543, -0.807425198795066
-103.056725648929, 6.94956013300718, -1.61497772608962
-103.056725648929, 7.03793874059881, -2.42286859174445
-103.056725648929, 7.12134440979183, -3.23128693801957
-103.056725648929, 7.1998191448246, -4.04020013484297
-103.056725648929, 7.27537608278053, -4.84939103714114
-103.056725648929, 7.34811718119007, -5.65884010313613
-103.056725648929, 7.41813018027499, -6.46852972170611
-103.056725648929, 7.36421968459857, -7.17901626327938
-103.056725648929, 7.25809069314573, -7.9533320502852
-103.056725648929, 6.48976725789661, -8.20647802074367
-103.056725648929, 5.6867975479572, -8.32568398750839
-103.056725648929, 4.87487923630438, -8.36124090965424
-103.056725648929, 4.06273010764032, -8.39139121360796
-103.056725648929, 3.25031905447314, -8.4133551535976
-103.056725648929, 2.43778717867017, -8.4304270525535
-103.056725648929, 1.62525252170149, -8.44736069315334
-103.056725648929, 0.812625612014282, -8.45877389252913
-103.056725648929, 1.56671200669072E-16, -8.47042284790595
-100.864029358526, 6.85457958002285, -1.77635683940025E-15
-100.864029358526, 6.94852830516678, -0.820304500055324
-100.864029358526, 7.04025590464426, -1.64086010333648
-100.864029358526, 7.12873333726167, -2.46177217578915
-100.864029358526, 7.2129297280243, -3.28313391807358
-100.864029358526, 7.2927547289215, -4.10493273793589
-100.864029358526, 7.370459982034, -4.9269349971679
-100.864029358526, 7.44628540562682, -5.74911272435685
-100.864029358526, 7.51901521522653, -6.57156923548736
-100.864029358526, 7.43618876502764, -7.27293966438733
-100.864029358526, 7.35017075071529, -8.07869277235297
-100.864029358526, 6.59329033030741, -8.38011247606413
-100.864029358526, 5.77730082656877, -8.49930686652578
-100.864029358526, 4.95262282051185, -8.53931332051075
-100.864029358526, 4.12747546066869, -8.56838968141876
-100.864029358526, 3.30205779243409, -8.58861120175312
-100.864029358526, 2.4765891040467, -8.6067101993687
-100.864029358526, 1.65117706771657, -8.62721535506851
-100.864029358526, 0.825602710561665, -8.63880438424285
-100.864029358526, 3.27917831521166E-16, -8.64891178216777
-98.6713330681237, 6.9301829206524, -1.77635683940025E-15
-98.6713330681237, 7.02851776684413, -0.833444274508672
-98.6713330681237, 7.12198315212245, -1.66744813099413
-98.6713330681237, 7.21017103788419, -2.5020265712099
-98.6713330681237, 7.29397513157806, -3.33705741164989
-98.6713330681237, 7.37459178414042, -4.17240241071308
-98.6713330681237, 7.45337352710891, -5.00792249966417
-98.6713330681237, 7.530071597937, -5.84363631951162
-98.6713330681237, 7.60247105545194, -6.67973128417339
-98.6713330681237, 7.4982023668539, -7.38079305844099
-98.6713330681237, 7.42220097377062, -8.20872178353736
-98.6713330681236, 6.69724173385812, -8.58642879601275
-98.6713330681237, 5.87050757279808, -8.72361024613972
-98.6713330681237, 5.03306019911367, -8.77777388823521
-98.6713330681237, 4.19459086895705, -8.8130187324532
-98.6713330681237, 3.35574401610177, -8.83823624790402
-98.6713330681237, 2.51690635845895, -8.86374860959523
-98.6713330681237, 1.67817044662562, -8.89241835842332
-98.6713330681237, 0.839130057654864, -8.90920771061674
-98.6713330681237, 5.99565181691265E-16, -8.92178808953414
-96.4786367777139, 6.99617583689236, -1.77635683940025E-15
-96.478636777718, 7.09855328166902, -0.846120033558714
-96.4786367777202, 7.19351608087635, -1.6931040968858
-96.4786367777209, 7.28171507656865, -2.54082025731918
-96.4786367777209, 7.36518083245877, -3.38901659347735
-96.4786367777209, 7.44573046335146, -4.23749512255773
-96.4786367777209, 7.52439597120603, -5.08615056307213
-96.4786367777209, 7.60055674171284, -5.93503440228346
-96.4786367777209, 7.67064884652006, -6.78443471989288
-96.4786367777209, 7.55072213767663, -7.49036291088675
-96.4786367777209, 7.47554863093084, -8.33436090034684
-96.478636777721, 6.79087905638853, -8.79109584822272
-96.4786367777209, 5.95735902738962, -8.96245017957315
-96.4786367777209, 5.10862461835847, -9.03988428545392
-96.4786367777209, 4.25789079805585, -9.0909996161963
-96.4786367777209, 3.40651073312526, -9.13044828562202
-96.4786367777209, 2.55517588044899, -9.17085804589425
-96.4786367777209, 1.70392900914381, -9.21305509766076
-96.4786367777209, 0.852083679737433, -9.23997634725949
-96.4786367777209, 2.77359782589931E-15, -9.25887031553683
-94.2859404873134, 7.05502694710156, -1.77635683940025E-15
-94.2859404873161, 7.1596243122781, -0.857722240142376
-94.2859404873176, 7.25561283816918, -1.71645037807597
-94.2859404873182, 7.34387079485946, -2.57600888042138
-94.2859404873182, 7.42688356437714, -3.43609122562868
-94.2859404873182, 7.50677069388523, -4.29646997121545
-94.2859404873182, 7.58446659735629, -5.1570493640646
-94.2859404873182, 7.65901687316076, -6.01790643625324
-94.2859404873183, 7.72482865171551, -6.87946025375887
-94.2859404873182, 7.5943550057623, -7.59294281411979
-94.2859404873182, 7.5140935736342, -8.44930842757219
-94.2859404873182, 6.86418971720475, -8.97154723603814
-94.2859404873182, 6.02929123105216, -9.1889083832451
-94.2859404873182, 5.17232872993501, -9.29915230293087
-94.2859404873182, 4.31187503245178, -9.37788764520461
-94.2859404873182, 3.4502457787991, -9.44290915929655
-94.2859404873182, 2.58851769277672, -9.50661766512986
-94.2859404873182, 1.72661082579914, -9.56778982180147
-94.2859404873182, 0.863592054314347, -9.61007197233714
-94.2859404873182, 3.75950458863736E-15, -9.63909184489878
-92.0932441969155, 7.10830256221878, -1.77635683940025E-15
-92.0932441969154, 7.2129555691394, -0.868284726518068
-92.0932441969154, 7.30928474622284, -1.73753159275072
-92.0932441969155, 7.39759748434464, -2.60763064094258
-92.0932441969154, 7.48009358310135, -3.47830181356101
-92.0932441969155, 7.55887536975119, -4.3493176571599
-92.0932441969155, 7.63498929946164, -5.22057059868115
-92.0932441969155, 7.70713844101248, -6.09215995106622
-92.0932441969154, 7.69034369158539, -6.89173611826129
-92.0932441969154, 7.63019457092625, -7.68710711876365
-92.0932441969155, 7.54068788923529, -8.55330645446534
-92.0932441969155, 6.9150848643811, -9.12461735227673
-92.0932441969154, 6.08361212973454, -9.39173476105552
-92.0932441969154, 5.22207072975071, -9.54141544613832
-92.0932441969154, 4.35513213873154, -9.65646841692345
-92.0932441969154, 3.48618508080452, -9.75547120985234
-92.0932441969155, 2.61653558156071, -9.84811242777588
-92.0932441969155, 1.74596082963787, -9.93149299319147
-92.0932441969155, 0.873553292584142, -9.99261390091178
-92.0932441969154, 4.36569079176916E-15, -10.0346917709264
-89.9005479065127, 7.15716203862003, -1.77635683940025E-15
-89.9005479065127, 7.26043420308083, -0.878078381399312
-89.9005479065127, 7.35649543528767, -1.75697363175317
-89.9005479065127, 7.44465554074115, -2.63669696088998
-89.9005479065127, 7.52640801418181, -3.51704009263946
-89.9005479065127, 7.60371722824888, -4.39778548784173
-89.9005479065127, 7.67782661416771, -5.27880579494964
-89.9005479065127, 7.74707470134705, -6.16021999470467
-89.9005479065127, 7.6420350640292, -6.89097453084557
-89.9005479065127, 7.65940837744995, -7.77489011864815
-89.9005479065127, 7.55824899818778, -8.64931160099959
-89.9005479065127, 6.94959501793312, -9.25818503119578
-89.9005479065127, 6.1240629341345, -9.57140227096552
-89.9005479065127, 5.26080373227916, -9.76128607594308
-89.9005479065127, 4.39008510476431, -9.91453739996631
-89.9005479065127, 3.51627745339207, -10.0492058459944
-89.9005479065127, 2.64059716122814, -10.1711045896219
-89.9005479065127, 1.7627738210689, -10.2763239890233
-89.9005479065128, 0.882317861929248, -10.3566030704108
-89.9005479065127, 5.77795939747098E-15, -10.4129459812623
-87.6978516161099, 7.20285573444192, -1.77635683940025E-15
-87.6978516161099, 7.3039449735527, -0.887158620729922
-87.6978516161099, 7.39916678639564, -1.77496461225776
-87.6978516161099, 7.48675582329965, -2.6635557957245
-87.6978516161099, 7.56739827335691, -3.55280511389615
-87.6978516161099, 7.64293302841227, -4.44250432213272
-87.6978516161099, 7.71477746281002, -5.33250884408983
-87.6978516161099, 7.7808943842486, -6.2229548915596
-87.6978516161099, 7.67001389751545, -6.96374989389836
-87.69785161611, 7.68309470314089, -7.85649499367804
-87.6978516161099, 7.56991080511898, -8.73810198783025
-87.6978516161099, 6.97548032150902, -9.37819969618293
-87.6978516161099, 6.15632381191896, -9.73036541862046
-87.6978516161099, 5.29274159797671, -9.95596175750519
-87.6978516161099, 4.4197929743955, -10.1435301865274
-87.6978516161099, 3.54255735080339, -10.309957046889
-87.6978516161099, 2.66188885390173, -10.4571294709572
-87.6978516161099, 1.77767048472269, -10.5810692604194
-87.69785161611, 0.890101925054724, -10.6782996552477
-87.6978516161099, 6.10033456268871E-15, -10.7485541242656
-82.2261108901007, 7.30919602363151, -1.77635683940025E-15
-82.2261108901021, 7.40397777524276, -0.905545510997239
-82.2261108901028, 7.49434639695082, -1.81154046986637
-82.2261108901031, 7.57734787339635, -2.71823889473138
-82.2261108901031, 7.65282670891111, -3.62559521767202
-82.2261108901031, 7.72264175488929, -4.53340647260345
-82.2261108901031, 7.78820439615594, -5.44153442483762
-82.2261108901031, 7.846727719534, -6.35013924564392
-82.2261108901031, 7.72438257147992, -7.11071965706116
-82.2261108901031, 7.72207706180297, -8.02115155786579
-82.2261108901031, 7.5912906337486, -8.91835656003273
-82.2261108901031, 7.04009231480582, -9.62656463426145
-82.2261108901031, 6.23483599787604, -10.0460455869822
-82.2261108901031, 5.36696699084477, -10.3198301840114
-82.2261108901031, 4.486459851604, -10.5514660565131
-82.2261108901031, 3.59962118262745, -10.7574766482849
-82.2261108901031, 2.7064758874005, -10.934155251066
-82.2261108901031, 1.807997101682, -11.0812869025029
-82.2261108901031, 0.905448145677709, -11.2011485127325
-82.2261108901031, 5.64138510864399E-15, -11.2966023260671
-76.7443701640962, 7.43186852613719, -1.77635683940025E-15
-76.7443701640962, 7.51695066867046, -0.917544319375358
-76.7443701640962, 7.59529672445901, -1.83568647576641
-76.7443701640962, 7.66523856913558, -2.75450709962888
-76.7443701640962, 7.72794162241921, -3.67385125302031
-76.7443701640962, 7.78575157127494, -4.59351739473647
-76.7443701640962, 7.83978789163538, -5.51341265075227
-76.7443701640962, 7.88726969456929, -6.43366590618606
-76.7443701640962, 7.75258680080067, -7.20479376860423
-76.7443701640962, 7.73122970254991, -8.12598568385198
-76.7443701640962, 7.5961082741529, -9.034671774921
-76.7443701640962, 7.09215635831054, -9.79402788797485
-76.7443701640962, 6.30747302126735, -10.2677443209691
-76.7443701640962, 5.43315686928439, -10.5564974883181
-76.7443701640962, 4.54231799875, -10.7920290237639
-76.7443701640962, 3.64439255714303, -10.9987921271173
-76.7443701640962, 2.7391862690644, -11.170968620857
-76.7443701640962, 1.82919845673932, -11.3158582248538
-76.7443701640962, 0.915714175540536, -11.4368734216874
-76.7443701640962, 2.07907508518822E-15, -11.5397145308908
-71.2626294380893, 7.59725741026541, -1.77635683940025E-15
-71.2626294380893, 7.66525376005699, -0.922708075460076
-71.2626294380893, 7.72045516956791, -1.84626883113479
-71.2626294380893, 7.76416391530471, -2.77044836352798
-71.2626294380893, 7.80090071074681, -3.69493428741703
-71.2626294380893, 7.83421146588682, -4.61955088326255
-71.2626294380893, 7.86512325887469, -5.54425067431595
-71.2626294380893, 7.89200285429851, -6.46907518273239
-71.2626294380893, 7.74223045995362, -7.24126107441885
-71.2626294380893, 7.69771735053264, -8.16531905934558
-71.2626294380893, 7.55518601088567, -9.07778481402607
-71.2626294380893, 7.09250362204721, -9.8682729924131
-71.2626294380893, 6.33269796736026, -10.3860844550255
-71.2626294380893, 5.46314235877841, -10.6986954937064
-71.2626294380893, 4.56978132924747, -10.9389856883624
-71.2626294380893, 3.66671497065076, -11.1398084834401
-71.2626294380893, 2.75510905226169, -11.2975428077151
-71.2626294380893, 1.83914934252899, -11.4279532014657
-71.2626294380893, 0.920762291271619, -11.5400881064877
-71.2626294380893, 1.19999626263754E-15, -11.630471401695
-65.7808887120825, 7.74764863200846, -1.77635683940025E-15
-65.7808887120825, 7.79750892076069, -0.919477685083675
-65.7808887120825, 7.82681260470989, -1.83984093091844
-65.7808887120825, 7.83990111570153, -2.76058865674652
-65.7808887120825, 7.8455241198423, -3.68141845000585
-65.7808887120825, 7.84938733853348, -4.60225764609503
-65.7808887120825, 7.85149048857158, -5.52310244975872
-65.7808887120825, 7.85124094220896, -6.44394949515416
-65.7808887120825, 7.67953398064768, -7.20837544392891
-65.7808887120825, 7.60348081796521, -8.12585105687088
-65.7808887120825, 7.4387512072832, -9.03092472004588
-65.7808887120825, 7.01416728151333, -9.83898688026056
-65.7808887120825, 6.28670471778689, -10.3946662619332
-65.7808887120825, 5.43729379882473, -10.7470375400526
-65.7808887120825, 4.55281277203273, -11.0024198855237
-65.7808887120825, 3.65476239626699, -11.2054586754698
-65.7808887120825, 2.74623252475782, -11.3549235681989
-65.7808887120825, 1.8328711186234, -11.4719572629958
-65.7808887120825, 0.917765660787214, -11.5745977857254
-65.7808887120825, 7.0259802272707E-17, -11.649299402143
-60.2991479860756, 7.83794552968195, -1.77635683940025E-15
-60.2991479860756, 7.87498361689835, -0.910310123942715
-60.2991479860756, 7.88429778481962, -1.82132852792563
-60.2991479860756, 7.87203789490535, -2.73233272565418
-60.2991479860756, 7.85026870117042, -3.64317001347276
-60.2991479860756, 7.8260934645634, -4.55394712772196
-60.2991479860756, 7.80083241940674, -5.46469500543689
-60.2991479860756, 7.77547491934186, -6.37544021122865
-60.2991479860756, 7.57829874358571, -7.12697904927792
-60.2991479860756, 7.4680015219427, -8.03096337355038
-60.2991479860756, 7.26716525086049, -8.9190929396187
-60.2991479860756, 6.8707196431118, -9.73340781758981
-60.2991479860756, 6.18839161998281, -10.3296980122548
-60.2991479860756, 5.36942124639236, -10.7263752962927
-60.2991479860756, 4.50190936170866, -11.0037178118731
-60.2991479860756, 3.61656830301509, -11.2181572034183
-60.2991479860756, 2.7184670445508, -11.3705376160451
-60.2991479860756, 1.8142698107111, -11.4822446799001
-60.2991479860756, 0.908336394851645, -11.579081155819
-60.2991479860756, 2.37410651549147E-17, -11.6499672690907
-54.8174072600687, 7.88456163781182, -1.77635683940025E-15
-54.8174016300856, 7.91310807253657, -0.898021344140774
-54.8174030575885, 7.90605056809813, -1.79640162567996
-54.8174070221397, 7.87145417513082, -2.69422997090501
-54.8174072600687, 7.82569497590699, -3.59157230365512
-54.8174072600687, 7.7768505983656, -4.48875306376565
-54.8174072600687, 7.72640603336285, -5.38584535882637
-54.8174072600687, 7.67531147457325, -6.28290108397073
-54.8174072600687, 7.45038432288716, -7.01823736295804
-54.8174072600687, 7.30838262864098, -7.90495104081193
-54.8174072600687, 7.06691931961266, -8.76996808877494
-54.8174072600687, 6.68280553316223, -9.57907191718295
-54.8174072600687, 6.05317243012207, -10.2140734786754
-54.8174072600687, 5.2729901871395, -10.656712094152
-54.8174072600687, 4.43064053654041, -10.9674504310312
-54.8174072600687, 3.5630064721044, -11.2003193701563
-54.8174072600687, 2.68004672098968, -11.3654889075651
-54.8174072600687, 1.78880763544645, -11.4791784647546
-54.8174072600687, 0.895058294369641, -11.5713143146365
-54.8174072600687, 6.63904862475557E-18, -11.6499908469946
-49.3356665340624, 7.90619755555968, -1.77635683940025E-15
-49.335666548089, 7.92044248535742, -0.883456871851599
-49.3356665373698, 7.89782308011137, -1.76673482303698
-49.3356665342589, 7.84428806582345, -2.64871508598712
-49.3356665340618, 7.77532280369857, -3.5296474166936
-49.3356665340618, 7.70222964532492, -4.41024927291801
-49.3356665340618, 7.62617715550715, -5.29060045277578
-49.3356665340618, 7.54704958143872, -6.17068053312145
-49.3356665340619, 7.29136532661612, -6.88578947025325
-49.3356665340619, 7.11785890266343, -7.75182359791827
-49.3356665340619, 6.84005095903194, -8.59016149064706
-49.3356665340619, 6.45430518595361, -9.38375202813738
-49.3356665340618, 5.87841038922662, -10.0495449115471
-49.3356665340619, 5.14891017471527, -10.5448373648388
-49.3356665340619, 4.34088904279461, -10.9000933391737
-49.3356665340619, 3.49599746469374, -11.1581564778409
-49.3356665340618, 2.63288168990866, -11.3459573365721
-49.3356665340619, 1.75790969712803, -11.4686686375845
-49.3356665340619, 0.879255230989127, -11.5621741917116
-49.3356665340619, 7.78192970363552E-19, -11.6499989271348
-43.853925808055, 7.90860094536475, -1.77635683940025E-15
-43.853925808055, 7.90323155993335, -0.865770735026529
-43.853925808055, 7.86093058990627, -1.73051278873951
-43.853925808055, 7.78563159808626, -2.59304201657274
-43.853925808055, 7.69167550346527, -3.45376762842063
-43.853925808055, 7.59075298401206, -4.31370959437796
-43.853925808055, 7.48616811861032, -5.1732139567112
-43.853925808055, 7.37634729826915, -6.03206266082577
-43.853925808055, 7.08438817680682, -6.72058956261368
-43.853925808055, 6.87390640852263, -7.56024875280829
-43.853925808055, 6.56969175196569, -8.3702852589466
-43.853925808055, 6.17443625481451, -9.14003895198576
-43.853925808055, 5.64902042108246, -9.82577103978171
-43.853925808055, 4.9830950099086, -10.3766716480567
-43.853925808055, 4.22401815406962, -10.7911292337849
-43.853925808055, 3.41038981850032, -11.0860271686654
-43.853925808055, 2.57402589729174, -11.3086624241134
-43.853925808055, 1.72024076446049, -11.4514498659883
-43.853925808055, 0.860381262991526, -11.5528868625546
-43.853925808055, 3.73908126251594E-21, -11.65
-38.3721850820481, 7.88535736069133, -1.77635683940025E-15
-38.3721850820481, 7.8463683634555, -0.842510099167593
-38.3721850820481, 7.77542018339226, -1.68291675298727
-38.3721850820481, 7.67325465205452, -2.52012229198895
-38.3721850820481, 7.55022991677887, -3.35454377417894
-38.3721850820481, 7.41717879072019, -4.18743468718408
-38.3721850820481, 7.27821318891799, -5.01935907158584
-38.3721850820481, 7.12886167040553, -5.84946746979929
-38.3721850820481, 6.79147323284898, -6.5010248786206
-38.3721850820481, 6.5363136034449, -7.30485360735584
-38.3721850820481, 6.21494535289835, -8.08421624627585
-38.3721850820481, 5.8136646466542, -8.82573038239389
-38.3721850820481, 5.33069956559677, -9.51630372420363
-38.3721850820481, 4.73971163188573, -10.1166123374514
-38.3721850820481, 4.05333740020692, -10.6049001956229
-38.3721850820481, 3.29195512069047, -10.9653686349925
-38.3721850820481, 2.49371577070408, -11.2370661902688
-38.3721850820481, 1.67132914547443, -11.42237694265
-38.3721850820481, 0.836517817641006, -11.5420601383998
-38.3721850820481, 8.79313105306237E-18, -11.65
-32.8804443560412, 7.80074472299427, -1.77635683940025E-15
-32.8804443560412, 7.71032481280567, -0.810421085311045
-32.8804443560412, 7.5970849259441, -1.61795764617894
-32.8804443560412, 7.45905431993134, -2.42163152810354
-32.8804443560412, 7.30061143956679, -3.22154547642415
-32.8804443560412, 7.12920752076094, -4.01879453817696
-32.8804443560412, 6.94912018618297, -4.81412574096203
-32.8804443560412, 6.65247948024422, -5.47177415373987
-32.8804443560412, 6.3690133011051, -6.21219171017647
-32.8804443560412, 6.07279368473686, -6.97190235916907
-32.8804443560412, 5.7380256770201, -7.71532145643293
-32.8804443560413, 5.34623975914042, -8.43024079392496
-32.8804443560412, 4.89774898411805, -9.11101563205706
-32.8804443560412, 4.38257112981565, -9.74251643671798
-32.8804443560412, 3.79026851557254, -10.3020291491273
-32.8804443560412, 3.11642741804676, -10.7591927238268
-32.8804443560412, 2.37503307561318, -11.0980523240118
-32.8804443560412, 1.60442879973147, -11.3630406936121
-32.8804443560412, 0.80588063623918, -11.5253074568694
-32.8804443560412, -3.51350531679725E-16, -11.65
-30.6977480656386, 7.73771663713745, -1.77635683940025E-15
-30.6977480656385, 7.62199057118562, -0.794466547760725
-30.6977480656385, 7.48724753978304, -1.58592073095466
-30.6977480656385, 7.33124548079084, -2.37346048374288
-30.6977480656385, 7.15645913942255, -3.15705456825866
-30.6977480656385, 6.96843247797965, -3.93758526640844
-30.6977480656385, 6.77028074710315, -4.71560874947936
-30.6977480656385, 6.43539517140153, -5.32540629644961
-30.6977480656385, 6.1567226120024, -6.0782416867358
-30.6977480656385, 5.84663165126189, -6.81876503378882
-30.6977480656385, 5.50700128800277, -7.54616429679941
-30.6977480656385, 5.12379627212078, -8.25148789974462
-30.6977480656385, 4.69175175843734, -8.92798913448789
-30.6977480656385, 4.20550063322609, -9.56646831763279
-30.6977480656385, 3.65205884826371, -10.1473752422492
-30.6977480656385, 3.02165327993144, -10.6431942094928
-30.6977480656385, 2.3121209731038, -11.017473751535
-30.6977480656385, 1.56951470562889, -11.3215244081064
-30.6977480656385, 0.791439366564396, -11.5150302890716
-30.6977480656385, 1.93962663930747E-16, -11.65
-28.5050517752357, 7.6512492663521, -1.77635683940025E-15
-28.5050517752357, 7.50784022945291, -0.776422883864072
-28.5050517752357, 7.34873120222013, -1.54977530144769
-28.5050517752357, 7.17203545432309, -2.31929922237681
-28.5050517752357, 6.9790270802471, -3.08489928884843
-28.5050517752357, 6.77349348897464, -3.84724040951938
-28.5050517752357, 6.55869718146987, -4.60702127854044
-28.5050517752357, 6.21051061911515, -5.20228019652741
-28.5050517752357, 5.91512110967747, -5.93440512813488
-28.5050517752357, 5.59225890067918, -6.65491490751312
-28.5050517752357, 5.24823691427903, -7.36555116791568
-28.5050517752357, 4.87492403392984, -8.06119690557025
-28.5050517752357, 4.46374743300731, -8.73511594275075
-28.5050517752357, 4.00825866094903, -9.37980990428247
-28.5050517752357, 3.4949818833985, -9.97924117195124
-28.5050517752357, 2.90731098657972, -10.5055483104477
-28.5050517752357, 2.23811354182178, -10.9219936566062
-28.5050517752357, 1.52714086644895, -11.2647167444381
-28.5050517752357, 0.775349612554778, -11.5008460884441
-28.5050517752357, 3.72859870263528E-16, -11.65
-26.312355484833, 7.53140666880108, -1.77635683940025E-15
-26.312355484833, 7.35905384377972, -0.756277932609568
-26.312355484833, 7.17375760195864, -1.50948594946595
-26.312355484833, 6.97436874484076, -2.25908616557014
-26.312355484833, 6.76176900587908, -3.00504988455712
-26.312355484833, 6.53841196136195, -3.74786867316351
-26.312355484833, 6.30666675124934, -4.48811113535537
-26.312355484833, 5.94777207813197, -5.06914083793984
-26.312355484833, 5.63813779839646, -5.78023765545104
-26.312355484833, 5.3045776984122, -6.48051456810318
-26.312355484833, 4.95771215091302, -7.17430091103915
-26.312355484833, 4.59474916151566, -7.85978782042674
-26.312355484833, 4.2081637282969, -8.53220044301455
-26.312355484833, 3.78772118183588, -9.18389343311384
-26.312355484833, 3.31788151454973, -9.80071276716424
-26.312355484833, 2.77481907174673, -10.3535488472258
-26.312355484833, 2.15186622223349, -10.8128533578532
-26.312355484833, 1.47611800214996, -11.1930311431775
-26.312355484833, 0.756784962475317, -11.4799258623669
-26.312355484833, 6.15152349797091E-16, -11.65
-24.1196591944302, 7.36688004187487, -1.77635683940025E-15
-24.1196591944302, 7.16564249675011, -0.734326718694032
-24.1196591944302, 6.9537705530009, -1.46565458511821
-24.1196591944302, 6.73093524965036, -2.19371706276906
-24.1196591944302, 6.49804207936106, -2.91862676455443
-24.1196591944302, 6.25674645878511, -3.64078542881948
-24.1196591944302, 6.00838176687236, -4.36054185807915
-24.1196591944302, 5.63952802489696, -4.92580631411357
-24.1196591944302, 5.31946615841843, -5.61658196645583
-24.1196591944302, 4.97916343235533, -6.29770138666298
-24.1196591944302, 4.63294931608376, -6.97584264371628
-24.1196591944302, 4.28193883407804, -7.65151175685792
-24.1196591944302, 3.9217115134257, -8.32230112983014
-24.1196591944302, 3.5404941398486, -8.98132549851404
-24.1196591944302, 3.1177183694915, -9.61431527230388
-24.1196591944302, 2.62643109595858, -10.1950746487971
-24.1196591944302, 2.05707827746875, -10.6996167856843
-24.1196591944302, 1.41705751896976, -11.111509253459
-24.1196591944302, 0.731334822138239, -11.4407507434694
-24.1196591944302, 1.53312905031113E-15, -11.65
-21.9269629040275, 7.14887498018403, -1.77635683940025E-15
-21.9269629040275, 6.92013289136606, -0.711108483845215
-21.9269629040275, 6.68282117210519, -1.41940303391306
-21.9269629040275, 6.43730985454098, -2.12489813673435
-21.9269629040275, 6.18462174172975, -2.8278558506405
-21.9269629040275, 5.92594917723186, -3.5286342939506
-21.9269629040275, 5.66154159582853, -4.22726768798514
-21.9269629040275, 5.28220333101802, -4.77377669752977
-21.9269629040275, 4.95706266376357, -5.44621775632172
-21.9269629040275, 4.61621833717904, -6.11091775548553
-21.9269629040275, 4.27622246378015, -6.77605223358233
-21.9269629040275, 3.9410287276673, -7.44362127997094
-21.9269629040275, 3.60828002822771, -8.11241345664424
-21.9269629040275, 3.26753383307649, -8.77714120216073
-21.9269629040275, 2.89434629015156, -9.42405204693589
-21.9269629040275, 2.46058823143855, -10.0315435343273
-21.9269629040275, 1.94546526682995, -10.5718955587289
-21.9269629040275, 1.35192979693065, -11.0241692320466
-21.9269629040277, 0.700254574794044, -11.3873764394176
-21.9269629040275, 0, -11.6405632113136
-19.7342666136247, 6.87202052802166, -1.77635683940025E-15
-19.7342666136247, 6.61852607518062, -0.687006034830461
-19.7342666136247, 6.358480987915, -1.37155994501229
-19.7342666136247, 6.09273561024862, -2.05392196402809
-19.7342666136247, 5.82234521608432, -2.73445765459082
-19.7342666136247, 5.54808161210829, -3.41344151697132
-19.7342666136247, 5.26907197551989, -4.09048735227433
-19.7342666136247, 4.90483146900552, -4.6545684925941
-19.7342666136247, 4.55428614168289, -5.27102335812
-19.7342666136247, 4.22109732498195, -5.92311693058592
-19.7342666136247, 3.89359276517587, -6.57806672850275
-19.7342666136247, 3.57947100398583, -7.23954495200507
-19.7342666136247, 3.27597755098684, -7.90597192034705
-19.7342666136247, 2.97451858486296, -8.57332316027904
-19.7342666136247, 2.65119361494557, -9.23023985886061
-19.7342666136247, 2.27670285407485, -9.85913076786286
-19.7342666136247, 1.82214069043842, -10.4325224437764
-19.7342666136247, 1.28559208230315, -10.9289734052889
-19.7342666136252, 0.674241669336773, -11.3304145501619
-19.7342666136247, 0, -11.6121223090622
-17.541570323222, 6.53453823328589, -9.01411111445233E-08
-17.541570323222, 6.25993914668632, -0.66324256898119
-17.541570323222, 5.9809686497098, -1.32465923154301
-17.541570323222, 5.69872306688675, -1.9846853542149
-17.541570323222, 5.41396524236098, -2.64363174141829
-17.541570323222, 5.12710100446958, -3.30166376125522
-17.541570323222, 4.83624381770704, -3.95793855922118
-17.541570323222, 4.49559388492784, -4.55177763225501
-17.541570323222, 4.12069922832736, -5.10385168846823
-17.541570323222, 3.79782863616081, -5.74498418113997
-17.541570323222, 3.48818567224969, -6.39257327670799
-17.541570323222, 3.1985761987901, -7.04937566812213
-17.541570323222, 2.925630292351, -7.71328701774547
-17.541570323222, 2.66161942145568, -8.38081653477533
-17.541570323222, 2.38558517025016, -9.04340197029822
-17.541570323222, 2.06810771007698, -9.68700119491374
-17.541570323222, 1.68016957145334, -10.2902945014737
-17.541570323222, 1.20881704291946, -10.8300606005781
-17.541570323222, 0.644416211326596, -11.2724584895458
-17.541570323222, -4.44089209850063E-16, -11.5834992084827
-15.3488740328385, 6.13889114519016, -3.19347630772353E-06
-15.3488740328283, 5.84793161802096, -0.64073750761988
-15.3488740328226, 5.55463887350885, -1.28040747008629
-15.34887403282, 5.25983895643579, -1.91938442910447
-15.3488740328193, 4.96435519186833, -2.55804553159982
-15.3488740328192, 4.6688066086703, -3.19667656110304
-15.3488740328192, 4.37031891823929, -3.83393718492552
-15.3488740328192, 4.05530704321433, -4.45871213220155
-15.3488740328192, 3.65679507489968, -4.94820745365392
-15.3488740328192, 3.35090466072567, -5.58193207607963
-15.3488740328192, 3.06502120931324, -6.22491700429612
-15.3488740328192, 2.80223115049912, -6.87766826908196
-15.3488740328192, 2.56084803033733, -7.53865329973965
-15.3488740328192, 2.33334332658729, -8.20456208898728
-15.3488740328192, 2.10032194015941, -8.86854021217423
-15.3488740328192, 1.83646947561571, -9.52078169133411
-15.3488740328192, 1.51680013020107, -10.1472240157602
-15.3488740328192, 1.11742370849905, -10.7256306605762
-15.3488740328192, 0.608751155225569, -11.2109099929282
-15.3488740328192, 0, -11.5543627348196
-13.1561777426831, 5.68708583249208, -1.54189379514915E-05
-13.1561777425447, 5.38357699572443, -0.619497836213558
-13.1561777424651, 5.07989369264083, -1.23889476839554
-13.156177742428, 4.77683598427113, -1.85859794746997
-13.1561777424171, 4.4752051384766, -2.47899669175908
-13.1561777424165, 4.17574951851676, -3.10044798898211
-13.1561777424165, 3.87512413232136, -3.72133365495613
-13.1561777424165, 3.56492820185311, -4.33745251370005
-13.1561777424165, 3.1741762435606, -4.81277715898287
-13.1561777424165, 2.89134223249915, -5.44194926153176
-13.1561777424165, 2.62942865550522, -6.08008431836773
-13.1561777424165, 2.39507458224777, -6.72883701597158
-13.1561777424165, 2.18568070913005, -7.38609573961261
-13.1561777424165, 1.99253902455283, -8.04833591553664
-13.1561777424165, 1.79949628744777, -8.71060474317497
-13.1561777424165, 1.58516805860856, -9.36623797089639
-13.1561777424165, 1.3302670054121, -10.007018842037
-13.1561777424165, 1.005564793137, -10.6150490022927
-13.1561777424165, 0.564850935252425, -11.1444074767416
-13.1561777424165, 0, -11.5243187309012
-10.9835221283534, 5.18118515493258, -8.65232407882935E-05
-11.0904592356176, 4.88935426762183, -0.612176880098484
-11.1963725475439, 4.60031731320812, -1.22576814562314
-11.3007323829997, 4.31551978913248, -1.84160303219073
-11.4033912493036, 4.03536420226252, -2.45984856889006
-11.5045835885639, 3.75921076113352, -3.08013357653897
-11.6057368296539, 3.48316401873659, -3.70047298601867
-11.7099877785806, 3.19866364551145, -4.31641609344495
-11.8374849388941, 2.85072446541056, -4.80524752976207
-11.9282063685073, 2.603146089864, -5.43904927576666
-12.0117403209651, 2.37518230731922, -6.08111498647849
-12.0858389020599, 2.17296761101253, -6.73288674192732
-12.1518422759637, 1.99284469891369, -7.39199327562795
-12.2130223473378, 1.82588455784014, -8.05504009364596
-12.2748270803297, 1.65721971800613, -8.71759237288777
-12.3441188654451, 1.46812274642242, -9.37380464392349
-12.4274701298147, 1.24065751885318, -10.01587874974
-12.5359632189585, 0.944580363954342, -10.6249256328874
-12.6867957105514, 0.532959169189055, -11.1517823030989
-12.8820907061162, 0, -11.5204754143877
-9.37229068965675, 4.76379569135509, -0.000158138728358381
-9.5640000366788, 4.48854526141205, -0.608517278419987
-9.7526377974867, 4.21770492121779, -1.21980712612859
-9.93736591932893, 3.95247792133762, -1.83474032063464
-10.1180992964024, 3.69298645408633, -2.45329773778047
-10.2953677259622, 3.43846985273336, -3.07491805441314
-10.4721221632945, 3.18469122573475, -3.69698839495387
-10.6603042297039, 2.91450515765113, -4.29743604733043
-10.870403945047, 2.61285039810276, -4.80780528538332
-11.0253708919001, 2.39035358503197, -5.44739007395369
-11.1675971469014, 2.18614946850659, -6.09593997443512
-11.2931377209897, 2.00590214342905, -6.75494996428107
-11.4049297955106, 1.84539449445888, -7.42152713835538
-11.5092428257596, 1.69562502901179, -8.0918273457751
-11.6159987840712, 1.54234808200485, -8.76093696720706
-11.7370247680295, 1.36858266766142, -9.42250687742228
-11.8845425241281, 1.15678117534444, -10.0671650544026
-12.0793860898843, 0.877030729791711, -10.6714195037889
-12.3493541747635, 0.48941879230304, -11.1795739330288
-12.6902297807059, 0, -11.5177713195585
-8.09541403652011, 4.40295481877556, -0.000240506385929295
-8.35268827411775, 4.14568058117793, -0.606233992682962
-8.60491766862794, 3.89345118666773, -1.21645179332949
-8.85106934146943, 3.64729951382624, -1.83161223012581
-9.09115503560497, 3.4072138196907, -2.45155020432469
-9.32597579455114, 3.17239306074452, -3.07550949734401
-9.55986096640452, 2.93850788889115, -3.70017489537084
-9.82021773743145, 2.67815111786422, -4.27445306061369
-10.0797769805181, 2.41859187477753, -4.81556510789292
-10.2829347552592, 2.21543410003651, -5.46134423028582
-10.4688502575964, 2.02951859769924, -6.1173862704522
-10.6323849936157, 1.86598386167999, -6.78524788632831
-10.7780361646128, 1.72033269068288, -7.46137621566973
-10.9149280143845, 1.58344084091118, -8.14117890541312
-11.0569018485373, 1.4414670067584, -8.81887114031684
-11.2195207610619, 1.2788480942338, -9.4871435857495
-11.4205380002883, 1.07783085500734, -10.1338390041997
-11.6897621163896, 0.808606738906104, -10.7275373210997
-12.0534171176207, 0.444951737674968, -11.2112092184312
-12.4983688552957, 0, -11.5150553852241
-6.90171765297084, 4.03672446597884, -0.000344913022922065
-7.2178743462147, 3.80059366472432, -0.605549358739895
-7.52718818769903, 3.56957364588679, -1.21623414279455
-7.82845757295699, 3.34456186263302, -1.83315067065906
-8.1217878666657, 3.1254796202962, -2.45600084511349
-8.40865715109667, 2.91122297023772, -3.08352588100655
-8.69301664039567, 2.69884083350811, -3.71283079727087
-9.02561791148917, 2.45042792206296, -4.25447438105451
-9.32045112951099, 2.23022317708785, -4.83437792926296
-9.56809526283353, 2.04526296945332, -5.48737899212742
-9.7939731089486, 1.87655954507997, -6.152504946416
-9.99191397812046, 1.72872166267108, -6.83136692514489
-10.1685636718404, 1.59678571252098, -7.51936680511794
-10.3361696141346, 1.47160435057388, -8.21090762789492
-10.5127904034957, 1.33968998848292, -8.89890489050084
-10.7174479145743, 1.18683558714827, -9.57458895853166
-10.9746744335068, 0.994718496738951, -10.221171809333
-11.323516167152, 0.734175924536842, -10.7944818660037
-11.7739285680956, 0.397772351870005, -11.2468156796786
-12.3065079298854, 0, -11.5123271590248
-5.71618213864154, 3.63869979723937, -0.000483800604418864
-6.08660924901046, 3.42804410409199, -0.608122167404293
-6.44878596703221, 3.22208027088137, -1.22230323411176
-6.80133547221445, 3.02159127236027, -1.84385179941968
-7.14445806748949, 2.82646319960608, -2.47234597984734
-7.47954768172106, 2.63590334862179, -3.10655337836556
-7.8138638271349, 2.44578335639883, -3.74130538449401
-8.22465844833376, 2.21217133598359, -4.2361689007268
-8.54145648977679, 2.03201359606696, -4.87409372982667
-8.83347824396503, 1.86594571571832, -5.53584461831722
-9.09844231527241, 1.71526508641767, -6.2124232022712
-9.32989961248368, 1.5836391983192, -6.90510445992773
-9.53730748886635, 1.4656898130269, -7.60785576860819
-9.73697200126115, 1.35214394913597, -8.31359243457904
-9.95177932762156, 1.22998662057942, -9.01335116571421
-10.2043577545743, 1.08634949976823, -9.69605388177561
-10.5278641523783, 0.902376829951625, -10.3372228390608
-10.9682661004757, 0.651927618641179, -10.8748098956236
-11.5039967870674, 0.347266550470688, -11.2863329058698
-12.1146470044752, 0, -11.5095861715485
-4.50617194635231, 3.18707502616989, -0.000675264060731609
-4.92453541063713, 3.00729544952952, -0.617454415710848
-5.33414110365275, 2.83127927133452, -1.24115379386237
-5.73337620487481, 2.65971955447355, -1.87276766086678
-6.1225134805393, 2.49249908556014, -2.51180670556546
-6.50342643764041, 2.32881277924863, -3.15669415360465
-6.88504742553976, 2.16482221721686, -3.80108697526873
-7.3509734932697, 1.96460398987859, -4.29262337357554
-7.70945013820666, 1.81055903862455, -4.95253424750923
-8.04669201730122, 1.66563911271117, -5.62555982465396
-8.34997830245821, 1.53531061942469, -6.31736812733619
-8.61439747141135, 1.42168414314704, -7.02786851036936
-8.85356739973636, 1.31890779642928, -7.74896434466754
-9.08934053438944, 1.2175911233695, -8.47139544545818
-9.35023666044257, 1.1054785726975, -9.18340569715967
-9.66386660012349, 0.970705193588095, -9.86941855288519
-10.0720439799025, 0.795302791620975, -10.4928150521563
-10.6188469080065, 0.56033007695456, -10.9717401776611
-11.2405275242615, 0.293180845396082, -11.3296973105271
-11.9227860790649, 0, -11.5068319352215
-3.26415829611985, 2.65976482529572, -0.000946073726334323
-3.71906792435437, 2.51685872569174, -0.63951911462361
-4.16624848450006, 2.3763806489424, -1.28405766306587
-4.60367532643046, 2.23896662214996, -1.93590672243598
-5.03170010002429, 2.10450617741161, -2.5945808062681
-5.45319147707565, 1.97209814519457, -3.25787369621231
-5.87909524194012, 1.83830399781712, -3.91805254716861
-6.38793057336936, 1.67845758428339, -4.42942973005191
-6.79455317508857, 1.55072045493743, -5.10279798558168
-7.17576621246434, 1.4309655302044, -5.79225147702764
-7.51363731073145, 1.32482611739476, -6.50601619227199
-7.8089595388135, 1.23205308046135, -7.24031608879122
-8.08183622300815, 1.14633112561405, -7.98417413319089
-8.36219124597091, 1.05825991245578, -8.72493161400664
-8.68444093570368, 0.957027836016718, -9.44652602262943
-9.08672061616181, 0.830654999488035, -10.1216641778552
-9.61582519797037, 0.664441168485377, -10.6899654243777
-10.2738883425431, 0.457716070911631, -11.087768986316
-10.9818121153967, 0.235327669092001, -11.3762057533536
-11.7309251536547, 0, -11.5040639431138
-2.0210170119876, 2.03314616989677, -0.00133945759717955
-2.48881829842581, 1.93321932858313, -0.685097669568135
-2.95247788613313, 1.8341771938401, -1.37179651383143
-3.40916068597378, 1.73662536789749, -2.06336493597528
-3.85962853781956, 1.64040111445215, -2.75918537041546
-4.30924431763559, 1.5443588717643, -3.45558091298263
-4.77489984007197, 1.44489038622078, -4.14072005431571
-5.31448583708857, 1.32962964226372, -4.69352593498277
-5.76350038523426, 1.23371582842687, -5.39028146755395
-6.17715768053163, 1.14535466289838, -6.10939485248649
-6.53733966252152, 1.06841633715675, -6.85800167512825
-6.85794439540078, 0.999932091397716, -7.62533398991991
-7.17013474756966, 0.933245238058013, -8.39632302161108
-7.51503698666618, 0.859570811941468, -9.15240138384922
-7.9339058058194, 0.770096414935328, -9.86771225760579
-8.47860256114867, 0.653743963987054, -10.4866732589435
-9.17724086435745, 0.504508122008247, -10.912254137509
-9.93604378142621, 0.34242054148965, -11.2176668026409
-10.7270041630679, 0.173463818126455, -11.420714795817
-11.5390642282445, 0, -11.501281667647
-0.886240854976594, 1.28891136248375, -0.00192385447447292
-1.31469308477723, 1.2361211005911, -0.772234546039333
-1.74524209784845, 1.18307249078873, -1.54135772094652
-2.17707384393799, 1.12986583346726, -2.30975064963854
-2.61037136901261, 1.07647857525, -3.07730358503548
-3.05618544596854, 1.02154913331692, -3.83751166817067
-3.59880179651296, 0.954692533537292, -4.47703914634743
-4.08732594254149, 0.894500717936923, -5.2101298743403
-4.54833065298781, 0.837699614557141, -5.96094717460998
-4.95200428506605, 0.787962362013299, -6.74447342741221
-5.30652936224258, 0.744280778933738, -7.55195021522078
-5.64802617236382, 0.702204428788025, -8.36517334707149
-6.02676599348188, 0.655539309656074, -9.16122159695484
-6.49755207592447, 0.597533028304425, -9.90466987387363
-7.12168453810617, 0.520632702334352, -10.5207263110586
-7.9097556291899, 0.423533244344154, -10.9017426804448
-8.74433011384841, 0.320704031307865, -11.1697918936752
-9.60185404935748, 0.21504718093789, -11.3508906441232
-10.4723186090792, 0.107795896244229, -11.4471573592676
-11.3472033028342, 0, -11.4984845591974
-0.117464137048907, 0.439246155701348, -0.00279210439637603
-0.417966535208728, 0.427287831801024, -0.919787303907115
-0.715624621919915, 0.415442695674856, -1.83771193089192
-1.01322819447996, 0.403599728908669, -2.75565418710643
-1.32183055763599, 0.391319071457601, -3.66993197856618
-1.70502140528909, 0.376070207222454, -4.54101875234888
-2.10108685662684, 0.36030900537572, -5.4209108529412
-2.48080932843826, 0.34519816320621, -6.3078801955228
-2.80832148193904, 0.332165001285246, -7.21543233459884
-3.10390440477547, 0.320402445138182, -8.13402222179079
-3.42177424992121, 0.30775299345435, -9.04496815617048
-3.84653151986326, 0.290850016825582, -9.90937451043143
-4.51965421191718, 0.264063477930949, -10.5886957671423
-5.4156622631508, 0.228407341542145, -10.9424003944278
-6.35035372786082, 0.191211820473707, -11.1772717099971
-7.303691349881, 0.153274286063687, -11.3210286120147
-8.26397420701812, 0.115060369928928, -11.4074432460694
-9.22744920282907, 0.07671942443124, -11.4453030647747
-10.1914090503606, 0.038359184532065, -11.4694869312325
-11.155342377424, 0, -11.4956720445813
