-109.579997112877, 6.27464911089857, -1.77635683940025E-15
-109.579997112877, 6.42952406760304, -0.766543685090195
-109.579997112877, 6.55122645843237, -1.53905835505097
-109.579997112877, 6.64479915849214, -2.31550592633897
-109.579997112877, 6.71936770655549, -3.09402955777291
-109.579997112877, 6.78441973791344, -3.87341433962741
-109.579997112877, 6.84404813818337, -4.65323388562583
-109.579997112877, 6.90007843058712, -5.43332091504055
-109.579997112877, 6.954328488284, -6.21353411721326
-109.579997112877, 7.01582594321856, -6.99293794804813
-109.579997112877, 6.88772628964417, -7.72734035698557
-109.579997112877, 6.20444031288826, -8.09608999444503
-109.579997112877, 5.44476585173309, -8.27831088223037
-109.579997112877, 4.66897275828538, -8.3757291916326
-109.579997112877, 3.8916956264859, -8.46242342825675
-109.579997112877, 3.11389345540978, -8.54425337706856
-109.579997112877, 2.33564218847307, -8.62171515760952
-109.579997112877, 1.5572838788409, -8.69809559308705
-109.579997112877, 0.778920432251394, -8.77442463680557
-109.579997112877, 9.3524238169391E-22, -8.84483850050988
-107.442118229735, 6.5393427296056, -1.77635683940025E-15
-107.442118229735, 6.64963390578194, -0.796053359557885
-107.442118229735, 6.75023119698165, -1.59338661786114
-107.442118229735, 6.83923246625024, -2.39209683167167
-107.442118229735, 6.91761954153663, -3.19192106802425
-107.442118229735, 6.98788948087273, -3.99250119229698
-107.442118229735, 7.05263524322814, -4.79354885385743
-107.442118229735, 7.11513222160197, -5.59477587351152
-107.442118229735, 7.17866636519032, -6.39592096048725
-107.442118229735, 7.19751239298028, -7.15918498694985
-107.442118229735, 7.09229351735135, -7.93169748778196
-107.442118229735, 6.39027811932197, -8.30589601455844
-107.442118229735, 5.60676350709264, -8.47986058785853
-107.442118229735, 4.80744875644636, -8.56260376435394
-107.442118229735, 4.00709268642527, -8.6354020796744
-107.442118229735, 3.20622039568019, -8.70226044005569
-107.442118229735, 2.40491059189556, -8.76367735782569
-107.442118229735, 1.60343182552549, -8.82285798059553
-107.442118229735, 0.801924388291339, -8.88164997137929
-107.442118229735, -4.26455371617356E-16, -8.93443233653242
-105.249421939332, 6.68379152234439, -1.77635683940025E-15
-105.249421939332, 6.78073290791907, -0.813418662870453
-105.249421939332, 6.87563781531818, -1.62707641401663
-105.249421939332, 6.96485177877921, -2.44137610452361
-105.249421939332, 7.04703887978336, -3.25641530355512
-105.249421939332, 7.12362481734304, -4.07200117737865
-105.249421939332, 7.1963147901911, -4.88794401150518
-105.249421939332, 7.26657396418776, -5.70410011653802
-105.249421939332, 7.33586820488792, -6.52033885925357
-105.249421939332, 7.30416163312438, -7.25815774289068
-105.249421939332, 7.2147812998518, -8.05762353891199
-105.249421939332, 6.51734166067663, -8.45785112481123
-105.249421939332, 5.71656723474728, -8.62690921024906
-105.249421939332, 4.90148769903785, -8.70752546063345
-105.249421939332, 4.08537628744544, -8.77830213888311
-105.249421939332, 3.26884938557728, -8.84407726973156
-105.249421939332, 2.45186948771192, -8.90399366425227
-105.249421939332, 1.63474070409646, -8.9618543662056
-105.249421939332, 0.817605174918707, -9.01962028070818
-105.249421939332, 8.40957685059091E-17, -9.07026803631618
-103.056725648929, 6.79082890852347, -1.77635683940025E-15
-103.056725648929, 6.88509774562458, -0.827082497974802
-103.056725648929, 6.97805867902576, -1.6543127833481
-103.056725648929, 7.06793487166429, -2.48188333960908
-103.056725648929, 7.15294707321278, -3.30996668247423
-103.056725648929, 7.23387935336059, -4.13846038141404
-103.056725648929, 7.31219346974774, -4.96720537941819
-103.056725648929, 7.38727878868797, -5.79624894667636
-103.056725648929, 7.45852352783159, -6.62563114721106
-103.056725648929, 7.38826645875062, -7.3470068468204
-103.056725648929, 7.30631824283626, -8.16592856945183
-103.056725648929, 6.62256213446568, -8.60031505024848
-103.056725648929, 5.80810231729728, -8.76964996546245
-103.056725648929, 4.98009476071701, -8.85361987751691
-103.056725648929, 4.1507975554116, -8.92585739950908
-103.056725648929, 3.32118515671911, -8.99435232236933
-103.056725648929, 2.49114798022284, -9.05751316065954
-103.056725648929, 1.6609810185787, -9.11895350051549
-103.056725648929, 0.830830462805264, -9.18061486669282
-103.056725648929, 2.09036257915168E-16, -9.23221731182542
-100.864029358526, 6.87909373843935, -1.77635683940025E-15
-100.864029358526, 6.97632887120194, -0.838639859924772
-100.864029358526, 7.07032764757149, -1.67764797990464
-100.864029358526, 7.15973806326774, -2.51715709690414
-100.864029358526, 7.24466440612887, -3.35713219457957
-100.864029358526, 7.32601532317078, -4.19746144681583
-100.864029358526, 7.40540852310383, -5.03797815978931
-100.864029358526, 7.48273790780316, -5.87868722223533
-100.864029358526, 7.5559830307732, -6.71975988431686
-100.864029358526, 7.45920488963428, -7.43392297779049
-100.864029358526, 7.3800293658663, -8.26797242972471
-100.864029358526, 6.71313286250339, -8.73868093029996
-100.864029358526, 5.88803948609379, -8.91501457135026
-100.864029358526, 5.04898944287478, -9.00637478923405
-100.864029358526, 4.20823310958039, -9.08319037959849
-100.864029358526, 3.36717101780865, -9.15656437297222
-100.864029358526, 2.52571651689994, -9.22530542073727
-100.864029358526, 1.68412977428105, -9.29241469455294
-100.864029358526, 0.842560692460473, -9.35974488280055
-100.864029358526, 1.30655035506099E-15, -9.41304166170072
-98.6713330681237, 6.9542734295702, -1.77635683940025E-15
-98.6713330681237, 7.05551330509961, -0.848756714053292
-98.6713330681237, 7.15062002066831, -1.69822214927203
-98.6713330681237, 7.23971703806816, -2.54833936419882
-98.6713330681237, 7.32427619195354, -3.39892082014906
-98.6713330681237, 7.40581081035722, -4.24979811402784
-98.6713330681237, 7.48549746970844, -5.10085039272653
-98.6713330681237, 7.56281499319358, -5.95212099126161
-98.6713330681237, 7.63444772438122, -6.80388354967783
-98.6713330681237, 7.5190259917059, -7.51685634541327
-98.6713330681237, 7.4395364470222, -8.36306742809432
-98.6713330681237, 6.7900517403192, -8.86954112713789
-98.6713330681237, 5.95734521751087, -9.059792939238
-98.6713330681237, 5.10909656164294, -9.16272342217571
-98.6713330681237, 4.25859032804544, -9.24803753119412
-98.6713330681237, 3.40762903274588, -9.32867222497778
-98.6713330681237, 2.5562128832696, -9.4043665044927
-98.6713330681237, 1.70459794382172, -9.47779951604561
-98.6713330681237, 0.852958207162887, -9.55094323254206
-98.6713330681237, 1.63052550268954E-15, -9.60627389206421
-96.4786367777209, 7.01978282883057, -1.77635683940025E-15
-96.4786367777209, 7.1241593947965, -0.857726542617256
-96.4786367777209, 7.22028470534679, -1.71641687999502
-96.4786367777209, 7.30906344878645, -2.57589918910977
-96.4786367777209, 7.39288455391025, -3.43588043161983
-96.4786367777209, 7.473766629814, -4.29614348168507
-96.4786367777209, 7.55263133282084, -5.15659382601116
-96.4786367777209, 7.62862744878101, -6.01730182628996
-96.4786367777209, 7.69671995889173, -6.87865874822863
-96.4786367777209, 7.56899520461253, -7.59429464545556
-96.478636777721, 7.4868039228307, -8.45040194639445
-96.478636777721, 6.85339556328386, -8.9904075291362
-96.4786367777209, 6.01624180443498, -9.20116254227775
-96.478636777721, 5.16078210539483, -9.32049527102868
-96.478636777721, 4.3023591267566, -9.41898585435329
-96.4786367777209, 3.44306389093923, -9.5095430280709
-96.4786367777209, 2.58304311672753, -9.59294787955564
-96.4786367777209, 1.72263828297528, -9.67230625993423
-96.4786367777209, 0.862112868767281, -9.75035110785332
-96.4786367777209, 2.98239413690553E-15, -9.80776232941966
-94.2859404873182, 7.07793142214794, -1.77635683940025E-15
-94.2859404873182, 7.18317741466962, -0.865838133278146
-94.2859404873182, 7.27972495353633, -1.73268898587279
-94.2859404873182, 7.36830314464328, -2.60039181706832
-94.2859404873182, 7.45138161041575, -3.46863991017657
-94.2859404873182, 7.53111425290684, -4.33720226749791
-94.2859404873182, 7.60843953104651, -5.20598218015668
-94.2859404873182, 7.68219720339216, -6.07507160655549
-94.2859404873182, 7.68981814457423, -6.89264491225714
-94.2859404873182, 7.61013834619714, -7.66572104512811
-94.2859404873182, 7.52304006473681, -8.52987781406487
-94.2859404873182, 6.90344251104783, -9.10042661970887
-94.2859404873182, 6.06505749639172, -9.33714878238982
-94.2859404873182, 5.20451829943439, -9.47786457762222
-94.2859404873182, 4.34014634076022, -9.59450438361753
-94.2859404873182, 3.47406527057752, -9.69768715087264
-94.2859404873182, 2.60665824327233, -9.78909458065866
-94.2859404873182, 1.7385277666782, -9.87339201686159
-94.2859404873182, 0.870139869740839, -9.95500533006883
-94.2859404873182, 3.57839290103892E-15, -10.014503644526
-92.0932441969154, 7.13046617621362, -1.77635683940025E-15
-92.0932441969154, 7.2347113417676, -0.873414343376975
-92.0932441969154, 7.33105432104275, -1.74773458457214
-92.0932441969154, 7.41938881266983, -2.6229012504978
-92.0932441969154, 7.5016361127074, -3.49866219144554
-92.0932441969154, 7.57984647286091, -4.37479372313608
-92.0932441969154, 7.65514550052955, -5.25118016132142
-92.0932441969154, 7.72606065644803, -6.12793101425566
-92.0932441969155, 7.66279207428528, -6.89103177458574
-92.0932441969154, 7.64381314383057, -7.73310286696451
-92.0932441969154, 7.55023682626069, -8.60411478286551
-92.0932441969154, 6.94340089334286, -9.20322209600962
-92.0932441969154, 6.10648310052402, -9.46932399685998
-92.0932441969154, 5.24250642120502, -9.63364695245078
-92.0932441969154, 4.37368258787289, -9.77088844317911
-92.0932441969154, 3.50191285070145, -9.88796782754016
-92.0932441969155, 2.62796260449499, -9.98755249138472
-92.0932441969154, 1.75285635725221, -10.0764868263841
-92.0932441969154, 0.877351363990177, -10.1614271661505
-92.0932441969154, 4.61870885278005E-15, -10.2238326946346
-89.9005479065127, 7.17887713296927, -1.77635683940025E-15
-89.9005479065127, 7.28099851551598, -0.880709548869647
-89.9005479065127, 7.37657249142608, -1.76215221842055
-89.9005479065127, 7.46439428181179, -2.64440099313856
-89.9005479065127, 7.54556052882424, -3.52728818022268
-89.9005479065127, 7.62195251254357, -4.41060223682423
-89.9005479065127, 7.69492178529662, -5.29420552003483
-89.9005479065127, 7.76267861173508, -6.17822199697589
-89.9005479065127, 7.6553141931032, -6.91198411038958
-89.9005479065127, 7.67123435921735, -7.79840540457787
-89.9005479065126, 7.57040041587708, -8.67564628981407
-89.9005479065127, 6.9769895287896, -9.30259540935177
-89.9005479065127, 6.14366717759915, -9.59986069250998
-89.9005479065127, 5.27711257053776, -9.78697650390235
-89.9005479065127, 4.4046191856555, -9.94437581228915
-89.9005479065127, 3.52773771315848, -10.0751466541742
-89.9005479065127, 2.64772652430137, -10.1829909402778
-89.9005479065127, 1.76613033695035, -10.2771311437596
-89.9005479065127, 0.88402354237276, -10.3663942002462
-89.9005479065127, 5.96061305390475E-15, -10.4334328938416
-87.6978516161097, 7.22464895016058, -1.77635683940025E-15
-87.6978516161099, 7.32414920404292, -0.88792943400559
-87.69785161611, 7.41841823389544, -1.7764278841757
-87.69785161611, 7.50524481909813, -2.6656838632134
-87.69785161611, 7.58495016989752, -3.55560708849987
-87.6978516161099, 7.65929348998511, -4.44599580940356
-87.6978516161099, 7.72978721553652, -5.33669731316408
-87.6978516161099, 7.79432608812726, -6.22784768959902
-87.6978516161099, 7.68220387761697, -6.96983592651269
-87.6978516161099, 7.69349047229312, -7.86319911110739
-87.69785161611, 7.58544102172056, -8.74651866618473
-87.6978516161099, 7.00759546473772, -9.40164483957563
-87.6978516161099, 6.1796267130553, -9.73107627166918
-87.6978516161099, 5.31052593430346, -9.93808794428629
-87.6978516161099, 4.43430065730291, -10.1126116891156
-87.6978516161099, 3.55237484936611, -10.2556039670233
-87.69785161611, 2.66650049004313, -10.3718176942347
-87.6978516161099, 1.77870902597759, -10.4725105783084
-87.6978516161099, 0.890351424184482, -10.5681174424052
-87.6978516161099, 6.15459879273529E-15, -10.6423130406652
-82.2261108901031, 7.33564811566619, -1.77635683940025E-15
-82.2261108901031, 7.42822803681151, -0.905177547062573
-82.2261108901031, 7.51623412890848, -1.81080961838708
-82.2261108901031, 7.59684253392173, -2.71712904466077
-82.2261108901031, 7.66999974623261, -3.62408105904202
-82.2261108901031, 7.73758094964476, -4.53146715283292
-82.2261108901031, 7.80098653550958, -5.43915427163745
-82.2261108901031, 7.85749975751331, -6.34729281841584
-82.2261108901031, 7.73380045736174, -7.10735888306254
-82.2261108901031, 7.72830710194155, -8.01719832364576
-82.2261108901031, 7.60632818547817, -8.91565025419849
-82.2261108901031, 7.07544253377431, -9.63823837305738
-82.2261108901031, 6.26815791389285, -10.0487806194901
-82.2261108901031, 5.39158613942431, -10.2917323084291
-82.2261108901031, 4.50281959667583, -10.4863685234215
-82.2261108901031, 3.60748876611817, -10.6483065801054
-82.2261108901031, 2.70781437153394, -10.7841985650319
-82.2261108901031, 1.80618807542965, -10.9066093881734
-82.226110890103, 0.904156815481491, -11.02601540106
-82.2261108901031, 4.45522914448565E-15, -11.1277215975215
-76.7443701640962, 7.46714351278749, -1.77635683940025E-15
-76.7443701640962, 7.54874375203915, -0.917747395977163
-76.7443701640962, 7.62253263004157, -1.83615401534219
-76.7443701640962, 7.68742431911111, -2.75523267583865
-76.7443701640963, 7.74519005081246, -3.67478819255303
-76.7443701640962, 7.79836985428562, -4.59462155405085
-76.7443701640962, 7.84805658408239, -5.51465008064146
-76.7443701640962, 7.89170792608305, -6.43498133147327
-76.7443701640962, 7.75447439122104, -7.20553262654957
-76.7443701640962, 7.72875636197463, -8.12650054156712
-76.7443701640962, 7.59676094148726, -9.03592842099385
-76.7443701640962, 7.10770724423723, -9.80486318072113
-76.7443701640962, 6.32827972679995, -10.2853777056368
-76.7443701640962, 5.45080777187825, -10.5637244012934
-76.7443701640962, 4.55122618365184, -10.7624494156656
-76.7443701640962, 3.64534861800642, -10.9305524523757
-76.7443701640962, 2.73580352482982, -11.0776080782691
-76.7443701640962, 1.82460381121614, -11.2141194546222
-76.7443701640962, 0.913076127612746, -11.3484320744351
-76.7443701640962, 1.7935042339248E-15, -11.4716507112033
-71.2626294380893, 7.62604730734214, -1.77635683940025E-15
-71.2626294380893, 7.6907216494789, -0.922120088037443
-71.2626294380893, 7.74133895824181, -1.84511779368445
-71.2626294380893, 7.77975658090671, -2.76870819676388
-71.2626294380893, 7.81117786445412, -3.6925665305705
-71.2626294380893, 7.83941658121082, -4.61652846374259
-71.2626294380893, 7.86551381219983, -5.54055327079171
-71.2626294380893, 7.88809692768284, -6.46466966048467
-71.2626294380893, 7.73539891812625, -7.23546008264645
-71.2626294380893, 7.68644138245169, -8.15845215588715
-71.2626294380893, 7.54257071734588, -9.07007037608262
-71.2626294380893, 7.08897344339164, -9.86495892264323
-71.2626294380893, 6.33489790046545, -10.3895408499153
-71.2626294380893, 5.46764950573556, -10.7057821306161
-71.2626294380893, 4.56820147692996, -10.9177109905421
-71.2626294380893, 3.65948353238391, -11.0870575020593
-71.2626294380893, 2.74677155569439, -11.2334348257512
-71.2626294380893, 1.83185152676272, -11.3654110627331
-71.2626294380893, 0.916142280874759, -11.4918209195867
-71.2626294380893, 2.40292237191095E-16, -11.6150481713794
-65.7808887120825, 7.76226405813186, -1.77635683940025E-15
-65.7808887120825, 7.81018906060731, -0.91817895529395
-65.7808887120825, 7.83662431485816, -1.83722928801054
-65.7808887120825, 7.84620389546629, -2.75662188417064
-65.7808887120825, 7.84811784591612, -3.67606912085541
-65.7808887120825, 7.84819086332365, -4.59551873707267
-65.7808887120825, 7.84667538677247, -5.51496700768211
-65.7808887120825, 7.843298299722, -6.43441027919692
-65.7808887120825, 7.66873421325593, -7.1970360042754
-65.7808887120825, 7.5886479452189, -8.11274355730197
-65.7808887120825, 7.42067002856281, -9.01587432169304
-65.7808887120825, 7.00216093683447, -9.82587223243544
-65.7808887120825, 6.28102372870069, -10.3875239683369
-65.7808887120825, 5.43571290328402, -10.7461636592452
-65.7808887120825, 4.54706407880546, -10.9801971021097
-65.7808887120825, 3.64450979385814, -11.1553656328291
-65.7808887120824, 2.73649623690989, -11.299691390445
-65.7808887120825, 1.82512961966987, -11.4212464223394
-65.7808887120825, 0.912432568185203, -11.5324668619724
-65.7808887120825, 9.48378433273318E-16, -11.6458388590567
-60.2991479860756, 7.84743540628543, -1.77635683940025E-15
-60.2991479860756, 7.88283703614751, -0.90821191988748
-60.2991479860756, 7.88952693309303, -1.81709156814505
-60.2991479860756, 7.87380156773782, -2.72588201362064
-60.2991479860756, 7.84815638302195, -3.63445826769664
-60.2991479860756, 7.81999529112906, -4.54296060373551
-60.2991479860756, 7.79072945169263, -5.45142829209921
-60.2991479860756, 7.7614232531436, -6.35989479539361
-60.2991479860756, 7.56027526784163, -7.10878792577672
-60.2991479860756, 7.44531562195102, -8.0099874983512
-60.2991479860756, 7.23855683346393, -8.89457450170531
-60.2991479860756, 6.84626691272318, -9.70903214539479
-60.2991479860756, 6.17305327733103, -10.3124872881059
-60.2991479860756, 5.36019188349744, -10.7166334969209
-60.2991479860756, 4.49245130840792, -10.9847512716126
-60.2991479860756, 3.60396767976024, -11.1760535018441
-60.2991479860756, 2.70752441128752, -11.3257910850385
-60.2991479860756, 1.80605275615431, -11.4418238707932
-60.2991479860756, 0.902761467254651, -11.5429705046045
-60.2991479860756, 1.99343822339853E-17, -11.6487615203214
-54.8174072600687, 7.8916525488742, -1.77635683940025E-15
-54.8174042157208, 7.91700844588165, -0.894632393670558
-54.8174056850663, 7.90613567446482, -1.78952653326413
-54.8174071697443, 7.86738478660202, -2.68370181399762
-54.8174072600687, 7.81613334710942, -3.57726461982099
-54.8174072600687, 7.76155009022773, -4.47063178116064
-54.8174072600687, 7.70511635697759, -5.36388386699253
-54.8174072600687, 7.64761264963189, -6.25706785626338
-54.8174072600687, 7.41698872319835, -6.98801487719674
-54.8174072600687, 7.27094995299696, -7.87051902439322
-54.8174072600687, 7.02007079946397, -8.72921900282409
-54.8174072600687, 6.63586382617241, -9.53495482793686
-54.8174072600687, 6.01877121082203, -10.1776295390058
-54.8174072600687, 5.24970212579046, -10.6322872936568
-54.8174072600687, 4.4133220847631, -10.9480989371287
-54.8174072600687, 3.54549593933489, -11.1665003070467
-54.8174072600687, 2.66600982170674, -11.3318244450513
-54.8174072600687, 1.778902625628, -11.4502098541984
-54.8174072600687, 0.889230533930346, -11.5479689425414
-54.8174072600687, 4.49620784615655E-18, -11.6497206604156
-49.3356665340625, 7.90901319510972, -1.77635683940025E-15
-49.3356674805281, 7.91852749351093, -0.878448451576401
-49.3356667582551, 7.88965655281501, -1.75647073535892
-49.3356665476229, 7.82920290647969, -2.63292055166734
-49.3356665340618, 7.7524224021546, -3.50811722465596
-49.3356665340618, 7.6711420321616, -4.38291034921139
-49.3356665340618, 7.58627046336807, -5.25736213394734
-49.3356665340619, 7.49714316155425, -6.13139013906126
-49.3356665340619, 7.2349333160742, -6.8398212126965
-49.3356665340619, 7.06261474712397, -7.70089135296234
-49.3356665340619, 6.77520450629616, -8.53048318340902
-49.3356665340619, 6.38190351237072, -9.31498926522444
-49.3356665340619, 5.81772316402017, -9.98470239600574
-49.3356665340619, 5.10532749426904, -10.4958417929064
-49.3356665340619, 4.3107941609613, -10.8684456894507
-49.3356665340619, 3.47116715130318, -11.1260494030211
-49.3356665340619, 2.61440970158861, -11.3194695588739
-49.3356665340619, 1.74559924408988, -11.4491632793102
-49.3356665340619, 0.872718605109239, -11.5488300374076
-49.3356665340619, 2.16587951332034E-19, -11.6499865438631
-43.853925808055, 7.9041290284891, -1.77635683940025E-15
-43.853925808055, 7.888020531694, -0.858995333096928
-43.853925808055, 7.83612534526983, -1.71655930665613
-43.853925808055, 7.7513121385722, -2.57152571786987
-43.853925808055, 7.64684784322742, -3.42434291076586
-43.853925808055, 7.53436788061087, -4.27614677397832
-43.853925808055, 7.41747409342861, -5.1273562137156
-43.853925808055, 7.29368449965646, -5.97758529884457
-43.853925808055, 6.9969033068671, -6.65715268271516
-43.853925808055, 6.79913293456599, -7.49303679425764
-43.853925808055, 6.49291636459814, -8.29488842959395
-43.853925808055, 6.08393121379656, -9.04990935054636
-43.853925808055, 5.56096798425617, -9.72975346190717
-43.853925808055, 4.91213153991882, -10.2910867644827
-43.853925808055, 4.17415087484412, -10.7292653883472
-43.853925808055, 3.37525708937012, -11.0434240073843
-43.853925808055, 2.54963749624718, -11.2802688518336
-43.853925808055, 1.7050731558109, -11.4366920675635
-43.853925808055, 0.852811868738043, -11.5454277613225
-43.853925808055, 5.67187363691081E-19, -11.65
-38.3721850820481, 7.86413263489409, -1.77635683940025E-15
-38.3721850820481, 7.80815440222329, -0.834441887956823
-38.3721850820481, 7.72308218959947, -1.66640576164155
-38.3721850820481, 7.60849184745128, -2.49483365694648
-38.3721850820481, 7.47272355533371, -3.32007801095787
-38.3721850820481, 7.32575040608996, -4.1434113764896
-38.3721850820481, 7.17178123899095, -4.9654646322883
-38.3721850820481, 6.95455368539752, -5.72061858011589
-38.3721850820481, 6.67468867725384, -6.42999344471349
-38.3721850820481, 6.45449962427591, -7.23671416752878
-38.3721850820481, 6.14996864974913, -8.01482302841221
-38.3721850820481, 5.73786668466516, -8.7420005674302
-38.3721850820481, 5.24166045474665, -9.41450134942388
-38.3721850820481, 4.65252995154929, -10.0070127769104
-38.3721850820481, 3.98366083564708, -10.507867516691
-38.3721850820481, 3.2456990773221, -10.8990975193944
-38.3721850820481, 2.46295817098952, -11.1930683214146
-38.3721850820481, 1.65420026194836, -11.4039489709764
-38.3721850820481, 0.828548972457534, -11.5360271077885
-38.3721850820481, 2.39512579524362E-17, -11.65
-32.8804443560412, 7.75012976747109, -1.77635683940025E-15
-32.8804443560412, 7.63833407378645, -0.80216408644796
-32.8804443560412, 7.50667254436873, -1.60129810343538
-32.8804443560412, 7.35289382662593, -2.39647292669548
-32.8804443560412, 7.17978915781624, -3.18767509688201
-32.8804443560412, 6.99341827949968, -3.97586892751706
-32.8804443560412, 6.79759491626309, -4.76176541321234
-32.8804443560412, 6.46197739125716, -5.37847235033943
-32.8804443560412, 6.23375465178702, -6.15556548645916
-32.8804443560412, 6.00132893154103, -6.93137294480258
-32.8804443560412, 5.71292237406361, -7.68781846364678
-32.8804443560412, 5.33132364127737, -8.40150429599813
-32.8804443560412, 4.86695708582022, -9.06462853263521
-32.8804443560412, 4.33343819476998, -9.67341569766186
-32.8804443560412, 3.72982968425226, -10.2126397399742
-32.8804443560412, 3.06475833232268, -10.6740376611846
-32.8804443560412, 2.33991099247955, -11.034423301323
-32.8804443560412, 1.58566001366319, -11.3284058259587
-32.8804443560412, 0.798845620409686, -11.5164458479717
-32.8804443560412, 1.69166942849765E-16, -11.65
-30.6977480656385, 7.67168697939872, -1.77635683940025E-15
-30.6977480656385, 7.53321871077886, -0.786404846356238
-30.6977480656385, 7.37820409731545, -1.56970949621999
-30.6977480656385, 7.20461897629666, -2.34910837967694
-30.6977480656385, 7.0139572878129, -3.12451226292773
-30.6977480656385, 6.81052308753406, -3.89667264703236
-30.6977480656385, 6.59750225141949, -4.66624025017018
-30.6977480656385, 6.24886216288168, -5.27017110559046
-30.6977480656385, 6.01399774698834, -6.03333283561995
-30.6977480656385, 5.77943434663287, -6.79657889111462
-30.6977480656385, 5.49989802545928, -7.54431252978184
-30.6977480656385, 5.14179638508658, -8.25742265300874
-30.6977480656385, 4.70164226568309, -8.92321091038062
-30.6977480656385, 4.1950041595785, -9.53994096670462
-30.6977480656385, 3.61877621612784, -10.0918600277216
-30.6977480656385, 2.97611482657789, -10.5651629637014
-30.6977480656385, 2.27829387666508, -10.9519487275661
-30.6977480656385, 1.54936405211887, -11.2773119846522
-30.6977480656385, 0.784949321368724, -11.5034449017367
-30.6977480656385, 3.24246620543191E-16, -11.65
-28.5050517752357, 7.56261487006738, -1.77635683940025E-15
-28.5050517752357, 7.39542265385281, -0.768288326773941
-28.5050517752357, 7.21476754080049, -1.53351921194694
-28.5050517752357, 7.01931732526847, -2.29510508643038
-28.5050517752357, 6.80988862757177, -3.05296899317204
-28.5050517752357, 6.58914428592293, -3.807620346206
-28.5050517752357, 6.3593837604742, -4.55957242810148
-28.5050517752357, 6.00025020963736, -5.15124958613134
-28.5050517752357, 5.75937279316982, -5.89967984970791
-28.5050517752357, 5.52333744783643, -6.64967208973066
-28.5050517752357, 5.25290906663895, -7.38783741453901
-28.5050517752357, 4.92172517113235, -8.10056952574101
-28.5050517752357, 4.5151522457735, -8.77314111627143
-28.5050517752357, 4.04244913279308, -9.40105041148666
-28.5050517752357, 3.49974382764392, -9.96909050599248
-28.5050517752357, 2.87840403298426, -10.4500256258943
-28.5050517752357, 2.20732787893288, -10.8584710261225
-28.5050517752357, 1.50479894188517, -11.2111315178914
-28.5050517752357, 0.768569851132241, -11.4840943361565
-28.5050517752357, 1.43510655103558E-15, -11.65
-26.312355484833, 7.41207173707098, -1.77635683940025E-15
-26.312355484833, 7.21550761354072, -0.747499915865989
-26.312355484833, 7.00866641635452, -1.49222040929613
-26.312355484833, 6.79114064636935, -2.23389031545984
-26.312355484833, 6.56336719291585, -2.97247871333359
-26.312355484833, 6.32643189727833, -3.70818153169904
-26.312355484833, 6.08146393611267, -4.44124587085372
-26.312355484833, 5.71361669684842, -5.01942746596604
-26.312355484833, 5.46710620948939, -5.75192622258663
-26.312355484833, 5.2297769427309, -6.48749735686999
-26.312355484833, 4.96790692035735, -7.21462668023509
-26.312355484833, 4.66254608819913, -7.92446102603164
-26.312355484833, 4.2949685756056, -8.60403606555808
-26.312355484833, 3.86266577296623, -9.24436958520301
-26.312355484833, 3.36036535346289, -9.83100640607802
-26.312355484833, 2.76873135990685, -10.3269715465462
-26.312355484833, 2.12532580115733, -10.7547022398308
-26.312355484833, 1.45022013829253, -11.1307250411211
-26.312355484833, 0.745481956646211, -11.4474978889288
-26.312355484833, 1.59651084128325E-15, -11.65
-24.1196591944302, 7.21157148613305, -1.77635683940025E-15
-24.1196591944302, 6.98632446393693, -0.724053926838505
-24.1196591944302, 6.75444500903376, -1.44601186774289
-24.1196591944302, 6.51651547758287, -2.16599884309921
-24.1196591944302, 6.27265362936448, -2.88399819159048
-24.1196591944302, 6.02230659364364, -3.59976161491005
-24.1196591944302, 5.76491761453778, -4.31302033635511
-24.1196591944302, 5.38963994311123, -4.87503087991365
-24.1196591944302, 5.13868583989288, -5.59051401519289
-24.1196591944302, 4.90081024995237, -6.310519471097
-24.1196591944302, 4.6472922953233, -7.02513355131794
-24.1196591944302, 4.36405520715895, -7.72843674021713
-24.1196591944302, 4.03347418682792, -8.41063270428456
-24.1196591944302, 3.6428182208825, -9.06018784571682
-24.1196591944302, 3.18366582397415, -9.66301694199344
-24.1196591944302, 2.6350926392072, -10.1849769283249
-24.1196591944302, 2.02456995712439, -10.6345026011431
-24.1196591944302, 1.38223658730366, -11.0371615618182
-24.1196591944302, 0.709697391437034, -11.386878133887
-24.1196591944302, 5.28724810159673E-16, -11.65
-21.9269629040275, 6.95673178006828, -1.77635683940025E-15
-21.9269629040275, 6.70565280046261, -0.698635471206401
-21.9269629040275, 6.45204551095446, -1.3963573341873
-21.9269629040275, 6.19649928164192, -2.0933715340329
-21.9269629040275, 5.93960155967336, -2.78988896961531
-21.9269629040275, 5.68045493189779, -3.48557103196525
-21.9269629040275, 5.41460870018847, -4.17871704349543
-21.9269629040275, 5.03340127824544, -4.72130514392047
-21.9269629040275, 4.78062467555003, -5.41923815948632
-21.9269629040275, 4.5437909668368, -6.12282951661149
-21.9269629040275, 4.29900895547236, -6.82368113210329
-21.9269629040275, 4.03420746539645, -7.51718537285593
-21.9269629040275, 3.73377486141096, -8.1959081145037
-21.9269629040275, 3.38051394933572, -8.84856403520129
-21.9269629040275, 2.96333987545311, -9.46218193360831
-21.9269629040275, 2.4676625305119, -10.0137393301135
-21.9269629040275, 1.90054922144743, -10.4924942482356
-21.9269629040275, 1.30132052784177, -10.9302404771859
-21.9269629040275, 0.668034390676128, -11.3172799849215
-21.9269629040275, 8.88178419700125E-16, -11.6360871150003
-19.7342666136248, 6.64738518655231, -1.73580845781436E-09
-19.7342666136248, 6.37277337411876, -0.670779687492199
-19.7342666136247, 6.09943832685854, -1.34207961907486
-19.7342666136247, 5.83173395786354, -2.01564239783436
-19.7342666136247, 5.56864903233838, -2.69102566551298
-19.7342666136247, 5.30580237782498, -3.3665013053277
-19.7342666136247, 5.03675999836363, -4.03952801324066
-19.7342666136247, 4.66173617199531, -4.57544441159271
-19.7342666136247, 4.39673522953153, -5.23740780345328
-19.7342666136247, 4.16105510237286, -5.92283322705211
-19.7342666136247, 3.92382385091691, -6.6077212928404
-19.7342666136247, 3.67435595447275, -7.28823155085773
-19.7342666136247, 3.39890571742062, -7.95857116669147
-19.7342666136247, 3.0793349559134, -8.60892605273376
-19.7342666136247, 2.70376130817983, -9.22851744523566
-19.7342666136247, 2.26450124347523, -9.80450336619062
-19.7342666136247, 1.75632882263947, -10.3208495947752
-19.7342666136247, 1.21407747639696, -10.8014764134482
-19.7342666136247, 0.630757220067512, -11.2315565553035
-19.7342666136247, 0, -11.5843507202765
-17.5415703232264, 6.28696193751906, -1.36058806725074E-06
-17.5415703232243, 5.99258798147225, -0.642695349938152
-17.5415703232228, 5.70414451430948, -1.2880673316119
-17.5415703232221, 5.42669930326148, -1.93823862417886
-17.541570323222, 5.1590254875617, -2.592500324084
-17.541570323222, 4.89510247553519, -3.248287487086
-17.541570323222, 4.62499185741363, -3.90154306321006
-17.541570323222, 4.28859230054526, -4.47777085608024
-17.541570323222, 3.97820780619257, -5.05458823858416
-17.541570323222, 3.74287922455373, -5.72116753405369
-17.541570323222, 3.51069873018772, -6.38885348649447
-17.541570323222, 3.27329649839839, -7.05469386826854
-17.541570323222, 3.01849883824894, -7.71402674610711
-17.541570323222, 2.7283058228878, -8.35848535695144
-17.541570323222, 2.39226484443427, -8.9801972174342
-17.541570323222, 2.00652426284576, -9.57232719786128
-17.541570323222, 1.56808903601353, -10.1265001449902
-17.541570323222, 1.09604454269934, -10.6526575696581
-17.541570323222, 0.578138991484985, -11.1335659070699
-17.541570323222, 0, -11.5314949486116
-15.3488740329193, 5.87928593636391, -8.88983895563081E-06
-15.3488740328711, 5.56820405219896, -0.61489181986087
-15.3488740328379, 5.26653417640803, -1.23443573356089
-15.3488740328228, 4.98018264285893, -1.86119912010477
-15.3488740328194, 4.70796949762885, -2.49424295127042
-15.3488740328192, 4.44289534306934, -3.13031811905397
-15.3488740328192, 4.17209593762103, -3.76396842770218
-15.3488740328192, 3.8767707770686, -4.38631226500547
-15.3488740328192, 3.5164953111076, -4.8722025151501
-15.3488740328192, 3.27998908443677, -5.51943810974526
-15.3488740328192, 3.05013343038557, -6.16906915108432
-15.3488740328192, 2.82162267110904, -6.81917563719125
-15.3488740328192, 2.58390364773442, -7.46595184795128
-15.3488740328192, 2.31992007000704, -8.10240223961425
-15.3488740328192, 2.02157922404567, -8.72346096152132
-15.3488740328192, 1.68767245538027, -9.32615746386998
-15.3488740328192, 1.32169898093919, -9.90993549670647
-15.3488740328192, 0.930061751149452, -10.4769098211481
-15.3488740328192, 0.500378451649216, -11.0151050695834
-15.3488740328192, 0, -11.4759064714604
-13.1561777430924, 5.42436661589247, -2.78601953795899E-05
-13.1561777427743, 5.09879149842521, -0.587471439049389
-13.1561777425529, 4.78490882923844, -1.18122862124668
-13.1561777424461, 4.48918190099149, -1.78422298662526
-13.1561777424182, 4.21064550286604, -2.39536425519963
-13.1561777424165, 3.94191208645651, -3.01089286552034
-13.1561777424165, 3.66847907384871, -3.62433998897328
-13.1561777424165, 3.37342497962473, -4.22754598168044
-13.1561777424165, 3.000509583064, -4.68952149394413
-13.1561777424165, 2.75980640035005, -5.31653151872933
-13.1561777424165, 2.52951152046945, -5.94744458699944
-13.1561777424165, 2.30750409237238, -6.58132696916626
-13.1561777424165, 2.08332139148585, -7.21443924826405
-13.1561777424165, 1.84428035235726, -7.84206499233613
-13.1561777424165, 1.58375257570533, -8.46107688528626
-13.1561777424165, 1.30311055790907, -9.07124566942696
-13.1561777424165, 1.0089609141215, -9.6750332160171
-13.1561777424165, 0.703512092348187, -10.2731886076201
-13.1561777424165, 0.378009717919201, -10.8601734674524
-13.1561777424165, 0, -11.4138589196098
-11.0703676893858, 4.94418400740341, -0.000124181247100935
-11.1863935429859, 4.627549972003, -0.575610430727494
-11.2971455709446, 4.32530818318406, -1.15978644517111
-11.4005161572384, 4.04321031564575, -1.75527025421657
-11.4971107034535, 3.77960423116775, -2.36030996214451
-11.5897297963853, 3.52684714091456, -2.97059591680121
-11.6837016284726, 3.27039843155766, -3.57912623959892
-11.7848409381952, 2.9943897077999, -4.17774401974792
-11.9104898917199, 2.651494275757, -4.64698831210487
-11.9917047405898, 2.42985931652866, -5.27082454008139
-12.0681153426561, 2.22133512533417, -5.89977782345873
-12.1408392566489, 2.02287188939863, -6.53242116450046
-12.2134292682725, 1.82477407242993, -7.16519509042695
-12.29004496974, 1.61569016588692, -7.79392759872127
-12.3727468355189, 1.38999714416652, -8.4161098879185
-12.461239532838, 1.14850096907975, -9.03153296516262
-12.5538972376186, 0.895638507263721, -9.64176356164929
-12.6510357572186, 0.630547921851856, -10.2460777357645
-12.7566302977373, 0.342380893183348, -10.8377203198646
-12.8820907061161, 0, -11.3952147804384
-9.51929909383546, 4.55272551098055, -0.000203924420005019
-9.72963623832057, 4.25072985791589, -0.563541192111227
-9.92984425079113, 3.96327730348084, -1.13803917420744
-10.1164251750128, 3.69539010648742, -1.72640261084863
-10.2905500844245, 3.44538687543017, -2.32636849588427
-10.457152564916, 3.2061841182501, -2.93286078255989
-10.6255145890055, 2.96445506206912, -3.53785921571943
-10.8051504576827, 2.70653936388, -4.1327407445561
-11.0240727223697, 2.39221745722676, -4.60116324058396
-11.1671429010528, 2.18680166083355, -5.22574303210336
-11.3002219601548, 1.99573080902977, -5.85707056703969
-11.4259826919968, 1.81516738816811, -6.49298621299935
-11.5506241374701, 1.63621100451669, -7.12957972699098
-11.681197549472, 1.44873768435287, -7.76250555330849
-11.8210834942344, 1.24789371384783, -8.38930819767958
-11.9699589896737, 1.0341428208205, -9.00974513822299
-12.1257763121445, 0.81042506438925, -9.62494509611331
-12.2905356682993, 0.57386860888405, -10.232961179568
-12.4720202262724, 0.313298619021466, -10.8255222642521
-12.6902297807059, 0, -11.3786563773204
-8.28260604939743, 4.21576280589824, -0.000291166551693779
-8.56728390887193, 3.93108494642374, -0.551098195880075
-8.83887690034831, 3.65949195494736, -1.11494619414669
-9.0943507103982, 3.40401814489747, -1.69365297639492
-9.3323190586483, 3.16604979664737, -2.28710005150364
-9.55792610897245, 2.94044274632322, -2.89017557906526
-9.78619239479171, 2.71217646050396, -3.49124297742555
-10.0267368768826, 2.47163197841307, -4.08257463376389
-10.3158540957555, 2.18251475954017, -4.54754593611952
-10.507984595806, 1.99038425948964, -5.17331890361897
-10.6848324760279, 1.8135363792678, -5.8080817064317
-10.8512152565803, 1.64715359871535, -6.44849383224613
-11.0151288968285, 1.48323995846721, -7.09018477188502
-11.1856216116351, 1.31274724366061, -7.7284224137444
-11.3670274978025, 1.13134135749316, -8.36061203702775
-11.5591230239995, 0.939245831296202, -8.98645877161119
-11.7600038074035, 0.738365047892185, -9.60676516234289
-11.9736346725906, 0.524734182705076, -10.218473912927
-12.2112144479623, 0.28715440733336, -10.811413695496
-12.4983688553001, 0, -11.358662778031
-7.11885809092849, 3.87454682844849, -0.000398206995158586
-7.47274981239272, 3.61023252629252, -0.536659277706858
-7.81186865924738, 3.35695177424932, -1.08757658500358
-8.13223795127991, 3.11767467133936, -1.65567114085895
-8.43072361548637, 2.89474199093682, -2.24206018001691
-8.71557794349809, 2.68199026955434, -2.83896882074891
-9.00101286895325, 2.46880491212221, -3.43544685562293
-9.29802659797212, 2.24697158923027, -4.02299807207336
-9.65050395078728, 1.98371364934501, -4.48390313565775
-9.89011617049185, 1.80475230948316, -5.11090507485219
-10.1083291341729, 1.64177362499146, -5.75004209224944
-10.3129208448494, 1.48896836859662, -6.39617999095168
-10.5133259113864, 1.33929002887426, -7.04436916726169
-10.7202313182804, 1.18475672131562, -7.68935474969641
-10.9388903533664, 1.02144487545014, -8.32826856824932
-11.1693208600907, 0.849341164381996, -8.96070775128585
-11.4101506568831, 0.669470441737878, -9.5870789810457
-11.6677401095483, 0.477082283737876, -10.202943657887
-11.9565065932367, 0.261408655357051, -10.7958618958224
-12.3065079298854, 0, -11.3349794884244
-5.95316717056278, 3.50393037899889, -0.000537121075586327
-6.37520351526196, 3.2639253787238, -0.519806038207898
-6.78059110033396, 3.03338824918802, -1.05630417871713
-7.16401616548131, 2.81534083686916, -1.61374346299241
-7.52592297289327, 2.60953049730142, -2.18993631462543
-7.87248197747729, 2.41244819613182, -2.77851714157239
-8.21598390305302, 2.21710440458927, -3.36947874069931
-8.56917489724375, 2.01625060201375, -3.95280171356319
-8.98225383339013, 1.7813395299493, -4.41031716603681
-9.27193238010151, 1.61660419244487, -5.03808429447598
-9.53266900250309, 1.46832764252873, -5.68257416311836
-9.7764563058432, 1.3296898864679, -6.33581288102421
-10.0139659124028, 1.19462215141704, -6.9921202727494
-10.2572642000171, 1.05626249040861, -7.64560334855745
-10.512579319993, 0.911069058113772, -8.29298746405109
-10.78037137639, 0.758780201060366, -8.93366718032392
-11.0602551620574, 0.599614980102957, -9.56746197005435
-11.3616022466412, 0.428243940554298, -10.1880435709135
-11.7020480384413, 0.234638121100781, -10.7800421226886
-12.1146470044752, 0, -11.3079457592343
-4.74850531686694, 3.0829392818323, -0.00072463206314873
-5.23686176369662, 2.87308224899909, -0.503064265740419
-5.70872519318678, 2.6703126124802, -1.02370532757861
-6.15865243627154, 2.47696941646517, -1.56684395949536
-6.58619125692373, 2.29324699628307, -2.13102503865892
-6.9965313940698, 2.11691521200363, -2.71017267934954
-7.40067210219403, 1.94324745271705, -3.29448526733709
-7.8117763232896, 1.76658732549974, -3.87299847734357
-8.28337825070017, 1.5639300619225, -4.32976174070904
-8.62825947388999, 1.41572734923517, -4.95710192484394
-8.93476389768444, 1.28401595411523, -5.60789924349211
-9.22114872643702, 1.16095037199663, -6.26950645198281
-9.49808920207677, 1.04194322697691, -6.93588009261603
-9.77986355964263, 0.920858861261802, -7.59983965616992
-10.0733337501129, 0.79474855024431, -8.25776533437555
-10.3796941610138, 0.663099040492589, -8.90869177180011
-10.7002208816907, 0.52536196958528, -9.55146831953349
-11.0482247311573, 0.375817398733995, -10.1770024645451
-11.4446774520204, 0.205453329212455, -10.7658986875943
-11.9227860790649, 0, -11.2782974402878
-3.49018892323276, 2.58875917206937, -0.000986601232215477
-4.04316892288963, 2.41504507589457, -0.48733222321236
-4.58081708687758, 2.24614734916819, -0.992176373366624
-5.09781676508157, 2.08373617357848, -1.52016218187682
-5.59279275526296, 1.92824355754184, -2.07086549789959
-6.06948523681163, 1.77849455461781, -2.63904683984792
-6.53687314514794, 1.63166850646046, -3.21569117983821
-7.00804137123679, 1.48365490272779, -3.78893960165536
-7.53461089840555, 1.31823743818645, -4.25077049379243
-7.940480211732, 1.19073694816269, -4.8758723300448
-8.29704308317983, 1.07872566930725, -5.53368867926919
-8.62983276733165, 0.974182540740931, -6.20511644031797
-8.95083672505789, 0.873341800714985, -6.88284326456581
-9.27464740173521, 0.771619353129806, -7.55909685892663
-9.60911093172811, 0.666550399727872, -8.22962446246117
-9.95660366110179, 0.557388431034757, -8.89282803616378
-10.3212254134042, 0.442845521370426, -9.54581272883282
-10.721629565461, 0.317061866586639, -10.1752034395651
-11.1820300585972, 0.172430857159137, -10.7559123027007
-11.7309251536547, 0, -11.2457015075745
-2.20026697092552, 1.9948566595394, -0.00136622898859368
-2.81340966970117, 1.86388349862813, -0.475652876474694
-3.41295462267734, 1.7358149466312, -0.967749382169272
-3.99391742441869, 1.61171572035341, -1.48259990455583
-4.55422423832641, 1.49202881118177, -2.02086477552782
-5.09610940555783, 1.37627694241622, -2.57852980994457
-5.62636813253116, 1.26300859279522, -3.14779764929148
-6.15735319064865, 1.14958509187582, -3.71635970783425
-6.73202373173957, 1.02682995282, -4.19346001724767
-7.19986676635064, 0.926894193696246, -4.81638916801983
-7.60948281607966, 0.839396276979424, -5.48157201179161
-7.99267285831769, 0.757543208905948, -6.16311312636543
-8.36229145763083, 0.678589131200539, -6.85247253818132
-8.73214919962575, 0.599583970324759, -7.54169884808534
-9.11058815988098, 0.518745778928895, -8.22603092806272
-9.50199815505111, 0.43513685007422, -8.90268005619359
-9.91563150218367, 0.346780800103408, -9.56527740222506
-10.3773707193404, 0.24814887492764, -10.1935297043114
-10.9132965032801, 0.133669987587721, -10.7544840246389
-11.5390642282445, 0, -11.2095238272184
-0.985433042160659, 1.27668973968676, -0.00193467094811888
-1.64670904985956, 1.19521290002603, -0.473482947234572
-2.29590990967054, 1.11522385801241, -0.96174031709654
-2.9283726799658, 1.03729714189573, -1.47178847412839
-3.54168415603762, 0.961730086360362, -2.00505316348445
-4.13706433482737, 0.888372373696278, -2.55858506530663
-4.72025357694867, 0.816516725194033, -3.12517719067112
-5.3008130983532, 0.744985088648518, -3.69450938100576
-5.90948271293351, 0.669989964046783, -4.20254498622512
-6.42392633452311, 0.606604569774583, -4.83230644822061
-6.88303126649065, 0.550037541039432, -5.50474484559483
-7.31711785650135, 0.49655306091101, -6.1939279014841
-7.7370189812042, 0.444816393902895, -6.89199850346323
-8.15382198635554, 0.393461450996379, -7.59195781884417
-8.57597612792912, 0.341447186295027, -8.28864788659401
-9.01159572990844, 0.287773821390942, -8.97684450521063
-9.48067715043123, 0.229977574070921, -9.64210335956655
-10.0168146752167, 0.163919240433428, -10.253412377206
-10.6419740215885, 0.0868923904740676, -10.7690488306631
-11.3472033028342, 0, -11.169120759684
-0.133220671792072, 0.438619133264391, -0.00279284479583328
-0.813574761012641, 0.411544824987217, -0.489141193169737
-1.4814147034516, 0.384968510141933, -0.992533605419712
-2.13180030967213, 0.359086780788289, -1.51829282556727
-2.76215988282138, 0.33400197615595, -2.06794083088119
-3.37366068600857, 0.309667645666078, -2.63854974814592
-3.97321678683753, 0.285808647887583, -3.22175877812612
-4.56835236534467, 0.262125562308313, -3.80948502158472
-5.16076895119973, 0.238550677512183, -4.38949983644196
-5.68496567882132, 0.217690563600365, -5.04119601954694
-6.17914359319061, 0.198025031476154, -5.7161166714466
-6.65461503287064, 0.179103912989695, -6.40437859042261
-7.11454322915732, 0.160801329130906, -7.10315199799234
-7.56537098092689, 0.142860892342618, -7.80785327472608
-8.01777985107424, 0.124857535837875, -8.51153453283302
-8.49168086701413, 0.105998911480783, -9.20077660116284
-9.03043877875194, 0.0845593434378144, -9.83975656856802
-9.66000592974898, 0.0595060727992804, -10.3891750474847
-10.3812766235688, 0.0308035112579196, -10.8090761941857
-11.155342377424, 0, -11.1238827271248
