-109.579997112868, 6.57937491952483, -1.77635683940025E-15
-109.579997112873, 6.73787485447992, -0.781798844176925
-109.579997112876, 6.86149088990367, -1.56987796874411
-109.579997112877, 6.95586539803156, -2.36201730552364
-109.579997112877, 7.03096849026901, -3.15623822966038
-109.579997112877, 7.0967481705591, -3.95129351618929
-109.579997112877, 7.15711679885006, -4.74677903223458
-109.579997112877, 7.21393759811767, -5.5425265312093
-109.579997112877, 7.26907307830708, -6.33839290838526
-109.579997112877, 7.33813074006022, -7.13281053135591
-109.579997112877, 7.08249808815016, -7.8284250298557
-109.579997112877, 6.3391539740861, -8.11001722705023
-109.579997112877, 5.55902530434874, -8.27558400738131
-109.579997112877, 4.76773443155275, -8.3744834387835
-109.579997112877, 3.97403968806976, -8.4550460685509
-109.579997112877, 3.17986708288202, -8.53072189648203
-109.579997112877, 2.38514827835083, -8.60046582683139
-109.579997112877, 1.59029484030892, -8.66866606771428
-109.579997112877, 0.79543471689005, -8.73678837216693
-109.579997112877, 8.88178679092028E-16, -8.79782028288306
-107.442118229735, 6.70796520598675, -1.77635683940025E-15
-107.442118229735, 6.82441141882135, -0.800394632742258
-107.442118229735, 6.92809300872043, -1.60253928283566
-107.442118229735, 7.01790393986862, -2.40635586554302
-107.442118229735, 7.09588203336948, -3.21141062191492
-107.442118229735, 7.16523967198758, -4.01725620984283
-107.442118229735, 7.22886781554673, -4.82357648616241
-107.442118229735, 7.29031667354181, -5.63006657715613
-107.442118229735, 7.35314451301881, -6.43644990342815
-107.442118229735, 7.38168778558433, -7.21374892112153
-107.442118229735, 7.19114532962053, -7.95099557643784
-107.442118229735, 6.44084122783428, -8.24262854434473
-107.442118229735, 5.64793398006793, -8.39992745880836
-107.442118229735, 4.84305991108709, -8.47821691321629
-107.442118229735, 4.03655858032418, -8.53950883660898
-107.442118229735, 3.22967726280134, -8.59555907442119
-107.442118229735, 2.42246691327456, -8.64667281321153
-107.442118229735, 1.61510457646889, -8.695335100306
-107.442118229735, 0.807672066873156, -8.74282273205358
-107.442118229735, 1.05985192941554E-17, -8.78603305548948
-105.249421939332, 6.79508092926264, -1.77635683940025E-15
-105.249421939332, 6.89437680175498, -0.813455018302921
-105.249421939332, 6.99048253885546, -1.62729167751658
-105.249421939332, 7.07986562380475, -2.44189227273632
-105.249421939332, 7.16149673214156, -3.25730670399987
-105.249421939332, 7.23687754524231, -4.07332401114215
-105.249421939332, 7.30797452675527, -4.88972654394237
-105.249421939332, 7.37680856491006, -5.70632345796719
-105.249421939332, 7.44540200171987, -6.52294066753753
-105.249421939332, 7.42430832857464, -7.2703853970573
-105.249421939332, 7.28125008266149, -8.04643570440957
-105.249421939332, 6.5309796602705, -8.35629768440265
-105.249421939332, 5.72509109066445, -8.50264605824567
-105.249421939332, 4.90866991381419, -8.57216966068202
-105.249421939332, 4.09115067562576, -8.62900692820889
-105.249421939332, 3.2732994285666, -8.68081884996399
-105.249421939332, 2.45514436846957, -8.72762098680571
-105.249421939332, 1.63688691113784, -8.77260078598243
-105.249421939332, 0.818560333145104, -8.81630780937329
-105.249421939332, 6.27158857636577E-17, -8.85537839452144
-103.056725648929, 6.86242016174799, -1.77635683940025E-15
-103.056725648929, 6.95671511785606, -0.824683098309732
-103.056725648929, 7.04981928346105, -1.64950124012273
-103.056725648929, 7.13974759827712, -2.47467103314897
-103.056725648929, 7.22451188614336, -3.30038621303061
-103.056725648929, 7.30461896416173, -4.12656776063074
-103.056725648929, 7.38182546687654, -4.95302537284843
-103.056725648929, 7.45603248384149, -5.77975767415671
-103.056725648929, 7.5271406795206, -6.60676224045161
-103.056725648929, 7.46537772095775, -7.33233612307559
-103.056725648929, 7.35390818013289, -8.13736306612103
-103.056725648929, 6.61606652239569, -8.48445534929654
-103.056725648929, 5.79872453863305, -8.62701920909453
-103.056725648929, 4.97166007231019, -8.69616545164488
-103.056725648929, 4.14360021176017, -8.75369886520719
-103.056725648929, 3.31523381984221, -8.80661125570577
-103.056725648929, 2.48659471856841, -8.85509346330528
-103.056725648929, 1.65789956018088, -8.902613923151
-103.056725648929, 0.829126752873042, -8.94875569325951
-103.056725648929, 1.69627276470916E-16, -8.98799220141381
-100.864029358526, 6.92008851949181, -1.77635683940025E-15
-100.864029358526, 7.01589863982491, -0.83513501847348
-100.864029358526, 7.10916540309203, -1.67055765467485
-100.864029358526, 7.19893655212706, -2.50636280544469
-100.864029358526, 7.28425689586469, -3.34263356321335
-100.864029358526, 7.36530513618062, -4.17932997549655
-100.864029358526, 7.44430183734467, -5.01622285289844
-100.864029358526, 7.52128947514857, -5.85330292609681
-100.864029358526, 7.59458864620355, -6.69071250391083
-100.864029358526, 7.50448396481673, -7.40560246509783
-100.864029358526, 7.41173817876844, -8.23114974740706
-100.864029358526, 6.69759935780209, -8.62999416459889
-100.864029358526, 5.87080706581259, -8.77944375289042
-100.864029358526, 5.03368190447982, -8.85467484613078
-100.864029358526, 4.19529853404799, -8.9158496729805
-100.864029358526, 3.35658138072653, -8.97225736040368
-100.864029358526, 2.51764938651495, -9.02539457016168
-100.864029358526, 1.67869361246063, -9.07815409123382
-100.864029358526, 0.839623638259676, -9.12905766684048
-100.864029358526, 3.50454167151829E-16, -9.16974431705873
-98.6713330681237, 6.97232808492038, -1.77635683940025E-15
-98.6713330681237, 7.07229082434342, -0.844902069451168
-98.6713330681237, 7.1669436253688, -1.69041495758675
-98.6713330681237, 7.2560381292825, -2.53653187786757
-98.6713330681237, 7.34067039231127, -3.38310745887979
-98.6713330681237, 7.42216280433733, -4.22999144328421
-98.6713330681237, 7.50181093503666, -5.07705098592176
-98.6713330681237, 7.57921238272515, -5.92431854599351
-98.6713330681237, 7.6515190111565, -6.77203249446585
-98.6713330681237, 7.54124725167311, -7.48377854439061
-98.6713330681238, 7.45711435732937, -8.3241636609566
-98.6713330681237, 6.77234251089829, -8.77866923794314
-98.6713330681237, 5.93853595480187, -8.94502987319499
-98.6713330681237, 5.09234207750641, -9.03204412838926
-98.6713330681237, 4.24436001130945, -9.1011507209105
-98.6713330681237, 3.3959180477465, -9.16438525253856
-98.6713330681237, 2.54727048061226, -9.22481158504386
-98.6713330681237, 1.69857819594284, -9.28460574310532
-98.6713330681237, 0.84969164099748, -9.34156297501111
-98.6713330681237, 6.35497579742745E-16, -9.3847213244983
-96.4786367777186, 7.02170441575502, -1.77635683940025E-15
-96.4786367777199, 7.12521756662588, -0.854077516574032
-96.4786367777207, 7.22097925169691, -1.70905870531697
-96.4786367777209, 7.30975067998059, -2.56479511728418
-96.4786367777209, 7.39371457675182, -3.42101772600176
-96.4786367777209, 7.47476814520999, -4.27752119019729
-96.4786367777209, 7.55388653355741, -5.13420557882142
-96.4786367777209, 7.630327396104, -5.99113265086784
-96.4786367777209, 7.69974405544101, -6.84864833813414
-96.4786367777209, 7.57559358189003, -7.56209701867171
-96.4786367777209, 7.49327267497404, -8.41392888674925
-96.4786367777209, 6.83714862242491, -8.92016997090174
-96.4786367777209, 5.99932876050374, -9.11233670992695
-96.478636777721, 5.14556000679102, -9.21697712616764
-96.478636777721, 4.28920779345107, -9.29955319163608
-96.4786367777209, 3.43209690696789, -9.37389333874081
-96.4786367777209, 2.57464635388174, -9.44422280013061
-96.4786367777209, 1.71701576346662, -9.51231843843103
-96.4786367777209, 0.859052080138641, -9.57607028926028
-96.4786367777209, 1.93840891781595E-15, -9.62266487317009
-94.2859404873096, 7.06995622531279, -1.77635683940025E-15
-94.2859404873146, 7.17508406083885, -0.862647639815899
-94.2859404873173, 7.27149980992292, -1.72631222310471
-94.2859404873181, 7.36007342808055, -2.59081772925698
-94.2859404873182, 7.4433264232908, -3.45585329843836
-94.2859404873182, 7.52340287402965, -4.32118915487667
-94.2859404873182, 7.60121626969959, -5.18673144342903
-94.2859404873182, 7.67571472907516, -6.05256478117587
-94.2859404873182, 7.71290390355811, -6.89314479426633
-94.2859404873182, 7.60762815876084, -7.63735326984049
-94.2859404873182, 7.52230029375327, -8.49831249222237
-94.2859404873182, 6.8893279019537, -9.0479429956671
-94.2859404873182, 6.05085062756245, -9.27257342937374
-94.2859404873182, 5.19154617796826, -9.4010195058126
-94.2859404873182, 4.32862144609649, -9.50378149010868
-94.2859404873182, 3.4643136035253, -9.59424328143979
-94.2859404873182, 2.59923604596762, -9.67704835747325
-94.2859404873182, 1.733642983967, -9.75427609781454
-94.2859404873182, 0.867512493428266, -9.8252260622056
-94.2859404873182, 3.3848552644733E-15, -9.87621196444813
-92.0932441969154, 7.11740019310093, -1.77635683940025E-15
-92.0932441969154, 7.22209613434261, -0.870761370663631
-92.0932441969154, 7.31854620048695, -1.74247384403099
-92.0932441969154, 7.40695944041749, -2.61503923406603
-92.0932441969154, 7.48947840722432, -3.48818310734888
-92.0932441969154, 7.56819940628627, -4.3616783789165
-92.0932441969154, 7.64417959960528, -5.23541621031981
-92.0932441969155, 7.7160532944205, -6.10950050680829
-92.0932441969155, 7.67729461989846, -6.89155020866268
-92.0932441969154, 7.63707093284676, -7.70940712514966
-92.0932441969154, 7.54548772302791, -8.57796119828009
-92.0932441969155, 6.93006205510477, -9.16323925959133
-92.0932441969154, 6.09377721049317, -9.4233222682931
-92.0932441969155, 5.23091306401698, -9.57943520231274
-92.0932441969155, 4.36321041685462, -9.70690993689157
-92.0932441969155, 3.4931034320611, -9.81684626224101
-92.0932441969155, 2.62142588596705, -9.91358888293681
-92.0932441969155, 1.74869527587991, -10.0003350832841
-92.0932441969155, 0.875181502950172, -10.0788337927668
-92.0932441969154, 4.4351332358187E-15, -10.1353281082374
-89.9005479065127, 7.16366891625152, -1.77635683940025E-15
-89.9005479065127, 7.26662366012927, -0.878562176800058
-89.9005479065127, 7.36254599670448, -1.75791865447813
-89.9005479065127, 7.45060834502197, -2.63809732979989
-89.9005479065127, 7.53219744561498, -3.5189008122533
-89.9005479065127, 7.60925316065108, -4.40011343661966
-89.9005479065127, 7.6830506406893, -5.28160480225839
-89.9005479065127, 7.75189976018925, -6.16349487322698
-89.9005479065127, 7.64629176952541, -6.89481684821267
-89.9005479065128, 7.66335470701298, -7.77918217977532
-89.9005479065126, 7.56379404255634, -8.65443882311084
-89.9005479065127, 6.96308665303552, -9.27056591274613
-89.9005479065127, 6.13088673681329, -9.56587486447995
-89.9005479065127, 5.26576798091424, -9.74972874248221
-89.9005479065127, 4.39451083362439, -9.90248152589497
-89.9005479065127, 3.51952633044706, -10.0322413767159
-89.9005479065127, 2.64191563865792, -10.1429225380273
-89.9005479065127, 1.76261770146221, -10.239336576598
-89.9005479065127, 0.882268897260774, -10.3256869368026
-89.9005479065127, 4.94298323580385E-15, -10.388972716033
-87.6978516161099, 7.20867663160046, -1.77635683940025E-15
-87.6978516161099, 7.30921225800908, -0.886135873752655
-87.6978516161099, 7.40407815303166, -1.77289506917699
-87.6978516161099, 7.49138550554631, -2.66042993596696
-87.6978516161099, 7.57170982725701, -3.54862477049036
-87.6978516161099, 7.64685272397916, -4.43727445204711
-87.69785161611, 7.7182735601198, -5.32623074551065
-87.6978516161099, 7.78395429589952, -6.2156273039989
-87.6978516161099, 7.67316508058896, -6.95548810524973
-87.6978516161099, 7.68609635698708, -7.84716182945647
-87.69785161611, 7.57820686375111, -8.72869010280856
-87.6978516161099, 6.99220816564945, -9.37350118816093
-87.6978516161099, 6.16525276849331, -9.7022828479434
-87.6978516161099, 5.29829840916775, -9.91088175747269
-87.69785161611, 4.42389858912415, -10.0860943187887
-87.69785161611, 3.54440199973388, -10.2336428098246
-87.69785161611, 2.66118662394931, -10.3570873181415
-87.69785161611, 1.7756585788799, -10.4627602076188
-87.6978516161099, 0.888904390357692, -10.5576768572879
-87.69785161611, 5.23402465939098E-15, -10.6291925986438
-82.2261108900949, 7.31604848360661, -1.77635683940025E-15
-82.2261108900997, 7.41006741273166, -0.903501123783714
-82.2261108901023, 7.49967856563207, -1.80744847591577
-82.226110890103, 7.58196034129254, -2.71209130018235
-82.2261108901031, 7.65676139549747, -3.61738406584265
-82.2261108901031, 7.72591410713537, -4.5231273694706
-82.2261108901031, 7.79085679987109, -5.4291819613826
-82.2261108901031, 7.84889791003349, -6.3357010976235
-82.2261108901031, 7.72692646084552, -7.09418066431295
-82.2261108901031, 7.7243600230605, -8.00250813550957
-82.2261108901031, 7.60147878338481, -8.89908705620728
-82.2261108901031, 7.06018814480768, -9.61136443109162
-82.2261108901031, 6.25061894102464, -10.0155604073473
-82.2261108901031, 5.37704631532665, -10.2636035157984
-82.2261108901031, 4.49194189767486, -10.4676725084187
-82.2261108901031, 3.60021450500617, -10.6405784072942
-82.2261108901031, 2.70353999139293, -10.7857698333643
-82.2261108901031, 1.8040234480438, -10.9122899491917
-82.2261108901031, 0.90318310567915, -11.0290741526895
-82.2261108901031, 4.67857523161759E-15, -11.1257442494307
-76.7443701640962, 7.44129604417415, -1.77635683940025E-15
-76.7443701640962, 7.5253733778186, -0.916593934457661
-76.7443701640962, 7.60245791429392, -1.83380059124227
-76.7443701640962, 7.6710335578656, -2.75168275268525
-76.7443701640962, 7.73241236848144, -3.67007550804804
-76.7443701640962, 7.78897788579324, -4.58877859171593
-76.7443701640962, 7.84185554975572, -5.50770104231467
-76.7443701640962, 7.88836597800114, -6.42696428893971
-76.7443701640962, 7.75339853892999, -7.19693148104296
-76.7443701640962, 7.73119670511537, -8.11706630939188
-76.7443701640962, 7.59955665625215, -9.0254068116693
-76.7443701640962, 7.10245176964692, -9.78779907253844
-76.7443701640962, 6.31856682799412, -10.2598104949612
-76.7443701640962, 5.44145730823732, -10.5365214609981
-76.7443701640962, 4.54498071081029, -10.7448842421603
-76.7443701640962, 3.64203348000163, -10.9233088492842
-76.7443701640962, 2.73442038135117, -11.0763294870464
-76.7443701640962, 1.82432760813739, -11.2139429997001
-76.7443701640962, 0.913104242381322, -11.343889403528
-76.7443701640962, 2.8844335552702E-15, -11.4597456528825
-71.2626294380893, 7.60529902821529, -1.77635683940025E-15
-71.2626294380893, 7.67235227999693, -0.9222219070488
-71.2626294380893, 7.72627525477106, -1.84530360766689
-71.2626294380893, 7.76852031420745, -2.76899723971558
-71.2626294380893, 7.80378985139657, -3.69298662353493
-71.2626294380893, 7.83570108733527, -4.61709896383186
-71.2626294380893, 7.86528833221196, -5.54128852042091
-71.2626294380893, 7.89099952227025, -6.46559285466188
-71.2626294380893, 7.74057121617426, -7.23706843380941
-71.2626294380893, 7.69502043514616, -8.16051779185327
-71.2626294380893, 7.55288980048128, -9.07255966719279
-71.2626294380893, 7.09401977476772, -9.86462632276258
-71.2626294380893, 6.33626361027042, -10.3843339951525
-71.2626294380893, 5.46719333603231, -10.6965417405085
-71.2626294380893, 4.56882458195733, -10.9145687211862
-71.2626294380893, 3.66148220413702, -11.0924795381483
-71.2626294380893, 2.74903451456047, -11.2421149731368
-71.2626294380893, 1.83386914715981, -11.3742623326181
-71.2626294380894, 0.917525051424709, -11.4980106502538
-71.2626294380893, 2.90288965093335E-16, -11.61263413509
-65.7808887120825, 7.75022738918004, -1.77635683940025E-15
-65.7808887120825, 7.79973851304382, -0.919013264259862
-65.7808887120825, 7.82854238615426, -1.83890943326277
-65.7808887120825, 7.84102623625484, -2.75918310649243
-65.7808887120825, 7.84600865487926, -3.679534249548
-65.7808887120825, 7.8492166862204, -4.59989363279842
-65.7808887120825, 7.85069766387234, -5.5202573318767
-65.7808887120825, 7.84991681164921, -6.44062178172404
-65.7808887120825, 7.67781635037353, -7.20449822495387
-65.7808887120825, 7.60124178026824, -8.12144297645099
-65.7808887120825, 7.43637909452005, -9.02602260274365
-65.7808887120825, 7.01396046200606, -9.83475457307453
-65.7808887120825, 6.28838651539397, -10.3920964411238
-65.7808887120824, 5.44009330448231, -10.7459279947513
-65.7808887120824, 4.55147663038056, -10.9840278787157
-65.7808887120825, 3.64940225426062, -11.1662535953869
-65.7808887120825, 2.74069154623389, -11.3119373919163
-65.7808887120824, 1.82829390270431, -11.4326736813837
-65.7808887120824, 0.914536249419354, -11.5427484423699
-65.7808887120825, 9.56546155475073E-16, -11.6461507577825
-60.2991479860756, 7.83821037268151, -1.77635683940025E-15
-60.2991479860756, 7.87519791202314, -0.909997093530324
-60.2991479860756, 7.88444960172032, -1.82070128121361
-60.2991479860756, 7.87211067807697, -2.731389563584
-60.2991479860756, 7.85024773118107, -3.6419097212281
-60.2991479860756, 7.82597447795036, -4.55236932725946
-60.2991479860756, 7.80061449344677, -5.46279954284522
-60.2991479860756, 7.77515875244745, -6.37322709490689
-60.2991479860756, 7.57804238020345, -7.12444820604365
-60.2991479860756, 7.46795741431627, -8.02813968605074
-60.2991479860756, 7.26729443996241, -8.91598957306033
-60.2991479860756, 6.87191257714988, -9.73051520194484
-60.2991479860756, 6.19071013256203, -10.3276044651391
-60.2991479860756, 5.37239423981202, -10.7249027755627
-60.2991479860756, 4.50206661945248, -10.9914219484331
-60.2991479860756, 3.61263635533002, -11.1869986943058
-60.2991479860756, 2.71429112993038, -11.3364549731889
-60.2991479860756, 1.81082872530283, -11.4514878278957
-60.2991479860756, 0.905621315119609, -11.5520973869839
-60.2991479860756, 2.36329894318863E-17, -11.6489290480947
-54.8174072600628, 7.88438308153735, -1.77635683940025E-15
-54.8174015995649, 7.91299852760476, -0.898003910493065
-54.817402995454, 7.90604038924379, -1.79636874197491
-54.8174070184368, 7.87154392995337, -2.69418561499566
-54.8174072600687, 7.8259176087495, -3.59151930219823
-54.8174072600687, 7.77721124612864, -4.48869215392734
-54.8174072600687, 7.72690974474494, -5.3857770708613
-54.8174072600687, 7.6759662467519, -6.2828259705164
-54.8174072600687, 7.45249246082984, -7.01831538363285
-54.8174072600687, 7.31383360160639, -7.90549828117312
-54.8174072600687, 7.0723952197811, -8.77049064661907
-54.8174072600687, 6.68734965232802, -9.57911854503315
-54.8174072600687, 6.0569635907105, -10.213376278138
-54.8174072600687, 5.27667523696166, -10.655821389926
-54.8174072600687, 4.43283246332468, -10.9618302370572
-54.8174072600687, 3.5611728004398, -11.1791922285034
-54.8174072600687, 2.67756686761297, -11.3412405321606
-54.8174072600687, 1.7866738854886, -11.4574685024776
-54.8174072600687, 0.893371541039399, -11.553889586195
-54.8174072600687, 8.94873532911231E-16, -11.6496966044321
-49.335666534064, 7.90606822189399, -1.77635683940025E-15
-49.3356665439729, 7.92046931154247, -0.883994594099024
-49.3356665363962, 7.89801261955576, -1.76781715763694
-49.3356665342003, 7.84465831044646, -2.6503497002586
-49.3356665340619, 7.77591378454831, -3.53184120359371
-49.3356665340619, 7.70305699900817, -4.41300474320079
-49.3356665340619, 7.62725776754258, -5.29392001829771
-49.3356665340619, 7.54841697538619, -6.17456825895164
-49.3356665340619, 7.29785559955607, -6.89101305421037
-49.3356665340619, 7.13754941015344, -7.76000841909348
-49.3356665340618, 6.85968701169084, -8.5988057525947
-49.3356665340618, 6.46860206215226, -9.3903081004476
-49.3356665340619, 5.88681739867205, -10.0517375598329
-49.3356665340618, 5.15479571711431, -10.5444203146295
-49.3356665340619, 4.34588517419292, -10.8989254342694
-49.3356665340619, 3.49736695749699, -11.1466935826533
-49.3356665340619, 2.63289192782718, -11.3311393301423
-49.3356665340618, 1.75761130585482, -11.4555096759565
-49.3356665340619, 0.878795818359309, -11.5526192262077
-49.3356665340619, 8.05579275938463E-19, -11.6499634943915
-43.853925808055, 7.90869698836264, -1.77635683940025E-15
-43.8539337428741, 7.9062363590404, -0.867212240826839
-43.8539277049077, 7.86212579416823, -1.73343370801767
-43.853925926495, 7.78639386990276, -2.59749545989852
-43.853925808055, 7.69257206618644, -3.45980671542703
-43.853925808055, 7.59187432148319, -4.32134732379892
-43.853925808055, 7.48752940597656, -5.18245392512994
-43.8539258080549, 7.37794478557304, -6.04290704740031
-43.853925808055, 7.09900727685278, -6.73557048913136
-43.853925808055, 6.92171527577405, -7.58429829090568
-43.853925808055, 6.62099497110799, -8.39695378658266
-43.853925808055, 6.2133490917389, -9.16185626091598
-43.853925808055, 5.67122540421232, -9.83644111249697
-43.853925808055, 4.99504868432626, -10.3775029810991
-43.853925808055, 4.23298314173455, -10.7899606035681
-43.853925808055, 3.41662790275308, -11.0816598501205
-43.853925808055, 2.57790126591914, -11.3016686333639
-43.853925808055, 1.72267852145711, -11.4453307142674
-43.853925808055, 0.861483411161558, -11.5488075697611
-43.853925808055, -4.44086934996993E-16, -11.65
-38.3721850820481, 7.88599893386154, -1.77635683940025E-15
-38.3721850820481, 7.8474188425111, -0.84586876083443
-38.3721850820481, 7.77653487373469, -1.68962889433656
-38.3721850820481, 7.67420836061443, -2.53017650880869
-38.3721850820481, 7.55102247900455, -3.36794753767154
-38.3721850820481, 7.41790407290233, -4.20420705598956
-38.3721850820481, 7.27885876142813, -5.03950134340285
-38.3721850820481, 7.1193020306511, -5.86056687722078
-38.3721850820481, 6.82148470170281, -6.53515423239077
-38.3721850820481, 6.63053208957581, -7.35992777349842
-38.3721850820481, 6.32892439692878, -8.14994604728363
-38.3721850820481, 5.9083097712099, -8.88423157207263
-38.3721850820481, 5.39200702896301, -9.55428436659473
-38.3721850820481, 4.77136769976071, -10.129031048064
-38.3721850820481, 4.07078456757396, -10.6033162045229
-38.3721850820481, 3.30547826184674, -10.9634283554757
-38.3721850820481, 2.50347925613352, -11.234459831961
-38.3721850820481, 1.67779719807445, -11.4203467607125
-38.3721850820481, 0.839724050500424, -11.540834218877
-38.3721850820481, 8.41355834075921E-18, -11.65
-32.8804443560412, 7.80246395870367, -1.77635683940025E-15
-32.8804443560412, 7.71208017122321, -0.816901301870657
-32.8804443560412, 7.59837509265016, -1.63087171465964
-32.8804443560412, 7.45943213570404, -2.44091988587543
-32.8804443560412, 7.29988145694065, -3.2471767503709
-32.8804443560412, 7.12744836505481, -4.05078888057603
-32.8804443560412, 6.94616537052976, -4.85244932410976
-32.8804443560412, 6.62300315291048, -5.48357067026959
-32.8804443560412, 6.42432253967865, -6.28095322745819
-32.8804443560412, 6.22937499182526, -7.07929936506421
-32.8804443560412, 5.95158327878558, -7.85196907200575
-32.8804443560412, 5.54842611893473, -8.56723066093347
-32.8804443560412, 5.05391723660344, -9.22312950782198
-32.8804443560412, 4.48228527229341, -9.81289877574472
-32.8804443560412, 3.84156551040723, -10.3269002528067
-32.8804443560412, 3.1451246175143, -10.7622094688106
-32.8804443560412, 2.39511783313611, -11.0977200491922
-32.8804443560412, 1.61722569402759, -11.3614102196202
-32.8804443560412, 0.812293075447599, -11.5246518284558
-32.8804443560412, 9.78661333957556E-16, -11.65
-30.6977480656388, 7.73998151554758, -1.77635683940025E-15
-30.6977480656386, 7.62385774134943, -0.802768780201909
-30.6977480656385, 7.48818919452393, -1.60245715353241
-30.6977480656385, 7.33073995076356, -2.39814415226391
-30.6977480656385, 7.15419000839398, -3.18982174350428
-30.6977480656385, 6.96443666794002, -3.97844826677652
-30.6977480656385, 6.76423218397896, -4.76448468992545
-30.6977480656385, 6.42514708400289, -5.38159417720686
-30.6977480656385, 6.22445640970643, -6.16734480635354
-30.6977480656385, 6.03203658582278, -6.95525044614416
-30.6977480656385, 5.76898348705933, -7.72191272556848
-30.6977480656385, 5.38779323270765, -8.43683065351087
-30.6977480656385, 4.90991036461297, -9.09165456397257
-30.6977480656385, 4.35943579769567, -9.68675889553774
-30.6977480656385, 3.73977777597771, -10.2093491692079
-30.6977480656385, 3.06580204455249, -10.6601213770237
-30.6977480656385, 2.34011593957073, -11.0215804087141
-30.6977480656385, 1.58610157579782, -11.3196036765629
-30.6977480656385, 0.799669185975027, -11.51407201724
-30.6977480656385, -2.54250398823716E-16, -11.65
-28.5050517752357, 7.65421454182686, -1.77635683940025E-15
-28.5050517752357, 7.50974505897966, -0.786961392638363
-28.5050517752357, 7.34908469805267, -1.57077151939613
-28.5050517752357, 7.17032324429634, -2.35065174660587
-28.5050517752357, 6.97485816941105, -3.12651921845054
-28.5050517752357, 6.76681105514727, -3.89911631763907
-28.5050517752357, 6.54904718208135, -4.6690276833421
-28.5050517752357, 6.19677510908363, -5.27401781679268
-28.5050517752357, 5.99616480003024, -6.04839221526573
-28.5050517752357, 5.80859047956799, -6.82616060543802
-28.5050517752357, 5.56228250585042, -7.58699978694426
-28.5050517752357, 5.21207154327796, -8.30542636695446
-28.5050517752357, 4.76137238972265, -8.96590080945148
-28.5050517752357, 4.23756523595422, -9.57016732908237
-28.5050517752357, 3.64110595119116, -10.1024575193737
-28.5050517752357, 2.98188820157108, -10.5554428537432
-28.5050517752357, 2.27937109082368, -10.9373626666613
-28.5050517752357, 1.549164694143, -11.2639198327388
-28.5050517752357, 0.785812166442675, -11.4993502675952
-28.5050517752357, 3.66608477437081E-16, -11.65
-26.312355484833, 7.53518282965743, -1.77635683940025E-15
-26.312355484833, 7.36103698492437, -0.768988632985761
-26.312355484833, 7.17382698815615, -1.53489849806809
-26.312355484833, 6.97239649917275, -2.29719147189695
-26.312355484833, 6.75753142496762, -3.05580972101202
-26.312355484833, 6.53170907621807, -3.81124393160977
-26.312355484833, 6.29680462941646, -4.5638996390685
-26.312355484833, 5.93499591499595, -5.15766710031451
-26.312355484833, 5.73488191862002, -5.92010279759334
-26.312355484833, 5.55268290887676, -6.68719384687934
-26.312355484833, 5.32295487306506, -7.44118454145362
-26.312355484833, 5.00828815642449, -8.16342043668036
-26.312355484833, 4.5957230949627, -8.83468197389604
-26.312355484833, 4.10629454788109, -9.45232166036902
-26.312355484833, 3.53929440626075, -9.99900190215596
-26.312355484833, 2.89409396844679, -10.4513840258189
-26.312355484833, 2.21154654219883, -10.8453677739603
-26.312355484833, 1.50455456660279, -11.1940670640406
-26.312355484833, 0.76919522480041, -11.4767927457606
-26.312355484833, 6.08806687694543E-16, -11.65
-24.11965919443, 7.37093504495379, -1.77635683940025E-15
-24.1196591944301, 7.1673257290077, -0.748119326042844
-24.1196591944302, 6.953951865381, -1.4935117222575
-24.1196591944302, 6.73060539313724, -2.23597705114699
-24.1196591944302, 6.49771972743275, -2.97550653673093
-24.1196591944302, 6.25616638068926, -3.7122524121555
-24.1196591944302, 6.00650216259705, -4.44628547173639
-24.1196591944302, 5.63696141868998, -5.02691201127288
-24.1196591944302, 5.43622040067131, -5.7755710297545
-24.1196591944302, 5.25819144437951, -6.53017165717931
-24.1196591944302, 5.04282979319358, -7.27483552718307
-24.1196591944302, 4.7617784686177, -7.99700107520512
-24.1196591944302, 4.39325982410538, -8.67855898910346
-24.1196591944302, 3.94423568716354, -9.31009070794372
-24.1196591944302, 3.41427704494293, -9.874853985072
-24.1196591944302, 2.79287779642884, -10.337165237408
-24.1196591944302, 2.13136745380911, -10.7413578782491
-24.1196591944302, 1.44848138406266, -11.1083004755037
-24.1196591944302, 0.741194782643902, -11.4255232087086
-24.1196591944302, 6.50193695147801E-16, -11.65
-21.9269629040275, 7.15153128498541, -1.77635683940025E-15
-21.9269629040275, 6.9201381624918, -0.72368127084953
-21.9269629040275, 6.68283708562274, -1.44544781443083
-21.9269629040275, 6.44041066764263, -2.16550928782961
-21.9269629040275, 6.19299090758432, -2.88387019404349
-21.9269629040275, 5.93979154191939, -3.60021368015169
-21.9269629040275, 5.67936318746404, -4.31395672672306
-21.9269629040275, 5.30291041591632, -4.87681944778883
-21.9269629040275, 5.10001036292106, -5.60873462356766
-21.9269629040275, 4.92419068387527, -6.34788034706421
-21.9269629040275, 4.72017894970013, -7.07965554172573
-21.9269629040275, 4.46574433304744, -7.79530885564063
-21.9269629040275, 4.13749660581027, -8.48002571063477
-21.9269629040275, 3.72864209825394, -9.11985497429099
-21.9269629040275, 3.23998003193021, -9.70074073360237
-21.9269629040275, 2.65967324747552, -10.1895657563938
-21.9269629040275, 2.02760461665536, -10.6110663261627
-21.9269629040275, 1.37603548023101, -11.0016015553093
-21.92696290402, 0.701019637162858, -11.3499972841889
-21.9269629040275, 0, -11.6370580352
-19.7342666136247, 6.87004561342365, -1.77635683940025E-15
-19.7342666136247, 6.61427049671003, -0.695747162923045
-19.7342666136247, 6.35660931616334, -1.39079860449845
-19.7342666136247, 6.09894974457973, -2.08585060930297
-19.7342666136247, 5.8425113535974, -2.7813541817714
-19.7342666136247, 5.58375701837616, -3.47599788188626
-19.7342666136247, 5.3182482282337, -4.16808278344226
-19.7342666136247, 4.93547234786603, -4.70690610177847
-19.7342666136247, 4.7293490713729, -5.41864209137253
-19.7342666136247, 4.55309135024852, -6.13865146041773
-19.7342666136247, 4.35695593632741, -6.85344258305101
-19.7342666136248, 4.12142843726008, -7.55614733370226
-19.7342666136247, 3.82515506883035, -8.23526393050566
-19.7342666136247, 3.45430980688533, -8.8766078361034
-19.7342666136247, 3.00940260617582, -9.46892165418291
-19.7342666136247, 2.48609541605569, -9.992836660294
-19.7342666136247, 1.89998978470421, -10.4464044442447
-19.7342666136247, 1.29402203227082, -10.8730587329059
-19.7342666136247, 0.663203307516195, -11.2622704501964
-19.7342666136247, 8.88178419700125E-16, -11.5903881716236
-17.5415703232221, 6.52304713640341, -1.11070087964167E-07
-17.541570323222, 6.24609388662176, -0.666118347962028
-17.541570323222, 5.97173904442156, -1.33330915473833
-17.541570323222, 5.70437909294907, -2.0033307060777
-17.541570323222, 5.44333518299275, -2.67584155132986
-17.541570323222, 5.18399565518273, -3.34901235288154
-17.541570323222, 4.9178259217595, -4.01950351215204
-17.541570323222, 4.52863222884768, -4.53027645278678
-17.541570323222, 4.31618346734111, -5.21885907099404
-17.541570323222, 4.13492968872034, -5.91711128849087
-17.541570323222, 3.9424897930432, -6.61232705467254
-17.541570323222, 3.71971313030603, -7.29837241864297
-17.541570323222, 3.44858719127703, -7.96662273534171
-17.541570323222, 3.11320367913448, -8.6049506389461
-17.541570323222, 2.71267375397971, -9.20454896933829
-17.541570323222, 2.2503444425301, -9.75782433881063
-17.541570323222, 1.72920421087087, -10.2562678862313
-17.541570323222, 1.18575216899057, -10.7306048183257
-17.541570323222, 0.612697896192727, -11.1687894725773
-17.541570323222, 0, -11.5428546582665
-15.3488740328437, 6.11265785907982, -3.61883124690778E-06
-15.3488740328317, 5.81807652727448, -0.636121309284447
-15.3488740328235, 5.53045225543861, -1.2754081368282
-15.34887403282, 5.25503348013973, -1.92004190951238
-15.3488740328193, 4.99097481865226, -2.56941920870388
-15.3488740328192, 4.73234835175384, -3.22098454385856
-15.3488740328192, 4.46697793434179, -3.86982112648765
-15.3488740328192, 4.12255935034085, -4.427198996188
-15.3488740328192, 3.84861959762274, -5.01493691082205
-15.3488740328192, 3.65908667574308, -5.68983966520531
-15.3488740328192, 3.466280609468, -6.36380103959179
-15.3488740328192, 3.25212931049194, -7.03125728783014
-15.3488740328192, 3.00208370191875, -7.68600702834351
-15.3488740328192, 2.70035666017454, -8.31853242207574
-15.3488740328192, 2.34594407570702, -8.9231243008677
-15.3488740328192, 1.94508142880804, -9.49802269048775
-15.3488740328192, 1.50277089820117, -10.0416822031002
-15.3488740328192, 1.03773416136571, -10.5662409219526
-15.3488740328192, 0.545050149422767, -11.0646098822229
-15.3488740328192, -4.44089209850063E-16, -11.493198154707
-13.1561777427486, 5.64196882724933, -1.72587212739417E-05
-13.1561777425889, 5.33212059463115, -0.606651178121495
-13.1561777424797, 5.03224511278575, -1.21826428934256
-13.1561777424291, 4.74829305902323, -1.83742223600453
-13.156177742417, 4.47943095644207, -2.46329234895494
-13.1561777424165, 4.21899062633419, -3.09272390650103
-13.1561777424165, 3.9525162798216, -3.71961212865891
-13.1561777424165, 3.65527869038044, -4.33208441904025
-13.1561777424165, 3.31304551602767, -4.81219955740739
-13.1561777424165, 3.11286794664139, -5.46329903488656
-13.1561777424165, 2.91614170076683, -6.11545580433158
-13.1561777424165, 2.70772074788675, -6.76395494952221
-13.1561777424165, 2.47601494717863, -7.40445180938284
-13.1561777424165, 2.20736962311298, -8.03030440139254
-13.1561777424165, 1.90140458922177, -8.63880612665113
-13.1561777424165, 1.5650556737332, -9.23110185915658
-13.1561777424165, 1.20664133743099, -9.81033051464062
-13.1561777424165, 0.832436718933549, -10.3795228474282
-13.1561777424165, 0.442951698493553, -10.9378588662377
-13.1561777424165, 0, -11.4476546283802
-11.0057919389954, 5.12041094132081, -9.54448649383742E-05
-11.1165822301639, 4.81806473237352, -0.594044616221494
-11.2224998697431, 4.52901596781439, -1.19543775461702
-11.3215936727818, 4.25858942264584, -1.80656934519564
-11.4144973412026, 4.00505572715632, -2.42587813214873
-11.5038779107534, 3.7611365527213, -3.04956612466179
-11.5952081631661, 3.51189670247875, -3.67085117665431
-11.6971673377337, 3.23365057122699, -4.2775813096224
-11.8125289415701, 2.91882927046012, -4.76386950765664
-11.8806669376657, 2.7328809839497, -5.40981017328834
-11.9469097763638, 2.55210457349852, -6.0574261316275
-12.0153956366175, 2.36520696725702, -6.70305893946764
-12.0899808962095, 2.16166412750874, -7.34292257799703
-12.1750250265977, 1.92957907614813, -7.97163211333489
-12.2708471339344, 1.66808097391353, -8.58711915549207
-12.3757704906627, 1.38174560280627, -9.18996608865915
-12.4879661715242, 1.07556409167416, -9.78165053276317
-12.606767788396, 0.751355010723497, -10.3623717084273
-12.7338443308333, 0.404563694924971, -10.9274651061725
-12.8820907061162, 0, -11.4418274703741
-9.42058685690359, 4.6944535283057, -0.000172449339983276
-9.62214195148701, 4.40506687448273, -0.583427868060525
-9.8139692613654, 4.12964707707048, -1.17661745922534
-9.99282507172041, 3.87285136281474, -1.78207989432847
-10.1600797242183, 3.63271223697063, -2.39763373931318
-10.3206991185645, 3.40209981228845, -3.01859331384961
-10.4842423751875, 3.16728939537865, -3.63720168378364
-10.6653460418151, 2.90726627768588, -4.24021347949511
-10.8655326745066, 2.6198444196852, -4.72864790324755
-10.9869179113679, 2.44556320098706, -5.37628654141826
-11.1027656974634, 2.27923248510875, -6.02704626745607
-11.2212062369692, 2.10917917300868, -6.67636915369096
-11.3487751813384, 1.92601957578268, -7.32034485051019
-11.492503046248, 1.7196594935765, -7.95378337041955
-11.6528508855745, 1.48943695930443, -8.57489945116561
-11.82749845571, 1.23868330793052, -9.18411699044575
-12.0146058589074, 0.970040208490538, -9.781893263762
-12.2145693000316, 0.682938802130877, -10.3668212795852
-12.4329432061135, 0.369404212028316, -10.930417282154
-12.6902297807059, 0, -11.4366197568318
-8.16858770279568, 4.32978115249999, -0.000259647686565183
-8.44255489982869, 4.05581395546698, -0.572770891003393
-8.70339350200239, 3.79497535329328, -1.15739535989669
-8.9478427845108, 3.55052607078487, -1.75600943028796
-9.17628400728538, 3.32208484801029, -2.36715372554092
-9.39420227675895, 3.10416657853671, -2.98596925575206
-9.61627928108032, 2.88208957421534, -3.60180968380233
-9.85811054143064, 2.64025831386503, -4.20225215491253
-10.122497177959, 2.3758716773367, -4.69087894114026
-10.2858900974502, 2.21247875784544, -5.34239112528494
-10.4401195834292, 2.05824927186647, -5.99839318188192
-10.5965235905815, 1.9018452647142, -6.65336038741161
-10.7635725861424, 1.73479626915324, -7.30301893221653
-10.9498783859363, 1.54849046935937, -7.94208968126457
-11.1559141548434, 1.34245470045226, -8.56893955399771
-11.3791557576266, 1.11921309766909, -9.18391086472155
-11.6185793559847, 0.879789499311013, -9.78656414957525
-11.8760683922948, 0.622300463000861, -10.3741691834344
-12.1615991173169, 0.336769737978786, -10.9342473282583
-12.4983688552957, 0, -11.4302768899487
-6.99994395671477, 3.96336130048851, -0.00036847040642209
-7.34152659670478, 3.70824039304259, -0.56085963985693
-7.6679692798102, 3.46442720175931, -1.13521728037891
-7.97592986567048, 3.23441790115624, -1.72524426486134
-8.26270529983531, 3.02023134589258, -2.33168447058718
-8.53729052393784, 2.81514940277531, -2.94690203126402
-8.81522210881606, 2.60756813300093, -3.55976553006254
-9.11228122780068, 2.38570090929584, -4.15825799455443
-9.43539905111758, 2.14437098603343, -4.64697216683798
-9.63913803065924, 1.99220261663301, -5.30363404385351
-9.82943383689356, 1.85007467133968, -5.96660936028733
-10.0211161560634, 1.7069111686237, -6.6289602374698
-10.2242451815192, 1.55519836113323, -7.2859453083509
-10.4485495427583, 1.38767013960222, -7.93208453851666
-10.694526979149, 1.20395475293892, -8.56582525170247
-10.9597457990046, 1.00586838064772, -9.18737224288585
-11.2446526328908, 0.793077443729135, -9.79515744344732
-11.5528687767412, 0.562877272224845, -10.3850011496617
-11.8993671818189, 0.304084882967034, -10.9395185456345
-12.3065079298854, 0, -11.4225604958173
-5.83794738260649, 3.56945394252007, -0.000510794436235603
-6.24690010672857, 3.33688937812129, -0.54655126054985
-6.63851300589573, 3.11418568173861, -1.10912660294237
-7.007737448865, 2.90421392539717, -1.69138135948651
-7.35595060627927, 2.70619093521946, -2.29055422569412
-7.69010877720615, 2.51616078044122, -2.90025717021761
-8.02465708785896, 2.32590875973553, -3.50968062499017
-8.3757103288023, 2.12627066162521, -4.10655343000634
-8.75613121978828, 1.9099316728331, -4.59635625649416
-9.00188327060851, 1.77017659778914, -5.25927819428511
-9.22900691633605, 1.64101518470239, -5.93103080705028
-9.45639051021684, 1.5117059434549, -6.60266849760471
-9.69545568856053, 1.37575358078566, -7.26888761343079
-9.95673327164072, 1.22716939559248, -7.92395113508747
-10.2408475347476, 1.06559837297423, -8.56631595655147
-10.5458263767872, 0.892162013790996, -9.19589973735139
-10.8744028105482, 0.705306099446955, -9.80950756269707
-11.232492380269, 0.501666559016853, -10.4009057027946
-11.6396329012455, 0.270132564193176, -10.9471522598952
-12.1146470044752, 0, -11.413159092188
-4.64529370145007, 3.12729148298766, -0.000703363183063149
-5.12050590805979, 2.92308280653289, -0.532088779501228
-5.57802759517926, 2.72647611824396, -1.08152232293033
-6.01252405303651, 2.53976385507143, -1.65265428532017
-6.42453676411574, 2.36271333060726, -2.2432246723271
-6.82028077139681, 2.19265381021253, -2.84686426694928
-7.21364549080469, 2.02361671984112, -3.45235722856974
-7.61969817846798, 1.8491273427475, -4.04777415722104
-8.05686362262362, 1.66126816004746, -4.54130200726779
-8.34827849716926, 1.53604106149553, -5.21146176936019
-8.61488286922676, 1.42147555750033, -5.89390024679058
-8.88029295193344, 1.30742326474895, -6.57689629608995
-9.15704452982424, 1.1884972930635, -7.25451178241055
-9.45615087740881, 1.05996500683453, -7.92075719110517
-9.7785608750938, 0.921418652201207, -8.57400112990336
-10.1233339974672, 0.773262392707483, -9.21357158912853
-10.4967053747217, 0.612816861816825, -9.83372685743652
-10.906651660928, 0.436654323566824, -10.4259530336246
-11.3788048542421, 0.233760169440573, -10.9586797259489
-11.9227860790649, 0, -11.4016645091357
-3.40760888978092, 2.61470100700386, -0.00097167929846845
-3.9478430557679, 2.44499090912435, -0.518461669446575
-4.47107139445869, 2.2806230513264, -1.05476964685494
-4.97184710568002, 2.12330850086331, -1.61411349961842
-5.44969599019499, 1.97319622350579, -2.1950981953462
-5.90959998239475, 1.82872118574361, -2.79181499928925
-6.36394033815921, 1.68599391838071, -3.39322122643797
-6.82671770395394, 1.54061623405385, -3.9874869485006
-7.31837548948201, 1.38616600458207, -4.49034970387143
-7.65978148203016, 1.27891613395209, -5.16864865309359
-7.96980159620459, 1.18152587758978, -5.86353821005157
-8.27697619551086, 1.08502951620337, -6.55982725255953
-8.59447400171272, 0.985290204698328, -7.2509861766499
-8.9333196746833, 0.878844637301043, -7.93089804525136
-9.29514037418984, 0.765181655220113, -8.59767342133639
-9.68106082293212, 0.643947936115922, -9.24941500773958
-10.1028298516695, 0.511452681916675, -9.8760998980517
-10.5700118238897, 0.364691326888024, -10.4664417797165
-11.1147905236771, 0.193553601278468, -10.9766472201486
-11.7309251536547, 0, -11.3875504645175
-2.14597806326862, 2.00645329088222, -0.00135808575121403
-2.74683807075389, 1.87810383062988, -0.509070383903276
-3.33205100947722, 1.75309673433106, -1.03551206226905
-3.89623164170589, 1.63258234041353, -1.5854152301152
-4.43800431151629, 1.51685450217604, -2.15841122183331
-4.96097165088671, 1.40514366287636, -2.74942473580206
-5.47570316871378, 1.29519207404543, -3.34798421955138
-5.99486500287556, 1.18429412715568, -3.94251976152351
-6.5330428029758, 1.0693341875655, -4.46610736284581
-6.92628300923082, 0.985334308070134, -5.15398669560395
-7.28383164517706, 0.908958490298997, -5.86223383534112
-7.63693674745578, 0.833531853935734, -6.57282407306401
-7.99873732459127, 0.756247780747585, -7.2788087807396
-8.37892994212742, 0.675034991337758, -7.97459793973956
-8.78076225095355, 0.589199756329132, -8.6575411382523
-9.20963722528159, 0.49758794861186, -9.32300770094557
-9.68625690970049, 0.395777412915149, -9.95328072116606
-10.2197976511134, 0.281807993533111, -10.5340585486272
-10.8475389558597, 0.147716430376028, -11.005076845207
-11.5390642282445, 0, -11.370180780377
-0.961914655907081, 1.27958747643141, -0.00193210247749251
-1.61075277675072, 1.19964312804698, -0.510612626875838
-2.2451838876146, 1.12147388964453, -1.03738640430332
-2.85990437330953, 1.04573322785428, -1.5873501726055
-3.45304415496708, 0.972651557985928, -2.16087787349699
-4.0273003631863, 0.901896562406895, -2.75362196768807
-4.59245364733652, 0.832263152181299, -3.35521997116745
-5.15878794047101, 0.762484228012162, -3.9556885231115
-5.72054505886622, 0.693269264621867, -4.52337881111198
-6.15900763801726, 0.639245612103408, -5.22383575851051
-6.5660294548278, 0.589095824540284, -5.94353659083798
-6.96754840497061, 0.539624053690213, -6.66637964570945
-7.37355704748475, 0.489599100899158, -7.38666544121038
-7.79232505055834, 0.438002047559508, -8.0994838757994
-8.23064822180375, 0.383995571704715, -8.80023568640065
-8.70423304643536, 0.325644452999326, -9.47710532400685
-9.24698086362151, 0.258771655011437, -10.0984996228345
-9.86742384163427, 0.1823259160921, -10.6398225199303
-10.5815880456574, 0.094332639963559, -11.0493513250087
-11.347203302839, 0, -11.3489297158732
-0.130578924681409, 0.438724260104661, -0.00279272064829474
-0.796715350058652, 0.412215735762609, -0.534127613543362
-1.44736257109293, 0.386323595594612, -1.08431486216091
-2.07671688629573, 0.361278794636789, -1.65875009591518
-2.68295612885765, 0.337153844992338, -2.25757983322779
-3.26952345619401, 0.313811728148716, -2.87575637764438
-3.84813021734857, 0.290786397558431, -3.50143229943156
-4.43504529389789, 0.26743044223049, -4.10917047765366
-4.9521186048474, 0.246853800678171, -4.78601735060376
-5.42133165242624, 0.228181731384996, -5.49748941078959
-5.87297690534755, 0.210208762598224, -6.22030531242649
-6.3129291235277, 0.192701111551573, -6.95031474186401
-6.74646330019393, 0.17544886285678, -7.68416677469684
-7.18394950643132, 0.158039345368244, -8.41565811917613
-7.64444306416456, 0.139714263268708, -9.13274307411932
-8.17329516846213, 0.118668891260746, -9.80007301824323
-8.80542110033958, 0.0935137953764066, -10.3700704642939
-9.53898185898113, 0.0643221576187032, -10.7990217335255
-10.3302556509061, 0.0328338621654217, -11.1132513818468
-11.155342377424, 0, -11.3235768556066
