-109.579997112877, 6.31913249548327, -1.77635683940025E-15
-109.579997112877, 6.47618051137234, -0.771936387467296
-109.579997112877, 6.59901320782809, -1.55006156313615
-109.579997112877, 6.69301366246242, -2.33221877653766
-109.579997112877, 6.76776851069294, -3.11647158982826
-109.579997112877, 6.833085909711, -3.9015750170386
-109.579997112877, 6.89302158834243, -4.68710864447896
-109.579997112877, 6.94935238368789, -5.4729096862893
-109.579997112877, 7.00384923739316, -6.25884039135864
-109.579997112877, 7.06893068936161, -7.04362084053897
-109.579997112877, 6.95311489360862, -7.79527467195788
-109.579997112877, 6.2726650414749, -8.172765575643
-109.579997112877, 5.50335732289797, -8.33897895222254
-109.579997112877, 4.71959516728857, -8.41387795138508
-109.579997112877, 3.93391301147232, -8.47182712581301
-109.579997112877, 3.14768647729159, -8.52174678930523
-109.579997112877, 2.36096284547525, -8.56323065198642
-109.579997112877, 1.57413165125981, -8.60264801615168
-109.579997112877, 0.787295815337163, -8.64197265695485
-109.579997112877, 1.41230780637309E-22, -8.67059253416658
-107.442118229735, 6.51485010009405, -1.77635683940025E-15
-107.442118229735, 6.63336474963873, -0.789428405278202
-107.442118229735, 6.737636644202, -1.58086086966656
-107.442118229735, 6.82705523526958, -2.37411043845124
-107.442118229735, 6.90412247368132, -3.16865996147775
-107.442118229735, 6.97242612580308, -3.96401347057609
-107.442118229735, 7.03482549697361, -4.75985405155135
-107.442118229735, 7.09478378053263, -5.55588315939708
-107.442118229735, 7.15578109789798, -6.35183294261899
-107.442118229735, 7.19074266978684, -7.12325653990533
-107.442118229735, 7.08233224789972, -7.88639222876722
-107.442118229735, 6.3669499462936, -8.22219650443267
-107.442118229735, 5.58298323505425, -8.36862586242122
-107.442118229735, 4.78699766164697, -8.42493148246416
-107.442118229735, 3.98942870345463, -8.4587061068276
-107.442118229735, 3.19171936452732, -8.48896983744417
-107.442118229735, 2.39389181845573, -8.51595231230368
-107.442118229735, 1.59599454835884, -8.5407900038364
-107.442118229735, 0.79803923138645, -8.56369488294859
-107.442118229735, 7.59241650291854E-18, -8.58345300430876
-105.249421939332, 6.6572704851445, -1.77635683940025E-15
-105.249421939332, 6.75709373407909, -0.802504622692819
-105.249421939332, 6.85294228843312, -1.60549202198974
-105.249421939332, 6.94153830658194, -2.40931015564836
-105.249421939332, 7.0220525187296, -3.21397864209734
-105.249421939332, 7.09598051788508, -4.01928022282716
-105.249421939332, 7.16535252664701, -4.82498811541002
-105.249421939332, 7.23243024265783, -5.63089079949452
-105.249421939332, 7.29947868821499, -6.43679592624905
-105.249421939332, 7.28772200932269, -7.17927954996435
-105.249421939332, 7.19219810696915, -7.95955645412728
-105.249421939332, 6.45619667524154, -8.26993864009723
-105.249421939332, 5.65731365806215, -8.39151708373774
-105.249421939332, 4.85000272392408, -8.43668141532607
-105.249421939332, 4.04185741224548, -8.46632309288597
-105.249421939332, 3.23359261207987, -8.4925104364538
-105.249421939332, 2.42526223045785, -8.51660525933867
-105.249421939332, 1.61690438433805, -8.53976185215102
-105.249421939332, 0.808476291522145, -8.56029467719692
-105.249421939332, -3.92819414190502E-16, -8.57885267258421
-103.056725648929, 6.76495539318891, -1.77635683940025E-15
-103.056725648929, 6.85847621929877, -0.814369835038066
-103.056725648929, 6.95080608428689, -1.62887530742145
-103.056725648929, 7.03993049724026, -2.44373708587117
-103.056725648929, 7.12383169703866, -3.25915212892029
-103.056725648929, 7.20266100989384, -4.07507459315633
-103.056725648929, 7.27844215687306, -4.89128588807271
-103.056725648929, 7.35140667520999, -5.707753858664
-103.056725648929, 7.42178138900396, -6.52444919147034
-103.056725648929, 7.36830800295435, -7.2440261265632
-103.056725648929, 7.28518693841023, -8.04423775501741
-103.056725648929, 6.54624761332043, -8.36268732122248
-103.056725648929, 5.73427904534153, -8.47124812234176
-103.056725648929, 4.91575121022208, -8.51487998737827
-103.056725648929, 4.09667243126684, -8.54730412995075
-103.056725648929, 3.27742868385066, -8.57529010974289
-103.056725648929, 2.45813471086204, -8.60178253717198
-103.056725648929, 1.63885622542765, -8.62874508350338
-103.056725648929, 0.81947524818016, -8.6523336869155
-103.056725648929, 1.47700535724838E-16, -8.67243501056655
-100.864029358526, 6.85268085764061, -1.77635683940025E-15
-100.864029358526, 6.94717865741524, -0.826187585700431
-100.864029358526, 7.03956345851335, -1.65261386956437
-100.864029358526, 7.12869308835494, -2.47939717636155
-100.864029358526, 7.21342337981038, -3.30664229410963
-100.864029358526, 7.2936982934524, -4.13433262386549
-100.864029358526, 7.37183185221789, -4.9622280485974
-100.864029358526, 7.4480364619007, -5.79030321567268
-100.864029358526, 7.52101281558676, -6.61866814994814
-100.864029358526, 7.43777895790419, -7.32739892677919
-100.864029358526, 7.36299082563597, -8.14630839869672
-100.864029358526, 6.63914770925567, -8.50732058314288
-100.864029358526, 5.81603070192276, -8.62127530233615
-100.864029358526, 4.98600559365337, -8.67175358092759
-100.864029358526, 4.15526451508614, -8.70886642805326
-100.864029358526, 3.32428507454874, -8.74031121421519
-100.864029358526, 2.49329775300198, -8.77154971662639
-100.864029358526, 1.66236964070008, -8.80432271896492
-100.864029358526, 0.831274518529484, -8.83245414092345
-100.864029358526, 3.12267609422208E-16, -8.85477089749268
-98.6713330681237, 6.92728603017583, -1.77635683940025E-15
-98.6713330681237, 7.02588725611952, -0.837683812423386
-98.6713330681237, 7.11977499039678, -1.67590841741146
-98.6713330681237, 7.20843891991236, -2.51470179999783
-98.6713330681237, 7.29269938071559, -3.35394954065079
-98.6713330681237, 7.37372959679113, -4.19351575065695
-98.6713330681237, 7.4529108875804, -5.03325846687714
-98.6713330681237, 7.52997070080876, -5.87319833823785
-98.6713330681237, 7.60255625093311, -6.71353418399475
-98.6713330681237, 7.49770000262542, -7.41979611484451
-98.6713330681237, 7.42537024928091, -8.25415082465423
-98.6713330681237, 6.72837672834036, -8.67444010421701
-98.6713330681237, 5.89662862796996, -8.80968370662626
-98.6713330681237, 5.05565266240517, -8.87419415646558
-98.6713330681237, 4.21344644123581, -8.92012747039251
-98.6713330681237, 3.37086428816549, -8.95876679475858
-98.6713330681237, 2.52831205587793, -8.99804727726166
-98.6713330681237, 1.68583526447881, -9.03891200921975
-98.6713330681237, 0.843076612198403, -9.07336196333352
-98.6713330681237, 1.46263819591425E-15, -9.09902657555464
-96.4786367777076, 6.99257165740328, -1.77635683940025E-15
-96.4786367777153, 7.09507861011116, -0.848637703409534
-96.4786367777194, 7.19027883758643, -1.69812588336911
-96.4786367777208, 7.27878185844081, -2.54833894543553
-96.478636777721, 7.36257595781993, -3.39903004209723
-96.478636777721, 7.44345067191791, -4.25000405171841
-96.4786367777209, 7.5224420554738, -5.10115497913934
-96.4786367777209, 7.59891487102096, -5.95253556368927
-96.4786367777209, 7.66916783743557, -6.80444570838962
-96.4786367777209, 7.54884138006628, -7.51345278231463
-96.4786367777209, 7.47439613186858, -8.36058189561944
-96.4786367777209, 6.80756126260203, -8.84137753532623
-96.4786367777209, 5.97074135431457, -9.01077033834509
-96.4786367777209, 5.12025843402581, -9.09623896692244
-96.4786367777209, 4.26766594784459, -9.15753442080208
-96.4786367777209, 3.41443012895881, -9.20936140697287
-96.4786367777209, 2.5611928040857, -9.26116577940419
-96.478636777721, 1.70800456834839, -9.31376495144521
-96.4786367777209, 0.854255773766132, -9.35611051495698
-96.4786367777209, 1.84820276796282E-15, -9.38680539288949
-94.2859404873154, 7.05101884228234, -1.77635683940025E-15
-94.285940487317, 7.15575720465783, -0.858798927303402
-94.2859404873179, 7.25188162499028, -1.71860450098106
-94.2859404873182, 7.34030004817101, -2.57923811208313
-94.2859404873182, 7.42351235573816, -3.4403921077031
-94.2859404873182, 7.50363549139156, -4.30183945525724
-94.2859404873182, 7.581589429983, -5.163485808465
-94.2859404873182, 7.65641721581196, -6.02540875212325
-94.2859404873181, 7.72245482097834, -6.88803379020184
-94.2859404873182, 7.59187357759565, -7.60286491744616
-94.2859404873182, 7.51178549331679, -8.46051498345447
-94.2859404873182, 6.8708944124843, -8.99326776238592
-94.2859404873182, 6.03331466742378, -9.20529654793509
-94.2859404873182, 5.17576038891222, -9.31919688971129
-94.2859404873182, 4.31482930383181, -9.40447874726017
-94.2859404873182, 3.45273834569085, -9.4773385870497
-94.2859404873182, 2.59039059385796, -9.54710832221475
-94.2859404873182, 1.72781063226083, -9.61391280831677
-94.2859404873182, 0.864325747172528, -9.66762618233475
-94.2859404873182, 3.26561381002822E-15, -9.70561639595718
-92.0932441969154, 7.10414955028233, -1.77635683940025E-15
-92.0932441969154, 7.20895930373178, -0.868222928012989
-92.0932441969154, 7.30536268282926, -1.73741878375643
-92.0932441969155, 7.39374263255509, -2.60746830912608
-92.0932441969155, 7.47635277292296, -3.47808600794853
-92.0932441969154, 7.55530861282212, -4.34904344513491
-92.0932441969154, 7.63163513480917, -5.22023514424825
-92.0932441969154, 7.7040497885656, -6.09175985748812
-92.0932441969154, 7.68826990870686, -6.89187499866345
-92.0932441969154, 7.62764736874256, -7.68665210055075
-92.0932441969155, 7.53903897054499, -8.55300242899552
-92.0932441969154, 6.91735698584431, -9.12708397382072
-92.0932441969154, 6.08275877823053, -9.38416974623222
-92.0932441969154, 5.22094849411188, -9.5320052983084
-92.0932441969154, 4.354198831019, -9.64820437250876
-92.0932441969155, 3.48542523794141, -9.74833117419703
-92.0932441969154, 2.61572227859408, -9.84005688003176
-92.0932441969155, 1.74515612078586, -9.92313721993173
-92.0932441969154, 0.873229868737705, -9.99040722268901
-92.0932441969155, 4.314643017119E-15, -10.0378084604781
-89.9005479065127, 7.15298739555879, -1.77635683940025E-15
-89.9005479065127, 7.25640917876616, -0.877090994848693
-89.9005479065127, 7.35250498648759, -1.75501365427725
-89.9005479065127, 7.44068203466148, -2.63376745183588
-89.9005479065127, 7.52250479373939, -3.51313692150868
-89.9005479065127, 7.59994978112508, -4.39290367001366
-89.9005479065127, 7.67424365630455, -5.27294202109784
-89.9005479065127, 7.74376184891037, -6.1533690329873
-89.9005479065127, 7.64676791245794, -6.89031297258344
-89.9005479065127, 7.65710012300156, -7.76601392856077
-89.9005479065128, 7.55828464835708, -8.63986051769621
-89.9005479065127, 6.95158169652379, -9.24788028308505
-89.9005479065127, 6.12209416299881, -9.54726347257493
-89.9005479065127, 5.25819123032609, -9.7298430175908
-89.9005479065127, 4.38766451814777, -9.87857206195716
-89.9005479065127, 3.51394924811271, -10.0073678531777
-89.9005479065127, 2.63819193879476, -10.1214768068142
-89.9005479065127, 1.76063816063466, -10.2207781769658
-89.9005479065127, 0.881231876025819, -10.3020975498224
-89.9005479065127, 4.84936425074765E-15, -10.3601845131894
-87.6978516161099, 7.19867120360868, -1.77635683940025E-15
-87.6978516161099, 7.29988776095387, -0.885466625514707
-87.6978516161099, 7.39512984013252, -1.77159423605743
-87.6978516161099, 7.48272860166845, -2.6585098098695
-87.69785161611, 7.56343628694549, -3.54607994404254
-87.69785161611, 7.63909087138067, -4.43409623623022
-87.6978516161099, 7.71110669911193, -5.3224148927536
-87.6978516161099, 7.77750822461315, -6.21116875827976
-87.6978516161099, 7.66742011346583, -6.95015492136096
-87.6978516161099, 7.68117287709969, -7.84122693170184
-87.6978516161099, 7.57192418098589, -8.72182594795835
-87.69785161611, 6.97915685703848, -9.35974818240116
-87.6978516161099, 6.15548848255179, -9.69624670079382
-87.6978516161099, 5.29054892203185, -9.91020103918388
-87.6978516161099, 4.41736136067708, -10.0884808652825
-87.6978516161099, 3.53968582020341, -10.2432166832707
-87.6978516161099, 2.65861088763553, -10.3772729402442
-87.6978516161099, 1.77470396696447, -10.491140460142
-87.69785161611, 0.888503268192693, -10.58562691432
-87.6978516161099, 6.08140072324846E-15, -10.654881102909
-82.2261108901021, 7.30431878810846, -1.77635683940025E-15
-82.2261108901027, 7.39927309125713, -0.903427706340973
-82.226110890103, 7.4898503098277, -1.80730316306031
-82.2261108901031, 7.57309930839506, -2.71188184659417
-82.2261108901031, 7.64884667331987, -3.61712025589193
-82.2261108901031, 7.71892050087497, -4.52281709049187
-82.2261108901031, 7.78476412058893, -5.42883097623922
-82.2261108901031, 7.84367130099445, -6.33531851255386
-82.2261108901031, 7.72235816199071, -7.09375506910178
-82.2261108901031, 7.72125227853672, -8.00210385226507
-82.2261108901031, 7.5949524599232, -8.89797989325393
-82.2261108901031, 7.04488268205102, -9.60355904350443
-82.2261108901031, 6.23623259534025, -10.0112256457088
-82.2261108901031, 5.36626322519598, -10.2714494725333
-82.2261108901031, 4.484466041627, -10.4895390506662
-82.2261108901031, 3.59619919654264, -10.6795512176342
-82.2261108901031, 2.7022977723887, -10.8410359256242
-82.2261108901031, 1.80425586501876, -10.9776751279236
-82.2261108901031, 0.903458249930784, -11.0949198619295
-82.2261108901031, 4.80474119748769E-15, -11.189266806668
-76.7443701640962, 7.42506473530332, -1.77635683940025E-15
-76.7443701640962, 7.51069423283292, -0.916323520715782
-76.7443701640962, 7.5897997375504, -1.83323146773279
-76.7443701640962, 7.66060651820508, -2.75081744835175
-76.7443701640962, 7.72416170966373, -3.66893535377475
-76.7443701640962, 7.78276497437341, -4.58738398590705
-76.7443701640962, 7.8375592537746, -5.50606739302867
-76.7443701640962, 7.88577045587143, -6.42511618970921
-76.7443701640962, 7.75203501574438, -7.19515014306612
-76.7443701640962, 7.73192330737322, -8.11520613072324
-76.7443701640962, 7.59893982257758, -9.02304058059636
-76.7443701640962, 7.09488438314404, -9.78064220317196
-76.7443701640963, 6.30854575142355, -10.2491133948101
-76.7443701640962, 5.43300800105988, -10.5304711751465
-76.7443701640962, 4.54021650270862, -10.753679773425
-76.7443701640962, 3.64065515402899, -10.947804310799
-76.7443701640962, 2.73505125186004, -11.1115187215046
-76.7443701640962, 1.82570971139097, -11.2531135177893
-76.7443701640962, 0.913917215441576, -11.3780313486631
-76.7443701640962, 3.02984734942692E-15, -11.4862480829674
-71.2626294380893, 7.59151841219834, -1.77635683940025E-15
-71.2626294380893, 7.66014136439866, -0.922403794165699
-71.2626294380893, 7.71622328477478, -1.8456537860684
-71.2626294380893, 7.76095254301019, -2.76952676140576
-71.2626294380893, 7.79871143688565, -3.69371378371152
-71.2626294380893, 7.8329936225506, -4.61803719862798
-71.2626294380893, 7.86482812297188, -5.54244803186932
-71.2626294380893, 7.89254008044701, -6.46699030261596
-71.2626294380893, 7.74346019379344, -7.23902967462028
-71.2626294380893, 7.69997036748555, -8.16288188394856
-71.2626294380893, 7.55844701165367, -9.07522402004287
-71.2626294380893, 7.09544721344299, -9.8651857371214
-71.2626294380893, 6.33514233457591, -10.3817366375043
-71.2626294380893, 5.4650987448974, -10.6922511138375
-71.2626294380893, 4.56915398256473, -10.9215474030769
-71.2626294380893, 3.6640944769929, -11.1120609823192
-71.2626294380893, 2.75217518523203, -11.2665596137158
-71.2626294380893, 1.83667700437512, -11.3984260145062
-71.2626294380893, 0.919291844309288, -11.5165165649863
-71.2626294380893, 1.21614835331059E-15, -11.618602971364
-65.7808887120825, 7.7493987153847, -1.77635683940025E-15
-65.7808887120824, 7.79902389957364, -0.9192209216567
-65.7808887120824, 7.82798873776525, -1.83932564974067
-65.7808887120825, 7.84066662687134, -2.75981013152103
-65.7808887120825, 7.84585523124933, -3.68037355591615
-65.7808887120825, 7.84927408431534, -4.60094559641255
-65.7808887120825, 7.85095479050068, -5.52152236411495
-65.7808887120825, 7.85034400693457, -6.44210034865096
-65.7808887120825, 7.67834923141602, -7.2062110981622
-65.7808887120825, 7.6019052407155, -8.1233819797872
-65.7808887120825, 7.43699431099586, -9.02816161697611
-65.7808887120825, 7.01362198267899, -9.83660431466605
-65.7808887120825, 6.28724712015408, -10.3932606117157
-65.7808887120825, 5.43849407162977, -10.7465318583659
-65.7808887120825, 4.55215600489737, -10.9941499034738
-65.7808887120825, 3.65228092120278, -11.1878105792074
-65.7808887120825, 2.74370990090128, -11.3355256555367
-65.7808887120825, 1.8308281475228, -11.4541921928642
-65.7808887120825, 0.916373713316406, -11.5601807147542
-65.7808887120825, 6.89705398730809E-17, -11.6478721059122
-60.2991479860756, 7.84351507124839, -1.77635683940025E-15
-60.2991479860756, 7.87960877427402, -0.909182979944479
-60.2991479860756, 7.88740238916665, -1.8190514282433
-60.2991479860756, 7.87313627636406, -2.72886298167814
-60.2991479860756, 7.84912822140741, -3.63848082819059
-60.2991479860756, 7.82265173586307, -4.54803072345353
-60.2991479860756, 7.79508201698041, -5.45754839446277
-60.2991479860756, 7.76745616443919, -6.36706450279456
-60.2991479860756, 7.56799805539779, -7.1171628790126
-60.2991479860756, 7.45500085177238, -8.01962466800998
-60.2991479860756, 7.25067109348955, -8.90578345625782
-60.2991479860756, 6.85638822474105, -9.72015339418102
-60.2991479860756, 6.17901974931817, -10.320395158182
-60.2991479860756, 5.36339738984098, -10.7212450738216
-60.2991479860756, 4.4965487859104, -10.9964550500833
-60.2991479860756, 3.61070028058012, -11.2038461669334
-60.2991479860756, 2.71365171786592, -11.3556563639706
-60.2991479860756, 1.81080125192201, -11.4687577721544
-60.2991479860756, 0.906154087160861, -11.5666731928274
-60.2991479860756, 2.14905074900907E-17, -11.6495420248225
-54.8174072600687, 7.88985250918894, -1.77635683940025E-15
-54.8174034983009, 7.916100369158, -0.895704876694253
-54.8174051135168, 7.9062196962461, -1.79170033878858
-54.8174071375921, 7.86861395640586, -2.68702224172403
-54.8174072600687, 7.81884609023847, -3.58176650542477
-54.8174072600687, 7.76581406229493, -4.47632477692355
-54.8174072600687, 7.71100426533266, -5.3707758980381
-54.8174072600687, 7.65524919398276, -6.26516866721404
-54.8174072600687, 7.42661298861859, -6.99752083109835
-54.8174072600687, 7.28274358719771, -7.88147903924626
-54.8174072600687, 7.03410104276451, -8.74196736349429
-54.8174072600687, 6.64914800367078, -9.54841056575957
-54.8174072600687, 6.02786456754182, -10.1884984637834
-54.8174072600687, 5.25537356317512, -10.6395741823074
-54.8174072600687, 4.41773087211932, -10.9557011929996
-54.8174072600687, 3.55182912172415, -11.1858605370723
-54.8174072600687, 2.67160641701398, -11.3528376279256
-54.8174072600687, 1.78304946353382, -11.4686544515127
-54.8174072600687, 0.891859244107086, -11.5625192213568
-54.8174072600687, 5.02381970312276E-18, -11.6498929394887
-49.3356665340619, 7.90851066345459, -1.77635683940025E-15
-49.3356670663969, 7.9191923132305, -0.879937169729844
-49.335666659926, 7.89189239533606, -1.75951101542385
-49.3356665416262, 7.83311118166199, -2.63757896407533
-49.3356665340618, 7.7582123957365, -3.51444474959976
-49.3356665340618, 7.67890909385121, -4.39092595425762
-49.3356665340618, 7.59617433249576, -5.26708973617962
-49.3356665340618, 7.50948534551004, -6.14287092129874
-49.3356665340619, 7.25062035284939, -6.85349349962057
-49.3356665340619, 7.0826875661907, -7.71692009765571
-49.3356665340619, 6.79723018986641, -8.54877136525143
-49.3356665340619, 6.40362446255826, -9.33471499056254
-49.3356665340619, 5.83432708660948, -10.0019326373586
-49.3356665340618, 5.11667597225917, -10.5082702156824
-49.3356665340619, 4.31845453739448, -10.876540065742
-49.3356665340619, 3.47863876136569, -11.1387842372075
-49.3356665340619, 2.62052829967515, -11.3327482259195
-49.3356665340618, 1.74981834395298, -11.4599091696218
-49.3356665340619, 0.875055005321268, -11.5562495541285
-49.3356665340619, 3.12349622731614E-19, -11.6499933436484
-43.853925808055, 7.90551548045758, -1.77635683940025E-15
-43.853925808055, 7.89207252871738, -0.861151796788335
-43.853925808055, 7.84246495401951, -1.72096549670968
-43.853925808055, 7.75984126612359, -2.57826805458881
-43.853925808055, 7.65778616646236, -3.43350398087121
-43.853925808055, 7.54797667002457, -4.2877853628381
-43.853925808055, 7.43393455773448, -5.14151209191384
-43.853925808055, 7.31338751411565, -5.99434042731529
-43.853925808055, 7.02235243938428, -6.67752101930602
-43.853925808055, 6.8332567301747, -7.51753471120082
-43.853925808055, 6.52863695281086, -8.32218742924098
-43.853925808055, 6.11828483974606, -9.07882527826079
-43.853925808055, 5.5890104279863, -9.75630681171598
-43.853925808055, 4.93248991001351, -10.3118827421871
-43.853925808055, 4.18834238877077, -10.7437874256904
-43.853925808055, 3.38569502024052, -11.0544582191684
-43.853925808055, 2.55740097660973, -11.2894874289866
-43.853925808055, 1.71002289313319, -11.4423460682165
-43.853925808055, 0.855317776792328, -11.5485700251688
-43.853925808055, -4.43791120177302E-16, -11.65
-38.3721850820481, 7.86968004562145, -1.77635683940025E-15
-38.3721850820481, 7.81761664628065, -0.837403161690912
-38.3721850820481, 7.73569423431999, -1.67239855440133
-38.3721850820481, 7.62375910468563, -2.50391786913215
-38.3721850820481, 7.49067061965577, -3.33233839141753
-38.3721850820481, 7.3466510541556, -4.15893908154156
-38.3721850820481, 7.19586067282018, -4.98433101062135
-38.3721850820481, 6.98853406675321, -5.75128014534
-38.3721850820481, 6.71098985494401, -6.4574426639277
-38.3721850820481, 6.50442606638088, -7.2705250213847
-38.3721850820481, 6.20329193843779, -8.05266832594923
-38.3721850820481, 5.78702756164581, -8.78053945793865
-38.3721850820481, 5.28282153634081, -9.45036453649897
-38.3721850820481, 4.68328725978348, -10.0362016396095
-38.3721850820481, 4.00535913166731, -10.529380564126
-38.3721850820481, 3.2606885637323, -10.9137244374886
-38.3721850820481, 2.47339175024619, -11.2032142728823
-38.3721850820481, 1.66036220543204, -11.4083955754824
-38.3721850820481, 0.831483167693609, -11.5375273361929
-38.3721850820481, 1.95525958622632E-17, -11.65
-32.8804443560412, 7.76248017739194, -1.77635683940025E-15
-32.8804443560412, 7.6552574280219, -0.806166596345149
-32.8804443560412, 7.52741244801825, -1.60931060654878
-32.8804443560412, 7.37672674511212, -2.40848540757734
-32.8804443560412, 7.20635681839619, -3.20370707480939
-32.8804443560412, 7.0227507884686, -3.99598881115243
-32.8804443560412, 6.82975234321086, -4.7860328272365
-32.8804443560412, 6.49611765359409, -5.40636359120553
-32.8804443560412, 6.28184873158938, -6.19083810279508
-32.8804443560412, 6.06824696063808, -6.97549523041029
-32.8804443560412, 5.78899655165697, -7.73877970410752
-32.8804443560412, 5.40202039311463, -8.45321694291336
-32.8804443560412, 4.92632349271003, -9.11233927639194
-32.8804443560412, 4.3786893646365, -9.71294941226061
-32.8804443560412, 3.76134599057964, -10.2415876994737
-32.8804443560412, 3.08626171481127, -10.6942933925352
-32.8804443560412, 2.35456485681072, -11.0484578244058
-32.8804443560412, 1.59420007597048, -11.3357955091193
-32.8804443560412, 0.802535965941922, -11.5182243718401
-32.8804443560412, 1.48645170192712E-16, -11.65
-30.6977480656385, 7.68783131290857, -1.77635683940025E-15
-30.6977480656385, 7.55406811022827, -0.791012130542119
-30.6977480656385, 7.40309859680606, -1.57891417343798
-30.6977480656385, 7.2328197082847, -2.36286919040339
-30.6977480656385, 7.04493131571056, -3.14279749586128
-30.6977480656385, 6.84410017382505, -3.91950310973374
-30.6977480656385, 6.63357426489029, -4.69363424081426
-30.6977480656385, 6.28627730446136, -5.301198322238
-30.6977480656385, 6.06802889108382, -6.07310569565505
-30.6977480656385, 5.85508595431018, -6.84653130225707
-30.6977480656385, 5.58794107051714, -7.60262895826945
-30.6977480656385, 5.22602594307562, -8.3177928384235
-30.6977480656385, 4.77305531722, -8.97939352468324
-30.6977480656385, 4.25036403680355, -9.58746361057825
-30.6977480656385, 3.6571802566824, -10.1266874456617
-30.6977480656385, 3.00213103910836, -10.5893147311399
-30.6977480656385, 2.29563397434866, -10.968225283667
-30.6977480656385, 1.55963679670431, -11.2867825505449
-30.6977480656385, 0.7891868903378, -11.5057913371262
-30.6977480656385, 2.91245485582012E-16, -11.65
-28.5050517752357, 7.58439358727955, -1.77635683940025E-15
-28.5050517752357, 7.42172993083214, -0.773556803031687
-28.5050517752357, 7.24505473877978, -1.54403013475419
-28.5050517752357, 7.05290875517692, -2.31079102494752
-28.5050517752357, 6.84617336842738, -3.07375073609226
-28.5050517752357, 6.62777811963099, -3.83346144975291
-28.5050517752357, 6.40010041626073, -4.59043851355784
-28.5050517752357, 6.04202125473409, -5.18612379152267
-28.5050517752357, 5.82036881339867, -5.94478825650766
-28.5050517752357, 5.60875203701015, -6.70638704357364
-28.5050517752357, 5.35406660090112, -7.45449028061193
-28.5050517752357, 5.02245593667708, -8.17144927651396
-28.5050517752357, 4.60268416539158, -8.84072439149606
-28.5050517752357, 4.11204855835691, -9.46003913730812
-28.5050517752357, 3.54854932265837, -10.0133797959739
-28.5050517752357, 2.91041342768185, -10.4791562677096
-28.5050517752357, 2.2280116724524, -10.8770317204646
-28.5050517752357, 1.51700639619447, -11.2220434270708
-28.5050517752357, 0.773554301631518, -11.4872978895421
-28.5050517752357, 5.07422467876575E-16, -11.65
-26.3123554848329, 7.44076410963356, -1.77635683940025E-15
-26.312355484833, 7.24797721340347, -0.753002223986706
-26.312355484833, 7.04460585666385, -1.50321375387806
-26.312355484833, 6.83014789958094, -2.25033133580045
-26.312355484833, 6.60494980338435, -2.99428307625401
-26.312355484833, 6.3700988561518, -3.73524717825328
-26.312355484833, 6.12679871283094, -4.47347649940867
-26.312355484833, 5.75985119618986, -5.05590556260618
-26.312355484833, 5.53387803788247, -5.79950624330609
-26.312355484833, 5.3224224344533, -6.54747070574466
-26.312355484833, 5.07836472532733, -7.28532852149548
-26.312355484833, 4.77652217209004, -8.00127097069575
-26.312355484833, 4.39727013893575, -8.67928431933998
-26.312355484833, 3.94582003213844, -9.31158525274131
-26.312355484833, 3.41976844249387, -9.88282335745576
-26.312355484833, 2.80544118799475, -10.3577606648585
-26.312355484833, 2.14679598419779, -10.7700151515773
-26.312355484833, 1.46227883820304, -11.1379845556694
-26.312355484833, 0.751085753974617, -11.451191802766
-26.312355484833, 1.59000487699455E-15, -11.65
-24.1196591944302, 7.24706893356329, -1.77635683940025E-15
-24.1196591944302, 7.02408936858552, -0.728471520540425
-24.1196591944302, 6.79462033607963, -1.45492586775345
-24.1196591944302, 6.55928073769391, -2.17949983109115
-24.1196591944302, 6.31796306814934, -2.90210442478244
-24.1196591944302, 6.0696426795241, -3.62233196973041
-24.1196591944302, 5.8137104447219, -4.33988670950782
-24.1196591944302, 5.43897605991355, -4.90513776931517
-24.1196591944302, 5.20715420057283, -5.6307091020546
-24.1196591944302, 4.99357128227696, -6.36198892325227
-24.1196591944302, 4.75684734034597, -7.08604437387359
-24.1196591944302, 4.47846277217662, -7.79501457279469
-24.1196591944302, 4.13765713363465, -8.47599994500542
-24.1196591944302, 3.72623284208752, -9.11673515298672
-24.1196591944302, 3.24116838260804, -9.70341142335828
-24.1196591944302, 2.66634396187965, -10.2018255857892
-24.1196591944302, 2.0379048246925, -10.6323467381616
-24.1196591944302, 1.38583983143328, -11.0260708168743
-24.1196591944302, 0.709780179426128, -11.3770111210719
-24.1196591944302, 5.50185714855232E-16, -11.65
-21.9269629040275, 6.99697177752141, -1.77635683940025E-15
-21.9269629040275, 6.74606715652138, -0.700133675227496
-21.9269629040275, 6.49333478274068, -1.39960979331431
-21.9269629040275, 6.23935839618001, -2.09863527508794
-21.9269629040275, 5.98472057322022, -2.79742017659708
-21.9269629040275, 5.7279116769627, -3.49540793916215
-21.9269629040275, 5.46382238494056, -4.19066925372468
-21.9269629040275, 5.08255322318889, -4.73348833021457
-21.9269629040275, 4.84443807054708, -5.43792008539373
-21.9269629040275, 4.62640436167223, -6.14897544468539
-21.9269629040275, 4.3933816090212, -6.85522332518804
-21.9269629040275, 4.1298815356656, -7.55061497428422
-21.9269629040275, 3.81687218032271, -8.22500069327723
-21.9269629040275, 3.43889508495199, -8.86511955528859
-21.9269629040275, 2.99239029247024, -9.45937839919041
-21.9269629040275, 2.47078741158374, -9.98852093750682
-21.9269629040275, 1.88708962307783, -10.4491802576166
-21.9269629040275, 1.28226990059403, -10.8817177094175
-21.9269629040275, 0.651904628758782, -11.2763102753442
-21.9269629040275, 0, -11.6302475241088
-19.7342666136247, 6.68823873403477, -1.77635683940025E-15
-19.7342666136247, 6.41042148152894, -0.666993846470333
-19.7342666136247, 6.13512344317485, -1.33502923512256
-19.7342666136248, 5.86782625661047, -2.00630184251321
-19.7342666136247, 5.60743585274251, -2.68028870273748
-19.7342666136247, 5.3481313858011, -3.35469421752349
-19.7342666136247, 5.08186563596853, -4.02637544940063
-19.7342666136247, 4.71844255901403, -4.57532658878238
-19.7342666136247, 4.44857512560789, -5.2193699440517
-19.7342666136247, 4.22186477153677, -5.90541881669752
-19.7342666136247, 3.98773859552837, -6.58895159912107
-19.7342666136247, 3.73189434641449, -7.26462548678214
-19.7342666136247, 3.43842367123919, -7.92469599682663
-19.7342666136247, 3.08931652559125, -8.55699418774791
-19.7342666136247, 2.68057309265689, -9.15245483975443
-19.7342666136247, 2.21516054434869, -9.70472819299942
-19.7342666136247, 1.69699545924509, -10.2079663868072
-19.7342666136247, 1.15940713472838, -10.6907111802028
-19.7342666136247, 0.59447847771851, -11.1411290296435
-19.7342666136247, -4.44089209850063E-16, -11.5480927869297
-17.541570323225, 6.32284500865266, -1.0510279493427E-06
-17.5415703232235, 6.02158098139448, -0.632813381787457
-17.5415703232225, 5.72786598221808, -1.26915541616139
-17.5415703232221, 5.448605083103, -1.91196258693693
-17.541570323222, 5.18282891568054, -2.56047324156188
-17.541570323222, 4.92287417470962, -3.21134635282139
-17.541570323222, 4.65590461084894, -3.85936424008437
-17.541570323222, 4.34618626607773, -4.46903817006611
-17.541570323222, 4.00430378077928, -4.99291438303593
-17.541570323222, 3.76424236742916, -5.65138420361732
-17.541570323222, 3.52194985653733, -6.30902888881556
-17.541570323222, 3.26609792172912, -6.96150251466699
-17.541570323222, 2.98426811563875, -7.60310575623126
-17.541570323222, 2.65816586866134, -8.22328464168867
-17.541570323222, 2.28459838951212, -8.81608981055462
-17.541570323222, 1.87023916089967, -9.38121001737921
-17.541570323222, 1.42581109125966, -9.92306296707435
-17.541570323222, 0.968260304042149, -10.4539598293937
-17.541570323222, 0.498795023114329, -10.9741346083064
-17.541570323222, 0, -11.4640086595725
-15.348874032909, 5.90536127492347, -8.16157204427714E-06
-15.348874032867, 5.58568734585072, -0.594626696800232
-15.3488740328372, 5.27675258412155, -1.19487802697382
-15.348874032823, 4.98654454088907, -1.80438792633749
-15.3488740328194, 4.71468433578249, -2.42231772405071
-15.3488740328192, 4.45295338596195, -3.04462110047701
-15.3488740328192, 4.18517784428929, -3.66433650503908
-15.3488740328192, 3.89416664896091, -4.27334263939982
-15.3488740328192, 3.50991736136031, -4.72649762512624
-15.3488740328192, 3.25288498395307, -5.35075796176825
-15.3488740328192, 2.99665506430185, -5.9753480708918
-15.3488740328192, 2.73561870126935, -6.59794087043499
-15.3488740328192, 2.46163446523664, -7.21491745051732
-15.3488740328192, 2.15964638684579, -7.81861332192508
-15.3488740328192, 1.82552320958802, -8.40515858547591
-15.3488740328192, 1.46704425161295, -8.97718996389986
-15.3488740328192, 1.09806684919051, -9.54254064869736
-15.3488740328192, 0.730189958249251, -10.1086045691501
-15.3488740328192, 0.374944099108255, -10.6825937522993
-15.3488740328192, 0, -11.243881460116
-13.1561777430862, 5.43701306910376, -2.71637279343966E-05
-13.1561777427948, 5.11098644750633, -0.54120719449838
-13.1561777425773, 4.79606141744444, -1.08890313460479
-13.1561777424592, 4.5001445762163, -1.64707748812277
-13.1561777424212, 4.22398515817179, -2.2153049578544
-13.1561777424165, 3.96004848273129, -2.78933089292375
-13.1561777424165, 3.69465254039967, -3.36267445950072
-13.1561777424165, 3.41132108201893, -3.92732500696659
-13.1561777424165, 3.00275507330408, -4.31833686780172
-13.1561777424165, 2.72432681238511, -4.88545552778335
-13.1561777424165, 2.45372126486562, -5.45637150940508
-13.1561777424165, 2.188439826617, -6.02978014816079
-13.1561777424165, 1.92595265627724, -6.60447607170705
-13.1561777424165, 1.65900154069578, -7.17710527618628
-13.1561777424165, 1.37800348001167, -7.74295769583017
-13.1561777424165, 1.08559044297687, -8.30301582746675
-13.1561777424165, 0.792922321182075, -8.86293985751968
-13.1561777424165, 0.514527297617637, -9.43006578837898
-13.1561777424165, 0.252344779674984, -10.004888100721
-13.1561777424165, 0, -10.5840868677744
-11.0711747954299, 4.94198141861971, -0.000124567834086516
-11.1871692750174, 4.62543300274807, -0.522157798989314
-11.2984924647642, 4.32163251594623, -1.05269985128505
-11.403577929167, 4.03485475371753, -1.59386848317441
-11.5009870549869, 3.76902568515967, -2.14701783505153
-11.5924111490458, 3.51952974149937, -2.70878149325082
-11.684881064121, 3.26717975694993, -3.26908615844226
-11.7837170073673, 2.99745691000122, -3.82009386971827
-11.915945201906, 2.6366067586651, -4.24375688249526
-12.0207379847815, 2.35062772301798, -4.76431590815788
-12.1116583911928, 2.10250634067962, -5.32675966015625
-12.1986493079814, 1.86510851794196, -5.89443414332464
-12.282872287374, 1.63526438397473, -6.46563267464503
-12.3671682321514, 1.4052211277989, -7.0367399658334
-12.45431026488, 1.16741091033689, -7.60421885936887
-12.5442169896068, 0.922055860780634, -8.16805134233082
-12.633948618439, 0.677178647137374, -8.73211806920346
-12.7197117295974, 0.443131500471448, -9.30135756735501
-12.8014907919602, 0.219956805145107, -9.87554648540697
-12.8820907061161, 0, -10.4511438513352
-9.52766759023043, 4.54071027924317, -0.00020673210801265
-9.737873568289, 4.23890295093085, -0.50377984334808
-9.93923180430289, 3.94979894063437, -1.01827824148413
-10.1284640702037, 3.67810502817059, -1.54666487923098
-10.3054750894765, 3.4239580086521, -2.08788036175674
-10.4735460079882, 3.18264691297576, -2.63777500443402
-10.6415346104592, 2.94145400415878, -3.18773975038463
-10.8190678016957, 2.68655726607017, -3.72842746951286
-11.0264365036723, 2.38882361216946, -4.21500302573084
-11.2369454592256, 2.08658127801639, -4.65629261564292
-11.3960276344326, 1.85817594566211, -5.21428455037836
-11.5455667666376, 1.64347222321914, -5.78032317560167
-11.6890177719396, 1.43750964758846, -6.35117803207696
-11.8309659262986, 1.23370481947824, -6.92318557823095
-11.9760013622352, 1.02546736669544, -7.49281095278496
-12.1246404076747, 0.812055961361921, -8.05959102072997
-12.2728553557512, 0.599253462079734, -8.62670963448426
-12.4153164446521, 0.394712178207848, -9.19831018473478
-12.5523677688345, 0.197938069425704, -9.77396160193885
-12.6902297807059, 0, -10.3490191647888
-8.30090646510108, 4.19746239019459, -0.000296419905231668
-8.58421097413852, 3.91415788115715, -0.485842254327064
-8.85664717279722, 3.64172168249845, -0.983657642404438
-9.11560163257945, 3.38276722271622, -1.49564757999271
-9.35921123375096, 3.1391576215447, -2.02248228282312
-9.58892492941865, 2.90944392587702, -2.56169033444236
-9.81858750500982, 2.67978135028585, -3.10094575712991
-10.0585961598924, 2.43977269540332, -3.63109806847788
-10.3176582713163, 2.18071058397937, -4.14277627720266
-10.6131063947507, 1.88526246054495, -4.5401853963941
-10.8260130028889, 1.67235585240674, -5.09294458408961
-11.0229906865776, 1.47537816871803, -5.65745606519015
-11.2107230253107, 1.28764582998501, -6.22825176966052
-11.3949105602251, 1.10345829507057, -6.80135964098927
-11.5810752193494, 0.917293635946265, -7.37318495108193
-11.7709014956018, 0.727467359693869, -7.94260072683319
-11.9599987033223, 0.538370151973386, -8.51249990504461
-12.1425144437522, 0.355854411543455, -9.08666118847176
-12.3186900424885, 0.179678812807187, -9.66478436025986
-12.4983688552957, 0, -10.240740158928
-7.14878844136344, 3.85219247764377, -0.000405904018881009
-7.49923081960742, 3.5904544175722, -0.466042350776115
-7.83833287936225, 3.33718620346167, -0.944575096115636
-8.16249746767037, 3.09507447338833, -1.43893245021374
-8.46784192248951, 2.86701910617378, -1.95162365410408
-8.76010525364554, 2.64873375578281, -2.47610686018692
-9.04964314373822, 2.43248398014263, -3.00294682321672
-9.34806167575606, 2.20960143936334, -3.52199219503892
-9.661701970801, 1.97535008312987, -4.02677722643901
-10.0250683507768, 1.70395935730882, -4.41144693780495
-10.2912468477779, 1.50515622229145, -4.95694735055064
-10.5330417517368, 1.32456468135248, -5.52000548659233
-10.7620002864555, 1.15356035529357, -6.09139308508776
-10.9851115096472, 0.986923263538283, -6.66638291002774
-11.2083438212694, 0.820195733374644, -7.24129934603184
-11.4347262323039, 0.65111546004867, -7.81429465575022
-11.6600394923426, 0.482833713170811, -8.38794451344442
-11.8783500408425, 0.319782144625265, -8.96578425423046
-12.0892676283161, 0.162252223566781, -9.54789943717992
-12.3065079298854, 0, -10.1263620155715
-5.99531468439878, 3.47996179383589, -0.000546942148746794
-6.41037825112871, 3.24392209560041, -0.444777049912034
-6.81356993522479, 3.0146337381691, -0.903236484246696
-7.20239364228912, 2.79351620861734, -1.37782305515395
-7.57482051688339, 2.58172328305033, -1.86949129738211
-7.92997500172952, 2.37975287622683, -2.37782117897395
-8.27931279272542, 2.18109032576845, -2.89148930502955
-8.63582168931789, 1.97834968767072, -3.3985817949543
-9.00349194859754, 1.76926176956155, -3.89498603544657
-9.42783783333288, 1.52794337255186, -4.27029600509266
-9.75314996942132, 1.34294380961836, -4.80397294435331
-10.0420037865372, 1.17867748202096, -5.36509087656401
-10.3132696063198, 1.0244131539145, -5.93776650353322
-10.5762153469968, 0.87488031543701, -6.51556884637712
-10.8369208744881, 0.726621448675539, -7.09471642884426
-11.0995926752789, 0.577244395222968, -7.67268663703281
-11.36081222076, 0.428693215040261, -8.25152544587803
-11.6148482095623, 0.284227203218864, -8.83456885750328
-11.8605195255912, 0.144518040698455, -9.42234884187256
-12.1146470044752, 0, -10.0053157791021
-4.801438682918, 3.06019270152305, -0.000735680407867266
-5.27991275549242, 2.85458233268295, -0.422581026211127
-5.74744370587417, 2.65367445352676, -0.858709508629041
-6.20176957254016, 2.45844107647839, -1.3110565161409
-6.64090284663692, 2.26973627587929, -1.78083120984532
-7.06290473694429, 2.08839319107959, -2.2688626355855
-7.47559734426904, 1.91105050090399, -2.7662793786279
-7.89153544822501, 1.73231315258981, -3.26047582500876
-8.31490173212368, 1.55038375917774, -3.74713645405498
-8.77948502259041, 1.3507425514612, -4.15026799814428
-9.18627204351943, 1.17593761592402, -4.63459823706987
-9.52801409418718, 1.02908387167011, -5.19197887696767
-9.84546910031522, 0.892666781086869, -5.76623423676683
-10.1518264588869, 0.761018582985183, -6.34760955793468
-10.4533796312533, 0.631434844703269, -6.93195881150383
-10.7548543596888, 0.501884815427772, -7.51635647488006
-11.0543390144175, 0.373189962665085, -8.10196275540632
-11.3466295853696, 0.247586558955906, -8.69185089834945
-11.6297503928623, 0.12592359539829, -9.28702286550464
-11.922786079065, 0, -9.87642639541021
-3.54934070044569, 2.57017713018349, -0.000997371779607678
-4.09017044888114, 2.40027993500066, -0.400389873605814
-4.62160071237827, 2.23333551031872, -0.813403367947367
-5.1416608439133, 2.06996291861158, -1.24201258143149
-5.64840208788016, 1.91077434534525, -1.6877963890279
-6.13939347072794, 1.75653346076725, -2.15253456186045
-6.61844309826367, 1.60604397991464, -2.6308133625458
-7.09582713448015, 1.45607773080783, -3.11092590993124
-7.57713326852463, 1.3048793870869, -3.58671595450609
-8.06557147857776, 1.15144056063881, -4.05442317553881
-8.56987517044076, 0.99301772421805, -4.45549108452242
-8.97307867558191, 0.866354675801168, -5.00499698802689
-9.34304237943528, 0.750133636211588, -5.57984480448934
-9.69844290796315, 0.638487497776973, -6.16474596212131
-10.0465160141119, 0.529143208517141, -6.754476468374
-10.3917146654376, 0.42070190548084, -7.34606274348149
-10.7338761209286, 0.31321471241173, -7.93958193329991
-11.0682082054249, 0.208187051526087, -8.53797271520203
-11.3943590273686, 0.105729466648192, -9.14131622858446
-11.7309251536548, 0, -9.7382661512971
-2.25580154464693, 1.98299394197842, -0.00137459074228227
-2.8566547956649, 1.8546459249723, -0.379247465251558
-3.44990393518474, 1.72792221911074, -0.769465696334908
-4.03274568049186, 1.60342163246697, -1.17573615405031
-4.60317236890208, 1.48157302104516, -1.60002677242379
-5.16106103242344, 1.36240265198774, -2.04141505681215
-5.70820544301681, 1.24552735840038, -2.49666403283909
-6.248022961478, 1.13021715924231, -2.96098605387458
-6.78765197385496, 1.01494722679172, -3.42554088607118
-7.32887932555191, 0.899335873733236, -3.88814619264238
-7.89345470655596, 0.778737157691375, -4.28553006642557
-8.36599801106061, 0.677797375839585, -4.82051211121441
-8.79580989891722, 0.585985434406977, -5.39236633506284
-9.20687222895426, 0.49817857834556, -5.97853943225021
-9.60851998058795, 0.412382766523267, -6.57150559329695
-10.0041339285014, 0.32787583304386, -7.16870192725539
-10.3947096601341, 0.244445110881947, -7.76935410868844
-10.7774839262048, 0.162680856585387, -8.37522930122295
-11.152154254114, 0.0826476812023652, -8.98638694559592
-11.5390642282445, 0, -9.58942694091065
-1.02160946284806, 1.27223238694218, -0.00193862655240431
-1.67296535983881, 1.19197781946458, -0.363969524627865
-2.31820248390627, 1.11247715546237, -0.736945949384297
-2.95501506694455, 1.03401449219005, -1.12432866940828
-3.58142968476291, 0.956832978294321, -1.52854707721546
-4.19650512525001, 0.881048581975139, -1.95007414478203
-4.80064471635366, 0.806611608572251, -2.38737105696416
-5.39538138363539, 0.733333183956348, -2.83757512861506
-5.9855841885784, 0.660613383531424, -3.29381223966638
-6.57451049318006, 0.588050862687838, -3.75172186311475
-7.18115223884071, 0.513305594952064, -4.16308260270029
-7.71894237432143, 0.44704364059482, -4.68014565687783
-8.2111000984678, 0.386404126214735, -5.24206014589966
-8.68269950836673, 0.32829763352927, -5.82169517364417
-9.1435506979234, 0.271515445695741, -6.41004837263134
-9.59529374163495, 0.21585548659876, -7.00553268097631
-10.0388913226065, 0.161199142564032, -7.60720171406438
-10.4742677781986, 0.107555736102364, -8.21493717995278
-10.9041955840051, 0.0545836662078658, -8.82660382104523
-11.3472033028342, 0, -9.42860040456235
-0.13991616705567, 0.438352689796633, -0.00279315946856079
-0.816119412391111, 0.411443562016993, -0.35965955448133
-1.48674162145952, 0.384756528436232, -0.726911902102607
-2.14961924331964, 0.358377686347046, -1.10797327485478
-2.80276285613359, 0.332386203672413, -1.50550268790942
-3.44488957334661, 0.306833132161148, -1.92061777800989
-4.0757632790717, 0.281727867912156, -2.35267417614277
-4.69618868618327, 0.257038387829258, -2.79963790728267
-5.31092470350089, 0.232575313812892, -3.25442953492028
-5.92197104446535, 0.208259068391536, -3.71417160147571
-6.53454954565848, 0.183881851515728, -4.16475099529991
-7.10392157082982, 0.1612240120493, -4.67498578763976
-7.64611182033298, 0.139647856055671, -5.21428447779063
-8.17406880724895, 0.118638104740401, -5.76758123818161
-8.69080097794084, 0.0980750386727409, -6.33138999796469
-9.19545199832617, 0.0779927351858085, -6.90605353732121
-9.68825123844022, 0.0583820666280724, -7.49093270699857
-10.1723357330294, 0.0391181964664008, -8.08306655728655
-10.6548541280843, 0.0199166483547541, -8.67647955686946
-11.155342377424, 0, -9.25465455661583
