-109.579997112877, 6.43274314672714, -1.77635683940025E-15
-109.579997112877, 6.58865748122107, -0.772483916621105
-109.579997112877, 6.71092236376517, -1.55101309530715
-109.579997112877, 6.80475328211502, -2.3335026833951
-109.579997112877, 6.87952961517165, -3.1180639868678
-109.579997112877, 6.94485946407089, -3.90347639349591
-109.579997112877, 7.00475625451938, -4.68932288300681
-109.579997112877, 7.0610852301866, -5.47543387430457
-109.579997112877, 7.11570797628232, -6.26166560360604
-109.579997112877, 7.18125838998158, -7.04670821784127
-109.579997112877, 6.96535364116675, -7.74485721820715
-109.579997112877, 6.24357927185278, -8.05488179433343
-109.579997112877, 5.47725669833975, -8.23690642862095
-109.579997112877, 4.6969844263383, -8.3465559553864
-109.579997112877, 3.91486089426802, -8.44364721955505
-109.579997112877, 3.13234749479111, -8.53753619829575
-109.579997112877, 2.34946066480656, -8.62826600615406
-109.579997112877, 1.56645087029899, -8.717930223749
-109.579997112877, 0.78340987754154, -8.80732172683429
-109.579997112877, 9.56963494107937E-22, -8.89341900718424
-107.442118229735, 6.63749041576318, -1.77635683940025E-15
-107.442118229735, 6.74699033999911, -0.790856126175344
-107.442118229735, 6.84698659958054, -1.5829670036636
-107.442118229735, 6.93557633443368, -2.3764338569905
-107.442118229735, 7.01366377707317, -3.17100551249661
-107.442118229735, 7.08369125413907, -3.96632994349695
-107.442118229735, 7.14817017032221, -4.7621252208738
-107.442118229735, 7.21030323346592, -5.55810788564709
-107.442118229735, 7.27330777212467, -6.35402174912072
-107.442118229735, 7.29251857732115, -7.11183450619897
-107.442118229735, 7.1156493574013, -7.81956844053025
-107.442118229735, 6.36156117997637, -8.07999152346675
-107.442118229735, 5.58073506714411, -8.24246107214705
-107.442118229735, 4.78492188708952, -8.30521881942349
-107.442118229735, 3.98813502149116, -8.35598884863863
-107.442118229735, 3.19091518861869, -8.39938719434731
-107.442118229735, 2.39334938576415, -8.43593482920233
-107.442118229735, 1.59560829803064, -8.4684443630702
-107.442118229735, 0.797729030650579, -8.49736927285874
-107.442118229735, 1.77602867196309E-17, -8.53016530753944
-105.249421939332, 6.75080602921369, -1.77635683940025E-15
-105.249421939332, 6.84635518744986, -0.802038419962251
-105.249421939332, 6.93999217441656, -1.60430138450267
-105.249421939332, 7.02818815391964, -2.40717907214537
-105.249421939332, 7.10954435832599, -3.21077891266278
-105.249421939332, 7.18535978822827, -4.01492157118767
-105.249421939332, 7.25729369699968, -4.81942126606355
-105.249421939332, 7.32674350154993, -5.62413957324587
-105.249421939332, 7.39510607391577, -6.42895113074326
-105.249421939332, 7.36593307572232, -7.15496569160916
-105.249421939332, 7.21710259974539, -7.8924649998007
-105.249421939332, 6.44594434302889, -8.12887364222069
-105.249421939332, 5.65050731579643, -8.26406531019689
-105.249421939332, 4.84395331877508, -8.30653341030177
-105.249421939332, 4.03711996526033, -8.34412023271727
-105.249421939332, 3.22993940947898, -8.37320586731487
-105.249421939332, 2.42253309946605, -8.39531997053982
-105.249421939332, 1.61507521233439, -8.41547764196102
-105.249421939332, 0.807518011335958, -8.43105756777224
-105.249421939332, -3.59651881532237E-16, -8.44856857693356
-103.056725648929, 6.83622288702395, -1.77635683940025E-15
-103.056725648929, 6.92896600230123, -0.813709769605033
-103.056725648929, 7.02046728677676, -1.62755990082886
-103.056725648929, 7.10903910829061, -2.44173354299555
-103.056725648929, 7.19299136335799, -3.25639567603775
-103.056725648929, 7.27279018377317, -4.07147642227353
-103.056725648929, 7.3501014742314, -4.88679673265487
-103.056725648929, 7.42434318643519, -5.70240209609723
-103.056725648929, 7.49492565200717, -6.5183320528589
-103.056725648929, 7.42857343261455, -7.22588169171855
-103.056725648929, 7.31235089009285, -8.00555543277555
-103.056725648929, 6.53917237222559, -8.26226968581334
-103.056725648929, 5.73031977770759, -8.38487651230777
-103.056725648929, 4.91226153264757, -8.42331633096973
-103.056725648929, 4.09391984514258, -8.45550529315123
-103.056725648929, 3.27527975910296, -8.47889454378236
-103.056725648929, 2.45651351114824, -8.49751121512645
-103.056725648929, 1.63775556342994, -8.51648293344229
-103.056725648929, 0.818885344386787, -8.52943421775674
-103.056725648929, 2.09657597355295E-16, -8.54160280794055
-100.864029358526, 6.90818923329317, -1.77635683940025E-15
-100.864029358526, 7.00403905073709, -0.826451379941814
-100.864029358526, 7.09675735990721, -1.65325931983471
-100.864029358526, 7.18503165105153, -2.48055311455203
-100.864029358526, 7.26892093315881, -3.30830351755184
-100.864029358526, 7.34925998884725, -4.13640658221864
-100.864029358526, 7.4276383275276, -4.96469760818518
-100.864029358526, 7.5040760260089, -5.79316994759239
-100.864029358526, 7.57695938264478, -6.62196116536959
-100.864029358526, 7.48471098925353, -7.323515851324
-100.864029358526, 7.39489473495411, -8.13701074223573
-100.864029358526, 6.64176253627206, -8.45846993227531
-100.864029358526, 5.82078880096448, -8.58704123988678
-100.864029358526, 4.99010450488232, -8.6332731786261
-100.864029358526, 4.15877036861214, -8.66608144900571
-100.864029358526, 3.32710712273715, -8.68938904351265
-100.864029358526, 2.49539603268753, -8.71097569625231
-100.864029358526, 1.66375813733495, -8.73520750966641
-100.864029358526, 0.831906076012233, -8.7496815449837
-100.864029358526, 1.3076127528956E-15, -8.7614411316132
-98.6713330681237, 6.97136407570683, -1.77635683940025E-15
-98.6713330681237, 7.07152571810244, -0.839340215281138
-98.6713330681237, 7.16568149484865, -1.67937497987319
-98.6713330681237, 7.25393178201164, -2.5200510948923
-98.6713330681237, 7.33768862526354, -3.36118767800956
-98.6713330681237, 7.41842111257626, -4.20262036148926
-98.6713330681237, 7.49733184740217, -5.04422586760303
-98.6713330681237, 7.57400516230867, -5.88603791296103
-98.6713330681237, 7.6457052537812, -6.72828476381384
-98.6713330681237, 7.53420544180937, -7.43153787783065
-98.6713330681237, 7.45540117929013, -8.26627527141822
-98.6713330681237, 6.74152875732605, -8.67200251143588
-98.6713330681237, 5.91124039655165, -8.82411144140993
-98.6713330681237, 5.06838631778426, -8.88795438488712
-98.6713330681237, 4.22416086124111, -8.93011414888581
-98.6713330681237, 3.37944794117911, -8.96152004648232
-98.6713330681237, 2.53474805241584, -8.99327281957946
-98.6713330681237, 1.69015412106677, -9.02772308224831
-98.6713330681237, 0.845151219483285, -9.04927733769023
-98.6713330681237, 7.44002495204957E-16, -9.06491028779494
-96.4786367777209, 7.02861915345004, -1.77635683940025E-15
-96.478636777721, 7.13227669415366, -0.851531393779269
-96.478636777721, 7.22779426424953, -1.70401415986824
-96.478636777721, 7.31603905531237, -2.55728173616844
-96.4786367777209, 7.39934285974925, -3.41104704453847
-96.478636777721, 7.47970298016106, -4.26509505618409
-96.4786367777209, 7.55807622301747, -5.11932760631834
-96.4786367777209, 7.63369510472594, -5.97380797103421
-96.4786367777209, 7.70220629811309, -6.82887870838093
-96.4786367777209, 7.57707601900702, -7.53815134023725
-96.4786367777209, 7.49864580444458, -8.38781321366009
-96.478636777721, 6.82707857861782, -8.87201047342414
-96.478636777721, 5.99213339545896, -9.0629948776677
-96.4786367777209, 5.13919906837714, -9.15405204840512
-96.4786367777209, 4.28368844462137, -9.21658198818673
-96.4786367777209, 3.42732823930664, -9.2666066621506
-96.4786367777209, 2.57097054037846, -9.31667779761375
-96.4786367777209, 1.71462709908221, -9.36695421870622
-96.4786367777209, 0.857498336873396, -9.40080377618146
-96.4786367777209, 2.98478872029627E-15, -9.42431037972698
-94.2859404873182, 7.08182437819279, -1.77635683940025E-15
-94.2859404873182, 7.18668885384564, -0.862612299921094
-94.2859404873182, 7.28292208131637, -1.72622977104784
-94.2859404873182, 7.37123029564969, -2.59069494327191
-94.2859404873182, 7.45404888844627, -3.45570478676731
-94.2859404873182, 7.53351715687402, -4.32102934339512
-94.2859404873182, 7.61059859580924, -5.18656978386405
-94.2859404873182, 7.68418885948358, -6.05241342297023
-94.2859404873182, 7.7196134391085, -6.89263485316476
-94.2859404873182, 7.61381921138006, -7.63648446713366
-94.2859404873182, 7.52922186440529, -8.49744014450398
-94.2859404873182, 6.88992425044792, -9.04197772620483
-94.2859404873182, 6.05588877700862, -9.28127623154846
-94.2859404873182, 5.19640279707611, -9.40873434551619
-94.2859404873182, 4.33263714277033, -9.50337431962085
-94.2859404873182, 3.46735402800476, -9.58327950181407
-94.2859404873182, 2.60175063437597, -9.65965075810821
-94.2859404873182, 1.73569959884427, -9.73067594379264
-94.2859404873182, 0.868257558017643, -9.78169815151009
-94.2859404873182, 4.02532938781209E-15, -9.81673534168526
-92.0932441969154, 7.13184953705715, -1.77635683940025E-15
-92.0932441969155, 7.23601794682877, -0.872856495748515
-92.0932441969155, 7.3323017189443, -1.74661683849651
-92.0932441969154, 7.4205872326604, -2.62122256540316
-92.0932441969154, 7.50278669078001, -3.49642249905811
-92.0932441969154, 7.58094531415127, -4.3719933811852
-92.0932441969154, 7.65619521628898, -5.24781892064447
-92.0932441969154, 7.72707572480039, -6.12400775281035
-92.0932441969154, 7.6685771202518, -6.89102213445133
-92.0932441969154, 7.64511362815913, -7.72804390634878
-92.0932441969155, 7.55034025422259, -8.59814832796351
-92.0932441969155, 6.93280457751716, -9.18737810282349
-92.0932441969154, 6.1036310814329, -9.475645375099
-92.0932441969154, 5.24097983505292, -9.64376298874122
-92.0932441969154, 4.37202890157199, -9.77644180219921
-92.0932441969154, 3.50058956514365, -9.89184693310392
-92.0932441969154, 2.62795724229043, -9.99786224236033
-92.0932441969155, 1.75389939945479, -10.0912705045204
-92.0932441969154, 0.877685599488914, -10.1615631645851
-92.0932441969155, 4.62130387638819E-15, -10.2103744987951
-89.9005479065127, 7.17929414847933, -1.77635683940025E-15
-89.9005479065127, 7.28159349678361, -0.882437490420985
-89.9005479065127, 7.37732390797824, -1.76561030666029
-89.9005479065127, 7.46527494609555, -2.64959171942151
-89.9005479065127, 7.54655119999699, -3.53421306536246
-89.9005479065127, 7.62305031764527, -4.41926128745707
-89.9005479065127, 7.6961068266672, -5.30460021044091
-89.9005479065127, 7.76388221947102, -6.19035720533834
-89.9005479065127, 7.65587579944004, -6.92589123901686
-89.9005479065127, 7.67141544297751, -7.81405120874819
-89.9005479065127, 7.56457691582181, -8.69196066197348
-89.9005479065127, 6.96285539085524, -9.31615418332448
-89.9005479065127, 6.14011144972529, -9.64799897086642
-89.9005479065127, 5.27655595280499, -9.85520051544849
-89.9005479065127, 4.40466042143535, -10.025229815801
-89.9005479065127, 3.52909024866393, -10.1752900109114
-89.9005479065127, 2.65091564677413, -10.3092650380557
-89.9005479065127, 1.76996016861853, -10.4233980968263
-89.9005479065127, 0.886076797177126, -10.5121362758618
-89.9005479065127, 5.96231052903468E-15, -10.5752877650395
-87.6978516161098, 7.22488618045071, -1.77635683940025E-15
-87.6978516161099, 7.32473923285588, -0.891314169218864
-87.69785161611, 7.41931644477645, -1.78320196707139
-87.69785161611, 7.50639074610984, -2.67585288677831
-87.6978516161099, 7.58630012045587, -3.56917442857805
-87.6978516161099, 7.66084639750473, -4.462961010092
-87.6978516161099, 7.73150150641556, -5.35706332689957
-87.6978516161099, 7.79604765073995, -6.2516247326938
-87.6978516161099, 7.6827345424383, -6.99707177144558
-87.6978516161099, 7.693170992204, -7.89383818880404
-87.6978516161099, 7.57490871892904, -8.77876947773643
-87.6978516161099, 6.98816296978076, -9.43343505201024
-87.6978516161099, 6.1716763658161, -9.80123603893722
-87.69785161611, 5.30775656716698, -10.0408291389274
-87.69785161611, 4.43372499762463, -10.2419058593666
-87.6978516161099, 3.55480484078272, -10.4204300129045
-87.6978516161099, 2.67166251570511, -10.5767223931875
-87.6978516161099, 1.78439524550073, -10.7074694437256
-87.6978516161099, 0.893579534410834, -10.8115070148666
-87.69785161611, 7.0429255310404E-15, -10.8880960646345
-82.2261108901031, 7.33594340168634, -1.77635683940025E-15
-82.2261108901031, 7.42887474342641, -0.908924013776404
-82.2261108901031, 7.51717671002642, -1.8183078072173
-82.2261108901031, 7.5980081961881, -2.72838499582955
-82.2261108901031, 7.67133953651269, -3.63909795197739
-82.2261108901031, 7.73909824238477, -4.55024402110865
-82.2261108901031, 7.80262949763968, -5.461694278166
-82.2261108901031, 7.8590604841094, -6.3736076130542
-82.2261108901031, 7.7339466775251, -7.13747635816063
-82.2261108901031, 7.7273470356467, -8.05106326486155
-82.2261108901031, 7.59521663640385, -8.95149246368965
-82.2261108901031, 7.05597794334912, -9.67398901965627
-82.2261108901031, 6.25466468927131, -10.1064337258209
-82.226110890103, 5.3847626433984, -10.384185062032
-82.2261108901031, 4.50153668521399, -10.6179380362279
-82.2261108901031, 3.61174613986944, -10.8252328943231
-82.2261108901031, 2.71537758668907, -11.0019451956939
-82.2261108901031, 1.81377994697169, -11.1496745097719
-82.2261108901031, 0.908256282441966, -11.2712210379179
-82.2261108901031, 4.45179241071531E-15, -11.3702685003169
-76.7443701640962, 7.46751827764315, -1.77635683940025E-15
-76.7443701640962, 7.54922298121381, -0.919422172075814
-76.7443701640962, 7.62307186131572, -1.8395068125824
-76.7443701640962, 7.68798840582083, -2.76026534491032
-76.7443701640962, 7.74576681736209, -3.68150083871712
-76.7443701640962, 7.79896493844792, -4.60301340339491
-76.7443701640962, 7.84865251488565, -5.52472178687609
-76.7443701640962, 7.89222544679675, -6.44673598014201
-76.7443701640962, 7.75430824515713, -7.2189681068897
-76.7443701640962, 7.72796359750806, -8.14159449476951
-76.7443701640962, 7.59202947747753, -9.05202125468039
-76.7443701640962, 7.098563075603, -9.8204782372119
-76.7443701640962, 6.31973538301267, -10.3059368225808
-76.7443701640962, 5.44506660646915, -10.5982906007365
-76.7443701640962, 4.55229206395415, -10.8325930177083
-76.7443701640962, 3.65216201785011, -11.036715043619
-76.7443701640962, 2.74464200976506, -11.205046641323
-76.7443701640962, 1.83260096390181, -11.3469911332748
-76.7443701640962, 0.917375067400198, -11.4667875015434
-76.7443701640962, 2.67901125323647E-15, -11.5688586025969
-71.2626294380893, 7.6257404800589, -1.77635683940025E-15
-71.2626294380893, 7.69048775470143, -0.922719586095568
-71.2626294380893, 7.74117385836803, -1.84631754878923
-71.2626294380893, 7.77965826659771, -2.77050883477861
-71.2626294380893, 7.81114742174425, -3.69496833985156
-71.2626294380893, 7.83945357291682, -4.61953162035872
-71.2626294380893, 7.86561163938998, -5.5441580780676
-71.2626294380893, 7.88823324393391, -6.46887682086404
-71.2626294380893, 7.73535048277679, -7.24027572401415
-71.2626294380893, 7.68614571879032, -8.16385842180587
-71.2626294380893, 7.54111683856463, -9.07587395724587
-71.2626294380893, 7.08511025782775, -9.8701023914698
-71.2626294380893, 6.32991686440273, -10.394259136761
-71.2626294380893, 5.46262504496981, -10.7121937955478
-71.2626294380893, 4.57002262908457, -10.9543179264438
-71.2626294380893, 3.66695734383321, -11.154107178458
-71.2626294380893, 2.75518348272251, -11.3095418503819
-71.2626294380894, 1.83908540546699, -11.4374044928087
-71.2626294380894, 0.920751495531811, -11.5481640776676
-71.2626294380893, 1.12915400151204E-15, -11.6363280724387
-65.7808887120825, 7.75955563558029, -1.77635683940025E-15
-65.7808887120825, 7.80785523863868, -0.918747402882264
-65.7808887120825, 7.8348276643564, -1.83836959813328
-65.7808887120825, 7.84506127316254, -2.75834218586705
-65.7808887120825, 7.84767270446643, -3.67837466649591
-65.7808887120825, 7.84845975607308, -4.59841091704572
-65.7808887120825, 7.84762605326655, -5.51844697831361
-65.7808887120825, 7.84484005413591, -6.43847914047884
-65.7808887120825, 7.67070813883994, -7.20176484026444
-65.7808887120825, 7.59116954195007, -8.1181131651029
-65.7808887120825, 7.42332534495418, -9.02184382095557
-65.7808887120825, 7.00227710856637, -9.83108693629783
-65.7808887120825, 6.2788587709868, -10.3907694149578
-65.7808887120825, 5.43219835732641, -10.7476923316845
-65.7808887120825, 4.54891520113126, -11.004263246185
-65.7808887120824, 3.65171872106814, -11.2073955338267
-65.7808887120825, 2.74395801048239, -11.3565233633042
-65.7808887120825, 1.83131132397127, -11.4727514653383
-65.7808887120825, 0.916961972521779, -11.5748612025728
-65.7808887120825, 6.19465280214999E-17, -11.6495037960284
-60.2991479860756, 7.84325192032405, -1.77635683940025E-15
-60.2991479860756, 7.87939419624312, -0.909348019816429
-60.2991479860756, 7.88725711972691, -1.8193827228482
-60.2991479860756, 7.87308107902315, -2.72936251725752
-60.2991479860756, 7.84917634940779, -3.63914992922728
-60.2991479860756, 7.82280696918402, -4.54886978957388
-60.2991479860756, 7.79534536256447, -5.45855759079757
-60.2991479860756, 7.76782694815087, -6.36824381682244
-60.2991479860756, 7.56838399022719, -7.11851634560376
-60.2991479860756, 7.45531594456035, -8.02113941798583
-60.2991479860756, 7.25102620176475, -8.90747680704168
-60.2991479860756, 6.85626725939254, -9.72177483241819
-60.2991479860756, 6.1782905976789, -10.3215818199517
-60.2991479860756, 5.36229202870654, -10.7220487412919
-60.2991479860756, 4.49652249764333, -11.0014728151646
-60.2991479860756, 3.61238271827133, -11.2166409591538
-60.2991479860756, 2.71540365723822, -11.3696622068176
-60.2991479860756, 1.81221370241439, -11.4813893137659
-60.2991479860756, 0.907232469976954, -11.5777226249172
-60.2991479860756, 2.15956707995485E-17, -11.6499394567771
-54.8174072600687, 7.88794116532965, -1.77635683940025E-15
-54.8174028845979, 7.91506947228424, -0.896589103575868
-54.8174044991423, 7.90622712258562, -1.79349622102423
-54.8174071030085, 7.86977373663881, -2.68977566808542
-54.8174072600687, 7.82151602262522, -3.58551219007408
-54.8174072600687, 7.77006122048303, -4.48107215299812
-54.8174072600687, 7.71689846743931, -5.37653239599642
-54.8174072600687, 7.66290808012668, -6.2719431872106
-54.8174072600687, 7.43518052395687, -7.00537707189401
-54.8174072600687, 7.29075557065756, -7.89019708568423
-54.8174072600687, 7.04489369154369, -8.75244134637695
-54.8174072600687, 6.66076604339926, -9.56015033394708
-54.8174072600687, 6.03665571272559, -10.1986524889314
-54.8174072600687, 5.26125171726642, -10.6465666406588
-54.8174072600687, 4.4220785589543, -10.9614840913486
-54.8174072600687, 3.55648607729594, -11.1962656614933
-54.8174072600687, 2.67538035863074, -11.3632920339484
-54.8174072600687, 1.78571829657032, -11.4776753303092
-54.8174072600687, 0.893446444151657, -11.5698038135327
-54.8174072600687, 5.59658827491247E-18, -11.649984310027
-49.3356665340619, 7.90767460226893, -1.77635683940025E-15
-49.3356667247307, 7.91986779843335, -0.88129724529887
-49.3356665791122, 7.89461384327923, -1.76231195164873
-49.3356665367636, 7.8380824780042, -2.64190976224333
-49.3356665340619, 7.76570991359218, -3.5203711648412
-49.3356665340619, 7.68904986091566, -4.39847144157258
-49.3356665340619, 7.60916559685403, -5.27628415873887
-49.3356665340618, 7.5257129508855, -6.15376470593353
-49.3356665340619, 7.26659601350095, -6.86591223884371
-49.3356665340619, 7.09208420927349, -7.72950354298766
-49.3356665340619, 6.80974756965211, -8.56397094819209
-49.3356665340619, 6.42128294013578, -9.35394202141588
-49.3356665340619, 5.85115975939022, -10.0220527058207
-49.3356665340619, 5.12926238204298, -10.5245896131826
-49.3356665340619, 4.32695688479821, -10.8872440335289
-49.3356665340618, 3.48565748315137, -11.1494621839985
-49.3356665340619, 2.62570601861774, -11.3414037775618
-49.3356665340619, 1.75325598635651, -11.4662302589909
-49.3356665340619, 0.876892171769637, -11.5605685239831
-49.3356665340619, 4.75443667445113E-19, -11.649998667099
-43.853925808055, 7.90705664317112, -1.77635683940025E-15
-43.853925808055, 7.89713189901117, -0.862678102558454
-43.853925808055, 7.85070748582315, -1.72415089213352
-43.853925808055, 7.77125502406889, -2.58323965634346
-43.853925808055, 7.67267962307428, -3.44037385160931
-43.853925808055, 7.56667757363943, -4.29662722465931
-43.853925808055, 7.45669311659306, -5.1523782794241
-43.853925808055, 7.34078412505755, -6.00734373988371
-43.853925808055, 7.04513512052602, -6.69150448415951
-43.853925808055, 6.83673423121036, -7.52853008784468
-43.853925808055, 6.53045513842121, -8.33442359224511
-43.853925808055, 6.13010865563373, -9.09812748356049
-43.853925808055, 5.60786657080204, -9.78273151398522
-43.853925808055, 4.95098502754928, -10.3398902774177
-43.853925808055, 4.20148317467702, -10.7652795676215
-43.853925808055, 3.39455062393316, -11.0691916252831
-43.853925808055, 2.56335311122272, -11.2992449103799
-43.853925808055, 1.71360910815642, -11.4473773985063
-43.853925808055, 0.857102556405806, -11.5510907385356
-43.853925808055, -4.43996657833424E-16, -11.65
-38.3721850820481, 7.87667990383212, -1.77635683940025E-15
-38.3721850820481, 7.83016561642302, -0.83854147751745
-38.3721850820481, 7.75297867861993, -1.67480182914597
-38.3721850820481, 7.64530284907286, -2.50770246151952
-38.3721850820481, 7.51657802232881, -3.3376352902673
-38.3721850820481, 7.37727133872867, -4.16586763403911
-38.3721850820481, 7.23156802139503, -4.99299835477007
-38.3721850820481, 7.05578948862127, -5.79461179479274
-38.3721850820481, 6.73644808795257, -6.46521901030508
-38.3721850820481, 6.49078187033068, -7.26824763845038
-38.3721850820481, 6.17388249085878, -8.04546779282065
-38.3721850820481, 5.76845308870246, -8.78057040483387
-38.3721850820481, 5.28254695604254, -9.46480413571894
-38.3721850820481, 4.69603860161803, -10.0646564429174
-38.3721850820481, 4.02026876118252, -10.561732069068
-38.3721850820481, 3.26997605314704, -10.9366708000756
-38.3721850820481, 2.47907649411105, -11.2185882741925
-38.3721850820481, 1.66299709835026, -11.414930702061
-38.3721850820481, 0.832591415900739, -11.5396805822148
-38.3721850820481, 1.44199629696299E-17, -11.65
-32.8804443560412, 7.77881873683824, -1.77635683940025E-15
-32.8804443560412, 7.67875849310143, -0.805971225348593
-32.8804443560412, 7.55731390245066, -1.60898754341816
-32.8804443560412, 7.41233340663234, -2.4080918566802
-32.8804443560412, 7.24739184692166, -3.20332774982437
-32.8804443560412, 7.06927326752817, -3.9957279671772
-32.8804443560412, 6.8820971251897, -4.78603587843441
-32.8804443560412, 6.55750166560057, -5.40990900645906
-32.8804443560412, 6.30271258315565, -6.17852246938273
-32.8804443560412, 6.02641413348865, -6.94220372236535
-32.8804443560412, 5.70685325580835, -7.68864308406673
-32.8804443560412, 5.31890126933509, -8.40177603411965
-32.8804443560412, 4.86571589137485, -9.07542372071948
-32.8804443560412, 4.34646119061164, -9.6993446911075
-32.8804443560412, 3.75429862923792, -10.2543330186887
-32.8804443560412, 3.08924068363976, -10.7190034254294
-32.8804443560412, 2.35676454131038, -11.0690076223791
-32.8804443560412, 1.59464791129175, -11.3482470700379
-32.8804443560412, 0.801950018826354, -11.5215188736712
-32.8804443560412, 1.23406278935185E-16, -11.65
-30.6977480656385, 7.70908917492323, -1.77635683940025E-15
-30.6977480656385, 7.58317128401651, -0.789957191123225
-30.6977480656385, 7.43945225776598, -1.57686262302451
-30.6977480656385, 7.27574561935378, -2.35985345166708
-30.6977480656385, 7.09396774539121, -3.13885424845864
-30.6977480656385, 6.89905413409076, -3.91468272317969
-30.6977480656385, 6.69465013029692, -4.68806244257719
-30.6977480656385, 6.35317860492154, -5.29404932383361
-30.6977480656385, 6.08667346142499, -6.04827693646183
-30.6977480656385, 5.80068578852863, -6.79531388829084
-30.6977480656385, 5.48125298448534, -7.52857878774665
-30.6977480656385, 5.10751073365565, -8.23554602986468
-30.6977480656385, 4.67378311707818, -8.90741923415171
-30.6977480656385, 4.18224927554399, -9.53813177130068
-30.6977480656385, 3.62401820959228, -10.110356655043
-30.6977480656385, 2.99446420005231, -10.6029303554517
-30.6977480656385, 2.29338105397329, -10.9865623005012
-30.6977480656385, 1.55880376815858, -11.3023863175904
-30.6977480656385, 0.787631794190842, -11.5101984463694
-30.6977480656385, 2.48585978977868E-16, -11.65
-28.5050517752357, 7.61316731199616, -1.77635683940025E-15
-28.5050517752357, 7.45924398857365, -0.771837005252374
-28.5050517752357, 7.29060401850998, -1.54058783660903
-28.5050517752357, 7.10557970902518, -2.30555973770066
-28.5050517752357, 6.90524675525805, -3.06667010200856
-28.5050517752357, 6.69291785701498, -3.82452843389046
-28.5050517752357, 6.47147934361565, -4.57977263320458
-28.5050517752357, 6.11815830574978, -5.17229948369273
-28.5050517752357, 5.8390122527603, -5.90816754102184
-28.5050517752357, 5.5445444535078, -6.63802735610096
-28.5050517752357, 5.22594198890835, -7.35763681705756
-28.5050517752357, 4.86871741712922, -8.05877692050984
-28.5050517752357, 4.46123817348652, -8.73190923808495
-28.5050517752357, 4.00195011822807, -9.37075462246657
-28.5050517752357, 3.48134544733883, -9.96038486838134
-28.5050517752357, 2.88512971814842, -10.4732275328805
-28.5050517752357, 2.22006210663211, -10.8918885517594
-28.5050517752357, 1.51538005102748, -11.2418236196085
-28.5050517752357, 0.771463807039255, -11.4941806672563
-28.5050517752357, 4.51506318815102E-16, -11.65
-26.3123554848326, 7.48014771633418, -1.77635683940025E-15
-26.3123554848328, 7.29766070226654, -0.751756470913448
-26.3123554848329, 7.10306096651861, -1.5004664849578
-26.312355484833, 6.89545906032887, -2.24567560435831
-26.312355484833, 6.67571240744084, -2.98739682148454
-26.312355484833, 6.44597766562948, -3.72608944692727
-26.312355484833, 6.20819082989883, -4.46222722986748
-26.312355484833, 5.84499868004977, -5.04116277347548
-26.312355484833, 5.5554533201536, -5.75852205798271
-26.312355484833, 5.25485046020738, -6.47131435451048
-26.312355484833, 4.9388219903371, -7.17738811669868
-26.312355484833, 4.59873892231258, -7.87215527032941
-26.312355484833, 4.22250950578037, -8.54796463459976
-26.312355484833, 3.80142157028261, -9.19669200873045
-26.312355484833, 3.32357405800615, -9.80456088590581
-26.312355484833, 2.7651693401871, -10.3387522846248
-26.312355484833, 2.13785456945957, -10.7896739734191
-26.312355484833, 1.4645232956664, -11.1700133254614
-26.312355484833, 0.752518239057808, -11.470822877565
-26.312355484833, 6.78386406488927E-16, -11.65
-24.1196591944302, 7.30017397044059, -1.77635683940025E-15
-24.1196591944302, 7.09021290913673, -0.730247666142724
-24.1196591944302, 6.87043098595643, -1.45759874785054
-24.1196591944302, 6.64071283516418, -2.18187373418018
-24.1196591944302, 6.40198665055768, -2.90323124020328
-24.1196591944302, 6.155736943417, -3.62205699246323
-24.1196591944302, 5.90281412270921, -4.3385600860245
-24.1196591944302, 5.53085096698073, -4.9025230618473
-24.1196591944302, 5.23462785283466, -5.60223807923746
-24.1196591944302, 4.93209179895305, -6.29924676616231
-24.1196591944302, 4.62221247689557, -6.9930189248641
-24.1196591944302, 4.30022517402085, -7.68124276516095
-24.1196591944302, 3.95666957261558, -8.35891580571765
-24.1196591944302, 3.57778640346144, -9.01739170137689
-24.1196591944302, 3.14617618171132, -9.64235653755615
-24.1196591944302, 2.63436205437683, -10.2026894437337
-24.1196591944302, 2.04868165917734, -10.6861526217066
-24.1196591944302, 1.40742826289926, -11.093288082734
-24.1196591944264, 0.725060676240846, -11.4261866413411
-24.1196591944302, 1.47303997766444E-15, -11.65
-21.9269629040275, 7.06684921339396, -1.77635683940025E-15
-21.9269629040275, 6.83209393550987, -0.707997197819949
-21.9269629040275, 6.58971987935158, -1.41342261660369
-21.9269629040275, 6.34022492754895, -2.11636182732854
-21.9269629040275, 6.08461588972295, -2.81710189340565
-21.9269629040275, 5.82396227910821, -3.51598168698414
-21.9269629040275, 5.55793480064777, -4.21283184972298
-21.9269629040275, 5.17778021480024, -4.75957546261399
-21.9269629040275, 4.88016586624925, -5.44353511338616
-21.9269629040275, 4.58160337406913, -6.12708173630066
-21.9269629040275, 4.28324467598366, -6.81071725136346
-21.9269629040275, 3.98169988495715, -7.49295035367969
-21.9269629040275, 3.66984486012819, -8.17051761624784
-21.9269629040275, 3.33292060924368, -8.83589319965011
-21.9269629040275, 2.94831803132914, -9.47469182201111
-21.9269629040275, 2.48931532393072, -10.0616266068357
-21.9269629040275, 1.94766308543775, -10.573947308625
-21.9269629040275, 1.34594104079207, -11.0138305517524
-21.9269629040265, 0.69517915239359, -11.3769622918311
-21.9269629040275, 0, -11.6406486787351
-19.7342666136247, 6.7777864863744, -1.77635683940025E-15
-19.7342666136247, 6.52237123609979, -0.685467196144534
-19.7342666136247, 6.26159485511172, -1.36891335321262
-19.7342666136247, 5.99636999722959, -2.05064618735517
-19.7342666136247, 5.72763575312424, -2.73100370422699
-19.7342666136247, 5.45604802952997, -3.41022719405147
-19.7342666136247, 5.18000873846685, -4.08765148080037
-19.7342666136247, 4.80167416272369, -4.62854707794308
-19.7342666136247, 4.4989634088296, -5.2846043745029
-19.7342666136247, 4.21050141409738, -5.95683397216789
-19.7342666136247, 3.92809190153504, -6.63162688552604
-19.7342666136247, 3.64963167083769, -7.3080626090527
-19.7342666136247, 3.3683408651661, -7.98332240159693
-19.7342666136247, 3.0706529469741, -8.65146438318142
-19.7342666136247, 2.73244797001433, -9.29985893889476
-19.7342666136247, 2.32869844225214, -9.90918786386985
-19.7342666136247, 1.83882933380249, -10.4517614037118
-19.7342666136247, 1.28459616016488, -10.9279130309162
-19.7342666136252, 0.670644387793751, -11.3244801965639
-19.7342666136247, 0, -11.6126508802603
-17.5415703232225, 6.4342659160054, -3.80046995903691E-07
-17.5415703232222, 6.16314580375781, -0.663920790514971
-17.5415703232221, 5.8889303210881, -1.32656909977961
-17.541570323222, 5.61242916551974, -1.98826720548952
-17.541570323222, 5.33444839556181, -2.64934526183358
-17.541570323222, 5.05555517772395, -3.31003878328951
-17.541570323222, 4.77288880880606, -3.96912422404251
-17.541570323222, 4.41705989384913, -4.53288679988061
-17.541570323222, 4.09371279558519, -5.13365719065214
-17.541570323222, 3.81930698863264, -5.79622115543986
-17.541570323222, 3.55518997510076, -6.46294995810578
-17.541570323222, 3.30101276678802, -7.13353641667529
-17.541570323222, 3.04945667725551, -7.80511403505006
-17.541570323222, 2.78792403153539, -8.47284232924373
-17.541570323222, 2.49399158237522, -9.12681746425128
-17.541570323222, 2.14400734738408, -9.75236430284939
-17.541570323222, 1.7134764690382, -10.3251254260962
-17.541570323222, 1.21419626041649, -10.8387805535276
-17.541570323222, 0.642377709549193, -11.2708290490102
-17.541570323222, -4.44089209850063E-16, -11.5844811457827
-15.3488740328578, 6.03993130838543, -4.96826955669861E-06
-15.3488740328373, 5.75745839581175, -0.643586390025924
-15.3488740328258, 5.47392052374163, -1.28669947546694
-15.3488740328206, 5.19002286593702, -1.92965384725405
-15.3488740328193, 4.90647003850572, -2.57276039334397
-15.3488740328192, 4.62382636062018, -3.21626678876012
-15.3488740328192, 4.33831662082988, -3.85850434543138
-15.3488740328192, 4.00741213151764, -4.44634449367108
-15.3488740328192, 3.66691839662872, -4.99426367843667
-15.3488740328192, 3.40925350580911, -5.64816102363371
-15.3488740328192, 3.16536282190203, -6.30731385459177
-15.3488740328192, 2.93577754752924, -6.97159195372165
-15.3488740328192, 2.71317231140869, -7.63825129563319
-15.3488740328192, 2.48534049759209, -8.30312965221987
-15.3488740328192, 2.23302416435179, -8.95901892735115
-15.3488740328192, 1.93446238032736, -9.59506125082337
-15.3488740328192, 1.56799599957403, -10.1941898375734
-15.3488740328192, 1.13142813998879, -10.7443041865978
-15.3488740328192, 0.608867792444402, -11.2137494280401
-15.3488740328192, 8.88178419700125E-16, -11.5558225552383
-13.1561777427881, 5.595406399738, -1.92841719582381E-05
-13.1561777425937, 5.3050701253452, -0.624451754853161
-13.1561777424827, 5.01564233092197, -1.24930573091956
-13.1561777424316, 4.72779377893255, -1.87488860855146
-13.1561777424172, 4.44219770127684, -2.50150276518884
-13.1561777424165, 4.15954144890309, -3.1294481059065
-13.1561777424165, 3.87553710157734, -3.75678391495103
-13.1561777424165, 3.57245130544586, -4.36902223743895
-13.1561777424165, 3.2200494978237, -4.87017949410832
-13.1561777424165, 2.98115529562587, -5.51602596237368
-13.1561777424165, 2.7586185108806, -6.16768266966628
-13.1561777424165, 2.55379357690631, -6.82512893892335
-13.1561777424165, 2.35940081855729, -7.48575003546382
-13.1561777424165, 2.16334937325537, -8.1458768678547
-13.1561777424165, 1.94986437935526, -8.80052549978288
-13.1561777424165, 1.70028664302637, -9.44220411490056
-13.1561777424165, 1.39826804571083, -10.0607083826987
-13.1561777424165, 1.0301333736478, -10.6422458428721
-13.1561777424165, 0.568020367503904, -11.1519328964592
-13.1561777424165, 0, -11.5262999690648
-11.0103556648599, 5.10795655385387, -9.7335029586011E-05
-11.1117287828753, 4.8313097683109, -0.619158860641211
-11.2119142416683, 4.55790409947279, -1.2398506042648
-11.3104554434529, 4.28898560065438, -1.86276118090077
-11.4072534374882, 4.02482430798534, -2.48797665644719
-11.5025072216296, 3.76487715720799, -3.11519268974114
-11.5979585535445, 3.50439089944083, -3.74215491546086
-11.7065741504061, 3.20797942152805, -4.32479074607221
-11.8143741774687, 2.9137936299479, -4.86706698118597
-11.8913480526934, 2.70373226882401, -5.51512176705057
-11.9626470597674, 2.50915759749519, -6.16862942343757
-12.0279188739516, 2.33103110859861, -6.82744523814421
-12.0899610142776, 2.16171838521182, -7.48890610421514
-12.1530479412288, 1.98955444379931, -8.14952575833413
-12.2223651318614, 1.80038814067286, -8.8048026002582
-12.3039580470074, 1.57772144026819, -9.44795586383152
-12.4035818232311, 1.30584860064895, -10.0690493388515
-12.5270005582492, 0.969039424932922, -10.6528110329612
-12.6855224877575, 0.536433788497398, -11.1596722990823
-12.8820907061161, 0, -11.5225261811679
-9.4124675056826, 4.70611104500561, -0.000169993940963407
-9.59374507028383, 4.44583824990929, -0.617482736414018
-9.77191068957021, 4.19003349092691, -1.23756139613911
-9.94622994258148, 3.93975122726041, -1.86097709206448
-10.1166604985898, 3.69505223607702, -2.48767653256136
-10.2836576590645, 3.45528280942174, -3.11720009285526
-10.450771730864, 3.21534552505425, -3.74662937898722
-10.6530597803494, 2.92490651695096, -4.29555698962376
-10.8226312756496, 2.68144093891589, -4.87869223017911
-10.9547124592736, 2.49180280627069, -5.53309883282033
-11.0765718537756, 2.3168408065022, -6.19353842542848
-11.1878439526309, 2.15707972272443, -6.85968755433268
-11.2941022044091, 2.00451736756916, -7.52835338477912
-11.4032639374244, 1.84778628266109, -8.19557570150743
-11.5245768920101, 1.67360884464839, -8.85628179476909
-11.668252744881, 1.46732343974012, -9.50303265319702
-11.8450490574233, 1.21348468959289, -10.1238616090059
-12.0654856144095, 0.896988608269143, -10.7000073316248
-12.3473850296333, 0.492246030787479, -11.1875485864835
-12.6902297807059, 0, -11.5198714580438
-8.14056090854383, 4.35780794675184, -0.000252216704331753
-8.38398350271522, 4.11438535258045, -0.617048364508603
-8.62245868155141, 3.87591017374425, -1.23769572141265
-8.85506703700422, 3.64330181829145, -1.86277933073912
-9.08184785842245, 3.41652099687322, -2.49213227723217
-9.30349630663744, 3.19487254865823, -3.12513268575935
-9.52523020295376, 2.97313865234191, -3.75807488920521
-9.80618038697189, 2.69218846832378, -4.27379412079057
-10.0103604165785, 2.48800843871719, -4.89723037488719
-10.1843496273301, 2.31401922796558, -5.55932791301948
-10.3439844220911, 2.15438443320456, -6.22861017629671
-10.4896540408839, 2.00871481441173, -6.90424968004998
-10.6295841664813, 1.86878468881435, -7.58232747298977
-10.7748248400065, 1.72354401528919, -8.25815208111065
-10.938079434134, 1.56028942116172, -8.92562382636885
-11.132363363991, 1.36600549130465, -9.57616358833157
-11.3730180492232, 1.12535080607251, -10.1945534122121
-11.6746300877742, 0.823738767521497, -10.7559466411117
-12.0512662232726, 0.447102632023086, -11.2191012830464
-12.4983688552957, 0, -11.5172055038683
-6.94694330087499, 4.00294637838787, -0.000355647204964108
-7.24680962380499, 3.77898251295077, -0.618146070257095
-7.54000651732214, 3.5599999044183, -1.24090073351517
-7.82544982170715, 3.34680828893927, -1.86924090678203
-8.10325697577946, 3.13931995392327, -2.50289200011555
-8.37455481416763, 2.9366932902271, -3.14092382225363
-8.64552760039596, 2.73430940116956, -3.77917209749551
-8.9985794922842, 2.47062235010438, -4.26660843552913
-9.23024606051329, 2.29759545063075, -4.9284447908594
-9.442690912795, 2.13892484752895, -5.60031251218061
-9.6371401820014, 1.99369476788092, -6.28059817913194
-9.81448323857937, 1.86124095955879, -6.96815409363028
-9.9862753109473, 1.73293306488415, -7.65791814686842
-10.1667423214727, 1.59814604089887, -8.34419721564749
-10.3722332753365, 1.44466915863348, -9.01931985980033
-10.6180278823293, 1.26109032341174, -9.67298423726552
-10.9242041458667, 1.03241369571675, -10.2852046317265
-11.3088052407942, 0.745163206800057, -10.8221078201456
-11.7718192453963, 0.3993477607408, -11.2543920498534
-12.3065079298854, 0, -11.5145278946381
-5.75740324065392, 3.6152580469634, -0.000492843600769634
-6.11008552786114, 3.41469353752875, -0.622310440924729
-6.45465453730986, 3.21874291326089, -1.25011553857823
-6.7898541861852, 3.02812048741773, -1.88459678372263
-7.11588143196891, 2.84271425357837, -2.52537431416543
-7.43402110206452, 2.66179355191881, -3.17138066379667
-7.75321971863372, 2.48027064513668, -3.81669582104285
-8.15697751933634, 2.25066034667347, -4.30997353640104
-8.4297707080757, 2.09552742942413, -4.98278731584089
-8.68079448385507, 1.95277441269538, -5.66677495700885
-8.90928878603347, 1.82283353024302, -6.36111464895427
-9.11825420229046, 1.70399839811241, -7.0635864100041
-9.32327996556521, 1.58740368064506, -7.76760513939573
-9.54201633841196, 1.46301196916183, -8.46609824325193
-9.79490817780151, 1.31919661594736, -9.14902360188863
-10.0995126549888, 1.14597315178517, -9.80318438337311
-10.4793715188135, 0.92995377842594, -10.4025702806881
-10.9549911429031, 0.659476864661964, -10.9006791919628
-11.5019498654302, 0.348430600520542, -11.2933328238978
-12.1146470044752, 0, -11.511838190842
-4.53981648002546, 3.17261726267861, -0.000681999628899897
-4.93990357871105, 3.00069142459444, -0.632914096976532
-5.33119639156351, 2.83254467603146, -1.27162924335941
-5.71220855363532, 2.66881573925827, -1.91766417629956
-6.0831955642859, 2.50939482082828, -2.57057751269597
-6.44600421112781, 2.3534883172759, -3.22891811150813
-6.81188502630753, 2.19626163839683, -3.88523582719809
-7.25999379698897, 2.00369987820666, -4.39169435188922
-7.57412188886105, 1.86871243262713, -5.07897156219199
-7.86412564264973, 1.74409172233309, -5.77872418055708
-8.12638478078827, 1.63139345671084, -6.49131400138145
-8.36824130354484, 1.52746262388055, -7.21245474138528
-8.61036221795636, 1.42341817639732, -7.93348973119774
-8.87445728356414, 1.3099309741414, -8.64524207978251
-9.18493607544224, 1.17651170949534, -9.33428565965226
-9.56338732071623, 1.01388325251312, -9.98134152853922
-10.0310536973916, 0.81291717783125, -10.5548916734984
-10.6074550923652, 0.565225379647068, -10.9945517437126
-11.2383632112392, 0.294110896206233, -11.3358513151936
-11.9227860790649, 0, -11.5091359364738
-3.28728476217896, 2.65249983713761, -0.000950174773863638
-3.72401381900123, 2.51530501376926, -0.655932196709698
-4.15275147730967, 2.38062062219025, -1.31668530659697
-4.57159155491327, 2.24904547378012, -1.98437486650348
-4.98082684774245, 2.12048758911745, -2.65857922452799
-5.38352244343068, 1.99398409625702, -3.33710223973904
-5.79415076969358, 1.86498860165543, -4.01035093576872
-6.27618734514241, 1.71356079580486, -4.54434112765047
-6.63069021568514, 1.60219664920659, -5.25172969083946
-6.95771478139036, 1.49946458494805, -5.9734953482806
-7.25190267144456, 1.40704789093009, -6.71063973334955
-7.52897210757925, 1.32000881771648, -7.45509649106666
-7.81537670982563, 1.23003717922973, -8.19562891046238
-8.13852909186578, 1.12852152946361, -8.9191709825316
-8.52500543431434, 1.00711318094639, -9.60747774315182
-9.00383046932897, 0.856694253977889, -10.2279362067055
-9.58781559393472, 0.673240154076693, -10.7377478981158
-10.2641165525159, 0.460785797978858, -11.1057735375327
-10.9791469438826, 0.236164910693891, -11.3811248350411
-11.7309251536547, 0, -11.5064206579696
-2.03248450956391, 2.03069660243342, -0.00134116037106408
-2.48207503999482, 1.93465975325639, -0.702330201307768
-2.92722450754412, 1.83957155770367, -1.40627344917421
-3.36515651110175, 1.74602508167993, -2.11493312948648
-3.79637000947653, 1.65391374279825, -2.82788996279509
-4.22709950444592, 1.56190579168588, -3.541149924007
-4.72115105011023, 1.45637164324382, -4.16385289794485
-5.1723634282657, 1.35998835183822, -4.83100314351002
-5.56071721832509, 1.27703225770627, -5.56921487232256
-5.91396979016843, 1.20157412042967, -6.32557841542173
-6.2348369076128, 1.13303382681108, -7.09696897430021
-6.55196863327745, 1.06529144870157, -7.86999012121849
-6.89722434923173, 0.991541516538126, -8.63016899708352
-7.30534308920455, 0.904363439545442, -9.3567359447196
-7.80863225183138, 0.796856047525201, -10.0170276258865
-8.42483143669279, 0.665229991872246, -10.5679419373169
-9.15558251108298, 0.509134553985917, -10.9448499937738
-9.92615641955369, 0.344532576812102, -11.2296411817476
-10.7231416466303, 0.174288888681682, -11.4238497546685
-11.5390642282445, 0, -11.503691863063
-0.888632858516551, 1.28861664002804, -0.00192411480601845
-1.29692130303604, 1.23831078930588, -0.790505500461397
-1.70795650420622, 1.18766650644857, -1.57763749300224
-2.12035320844535, 1.13685447069238, -2.36404645508536
-2.53401789450077, 1.08588620493551, -3.14977705640059
-2.96232814451514, 1.03311343659192, -3.92744612633942
-3.4723712634065, 0.970270235063138, -4.59831794849924
-3.89560225370414, 0.918123290165004, -5.3788151249329
-4.2858655823847, 0.870038341843627, -6.17648442199605
-4.63706619823877, 0.826766370785332, -6.99244561725803
-4.97858790075623, 0.784686953608981, -7.81261204116045
-5.34877300828103, 0.739075873969869, -8.6198928805347
-5.79210514249688, 0.684452236040456, -9.38837773649211
-6.35616398830983, 0.614953673255089, -10.070305273859
-7.05645311942032, 0.528669966319784, -10.6081075112505
-7.87462303719615, 0.427861985340976, -10.9400409275474
-8.72240901541468, 0.323404963749807, -11.1866623921643
-9.58853960869077, 0.216687673764997, -11.3575195930043
-10.4660236238629, 0.108571511108762, -11.4481674135086
-11.3472033028342, 0, -11.5009490395474
-0.117214194798271, 0.439256102012617, -0.00279209265296609
-0.389436795525902, 0.428423156743548, -0.939447018144013
-0.661981425510726, 0.417577396501332, -1.87600807150696
-0.93720810336458, 0.406624905672837, -2.81178241204132
-1.22574391225407, 0.395142785461246, -3.74351118077721
-1.57621069895897, 0.381196156824047, -4.6399383890266
-1.9123294850339, 0.367820498801079, -5.55557302781012
-2.22675778768988, 0.355308001364738, -6.47883781309084
-2.51397673828567, 0.343878284788204, -7.41098401269346
-2.80470720119981, 0.332308829554209, -8.34202236387036
-3.15187997114782, 0.318493284460946, -9.25307103310968
-3.65910357940643, 0.298308606286693, -10.0819973613464
-4.4241925498633, 0.267862321074612, -10.6705318043178
-5.34459165685138, 0.231235556342178, -10.989664793886
-6.29560017268548, 0.193390707402698, -11.2012711251703
-7.26125935867996, 0.154962843285277, -11.3327848783945
-8.23262222451691, 0.11630800443688, -11.4121164902437
-9.20664772851233, 0.0775472074007175, -11.4466736598759
-10.1809914531255, 0.0387737469540722, -11.4721175945639
-11.155342377424, 0, -11.4981916539391
