-109.579997112877, 6.50012297058438, -1.77635683940025E-15
-109.579997112877, 6.65794052845673, -0.778697716044844
-109.579997112877, 6.78119814300572, -1.56361901210922
-109.579997112877, 6.87542100459245, -2.3525781508653
-109.579997112877, 6.95041445510892, -3.14361911886502
-109.579997112877, 7.01604583033987, -3.93549990115493
-109.579997112877, 7.07626618687263, -4.72781155063387
-109.579997112877, 7.13292697554655, -5.52038640524513
-109.579997112877, 7.18787792847516, -6.31308197609503
-109.579997112877, 7.25585676441053, -7.10441148457203
-109.579997112877, 7.04601702525705, -7.82145649651263
-109.579997112877, 6.31755906828852, -8.12785678159882
-109.579997112877, 5.54091719644541, -8.29403529956297
-109.579997112877, 4.75209563922747, -8.38664455721238
-109.579997112877, 3.96103723517652, -8.46154975493617
-109.579997112877, 3.16946472227705, -8.53076786446072
-109.579997112877, 2.37734283917385, -8.59343823585026
-109.579997112877, 1.5850916978964, -8.65446330249156
-109.579997112877, 0.792836562388819, -8.71543650885392
-109.579997112877, 3.21846326927039E-22, -8.76829239825428
-107.442118229734, 6.6597266006511, -1.77635683940025E-15
-107.442118229735, 6.77504790574339, -0.800310398965311
-107.442118229735, 6.87819708364427, -1.60227712053859
-107.442118229735, 6.96790309705769, -2.40585903054793
-107.442118229735, 7.04599982357426, -3.21065591325219
-107.442118229735, 7.11555770509975, -4.0162381327375
-107.442118229735, 7.17942361998353, -4.82229354858
-107.442118229735, 7.2411149479739, -5.6285191089566
-107.442118229735, 7.30415715583609, -6.43463966794655
-107.442118229735, 7.33077249415432, -7.21007907510525
-107.442118229735, 7.17353897410845, -7.96712141924632
-107.442118229735, 6.43871780433201, -8.28890933540309
-107.442118229735, 5.64601063464431, -8.44548532499636
-107.442118229735, 4.84130934421066, -8.52314761636209
-107.442118229735, 4.0350425500526, -8.58428967215638
-107.442118229735, 3.22842941874745, -8.6406652430457
-107.442118229735, 2.42152227559731, -8.69268025071791
-107.442118229735, 1.61449230900522, -8.74276032180874
-107.442118229735, 0.807422428463719, -8.79219462068146
-107.442118229735, 1.17452003638944E-17, -8.83546568822047
-105.249421939332, 6.7627486852014, -1.77635683940025E-15
-105.249421939332, 6.86171884403073, -0.815015697358954
-105.249421939332, 6.95773884410188, -1.63038288088116
-105.249421939332, 7.04722417773908, -2.44649127531115
-105.249421939332, 7.12908281573614, -3.26340040645553
-105.249421939332, 7.20481064040126, -4.08090195616145
-105.249421939332, 7.27633246483796, -4.89878300032363
-105.249421939332, 7.34557258350315, -5.71686081908999
-105.249421939332, 7.41445659221439, -6.53496877046876
-105.249421939332, 7.39082360289119, -7.28209099611673
-105.249421939332, 7.27079461583111, -8.07248534279486
-105.249421939332, 6.54072455090798, -8.42073442046201
-105.249421939332, 5.7336899693241, -8.56901611388329
-105.249421939332, 4.91612390388011, -8.64269652430148
-105.249421939332, 4.09731977310106, -8.70273858527256
-105.249421939332, 3.2782220668254, -8.75861406499341
-105.249421939332, 2.45884476274915, -8.81024569444999
-105.249421939332, 1.63937153007454, -8.86033797512993
-105.249421939332, 0.819864634080598, -8.90987700674131
-105.249421939332, 9.54788589411496E-16, -8.95306015185994
-103.056725648929, 6.84098540028911, -1.77635683940025E-15
-103.056725648929, 6.93545980173964, -0.82701935901279
-103.056725648929, 7.02872825168066, -1.65417534777058
-103.056725648929, 7.11882794064737, -2.48168186149445
-103.056725648929, 7.20379332529253, -3.30973017551608
-103.056725648929, 7.2842279417507, -4.13823258040866
-103.056725648929, 7.3618047892541, -4.96700730205251
-103.056725648929, 7.43632150938319, -5.7960627050643
-103.056725648929, 7.50757517390013, -6.62540485847429
-103.056725648929, 7.44346252234093, -7.35201244787351
-103.056725648929, 7.34535719103317, -8.16578088478403
-103.056725648929, 6.63096455033411, -8.55314800473921
-103.056725648929, 5.81209712528479, -8.70047880361402
-103.056725648929, 4.98331577999061, -8.77647697579429
-103.056725648929, 4.15328868208782, -8.83925825175948
-103.056725648929, 3.32300204398549, -8.89848727110868
-103.056725648929, 2.49244542319266, -8.95381946693448
-103.056725648929, 1.66181806566548, -9.00808634484288
-103.056725648929, 0.831162518145423, -9.06191736694797
-103.056725648929, 1.76912932506071E-16, -9.10718455586783
-100.864029358526, 6.90700875232051, -1.77635683940025E-15
-100.864029358526, 7.00320301282755, -0.837549076952256
-100.864029358526, 7.09671308155562, -1.67540184289438
-100.864029358526, 7.18665045376437, -2.51364531861567
-100.864029358526, 7.2721231915425, -3.35235536997765
-100.864029358526, 7.35337975997145, -4.19148519104041
-100.864029358526, 7.43260661938271, -5.03080935276839
-100.864029358526, 7.50979821805617, -5.87032312377142
-100.864029358526, 7.58315213899724, -6.71017928178463
-100.864029357965, 7.49099735307572, -7.42665092905382
-100.864029358526, 7.40439785983757, -8.25725904395151
-100.864029358526, 6.712212736727, -8.69032552217703
-100.864029358526, 5.88410225824897, -8.84613715405363
-100.864029358526, 5.04531788470161, -8.92915269285864
-100.864029358526, 4.20499691358356, -8.99699420063583
-100.864029358526, 3.36439585798538, -9.0612623724773
-100.864029358526, 2.52355319449789, -9.12229939745719
-100.864029358526, 1.6826514973893, -9.18252143033324
-100.864029358526, 0.841705541558602, -9.24212064594964
-100.864029358526, 1.25126443287567E-15, -9.2896578653607
-98.6713330681237, 6.96556089426392, -1.77635683940025E-15
-98.6713330681237, 7.0659319602112, -0.847004069546367
-98.6713330681237, 7.16081025204713, -1.69464050588335
-98.6713330681237, 7.25002658711804, -2.5428918040862
-98.6713330681237, 7.33476090259042, -3.39160345526061
-98.6713330681237, 7.41638113247823, -4.24062053521021
-98.6713330681237, 7.49615493779148, -5.08981320427874
-98.6713330681237, 7.57364104528919, -5.93921742552345
-98.6713330681237, 7.6458215229212, -6.78908494506651
-98.6713330681237, 7.53390465077582, -7.5024224952166
-98.6713330681237, 7.45184625896752, -8.34589389696507
-98.6713330681237, 6.78388583517573, -8.82498187211965
-98.6713330681237, 5.94919849664576, -8.99785325111432
-98.6713330681237, 5.10173742837016, -9.09236071266484
-98.6713330681237, 4.25223839014928, -9.16879166445306
-98.6713330681237, 3.40232600787144, -9.24048251996879
-98.6713330681237, 2.55213559403832, -9.30880673446864
-98.6713330681237, 1.7018427489589, -9.37584725295765
-98.6713330681236, 0.851449043380887, -9.44159556457865
-98.6713330681237, 6.55529320329127E-16, -9.49159221632712
-96.4786367777199, 7.01946457463169, -1.77635683940025E-15
-96.4786367777205, 7.12326929207704, -0.85570330330263
-96.4786367777208, 7.21919585914498, -1.71232541786918
-96.4786367777209, 7.3080459702197, -2.56971163714357
-96.4786367777209, 7.3920570615947, -3.42758669299249
-96.4786367777209, 7.47315660301911, -4.28574230882603
-96.478636777721, 7.55230230804906, -5.14408033664784
-96.478636777721, 7.62871847691695, -6.00266527727545
-96.4786367777209, 7.69783474050946, -6.86185864516645
-96.4786367777209, 7.5725444549315, -7.57664429142538
-96.4786367777209, 7.49037163587871, -8.43040632607555
-96.4786367777209, 6.84493615931256, -8.95186230744687
-96.4786367777209, 6.0065741622466, -9.14913749796024
-96.4786367777209, 5.15201839176275, -9.26010814554349
-96.4786367777209, 4.29471378539026, -9.34972551464881
-96.478636777721, 3.43666086459513, -9.43188660868615
-96.478636777721, 2.57812962742429, -9.50890259833187
-96.478636777721, 1.71934065327224, -9.58299387628006
-96.4786367777209, 0.860342169471901, -9.65461611381299
-96.4786367777209, 1.96781426456047E-15, -9.7073156849124
-94.2859404873073, 7.07060243034887, -1.77635683940025E-15
-94.2859404873136, 7.17582855912972, -0.863788915855566
-94.285940487317, 7.27232455387639, -1.72859641218272
-94.2859404873181, 7.36094170667739, -2.59424820921141
-94.2859404873182, 7.44420182355188, -3.46043306145693
-94.2859404873182, 7.52425503308534, -4.32692081293809
-94.2859404873182, 7.60201456218657, -5.19361732150499
-94.2859404873182, 7.67639891465216, -6.0606094396816
-94.2859404873182, 7.70332426688501, -6.89304779019048
-94.2859404873182, 7.60724049925411, -7.64758151049963
-94.2859404873183, 7.52141614360461, -8.50972932352956
-94.2859404873182, 6.89437113773327, -9.06778274590822
-94.2859404873182, 6.05534126410916, -9.29482601547908
-94.2859404873182, 5.19559902445391, -9.42770798502837
-94.2859404873182, 4.33220267028939, -9.53606682629175
-94.2859404873182, 3.4673619315052, -9.63224562120688
-94.2859404873182, 2.60154241944083, -9.71920431981691
-94.2859404873182, 1.73513516411338, -9.80011275108272
-94.2859404873182, 0.868357974069106, -9.8769664970541
-94.2859404873182, 3.42261511321043E-15, -9.93269672140212
-92.0932441969154, 7.11959517363991, -1.77635683940025E-15
-92.0932441969154, 7.22423442840356, -0.871467698630193
-92.0932441969154, 7.32068589792824, -1.7438787244177
-92.0932441969155, 7.40910047166327, -2.61714198059127
-92.0932441969154, 7.49158191902352, -3.4909869202032
-92.0932441969155, 7.57021937627033, -4.36518696856379
-92.0932441969155, 7.64608133129082, -5.23963212837215
-92.0932441969154, 7.71777736201167, -6.11442777513362
-92.0932441969154, 7.67259938446408, -6.89144876658166
-92.0932441969155, 7.6380431671133, -7.71573558540923
-92.0932441969154, 7.54609755459361, -8.58499187185854
-92.0932441969155, 6.93400156358997, -9.17479822911502
-92.0932441969154, 6.09683762507924, -9.43425450976285
-92.0932441969154, 5.23362244210522, -9.592288360159
-92.0932441969155, 4.36568272583741, -9.7229018085889
-92.0932441969154, 3.49519937356795, -9.83534835132069
-92.0932441969155, 2.62291247110436, -9.93288011229615
-92.0932441969155, 1.74956456070105, -10.0204505017641
-92.0932441969155, 0.875665267529815, -10.102360414423
-92.0932441969155, 4.47208000402121E-15, -10.1619338023526
-89.9005479065127, 7.16654928128243, -1.77635683940025E-15
-89.9005479065127, 7.26933717325692, -0.878898620953142
-89.9005479065127, 7.36518820369289, -1.75857946609978
-89.9005479065127, 7.45320078005086, -2.63907925497545
-89.9005479065127, 7.53470447841583, -3.52020677155736
-89.9005479065127, 7.61162667306824, -4.40174693414001
-89.9005479065127, 7.68525871057479, -5.28356790806049
-89.9005479065127, 7.75389314420618, -6.16579030742812
-89.9005479065126, 7.64795873924104, -6.89749954186538
-89.9005479065127, 7.66482949842244, -7.78218321033586
-89.9005479065127, 7.56545119411377, -8.65782545251609
-89.9005479065127, 6.96714567471246, -9.2766512561896
-89.9005479065127, 6.13369429936091, -9.56900181678768
-89.9005479065127, 5.26805624381146, -9.75203727800523
-89.9005479065127, 4.39653470598725, -9.90509882745495
-89.9005479065127, 3.52109197398281, -10.0338804629081
-89.9005479065127, 2.64284687835123, -10.142004304668
-89.9005479065127, 1.76301604843738, -10.2364496297478
-89.9005479065127, 0.882467204011322, -10.3239921263744
-89.9005479065127, 5.85858401618722E-15, -10.3888134505018
-87.6978516160996, 7.21178766400306, -1.77635683940025E-15
-87.6978516161057, 7.31209081652748, -0.886198112929425
-87.6978516161089, 7.40681869221271, -1.77300783637776
-87.6978516161099, 7.49401680230981, -2.66058917175777
-87.6978516161099, 7.57420649535581, -3.54883206537921
-87.6978516161099, 7.64917674240664, -4.43753206290377
-87.6978516161099, 7.72040180584978, -5.3265397889816
-87.6978516161099, 7.78585533047146, -6.2159887831418
-87.6978516161099, 7.67490294906629, -6.95597268787528
-87.6978516161099, 7.687595069988, -7.84768645233186
-87.69785161611, 7.58055105523358, -8.72942557854892
-87.6978516161099, 6.9970060311051, -9.3763497436936
-87.6978516161099, 6.16864015997241, -9.7011232457532
-87.6978516161099, 5.30082475441538, -9.90641075119938
-87.6978516161099, 4.42592136541968, -10.0792550772594
-87.6978516161099, 3.54572438310305, -10.2227570741605
-87.6978516161099, 2.66176062983824, -10.3409886961315
-87.6978516161099, 1.77574865026938, -10.442872614349
-87.69785161611, 0.888899607227272, -10.5372493338015
-87.6978516161099, 6.13186833281097E-15, -10.6092286069307
-82.2261108901031, 7.31980794101129, -1.77635683940025E-15
-82.2261108901031, 7.4135133767433, -0.903418483913261
-82.2261108901031, 7.50279353681581, -1.80728343679037
-82.2261108901031, 7.58474252061062, -2.71184141737879
-82.2261108901031, 7.65922056418784, -3.6170458476979
-82.2261108901031, 7.72806124039322, -4.52269800726471
-82.2261108901031, 7.79270201477289, -5.42865931566136
-82.2261108901031, 7.85046157375805, -6.33508164487424
-82.2261108901031, 7.7283150722567, -7.09346085699486
-82.2261108901031, 7.72529949307085, -8.00167429864207
-82.2261108901031, 7.60373260042431, -8.89840376835078
-82.2261108901031, 7.0654063703878, -9.61272665407055
-82.2261108901031, 6.25545259210754, -10.0152803239947
-82.2261108901031, 5.38054265710417, -10.2582204688714
-82.2261108901031, 4.49420319045361, -10.456295355561
-82.2261108901031, 3.60123988617163, -10.6220727671666
-82.2261108901031, 2.7036429009834, -10.7607185468719
-82.2261108901031, 1.80370426369569, -10.8833893369018
-82.2261108901031, 0.902962217367668, -11.0000489788634
-82.2261108901031, 4.63670164521443E-15, -11.0976781509473
-76.7443701640962, 7.44639152495285, -1.77635683940025E-15
-76.7443701640962, 7.52997067761697, -0.916632207963004
-76.7443701640962, 7.6064045488331, -1.83388604083026
-76.7443701640962, 7.67426014229851, -2.75181450494086
-76.7443701640963, 7.73493551853459, -3.67024684703194
-76.7443701640962, 7.79084174502399, -4.58898311841623
-76.7443701640963, 7.843099899096, -5.50793386587335
-76.7443701640962, 7.88906359739929, -6.42721750902915
-76.7443701640962, 7.75372549295604, -7.19711249626824
-76.7443701640962, 7.73088806368207, -8.1172245533029
-76.7443701640963, 7.59969596306003, -9.02567935607585
-76.7443701640962, 7.10477155241459, -9.78948719929541
-76.7443701640962, 6.32164192057764, -10.2624900216512
-76.7443701640962, 5.44402624304912, -10.5375192368321
-76.7443701640962, 4.54621863313548, -10.7399846925618
-76.7443701640962, 3.64207855913505, -10.9122506647044
-76.7443701640962, 2.73382223072524, -11.06138945168
-76.7443701640962, 1.82356895706188, -11.1979086737683
-76.7443701640962, 0.912663814535982, -11.3300243072898
-76.7443701640962, 1.9534320969949E-15, -11.4492360839853
-71.2626294380893, 7.60929454370307, -1.77635683940025E-15
-71.2626294380893, 7.67588855269839, -0.922145268202668
-71.2626294380893, 7.72917876866489, -1.84515378961031
-71.2626294380893, 7.77069435765411, -2.76877109033123
-71.2626294380893, 7.80523165936297, -3.69267866105432
-71.2626294380893, 7.83644463379984, -4.61670538526215
-71.2626294380893, 7.86536942442474, -5.54080645978222
-71.2626294380893, 7.89048996965242, -6.46501763770539
-71.2626294380894, 7.73966271249859, -7.2363050025367
-71.2626294380893, 7.69350516465946, -8.15961242085713
-71.2626294380893, 7.55119838984469, -9.07154327975761
-71.2626294380893, 7.09358143323104, -9.86422106891972
-71.2626294380893, 6.3366028556678, -10.3848525099695
-71.2626294380893, 5.46783335726554, -10.6975283838785
-71.2626294380893, 4.56850504191172, -10.910936969925
-71.2626294380893, 3.66028909404459, -11.0837921868249
-71.2626294380893, 2.74766213911372, -11.2316858649742
-71.2626294380893, 1.83266152660595, -11.3642213035798
-71.2626294380893, 0.916737544260777, -11.490246248058
-71.2626294380893, 2.80053300917045E-16, -11.6101898142921
-65.7808887120825, 7.75079765574955, -1.77635683940025E-15
-65.7808887120825, 7.8002322228156, -0.9189249711927
-65.7808887120825, 7.82892524104354, -1.83873227085324
-65.7808887120825, 7.84127452433408, -2.75891551197159
-65.7808887120824, 7.84611451629554, -3.67917519078253
-65.7808887120824, 7.84917695767739, -4.59944284781417
-65.7808887120825, 7.85051949432974, -5.51971453979833
-65.7808887120825, 7.84962003347591, -6.43998666550171
-65.7808887120825, 7.67742602526179, -7.20375586640098
-65.7808887120825, 7.60072452866607, -8.12059667628771
-65.7808887120825, 7.43580465733094, -9.02507619421107
-65.7808887120825, 7.01379694398157, -9.83393524933055
-65.7808887120825, 6.28859332735702, -10.3916067301542
-65.7808887120824, 5.44052267102184, -10.7457377844617
-65.7808887120824, 4.55104069480931, -10.9800342057634
-65.7808887120824, 3.64812707325874, -11.157634144051
-65.7808887120825, 2.73937141885849, -11.3025109579674
-65.7808887120825, 1.82720783441127, -11.4243210119186
-65.7808887120825, 0.913709035358569, -11.5357662471471
-65.7808887120825, 6.79562695863529E-17, -11.6454835619805
-60.2991479860756, 7.83721018914288, -1.77635683940025E-15
-60.2991479860756, 7.87436178417195, -0.910115482004774
-60.2991479860756, 7.88388321487021, -1.82094186304093
-60.2991479860756, 7.87190040006142, -2.73175971527223
-60.2991479860756, 7.85043232207464, -3.64241401869997
-60.2991479860756, 7.82656430967916, -4.55300909043737
-60.2991479860756, 7.80160979484934, -5.46357526049342
-60.2991479860756, 7.77655004979064, -6.37413855525116
-60.2991479860756, 7.57983495658127, -7.12553183388258
-60.2991479860756, 7.47023163151498, -8.02941184510641
-60.2991479860756, 7.27028734991803, -8.91754939611067
-60.2991479860756, 6.87483269104569, -9.73213515462142
-60.2991479860756, 6.19304838117836, -10.3287310717174
-60.2991479860756, 5.37429940591377, -10.7254257274408
-60.2991479860756, 4.5029867662709, -10.9889361710268
-60.2991479860756, 3.61243955571781, -11.1800085450722
-60.2991479860756, 2.71382583671924, -11.3286916927727
-60.2991479860756, 1.81033584909346, -11.4444943736673
-60.2991479860756, 0.905110643453462, -11.5460697891426
-60.2991479860756, 9.12219958274871E-16, -11.6486770082575
-54.817407260065, 7.88321575760758, -1.77635683940025E-15
-54.817401234025, 7.91228045747204, -0.89834432656521
-54.8174024567113, 7.90593602468627, -1.79706165581526
-54.8174069879567, 7.87203925262759, -2.69525596462044
-54.8174072600687, 7.82723638020504, -3.59298525961024
-54.8174072600687, 7.77938965430539, -4.49055856425611
-54.8174072600687, 7.72998045567848, -5.38804730951187
-54.8174072600687, 7.6799816264319, -6.28550358003988
-54.8174072600687, 7.45666914178327, -7.02139641519484
-54.8174072600687, 7.31693411585464, -7.9088031541588
-54.8174072600687, 7.07729595308407, -8.77467415339881
-54.8174072600687, 6.69334419758271, -9.58414847581335
-54.8174072600687, 6.06207450213361, -10.2179572273575
-54.8174072600687, 5.28055333793019, -10.6589535537388
-54.8174072600687, 4.43539865003364, -10.9622380145027
-54.8174072600687, 3.56227716950218, -11.1751800160741
-54.8174072600687, 2.67805575017774, -11.3359275603564
-54.8174072600687, 1.78685763278824, -11.4525538002501
-54.8174072600687, 0.893309008933596, -11.5499798004106
-54.8174072600687, -4.37025140916146E-16, -11.649611268437
-49.3356665340672, 7.90542026034199, -1.77635683940025E-15
-49.3356665346369, 7.92056999670545, -0.884416137460356
-49.3356665340618, 7.89907960383495, -1.76869777326304
-49.3356665340618, 7.84688226700167, -2.65173479705205
-49.3356665340618, 7.77937086178645, -3.53375683699119
-49.3356665340619, 7.70784624589432, -4.41546482330714
-49.3356665340619, 7.63347363136633, -5.29693714155486
-49.3356665340619, 7.55623240838013, -6.17816271810449
-49.3356665340619, 7.30386733604633, -6.89485178012524
-49.3356665340619, 7.13590235786415, -7.76292763231445
-49.3356665340619, 6.86020569568883, -8.60297149468511
-49.3356665340619, 6.47379210816854, -9.39723065724022
-49.3356665340618, 5.89362441804268, -10.0605198919117
-49.3356665340619, 5.16036743433043, -10.5520298347979
-49.3356665340618, 4.34966670510729, -10.903452250128
-49.3356665340619, 3.49940478567924, -11.1467750308231
-49.3356665340618, 2.63396349335235, -11.3288583610298
-49.3356665340618, 1.75819084760229, -11.4528703040884
-49.3356665340618, 0.879006617324441, -11.5505861133628
-49.3356665340619, -4.43144394541546E-16, -11.6499480073687
-43.8539258080552, 7.90909561274442, -1.77635683940025E-15
-43.8539329211928, 7.90808864499824, -0.867479111537841
-43.8539275117163, 7.86570485114972, -1.73401863570573
-43.8539259151566, 7.79169277328643, -2.59846201457342
-43.853925808055, 7.69973148352356, -3.46120689706351
-43.853925808055, 7.60104634189354, -4.32321362807568
-43.853925808055, 7.4988347136876, -5.18480944314888
-43.853925808055, 7.39166448109899, -6.0458006072974
-43.853925808055, 7.10598537870008, -6.73763223904831
-43.853925808055, 6.90723782639644, -7.58193886522654
-43.853925808055, 6.60565690876923, -8.39479419298792
-43.853925808055, 6.20808038552516, -9.16530263932772
-43.853925808055, 5.67494406214525, -9.84718952677663
-43.853925808055, 5.00138372364452, -10.3916062274702
-43.853925808055, 4.23736941239999, -10.8007811852607
-43.853925808055, 3.4189096151267, -11.0872969599782
-43.853925808055, 2.57891347345411, -11.3033893160987
-43.853925808055, 1.72312630601627, -11.4451452455101
-43.853925808055, 0.861657422172972, -11.5483039123085
-43.853925808055, -4.44089200842776E-16, -11.65
-38.3721850820481, 7.88889443863103, -1.77635683940025E-15
-38.3721850820481, 7.85326183793692, -0.845384975224217
-38.3721850820481, 7.78501410949329, -1.68874807969153
-38.3721850820481, 7.68518986938597, -2.5289806949458
-38.3721850820481, 7.56461688554018, -3.36651427505495
-38.3721850820481, 7.43430001760733, -4.20259615896212
-38.3721850820481, 7.29827513825225, -5.03776825656658
-38.3721850820481, 7.15233385677891, -5.87125205299271
-38.3721850820481, 6.8258333471376, -6.52874819523177
-38.3721850820481, 6.59070695604665, -7.34147449622212
-38.3721850820481, 6.27593302365903, -8.12626986203515
-38.3721850820481, 5.86985291526708, -8.86819633383381
-38.3721850820481, 5.37520805065808, -9.55367761343616
-38.3721850820481, 4.77036533106341, -10.14393846836
-38.3721850820481, 4.07382905200307, -10.6226133959413
-38.3721850820481, 3.30622594392895, -10.9762707173154
-38.3721850820481, 2.50311177137629, -11.2420232661942
-38.3721850820481, 1.67696166345983, -11.4231059785764
-38.3721850820481, 0.839204542178266, -11.5415835560311
-38.3721850820481, 6.77011475266661E-18, -11.65
-32.8804443560412, 7.81043707242084, -1.77635683940025E-15
-32.8804443560412, 7.7243316242179, -0.814563181736831
-32.8804443560412, 7.61457271263644, -1.62626492650245
-32.8804443560412, 7.47931951767306, -2.43411428479959
-32.8804443560412, 7.32342765012698, -3.23825113142132
-32.8804443560412, 7.15473581410966, -4.03981241045459
-32.8804443560412, 6.97749988971908, -4.83952654426015
-32.8804443560412, 6.68336514513025, -5.50156405982841
-32.8804443560412, 6.41754914611425, -6.25153077375732
-32.8804443560412, 6.149476581233, -7.02548264312454
-32.8804443560412, 5.83129637914082, -7.7799751717674
-32.8804443560412, 5.43658999729616, -8.49729327627489
-32.8804443560412, 4.97359420165839, -9.17262082453497
-32.8804443560412, 4.43772919299224, -9.79141686230558
-32.8804443560412, 3.82518711617713, -10.3342606895409
-32.8804443560412, 3.13818773323542, -10.7784067200463
-32.8804443560412, 2.38985541650702, -11.1108362725814
-32.8804443560412, 1.61298240741724, -11.3686654990623
-32.8804443560412, 0.809787158310952, -11.5266776850998
-32.8804443560412, 8.0300389638382E-17, -11.65
-30.6977480656385, 7.75054135905996, -1.77635683940025E-15
-30.6977480656385, 7.63925369473849, -0.799175124227043
-30.6977480656385, 7.50819346378766, -1.59533699184468
-30.6977480656385, 7.35512577401079, -2.38756275480808
-30.6977480656385, 7.18280047933446, -3.17583327256955
-30.6977480656385, 6.99717734780859, -3.96108988293194
-30.6977480656385, 6.80219540827888, -4.74407300048994
-30.6977480656385, 6.46820294222605, -5.35785208968142
-30.6977480656385, 6.21062798189967, -6.12252352393203
-30.6977480656385, 5.93205612081596, -6.87976802650161
-30.6977480656385, 5.61400682391486, -7.62115537897632
-30.6977480656385, 5.23209239180472, -8.33157638871411
-30.6977480656385, 4.78581314985941, -9.00351517745314
-30.6977480656385, 4.27721703116177, -9.62945409342987
-30.6977480656385, 3.69863359997859, -10.1910905019445
-30.6977480656385, 3.04909446005069, -10.6686459833197
-30.6977480656385, 2.32980683437359, -11.0331860928876
-30.6977480656385, 1.57959500587879, -11.3291061751041
-30.6977480656385, 0.795826147562971, -11.5167637221276
-30.6977480656385, -2.73017731383662E-16, -11.65
-28.5050517752357, 7.66807015862409, -1.77635683940025E-15
-28.5050517752357, 7.52905683775905, -0.781756029828944
-28.5050517752357, 7.37372880925544, -1.56042829646893
-28.5050517752357, 7.20011180525792, -2.33522704909059
-28.5050517752357, 7.00963341405672, -3.10605936354106
-28.5050517752357, 6.80640775255585, -3.87363801918338
-28.5050517752357, 6.59374265638079, -4.63865250233721
-28.5050517752357, 6.24608298136728, -5.23803438102289
-28.5050517752357, 5.97489293835064, -5.98430974911702
-28.5050517752357, 5.68701195887998, -6.72428605704329
-28.5050517752357, 5.36960424614822, -7.45201493446002
-28.5050517752357, 5.00398718766699, -8.15661309540484
-28.5050517752357, 4.58102436188637, -8.82835315441622
-28.5050517752357, 4.10254923030928, -9.46168427930394
-28.5050517752357, 3.55977917908742, -10.0405405359721
-28.5050517752357, 2.94461331592008, -10.5417297535397
-28.5050517752357, 2.25991020417287, -10.9418779833379
-28.5050517752357, 1.53920574120892, -11.2744613420189
-28.5050517752357, 0.780324346530855, -11.5031042587459
-28.5050517752357, 3.37558436133329E-16, -11.65
-26.312355484833, 7.5538887034281, -1.77635683940025E-15
-26.312355484833, 7.38520988670285, -0.761779118898978
-26.312355484833, 7.20335137363361, -1.52051656664951
-26.312355484833, 7.00709064791529, -2.2756561577344
-26.312355484833, 6.7972060795229, -3.02712577923079
-26.312355484833, 6.57613334289674, -3.77538578046507
-26.312355484833, 6.34627511464621, -4.52099121088831
-26.312355484833, 5.98740357802625, -5.1060528419133
-26.312355484833, 5.7035827703441, -5.83283263073765
-26.312355484833, 5.4068340575874, -6.55441989791068
-26.312355484833, 5.08987672263716, -7.26733395342414
-26.312355484833, 4.74099856616303, -7.96511264043581
-26.312355484833, 4.34744736580546, -8.63863963883523
-26.312355484833, 3.90461308715709, -9.2807757786561
-26.312355484833, 3.40283117180081, -9.87769206376221
-26.312355484833, 2.82283352128223, -10.3985286548665
-26.312355484833, 2.17653032641684, -10.8335746313789
-26.312355484833, 1.48856886568636, -11.201115742789
-26.312355484833, 0.761954964864312, -11.4821198289341
-26.312355484833, 1.46539050447444E-15, -11.65
-24.1196591944302, 7.39553620439316, -1.77635683940025E-15
-24.1196591944302, 7.19588392252948, -0.738401041182973
-24.1196591944302, 6.98621154665806, -1.47401882136529
-24.1196591944302, 6.76629921835589, -2.20664065669952
-24.1196591944302, 6.53657936998543, -2.93624755463482
-24.1196591944302, 6.29790544198991, -3.66297646579678
-24.1196591944302, 6.05144353904304, -4.38709916900297
-24.1196591944302, 5.68232272506901, -4.95501824945354
-24.1196591944302, 5.38658242457363, -5.66045037815732
-24.1196591944302, 5.08093296325033, -6.36164448937184
-24.1196591944302, 4.76369586306468, -7.05766722892642
-24.1196591944302, 4.42919112988885, -7.74553603540799
-24.1196591944302, 4.06662258958111, -8.41897802813171
-24.1196591944302, 3.66439265649717, -9.06942017570214
-24.1196591944302, 3.20886264646274, -9.68350040083051
-24.1196591944302, 2.67510016637836, -10.2301744531447
-24.1196591944302, 2.07366195785916, -10.7021843793063
-24.1196591944302, 1.42173572442138, -11.1019128184829
-24.1196591944302, 0.732789656004292, -11.4332561438819
-24.1196591944302, 6.74328381968786E-16, -11.65
-21.9269629040271, 7.18199813629423, -1.77635683940025E-15
-21.9269629040273, 6.95071223858562, -0.710797327463329
-21.9269629040274, 6.71286374113571, -1.41942680942513
-21.9269629040275, 6.46930811579565, -2.12611539674481
-21.9269629040275, 6.22022967933339, -2.83087627720651
-21.9269629040275, 5.96484777630632, -3.53337667907658
-21.9269629040275, 5.70252869702503, -4.23331424321064
-21.9269629040275, 5.32240491230734, -4.77804810264391
-21.9269629040275, 5.01616295140609, -5.45990908519072
-21.9269629040275, 4.70186736905198, -6.13810234064796
-21.9269629040275, 4.38366260393582, -6.81447184009743
-21.9269629040275, 4.06050246507382, -7.48848400054145
-21.9269629040275, 3.72446071969638, -8.15614274233921
-21.9269629040275, 3.36141222466009, -8.80943335692669
-21.9269629040275, 2.95307016988602, -9.43524317953133
-21.9269629040275, 2.47838821990226, -10.0118317951169
-21.9269629040275, 1.92932033768023, -10.518607548693
-21.9269629040275, 1.32988677741095, -10.9642925203645
-21.9269629040275, 0.684785943741485, -11.3409913385541
-21.9269629040275, 0, -11.6347547614136
-19.7342666136245, 6.90473512414565, -1.77635683940025E-15
-19.7342666136246, 6.64261496774153, -0.679117059596133
-19.7342666136247, 6.37729900976777, -1.35699257071466
-19.7342666136247, 6.11010980090235, -2.03413224604032
-19.7342666136247, 5.84236426346036, -2.71105228129473
-19.7342666136247, 5.57201319067475, -3.38693334374975
-19.7342666136247, 5.29503132444061, -4.06012183997113
-19.7342666136247, 4.94864483825867, -4.64606073598632
-19.7342666136248, 4.58791707775009, -5.2304732920988
-19.7342666136247, 4.26718935641709, -5.88395741208482
-19.7342666136247, 3.9488039606174, -6.53858188087557
-19.7342666136247, 3.63592253991761, -7.19585886628205
-19.7342666136247, 3.32115200360168, -7.85223043075921
-19.7342666136247, 2.99162560840342, -8.50127774786744
-19.7342666136247, 2.6290340563451, -9.13233246160692
-19.7342666136247, 2.21724491534126, -9.73228483578135
-19.7342666136247, 1.74066047791936, -10.2819935422349
-19.7342666136247, 1.21644191100802, -10.7865214821132
-19.7342666136247, 0.634958027757211, -11.2240947435741
-19.7342666136247, 8.88178419700125E-16, -11.5760597258759
-17.541570323222, 6.55829830010207, -5.52822067543467E-08
-17.541570323222, 6.26594956744636, -0.645813835749247
-17.541570323222, 5.97455809776165, -1.29205995312027
-17.541570323222, 5.68510430367614, -1.93917598113716
-17.541570323222, 5.39857273348085, -2.58759077080255
-17.541570323222, 5.11442240812203, -3.23705278014273
-17.541570323222, 4.82430007889149, -3.88386377056881
-17.541570323222, 4.51600055214974, -4.52209440559671
-17.541570323222, 4.09859294947689, -4.99682796024397
-17.541570323222, 3.77363441391231, -5.62686318409583
-17.541570323222, 3.45523126562817, -6.26022106340493
-17.541570323222, 3.15178331187023, -6.90087762308473
-17.541570323222, 2.85696299184566, -7.54556641096677
-17.541570323222, 2.55653455139382, -8.18764679614063
-17.541570323222, 2.23556821899007, -8.81965979176329
-17.541570323222, 1.88132712815683, -9.43359259070969
-17.541570323222, 1.48705226352675, -10.0225243473235
-17.541570323222, 1.05404000210575, -10.5837087105688
-17.541570323222, 0.563215237871618, -11.094676784213
-17.541570323222, 0, -11.5158889163744
-15.3488740328389, 6.14332568789406, -3.12470260491655E-06
-15.34887403283, 5.82065799331584, -0.611412111566587
-15.3488740328232, 5.50122611140138, -1.22451456420598
-15.3488740328199, 5.19122364617202, -1.8424301793781
-15.3488740328193, 4.89101515587792, -2.46517010745907
-15.3488740328192, 4.59494255914056, -3.08989083344096
-15.3488740328192, 4.29300254438847, -3.71178979979428
-15.3488740328192, 3.97405166937539, -4.32506053115041
-15.3488740328192, 3.54861659756333, -4.77102691539765
-15.3488740328192, 3.22368513023738, -5.38123538913363
-15.3488740328192, 2.90851117335679, -5.9965101331218
-15.3488740328192, 2.61544230668842, -6.62260375862992
-15.3488740328192, 2.34048310327602, -7.25689019375621
-15.3488740328192, 2.06878792815951, -7.89259037486253
-15.3488740328192, 1.78757088390113, -8.52412269556447
-15.3488740328192, 1.48872097520296, -9.14748900588257
-15.3488740328192, 1.17201925660336, -9.76198317851841
-15.3488740328192, 0.835297711875294, -10.3657361453238
-15.3488740328192, 0.455969922197269, -10.9429814175868
-15.3488740328192, 0, -11.4540914387138
-13.1561777427282, 5.66369009414153, -1.63579999136613E-05
-13.1561777425891, 5.31672501149571, -0.574900726147115
-13.156177742485, 4.97566195042665, -1.15329855432344
-13.1561777424319, 4.6472134806903, -1.73893903678752
-13.1561777424176, 4.33234745066856, -2.33200224587711
-13.1561777424165, 4.02531682107297, -2.9291685985146
-13.1561777424165, 3.71447458125583, -3.52435357133327
-13.1561777424165, 3.38888588786642, -4.1115575570301
-13.1561777424165, 2.9578891753494, -4.53243419992568
-13.1561777424165, 2.63650162440487, -5.1219923597285
-13.1561777424165, 2.331252829701, -5.720029615042
-13.1561777424165, 2.05227743062927, -6.33073687466017
-13.1561777424165, 1.79944124198372, -6.95275641916265
-13.1561777424165, 1.55959274083722, -7.5799310247658
-13.1561777424165, 1.32024720976624, -8.20729936791578
-13.1561777424165, 1.07685275002416, -8.83310636228097
-13.1561777424165, 0.830547715848073, -9.45777559680782
-13.1561777424165, 0.582483371475462, -10.081746395914
-13.1561777424165, 0.319210309476794, -10.6991432799952
-13.1561777424165, 0, -11.2895183806944
-11.0025061605358, 5.12937781603713, -9.40970682958092E-05
-11.1279895129612, 4.78693430865341, -0.556167556382097
-11.2496218302705, 4.45500025887302, -1.11940644817408
-11.3652096476373, 4.1395616223936, -1.69328320673165
-11.4746901504989, 3.84078981987618, -2.27720334570469
-11.580201045971, 3.55285105816569, -2.86727985012837
-11.6860764185537, 3.26391764005079, -3.45680421867973
-11.7963271009164, 2.96304402112051, -4.03948237904423
-11.9395633064232, 2.57215305710004, -4.47342597063041
-12.044453007336, 2.2859095325625, -5.06441555978764
-12.1423684393862, 2.01869875654988, -5.66540885997371
-12.230967859296, 1.77691133599053, -6.27847090816019
-12.3108560339979, 1.5588968646312, -6.90159777209301
-12.3864224409988, 1.35267647799344, -7.52929093855049
-12.461644276795, 1.14739642463166, -8.15733549930281
-12.5379234835833, 0.9392308105631, -8.78430066772263
-12.6151148567888, 0.728575898422485, -9.41032332878352
-12.6933989995905, 0.51493882294303, -10.0351943972171
-12.7772513291829, 0.286106190622267, -10.6536987815253
-12.8820907061161, 0, -11.2444604959293
-9.42065175335053, 4.69436035196768, -0.00017246904656494
-9.64825959498007, 4.36756795900347, -0.538963160032363
-9.86767020784838, 4.05254489693481, -1.08804205733092
-10.075281501674, 3.75446293706059, -1.65097626257556
-10.2710600953292, 3.47337000698535, -2.22676189217815
-10.458686239262, 3.20398211542832, -2.81081950728457
-10.6454725738856, 2.93579999644838, -3.39570559127521
-10.8387212103059, 2.65833950176275, -3.97410546722353
-11.083899923271, 2.30631938795594, -4.40966966771842
-11.2645883214183, 2.04689250007418, -5.00033522591979
-11.4314179139594, 1.80736366234424, -5.60336191651031
-11.5821594505826, 1.59093356433221, -6.21919818907893
-11.7179010290336, 1.39603994850082, -6.84566189681259
-11.8459584782058, 1.21217897098677, -7.47709018949437
-11.9731060925068, 1.02962430661479, -8.10908392038684
-12.1017590513566, 0.844908314479119, -8.74014313524174
-12.2320329473148, 0.657865030310392, -9.37018447869295
-12.3649246203248, 0.46706322173898, -9.99854087001016
-12.5081828764637, 0.261377389474473, -10.6197012331521
-12.6902297807059, 0, -11.2088253525321
-8.17478154719348, 4.32358730810219, -0.000261306664472272
-8.48128661581388, 4.01708223948178, -0.522378010760571
-8.77661061877723, 3.72175823651843, -1.05720732507282
-9.05748277627481, 3.44088607902086, -1.60737131266752
-9.32238871792601, 3.17598013736966, -2.17315304342001
-9.5731337947928, 2.92523506050287, -2.7517292106795
-9.82264770424963, 2.67572115104604, -3.3313853452989
-10.078863080978, 2.41950577431764, -3.90514874997901
-10.3971640363884, 2.1012048189073, -4.33822403082964
-10.6361935073796, 1.86217534791604, -4.92653766185589
-10.8546493977156, 1.64371945758008, -5.5306921522867
-11.0523365065255, 1.4460323487702, -6.14896355238786
-11.2302942432553, 1.26807461204035, -6.77914744582773
-11.397545887568, 1.10082296772765, -7.41520491526373
-11.5630046006842, 0.935364254611447, -8.05220377427603
-11.7299323383452, 0.768436516950511, -8.68843457602789
-11.8989029360924, 0.599465919203308, -9.32358663496394
-12.0718882365654, 0.426480618730297, -9.95656102956344
-12.2587179763674, 0.239650878928266, -10.5815161512163
-12.4983688552957, 0, -11.1691293076097
-7.01396766060821, 3.95288729026612, -0.000371907568244878
-7.39141530079518, 3.67097956661648, -0.504869148574784
-7.75594670491624, 3.39871870870339, -1.02393512873725
-8.10433141371321, 3.13851747877214, -1.55997798580861
-8.43239241948246, 2.89349559624344, -2.11561903586683
-8.74385956251923, 2.6608673216524, -2.68600271978034
-9.05184711739216, 2.4308378784596, -3.25933916016112
-9.3658606673574, 2.196307745957, -3.82754964965586
-9.74644035881737, 1.91206075892161, -4.2579221869714
-10.0413123231795, 1.69182707511781, -4.84167846714565
-10.3076164725226, 1.49293009300241, -5.4465907209216
-10.5492513381367, 1.3124580813456, -6.06740946895508
-10.766958315226, 1.14985730762374, -6.70190847879156
-10.9707357770794, 0.997660196592032, -7.34361681354953
-11.1714571587194, 0.847745607755545, -7.98683054855585
-11.3733095688971, 0.696986277433, -8.62949197154066
-11.5774993576001, 0.544481208127886, -9.27100204669141
-11.7872038436807, 0.387857327049152, -9.909717744034
-12.0149569038184, 0.217753344664058, -10.5386474541278
-12.3065079298854, 0, -11.1248028447719
-5.86050722277739, 3.556624539284, -0.000515889086298418
-6.30541957349038, 3.30361033755364, -0.485842415360525
-6.73606908443696, 3.05870717390106, -0.987872037976696
-7.14729029077425, 2.82485256166274, -1.51099276790713
-7.53800303317395, 2.60266076935642, -2.05453749849406
-7.91236912142509, 2.38976504546387, -2.61313308072381
-8.27889316217179, 2.18132896263564, -3.17859590997552
-8.64977306306137, 1.97041577510324, -3.74028086066912
-9.0792923318559, 1.72615536123138, -4.18534821975157
-9.43955899152023, 1.52127774621584, -4.74585953255411
-9.75434593623944, 1.34226368332091, -5.3510665619211
-10.0407817557679, 1.17937243045092, -5.97462824190726
-10.2995275561409, 1.03222802767685, -6.61404628525554
-10.5408311368832, 0.895002723055962, -7.26247732134377
-10.7773625038442, 0.760491296479626, -7.91324169510695
-11.0144243352595, 0.62567820365324, -8.56375027983001
-11.2540476710414, 0.489408426197856, -9.21301498376393
-11.5010025944064, 0.348969297685351, -9.85861023412604
-11.771210629227, 0.195306514169208, -10.4916710392281
-12.1146470044752, 0, -11.0753546798451
-4.67551257532981, 3.11430579753366, -0.000709553029371311
-5.18417441032532, 2.89572311248746, -0.467898420751293
-5.67885107434118, 2.6831501494476, -0.952517452293492
-6.15444361553602, 2.47877803522513, -1.45923863715592
-6.60924879580126, 2.28333868704566, -1.98809784367317
-7.04643176998229, 2.09547197132515, -2.53431075509481
-7.47311295497598, 1.91211809521718, -3.09030653475058
-7.90186899784278, 1.72787260905753, -3.64440779967067
-8.35141212754864, 1.53469447463734, -4.16541802826336
-8.80575340477458, 1.33945447534736, -4.6415979021226
-9.17207237396372, 1.18203951247831, -5.2462993980965
-9.50611317898689, 1.03849515539556, -5.87278503270476
-9.80934558441611, 0.908189815360914, -6.51759829411942
-10.0914945050652, 0.786944492013819, -7.17370784222109
-10.3666577727724, 0.668701050608277, -7.83333896730602
-10.6414893378949, 0.55060014877736, -8.49313420856106
-10.9190822959381, 0.431312618350516, -9.15155697319578
-11.2064446314413, 0.307826981029251, -9.80496155519707
-11.5237557957598, 0.171471702295805, -10.4416230189575
-11.9227860790649, 0, -11.0204142286692
-3.4425182890039, 2.60373450778546, -0.000977971062385898
-4.01188368822642, 2.42487307377245, -0.451685914177851
-4.56844052949194, 2.25003534237108, -0.919610442950469
-5.10740275498719, 2.08072481408369, -1.40961628059409
-5.62654070521551, 1.91764191801167, -1.92260516530752
-6.12776902948453, 1.76018518290076, -2.45483119054975
-6.61641358927309, 1.6066815333889, -2.99979425703808
-7.10439895160827, 1.45338496530834, -3.54541484881605
-7.59818062541118, 1.29826753389025, -4.08525149837523
-8.12162277950732, 1.13383250775002, -4.53717566409123
-8.54336766865191, 1.00134483680433, -5.14020606284407
-8.92850408313816, 0.880357415581147, -5.76966342387272
-9.28076851722962, 0.769696455291993, -6.41995799771495
-9.60870848980863, 0.666676823530446, -7.08414275855778
-9.92707915302478, 0.566663311209059, -7.75344692288957
-10.2440144274217, 0.467100714420877, -8.42350020482535
-10.5642666920051, 0.366496112582557, -9.09181706456642
-10.8972909093141, 0.261879307363449, -9.75317924789018
-11.2694513684891, 0.144968175247113, -10.3910383116284
-11.7309251536547, 0, -10.9598821618809
-2.17930154417022, 1.99933507576694, -0.00136308059050457
-2.80396455146692, 1.86590106646803, -0.44036416693955
-3.41764775871104, 1.73481244776405, -0.895255677555893
-4.01738284288227, 1.60670328192037, -1.36918090508938
-4.59970801411801, 1.48231304045254, -1.86526204126043
-5.16178454307043, 1.36224810317458, -2.38520637858047
-5.71044040921337, 1.24504994818596, -2.91998291269909
-6.25678518698763, 1.12834546383779, -3.45723836255594
-6.80498715532222, 1.01124426577421, -3.99250969472618
-7.38033731798484, 0.888343953032645, -4.45233971129711
-7.85878912705939, 0.786142057938173, -5.05319427280345
-8.29706273070265, 0.692522612859965, -5.68545470632523
-8.70216353284604, 0.605989196331711, -6.34046659044713
-9.08116585456257, 0.525030665524697, -7.01167081477583
-9.4481798870347, 0.446632948276083, -7.68983455820322
-9.81246961188906, 0.368817169262574, -8.36953575834198
-10.1808710898948, 0.290123080341441, -9.04691093358666
-10.5678158739627, 0.207467963402586, -9.71327689898996
-11.0060111377355, 0.113865252472037, -10.3453266164013
-11.5390642282445, 0, -10.8941801376815
-0.983793585111191, 1.27689173972547, -0.00193449182248438
-1.65380513457496, 1.1943385804532, -0.435423256405724
-2.31407754739649, 1.11298539526951, -0.883803896295309
-2.96074600749869, 1.0333083741407, -1.35185725655291
-3.59122997810205, 0.955625468994536, -1.84180888303299
-4.20551639541143, 0.879938289441411, -2.35223501874121
-4.80601027210511, 0.805950510149563, -2.87908055482702
-5.39962138015529, 0.732810767427407, -3.41381008064614
-5.99445295262414, 0.659520649396614, -3.94715774465599
-6.60545752441333, 0.584237831105847, -4.4313518219588
-7.13120749330831, 0.519459364295367, -5.03358656039149
-7.61845710860271, 0.459424585597982, -5.66802220785797
-8.07552799926108, 0.403108174238452, -6.32488548896015
-8.50779269659541, 0.349848172324486, -6.99862551337413
-8.92679415746962, 0.298222354288149, -7.68084640755745
-9.34210217456529, 0.247051611172172, -8.36536180832777
-9.76380815790032, 0.195092564740529, -9.04587914186794
-10.215335979285, 0.139459123519312, -9.70644068193083
-10.7339403831628, 0.0755610728261756, -10.3145615500042
-11.3472033028342, 0, -10.8235858094534
-0.134652927427571, 0.438562137457029, -0.00279291210594109
-0.823253391618485, 0.411159669326547, -0.444747813715236
-1.50205887955253, 0.384146986766472, -0.901605421504199
-2.16711609595202, 0.357681408938628, -1.37826302358968
-2.81570097312078, 0.331871338584678, -1.87713047147957
-3.44755584659082, 0.306727029317189, -2.39706986109595
-4.0652668700443, 0.282145566605107, -2.93379022280201
-4.67719640559349, 0.257794174952053, -3.47712202634909
-5.28379953846796, 0.233654744497306, -4.02639610718145
-5.8800704876411, 0.209926477481036, -4.5764817090897
-6.42357418785974, 0.188298053455008, -5.18826087528774
-6.94277758330238, 0.167636646388471, -5.82087220589017
-7.4398885141538, 0.147854396523194, -6.47101699986545
-7.91704802951462, 0.128866102014571, -7.13598578134339
-8.38099552053547, 0.110403572582713, -7.81027504033684
-8.84214626134011, 0.0920523382525195, -8.48648835896874
-9.31877173155932, 0.0730852957699037, -9.1517813312296
-9.85003662821304, 0.0519439080473396, -9.77361776159331
-10.4627436455166, 0.0275615769452093, -10.3150413469123
-11.155342377424, 0, -10.7480322754664
