-109.579997112877, 6.24525783430717, -1.77635683940025E-15
-109.579997112877, 6.40134364918036, -0.767016730228027
-109.579997112877, 6.52366246661307, -1.54014774453379
-109.579997112877, 6.617436476939, -2.3172820901748
-109.579997112877, 6.69202018651574, -3.09651411370022
-109.579997112877, 6.75710369785531, -3.87660547909772
-109.579997112877, 6.8168109479586, -4.65712777191574
-109.579997112877, 6.87289428890453, -5.4379195003312
-109.579997112877, 6.92709653379027, -6.21884442022094
-109.579997112877, 6.98922253269591, -6.99888038337213
-109.579997112877, 6.89097464902517, -7.7485836019276
-109.579997112877, 6.22480026260769, -8.14240934721084
-109.579997112877, 5.46278430683681, -8.31731563585326
-109.579997112877, 4.68462520000191, -8.39907268863884
-109.579997112877, 3.90482996418237, -8.4676297784711
-109.579997112877, 3.12444826461843, -8.52909278385453
-109.579997112877, 2.3435612363061, -8.58382708309767
-109.579997112877, 1.56256146809429, -8.63694076480005
-109.579997112877, 0.781556321065295, -8.68997531920476
-109.579997112877, 1.65896440003598E-22, -8.73413141954568
-107.442118229735, 6.4694488786774, -1.77635683940025E-15
-107.442118229735, 6.58668959538615, -0.787399751051934
-107.442118229735, 6.69027881798251, -1.57670834572321
-107.442118229735, 6.77945444113172, -2.36777630427205
-107.442118229735, 6.85650684273758, -3.16012151403993
-107.442118229735, 6.92487260966175, -3.95326602104631
-107.442118229735, 6.9873465864271, -4.74689840827111
-107.442118229735, 7.047349974641, -5.54072230715726
-107.442118229735, 7.10832301804955, -6.334471964036
-107.442118229735, 7.14190553490793, -7.10241393043882
-107.442118229735, 7.04695453989243, -7.86787016649648
-107.442118229735, 6.34361251792095, -8.2237960280752
-107.442118229735, 5.56431795165048, -8.38146073810886
-107.442118229735, 4.77100068822519, -8.44539311432564
-107.442118229735, 3.97626741443051, -8.49181580023748
-107.442118229735, 3.18129260502074, -8.53388631150796
-107.442118229735, 2.38611872338631, -8.57202576149331
-107.442118229735, 1.59083979195823, -8.60791293946882
-107.442118229735, 0.795490263392294, -8.64220576492863
-107.442118229735, 8.34846982307177E-18, -8.67305477919364
-105.249421939332, 6.62713717361306, -1.77635683940025E-15
-105.249421939332, 6.72640278280016, -0.802347663554492
-105.249421939332, 6.82196985545645, -1.60514270688129
-105.249421939332, 6.91051491698526, -2.40874077322599
-105.249421939332, 6.99112664527657, -3.21317398298245
-105.249421939332, 7.06526543287515, -4.01823082534125
-105.249421939332, 7.13491823022644, -4.82368918505802
-105.249421939332, 7.20225639834583, -5.62934487921323
-105.249421939332, 7.26945430218527, -6.4350123164202
-105.249421939332, 7.25579860213623, -7.1755578711532
-105.249421939332, 7.17049950699247, -7.96020185895479
-105.249421939332, 6.44885669450086, -8.29983579823235
-105.249421939332, 5.6529126476982, -8.43710702028932
-105.249421939332, 4.84638417039857, -8.49162214265775
-105.249421939332, 4.0390065379373, -8.53352725265387
-105.249421939332, 3.23141478432178, -8.57106897871151
-105.249421939332, 2.42367019290594, -8.60518600662165
-105.249421939332, 1.61586974956552, -8.63795963058026
-105.249421939332, 0.807988747302218, -8.66867500234975
-105.249421939332, 5.43532671028142E-17, -8.69640997555993
-103.056725648929, 6.74497310931701, -1.77635683940025E-15
-103.056725648929, 6.83847998665419, -0.815333682237819
-103.056725648929, 6.93081630076424, -1.63080051820809
-103.056725648929, 7.01998612696421, -2.44661902204826
-103.056725648929, 7.10399035595908, -3.26298452795172
-103.056725648929, 7.18303090543243, -4.0798470329418
-103.056725648929, 7.25908052107446, -4.89699333220429
-103.056725648929, 7.33227835749332, -5.71440019741111
-103.056725648929, 7.40275948460804, -6.5320458292726
-103.056725648929, 7.34750561073741, -7.25128133797872
-103.056725648929, 7.27022991695111, -8.05534620712252
-103.056725648929, 6.54826502432613, -8.40856780614924
-103.056725648929, 5.73813505653686, -8.53580552778536
-103.056725648929, 4.91926651541775, -8.58952250366727
-103.056725648929, 4.09974353821789, -8.63303057613831
-103.056725648929, 3.2799839576603, -8.67182492555458
-103.056725648929, 2.46009207008415, -8.70773818343396
-103.056725648929, 1.64019238679093, -8.74347307809536
-103.056725648929, 0.820186813920089, -8.77666848388509
-103.056725648929, 1.5370161668768E-16, -8.80504743220154
-100.864029358526, 6.84045676239234, -1.77635683940025E-15
-100.864029358526, 6.93520014219042, -0.82765899633317
-100.864029358526, 7.02772277814332, -1.65556894136357
-100.864029358526, 7.11693728718959, -2.4838415294746
-100.864029358526, 7.20175428351892, -3.31257547128459
-100.864029358526, 7.28216690784975, -4.14174916388077
-100.864029358526, 7.36046409700332, -4.97112557830706
-100.864029358526, 7.43682064710698, -5.80068287979116
-100.864029358526, 7.50986412269961, -6.63053739010305
-100.864029358526, 7.42507627388603, -7.33989613843471
-100.864029358526, 7.35224035521584, -8.16146993750728
-100.864029358526, 6.64521521289011, -8.55433746228394
-100.864029358526, 5.82339574306312, -8.68679208216006
-100.864029358526, 4.9925571301208, -8.74710539060188
-100.864029358526, 4.16085055149155, -8.79460034596585
-100.864029358526, 3.32885284023568, -8.83672541911734
-100.864029358526, 2.49677268699465, -8.87720538424839
-100.864029358526, 1.66472618873198, -8.91837080002657
-100.864029358526, 0.832517894251086, -8.95608224511868
-100.864029358526, 1.21091918988573E-15, -8.98621895505416
-98.6713330681237, 6.92092991031063, -1.77635683940025E-15
-98.6713330681237, 7.01986154888208, -0.839254917787051
-98.6713330681237, 7.11391903783017, -1.67906950359636
-98.6713330681237, 7.20266515508798, -2.51946197989036
-98.6713330681237, 7.28699490938808, -3.36030999757702
-98.6713330681237, 7.36812030136401, -4.20147349509541
-98.6713330681237, 7.44740038857072, -5.04281303372559
-98.6713330681237, 7.52453100163308, -5.88435216169619
-98.6713330681237, 7.59705265649204, -6.72629826078501
-98.6713330681237, 7.49085596938578, -7.43360936181617
-98.6713330681237, 7.41830332850307, -8.26989601739213
-98.6713330681237, 6.73505651663986, -8.71422601062362
-98.6713330681237, 5.90437158524876, -8.86520366672633
-98.6713330681237, 5.06255236826716, -8.93863949240419
-98.6713330681237, 4.21933148367232, -8.99437218880227
-98.6713330681237, 3.37569001236314, -9.04342519361856
-98.6713330681237, 2.5319959994966, -9.09157404943356
-98.6713330681237, 1.68833859298511, -9.14035329794271
-98.6713330681237, 0.844416551911775, -9.18426819424217
-98.6713330681237, 5.91274495602105E-16, -9.21734676988841
-96.4786367777122, 6.99042706491504, -1.77635683940025E-15
-96.4786367777172, 7.09321055512992, -0.850053918371642
-96.4786367777199, 7.18855988614208, -1.70097358506438
-96.4786367777208, 7.27712911439842, -2.55262675343869
-96.4786367777209, 7.36096227616149, -3.40476009759675
-96.4786367777209, 7.4418800468648, -4.25717587417282
-96.4786367777209, 7.52090151440695, -5.1097694423333
-96.4786367777209, 7.59736306736955, -5.96259606082881
-96.4786367777209, 7.6674045701806, -6.81596715824929
-96.4786367777209, 7.54603368327594, -7.52609199023965
-96.4786367777209, 7.47051972842823, -8.37467598767525
-96.4786367777209, 6.81304644187627, -8.87097233335979
-96.4786367777209, 5.97702296055508, -9.0515077257043
-96.4786367777209, 5.1259215560946, -9.1445063041599
-96.4786367777209, 4.27255949404881, -9.21461519558365
-96.4786367777209, 3.41850657316746, -9.27587792340211
-96.4786367777209, 2.56433207113309, -9.33543077616908
-96.4786367777209, 1.71009493213435, -9.39406322586764
-96.4786367777209, 0.855421490763177, -9.44589855530791
-96.4786367777209, 1.87314723367661E-15, -9.48337480566691
-94.2859404873141, 7.05156565054793, -1.77635683940025E-15
-94.2859404873165, 7.15642677394729, -0.85992213684233
-94.2859404873177, 7.25263951597018, -1.72085466913772
-94.2859404873181, 7.34110457412435, -2.58261923676899
-94.2859404873181, 7.42433130520426, -3.44490682978726
-94.2859404873182, 7.50444569976879, -4.30748976096268
-94.2859404873182, 7.58236496562012, -5.17027367271467
-94.2859404873182, 7.65710521650819, -6.03333824901063
-94.2859404873182, 7.71879693823801, -6.89336460227053
-94.2859404873182, 7.59153766453946, -7.61292972858423
-94.2859404873182, 7.51026892086082, -8.47162652246822
-94.2859404873182, 6.87485211415408, -9.01319585744499
-94.2859404873182, 6.03753670748264, -9.23101925647243
-94.2859404873182, 5.17963503684333, -9.3504738107389
-94.2859404873182, 4.31828876956239, -9.44279218708427
-94.2859404873182, 3.45570940982667, -9.52292113102344
-94.2859404873182, 2.59268429619537, -9.59811824601005
-94.2859404873182, 1.72933212684855, -9.66944396542647
-94.2859404873182, 0.865189582252461, -9.73038787850894
-94.2859404873182, 3.29908484941379E-15, -9.77391841547681
-92.0932441969155, 7.10613524289495, -1.77635683940025E-15
-92.0932441969155, 7.21092504094753, -0.868991463061954
-92.0932441969154, 7.30734878610085, -1.73895029185397
-92.0932441969154, 7.3957426342463, -2.60976286524669
-92.0932441969154, 7.47833135458686, -3.48114654201825
-92.0932441969154, 7.55722585239571, -4.35287320534441
-92.0932441969154, 7.63345944129241, -5.22483649418377
-92.0932441969154, 7.70572531072359, -6.0971366976468
-92.0932441969155, 7.68300235079916, -6.89178301191626
-92.0932441969154, 7.62856071646973, -7.69354436161063
-92.0932441969154, 7.53917116913812, -8.56059282677513
-92.0932441969155, 6.92068928435454, -9.13948870136572
-92.0932441969155, 6.08559222545087, -9.39752066688598
-92.0932441969154, 5.22352592798301, -9.54824466607475
-92.0932441969154, 4.35659419391009, -9.66875539838644
-92.0932441969154, 3.48751595785335, -9.77278999006767
-92.0932441969155, 2.61726224868709, -9.86651299661303
-92.0932441969154, 1.74608568104033, -9.95120705762942
-92.0932441969155, 0.873766717884757, -10.0231797134391
-92.0932441969154, 4.34906903886856E-15, -10.074440222222
-89.9005479065127, 7.15559712269024, -1.77635683940025E-15
-89.9005479065127, 7.2588880552784, -0.877483241722475
-89.9005479065127, 7.35493497294058, -1.75578769546352
-89.9005479065127, 7.44307921426876, -2.63492082964112
-89.9005479065127, 7.52483547609507, -3.51467224790664
-89.9005479065127, 7.60216977087847, -4.39482433901307
-89.9005479065127, 7.67632275512256, -5.27525006236618
-89.9005479065127, 7.7456519452514, -6.15606726615801
-89.9005479065127, 7.64502830230425, -6.89021884605423
-89.9005479065127, 7.65847008442272, -7.76952135014938
-89.9005479065127, 7.55961457541004, -8.64377814703678
-89.9005479065127, 6.95527298140913, -9.25462370710384
-89.9005479065127, 6.12457074546461, -9.55148609261697
-89.9005479065127, 5.2602516348, -9.73399314087035
-89.9005479065127, 4.38955097834365, -9.88392409410134
-89.9005479065127, 3.51547579281154, -10.0128197417218
-89.9005479065127, 2.63913160242578, -10.1252972425255
-89.9005479065127, 1.76104872653295, -10.2232720297673
-89.9005479065127, 0.881457619444752, -10.3066824471732
-89.9005479065127, 5.76491751417904E-15, -10.3669035055294
-87.6978516161099, 7.20147199732887, -1.77635683940025E-15
-87.6978516161099, 7.30248279282445, -0.885522082906559
-87.6978516161099, 7.39760873623218, -1.77169410044763
-87.6978516161099, 7.4851178059388, -2.6586503801981
-87.6978516161099, 7.56571052141902, -3.54626277690335
-87.6978516161099, 7.64121276304693, -4.4343238461949
-87.6978516161099, 7.7130535794257, -5.32268847471361
-87.6978516161099, 7.77924929535752, -6.21148941308272
-87.6978516161099, 7.66900730242967, -6.95058611227672
-87.6978516161099, 7.68256636482346, -7.84169365042211
-87.6978516161099, 7.57414233489315, -8.722500169858
-87.6978516161099, 6.98379801008989, -9.36250417295513
-87.6978516161099, 6.15852114982303, -9.69470080720716
-87.6978516161099, 5.29280352617042, -9.9058121241378
-87.6978516161099, 4.41922614835644, -10.0823186312333
-87.6978516161099, 3.5409333942097, -10.2336727177808
-87.69785161611, 2.65911755281846, -10.3629787023417
-87.6978516161099, 1.77470613374813, -10.473162901697
-87.6978516161099, 0.888471050444414, -10.5676652272065
-87.6978516161099, 6.09442527647379E-15, -10.6376867709753
-82.2261108901013, 7.30759390718785, -1.77635683940025E-15
-82.2261108901023, 7.40226185557565, -0.903191258583404
-82.2261108901029, 7.49255210580376, -1.80682906205498
-82.226110890103, 7.57552043920157, -2.71116737772561
-82.2261108901031, 7.65099568195222, -3.61616255476435
-82.2261108901031, 7.72080283089036, -4.52161415248063
-82.2261108901031, 7.78638790789141, -5.42738105458666
-82.2261108901031, 7.84505860109771, -6.33361836088431
-82.2261108901031, 7.72365746865989, -7.09180864453654
-82.2261108901031, 7.72221947835615, -7.99989429738915
-82.2261108901031, 7.59763068391177, -8.89584489869665
-82.2261108901031, 7.05063768162193, -9.60335421419366
-82.2261108901031, 6.24118485440471, -10.0082332852556
-82.2261108901031, 5.3697590605953, -10.2627398722526
-82.2261108901031, 4.48673852166527, -10.4746614361866
-82.2261108901031, 3.59716295289599, -10.6571275977033
-82.2261108901031, 2.70224005441667, -10.8113150301721
-82.2261108901031, 1.80374417423313, -10.9431804150136
-82.2261108901031, 0.903134461220948, -11.0598451471492
-82.2261108901031, 5.65847189412333E-15, -11.1547158297591
-76.7443701640962, 7.42964128431966, -1.77635683940025E-15
-76.7443701640962, 7.51482371070788, -0.916257016372445
-76.7443701640962, 7.59335562218389, -1.83310615308359
-76.7443701640962, 7.66353427080186, -2.7506324387747
-76.7443701640962, 7.72647862315173, -3.66868455243083
-76.7443701640962, 7.78450960235969, -4.58706167762697
-76.7443701640962, 7.8387670338758, -5.50566914949121
-76.7443701640963, 7.88650866152841, -6.42463474794787
-76.7443701640962, 7.75248274445873, -7.19450773986577
-76.7443701640962, 7.73182582813434, -8.11444441073123
-76.7443701640962, 7.59961698720124, -9.02234831445548
-76.7443701640962, 7.09794451534573, -9.78138352917664
-76.7443701640962, 6.31218934550086, -10.2503051217653
-76.7443701640962, 5.43591237754604, -10.5289756004943
-76.7443701640962, 4.54165139527737, -10.7457253858504
-76.7443701640962, 3.64074900806322, -10.93302391314
-76.7443701640962, 2.73439743169978, -11.0919577472688
-76.7443701640962, 1.82486027912723, -11.2316231089386
-76.7443701640962, 0.913448322042655, -11.358534153602
-76.7443701640962, 2.98748736042636E-15, -11.4697378123672
-71.2626294380893, 7.59610691299232, -1.77635683940025E-15
-71.2626294380893, 7.66420666682634, -0.922312997492916
-71.2626294380893, 7.7195720600964, -1.84547683014724
-71.2626294380893, 7.76347864963048, -2.76926009031806
-71.2626294380893, 7.80041387686639, -3.69335132366082
-71.2626294380893, 7.83391185094621, -4.61757443026665
-71.2626294380893, 7.86500366995371, -5.54188149472672
-71.2626294380893, 7.89205622964882, -6.4663143209233
-71.2626294380893, 7.74254832777121, -7.23813613602232
-71.2626294380893, 7.69839850058637, -8.16182557130431
-71.2626294380893, 7.55676367392212, -9.07405323355177
-71.2626294380893, 7.09526749627322, -9.8647545136133
-71.2626294380894, 6.33584613375298, -10.3823455901811
-71.2626294380893, 5.46609592988385, -10.6932463726874
-71.2626294380893, 4.5690382874484, -10.917499363153
-71.2626294380893, 3.66297043225155, -11.102565184357
-71.2626294380893, 2.75081825681705, -11.2549513529231
-71.2626294380893, 1.83546876349283, -11.3869666867005
-71.2626294380893, 0.918548558181374, -11.5076444108409
-71.2626294380893, 1.20318321884931E-15, -11.6151505934307
-65.7808887120825, 7.75372655821934, -1.77635683940025E-15
-65.7808887120825, 7.8027829716021, -0.91889455034937
-65.7808887120825, 7.83090458848303, -1.83866926115626
-65.7808887120825, 7.84255251145967, -2.75881134882715
-65.7808887120825, 7.84665458147047, -3.67902468220352
-65.7808887120825, 7.84896328130265, -4.59924447300567
-65.7808887120825, 7.8495852528838, -5.51946687978789
-65.7808887120825, 7.84806272363089, -6.43968814832894
-65.7808887120825, 7.67522329933122, -7.20332498189754
-65.7808887120825, 7.59757463140928, -8.12003135852042
-65.7808887120825, 7.43165941766394, -9.02428715527479
-65.7808887120825, 7.00986491719347, -9.83324758025752
-65.7808887120824, 6.28516342963378, -10.3915189515054
-65.7808887120825, 5.43751431478039, -10.746541029349
-65.7808887120825, 4.55065204246264, -10.9907772608603
-65.7808887120825, 3.65014228305208, -11.1798040077996
-65.7808887120824, 2.74177087270614, -11.3265984799261
-65.7808887120825, 1.82932176682922, -11.445839224292
-65.7808887120825, 0.915387602766888, -11.5532209635569
-65.7808887120825, 6.58837502033457E-17, -11.647344945037
-60.2991479860756, 7.84825131324109, -1.77635683940025E-15
-60.2991479860756, 7.88351003148196, -0.90820084145128
-60.2991479860756, 7.88995863368141, -1.81706560434647
-60.2991479860756, 7.8739116807048, -2.72583395462926
-60.2991479860756, 7.84790967698468, -3.6343836731443
-60.2991479860756, 7.81938258511161, -4.54285819925696
-60.2991479860756, 7.78974827426316, -5.45129755465585
-60.2991479860756, 7.76007686131917, -6.35973580968565
-60.2991479860756, 7.55842569719801, -7.10855806728883
-60.2991479860756, 7.44275491130732, -8.00964907799272
-60.2991479860756, 7.23523362032032, -8.8940420331977
-60.2991479860756, 6.84267240603275, -9.70837806835172
-60.2991479860756, 6.16967622187469, -10.3120702107116
-60.2991479860756, 5.35702479821749, -10.7165983606149
-60.2991479860756, 4.49142143415976, -10.9921164821126
-60.2991479860756, 3.60592105293186, -11.1965740252897
-60.2991479860756, 2.70989993558028, -11.3484572427751
-60.2991479860756, 1.80815899489021, -11.4622509990549
-60.2991479860756, 0.904572314987149, -11.5605583154842
-60.2991479860756, 1.96137135740498E-17, -11.6493792247819
-54.8174072600687, 7.8936458721061, -1.77635683940025E-15
-54.8174048899669, 7.91793807875064, -0.89361649384327
-54.8174061692215, 7.9059071248159, -1.78745861723358
-54.8174071973115, 7.86576472929862, -2.68052771443528
-54.8174072600687, 7.81275165667316, -3.5729433047537
-54.8174072600687, 7.75632944219894, -4.46515130501428
-54.8174072600687, 7.6979671653663, -5.35723470394264
-54.8174072600687, 7.63837993265674, -6.24923712682943
-54.8174072600687, 7.40469304694324, -6.97868196923956
-54.8174072600687, 7.25433738235876, -7.85943439326721
-54.8174072600687, 7.00063321741069, -8.71622624716807
-54.8174072600687, 6.61706693708833, -9.52126972901337
-54.8174072600687, 6.00442897273829, -10.1668274911344
-54.8174072600687, 5.23893919978086, -10.6253728798104
-54.8174072600687, 4.40573782805315, -10.9469122460852
-54.8174072600687, 3.54211291531085, -11.177308743466
-54.8174072600687, 2.66444167967319, -11.3462855213106
-54.8174072600687, 1.77823661997583, -11.4635405596618
-54.8174072600687, 0.889290806135122, -11.5583285486533
-54.8174072600687, 3.92634864597887E-18, -11.6498757308284
-49.3356665340618, 7.90953402908806, -1.77635683940025E-15
-49.3356683392703, 7.917326702433, -0.876309579465377
-49.3356669627803, 7.88612676207194, -1.75209955381929
-49.3356665602296, 7.82324672597225, -2.62622119752502
-49.3356665340619, 7.74375265680383, -3.49901511837599
-49.3356665340618, 7.65961892393453, -4.37137714240357
-49.3356665340619, 7.57165542763077, -5.24336099691812
-49.3356665340619, 7.47898478654451, -6.11485676504875
-49.3356665340618, 7.21008963796855, -6.81978197540329
-49.3356665340618, 7.02637278798735, -7.67637538906389
-49.3356665340618, 6.73584034619718, -8.50264352281032
-49.3356665340618, 6.34447699814248, -9.28584396272937
-49.3356665340619, 5.78921451949325, -9.96035357430087
-49.3356665340618, 5.08505578912975, -10.4791277503846
-49.3356665340618, 4.29582296055824, -10.8578194163423
-49.3356665340618, 3.46159950182791, -11.1254251830322
-49.3356665340619, 2.6084550653518, -11.324709279983
-49.3356665340619, 1.7419652931279, -11.4553164711857
-49.3356665340618, 0.871075688261049, -11.5534452966304
-49.3356665340618, 1.16394504606298E-19, -11.6499963161069
-43.853925808055, 7.90178153025917, -1.77635683940025E-15
-43.853925808055, 7.88177837097913, -0.855527189908156
-43.853925808055, 7.82661485781206, -1.7094941553588
-43.853925808055, 7.73874682971192, -2.56074635466511
-43.853925808055, 7.63093883278592, -3.4097322189842
-43.853925808055, 7.51473570817822, -4.25761710750522
-43.853925808055, 7.39385991771189, -5.10484852106177
-43.853925808055, 7.26554033492094, -5.95097858023973
-43.853925808055, 6.95618199983676, -6.62393441174433
-43.853925808055, 6.73499231886092, -7.45049799912775
-43.853925808055, 6.423893292407, -8.24706020625108
-43.853925808055, 6.02058783372619, -9.00138985886177
-43.853925808055, 5.5119284885569, -9.68800265561895
-43.853925808055, 4.87810818365236, -10.2611638685187
-43.853925808055, 4.15033148292049, -10.7094758080434
-43.853925808055, 3.3585363879907, -11.0321863680084
-43.853925808055, 2.5385440135221, -11.2761676614824
-43.853925808055, 1.69823280228689, -11.436723252444
-43.853925808055, 0.849507217063673, -11.5463104498576
-43.853925808055, -4.42916268334964E-16, -11.65
-38.3721850820481, 7.85574294178475, -1.77635683940025E-15
-38.3721850820481, 7.79434347678551, -0.829392821322054
-38.3721850820481, 7.70498869733583, -1.65622594052575
-38.3721850820481, 7.58689185405976, -2.47945717749139
-38.3721850820481, 7.44764051482701, -3.29939638356407
-38.3721850820481, 7.29680967423651, -4.11729580711708
-38.3721850820481, 7.13869943082079, -4.93381866051359
-38.3721850820481, 6.91354923170254, -5.67859828299146
-38.3721850820481, 6.6159620368281, -6.38190352759061
-38.3721850820481, 6.35880652123328, -7.17275638159749
-38.3721850820481, 6.04010184293474, -7.94051375809587
-38.3721850820481, 5.63736683557384, -8.66777129033428
-38.3721850820481, 5.16136685817208, -9.34921032494778
-38.3721850820481, 4.5967847426673, -9.95885337721912
-38.3721850820481, 3.94732963806307, -10.4770143642603
-38.3721850820481, 3.22064472228458, -10.878945930705
-38.3721850820481, 2.44580091100195, -11.1804664373509
-38.3721850820481, 1.6439858747945, -11.3991889720225
-38.3721850820481, 0.823690273475717, -11.5348983360285
-38.3721850820481, 3.11082685089042E-17, -11.65
-32.8804443560412, 7.73218198094788, -1.77635683940025E-15
-32.8804443560412, 7.61418341661289, -0.79495081923733
-32.8804443560412, 7.47772153683269, -1.58693357888733
-32.8804443560412, 7.3201585968515, -2.374987202696
-32.8804443560412, 7.14360221264285, -3.15901414328974
-32.8804443560412, 6.95394444210148, -3.93998545549424
-32.8804443560412, 6.75486018831392, -4.71860485704646
-32.8804443560412, 6.4176885224298, -5.32903398412008
-32.8804443560412, 6.15470455117612, -6.08844274981788
-32.8804443560412, 5.87049229268901, -6.84014371117604
-32.8804443560412, 5.55020103677414, -7.57708247319835
-32.8804443560412, 5.17174370424777, -8.28574310973205
-32.8804443560412, 4.73193941838594, -8.95810825569604
-32.8804443560412, 4.2324154883266, -9.58724241764549
-32.8804443560412, 3.66441054689773, -10.155037733812
-32.8804443560412, 3.02484788094056, -10.6406241893477
-32.8804443560412, 2.31365882025586, -11.0135984389885
-32.8804443560412, 1.57041760583994, -11.3183009329737
-32.8804443560412, 0.792110178482415, -11.5141505424749
-32.8804443560412, 2.00991695491139E-16, -11.65
-30.6977480656385, 7.64804421358944, -1.77635683940025E-15
-30.6977480656385, 7.5035368822879, -0.778029067851782
-30.6977480656385, 7.34340651824688, -1.5529877025498
-30.6977480656385, 7.16575534351116, -2.32411768469209
-30.6977480656385, 6.97183741010937, -3.09132316212039
-30.6977480656385, 6.76545051499133, -3.85527698129357
-30.6977480656385, 6.5497610809721, -4.61665400068712
-30.6977480656385, 6.20037591954377, -5.21384030629208
-30.6977480656385, 5.92455135645061, -5.95554642295593
-30.6977480656385, 5.6315821054869, -6.69063635180925
-30.6977480656385, 5.31168472077328, -7.41435894448547
-30.6977480656385, 4.94857209962359, -8.11727526657436
-30.6977480656385, 4.53207204109995, -8.78991087582912
-30.6977480656385, 4.06218441212586, -9.4263306276079
-30.6977480656385, 3.52940349182851, -10.0107892944098
-30.6977480656385, 2.92282262519751, -10.5181178606901
-30.6977480656385, 2.2456332415201, -10.9254647052002
-30.6977480656385, 1.53080110426221, -11.2642890998253
-30.6977480656385, 0.777084854738182, -11.500447705327
-30.6977480656385, 3.72788638447804E-16, -11.65
-28.5050517752357, 7.53093616950436, -1.77635683940025E-15
-28.5050517752357, 7.35850185944991, -0.759026560991444
-28.5050517752357, 7.17313530377676, -1.51499575359388
-28.5050517752357, 6.97364518378209, -2.2673605767705
-28.5050517752357, 6.76091036054711, -3.01609111650565
-28.5050517752357, 6.53744244056613, -3.76169374934251
-28.5050517752357, 6.30553449998425, -4.50471200918716
-28.5050517752357, 5.94606431958461, -5.08899707514234
-28.5050517752357, 5.65928075034575, -5.8126049579321
-28.5050517752357, 5.35949503553007, -6.53091870621988
-28.5050517752357, 5.04144779814284, -7.24131415754817
-28.5050517752357, 4.69491194425101, -7.93820105431803
-28.5050517752357, 4.30759503294487, -8.61320824692319
-28.5050517752357, 3.87312613408453, -9.25880328340014
-28.5050517752357, 3.38059591084895, -9.86098957104006
-28.5050517752357, 2.80887089566075, -10.3880941932548
-28.5050517752357, 2.16811706416858, -10.8278631525491
-28.5050517752357, 1.48374744455511, -11.1981190491594
-28.5050517752357, 0.7597519895552, -11.4808108408225
-28.5050517752357, 5.98111248329214E-16, -11.65
-26.312355484833, 7.37147582834967, -1.77635683940025E-15
-26.312355484833, 7.17179802507215, -0.738633707366988
-26.312355484833, 6.96150290650291, -1.47431362496249
-26.312355484833, 6.74016938570792, -2.20674836163975
-26.312355484833, 6.50870238942235, -2.93604596923763
-26.312355484833, 6.26885110807453, -3.66263184684901
-26.312355484833, 6.02190088408691, -4.38683371279031
-26.312355484833, 5.65402153766387, -4.95778905731652
-26.312355484833, 5.3598728934537, -5.66413814334293
-26.312355484833, 5.05727166110752, -6.36690776467167
-26.312355484833, 4.74440276353358, -7.06516073560359
-26.312355484833, 4.41540510102055, -7.75594138232164
-26.312355484833, 4.05994018777867, -8.43343075181651
-26.312355484833, 3.66563940262387, -9.08898301440967
-26.312355484833, 3.21715070910718, -9.70849186620435
-26.312355484833, 2.68748042018236, -10.2593989447574
-26.312355484833, 2.08624702649092, -10.7317191452239
-26.312355484833, 1.43158956048255, -11.127363221716
-26.312355484833, 0.737680084412755, -11.4485053466602
-26.312355484833, 7.06863197408026E-16, -11.65
-24.1196591944302, 7.16375799624835, -1.77635683940025E-15
-24.1196591944302, 6.93936740579971, -0.717780436942493
-24.1196591944302, 6.70650100447474, -1.43285557067573
-24.1196591944302, 6.46537652118713, -2.14518925915887
-24.1196591944302, 6.21702725060352, -2.85503763883781
-24.1196591944302, 5.96280081582553, -3.56280343008918
-24.1196591944302, 5.70292005514137, -4.26851091312373
-24.1196591944302, 5.32802489470437, -4.8252454241292
-24.1196591944302, 5.03195027857056, -5.51655139934427
-24.1196591944302, 4.73213842256532, -6.2062455760209
-24.1196591944302, 4.42930051356189, -6.89461575294795
-24.1196591944302, 4.11979068703675, -7.58000672446512
-24.1196591944302, 3.79581417541424, -8.25865375075201
-24.1196591944302, 3.44254216745393, -8.92243127207486
-24.1196591944302, 3.03898286562147, -9.55668011345025
-24.1196591944302, 2.5572238154487, -10.1329748050438
-24.1196591944302, 1.99605472988902, -10.633123996947
-24.1196591944302, 1.37553914549271, -11.0573418558868
-24.1196591944216, 0.710023435589688, -11.4061874039259
-24.1196591944302, 5.02997931410334E-16, -11.65
-21.9269629040275, 6.90651090574553, -1.77635683940025E-15
-21.9269629040275, 6.66153708372711, -0.697207022039333
-21.9269629040275, 6.41021882962607, -1.39215250826596
-21.9269629040275, 6.15319506231563, -2.08500881424066
-21.9269629040275, 5.89152029571042, -2.7761227516265
-21.9269629040275, 5.62629240844184, -3.46588124679471
-21.9269629040275, 5.35652969049641, -4.1538768350667
-21.9269629040275, 4.97588936185904, -4.69505098918551
-21.9269629040275, 4.68349834734689, -5.37374173549009
-21.9269629040275, 4.39281416653785, -6.05316491972437
-21.9269629040275, 4.10499307744607, -6.7338056688293
-21.9269629040275, 3.81718506302353, -7.41445195649396
-21.9269629040275, 3.52291843109866, -8.092322696154
-21.9269629040275, 3.20793393510552, -8.76075044063769
-21.9269629040275, 2.84789620502006, -9.40582866335536
-21.9269629040275, 2.4161366864238, -10.0046942448019
-21.9269629040275, 1.89841129407561, -10.5314512686141
-21.9269629040275, 1.31723950956468, -10.9867925777518
-21.9269629040237, 0.682429275667565, -11.3637805740964
-21.9269629040275, 0, -11.6408628496911
-19.7342666136247, 6.60233370723427, -1.63265272563692E-08
-19.7342666136247, 6.34199886935564, -0.677268085382031
-19.7342666136247, 6.07744044076646, -1.35289793797407
-19.7342666136247, 5.80945499757556, -2.02717622079052
-19.7342666136247, 5.53890184600515, -2.7004286629754
-19.7342666136247, 5.26654538418055, -3.37295355763789
-19.7342666136247, 4.9904663053962, -4.04395689642319
-19.7342666136247, 4.61743197909775, -4.58604403675659
-19.7342666136247, 4.32085643915968, -5.23549952102256
-19.7342666136247, 4.04321974450416, -5.90585934907103
-19.7342666136247, 3.77288682900123, -6.5791958149339
-19.7342666136247, 3.50800914464429, -7.2547011618568
-19.7342666136247, 3.24219746188884, -7.92983824498905
-19.7342666136247, 2.96259361138389, -8.59933905668695
-19.7342666136247, 2.6447604981955, -9.25138721157639
-19.7342666136247, 2.2634222169801, -9.86809725224171
-19.7342666136247, 1.79565798498296, -10.4220384887578
-19.7342666136247, 1.26022364783296, -10.9103753592229
-19.7342666136247, 0.660385997548144, -11.3175287078679
-19.7342666136247, 0, -11.6139751423243
-17.5415703232279, 6.25568765783843, -1.67119579245748E-06
-17.5415703232247, 5.98481637029893, -0.658730662514199
-17.5415703232229, 5.71151612063867, -1.31645587507196
-17.5415703232222, 5.43651338697424, -1.97347126232781
-17.541570323222, 5.16053223406352, -2.63007636771152
-17.541570323222, 4.88423734421765, -3.28654945783839
-17.541570323222, 4.60485605789256, -3.94171279715628
-17.541570323222, 4.25265282535847, -4.50209347747933
-17.541570323222, 3.94276126603066, -5.10654302283315
-17.541570323222, 3.68045788948398, -5.76872445532505
-17.541570323222, 3.42871900331472, -6.43499048541187
-17.541570323222, 3.18718871006379, -7.1050301631711
-17.541570323222, 2.94899950822837, -7.77626902907345
-17.541570323222, 2.70209593852039, -8.44432809555948
-17.541570323222, 2.42424969837712, -9.09999123905561
-17.541570323222, 2.09152572247212, -9.72937777741696
-17.541570323222, 1.67910906377162, -10.3093125154958
-17.541570323222, 1.19535934733952, -10.8309156705095
-17.541570323222, 0.634916990506863, -11.2696854137085
-17.541570323222, 0, -11.5869398159104
-15.348874032919, 5.86875308378826, -9.19439895397619E-06
-15.348874032866, 5.59095445990351, -0.641391613077537
-15.3488740328362, 5.31233143796152, -1.28241623634229
-15.3488740328228, 5.03352980233414, -1.92336330338048
-15.3488740328194, 4.75519522811366, -2.56451331910178
-15.3488740328192, 4.47801254930473, -3.20616190818452
-15.3488740328192, 4.19860473096633, -3.8468429152239
-15.3488740328192, 3.86923096390947, -4.42600450697982
-15.3488740328192, 3.54891178197182, -4.98812130993946
-15.3488740328192, 3.30352042508683, -5.6425771428908
-15.3488740328192, 3.07146530969105, -6.30187417502253
-15.3488740328192, 2.85321808768012, -6.96587669400503
-15.3488740328192, 2.64180023426502, -7.63209394923088
-15.3488740328192, 2.42555513321711, -8.29674842260717
-15.3488740328192, 2.18537929933361, -8.95304853832663
-15.3488740328192, 1.89929660357708, -9.5905506393905
-15.3488740328192, 1.54547235686816, -10.1927350369457
-15.3488740328192, 1.11973586521165, -10.7463227581285
-15.3488740328192, 0.604710500978149, -11.2182348486851
-15.3488740328192, 0, -11.5594739715485
-13.1561777430223, 5.43988157268534, -2.70071590076351E-05
-13.1561777427049, 5.15805597533859, -0.625104088301521
-13.1561777425238, 4.87697690011244, -1.25051713853297
-13.1561777424408, 4.59727896882055, -1.87654894436531
-13.1561777424176, 4.31959877850582, -2.50347813555018
-13.1561777424165, 4.04474017490836, -3.13164886375003
-13.1561777424165, 3.7690000652658, -3.75943268797294
-13.1561777424165, 3.46505370321869, -4.35750342670382
-13.1561777424165, 3.13844797436291, -4.88221737567462
-13.1561777424165, 2.911197102523, -5.52912119226068
-13.1561777424165, 2.69940143990691, -6.181241500851
-13.1561777424165, 2.5043334600724, -6.8385664853202
-13.1561777424165, 2.31897614472549, -7.49870868101246
-13.1561777424165, 2.13182659732059, -8.15834104185654
-13.1561777424165, 1.92710547619146, -8.81268353829085
-13.1561777424165, 1.68581101506149, -9.45436068340607
-13.1561777424165, 1.39093245309162, -10.073011124808
-13.1561777424165, 1.02809039950328, -10.6543299844749
-13.1561777424165, 0.568067474629045, -11.1619198361443
-13.1561777424165, 0, -11.5312472172104
-11.0555606784905, 4.98459227389312, -0.000117210249678
-11.1531179275795, 4.71835897757914, -0.621819190642789
-11.2497676567487, 4.45460229906625, -1.24471694427401
-11.3451953966318, 4.19418042384814, -1.86920377192185
-11.4392572667845, 3.93748600101389, -2.4954387262275
-11.5319059152339, 3.68464825388534, -3.12345028170619
-11.6246669550686, 3.43150379116909, -3.75132194161813
-11.7342650196721, 3.13241116318386, -4.31902857536789
-11.833464003229, 2.86169758085181, -4.88448452024625
-11.9072747500286, 2.66026838304871, -5.5332301586915
-11.9757059871933, 2.47351984297289, -6.18693025248644
-12.0384204030433, 2.30237248268889, -6.84546589225946
-12.0981129193119, 2.13947187284298, -7.50638226546862
-12.1588782698304, 1.97364350312893, -8.16646615445032
-12.2259696983343, 1.79055129489428, -8.8213043514805
-12.3055978118184, 1.57324652943511, -9.46409405566521
-12.4037820612727, 1.30530215192927, -10.0845794859024
-12.5264212500997, 0.970620354281196, -10.6669895089199
-12.6850723166652, 0.537662303394324, -11.1704377621394
-12.8820907061161, 0, -11.527645650894
-9.48011143156643, 4.60898996055259, -0.000191067973420764
-9.65402587611403, 4.35928890852446, -0.62171865680324
-9.82560473027209, 4.11294122590098, -1.24522961633635
-9.99434554085983, 3.87066831962546, -1.87110680324889
-10.1600795684926, 3.63271246055692, -2.49943894352255
-10.3227822330924, 3.39910894002102, -3.13019120130632
-10.4855786662082, 3.16537078951159, -3.76087052543115
-10.690608610327, 2.87099505276981, -4.2931175438648
-10.8456766207269, 2.64835313574271, -4.90065796268674
-10.973147803643, 2.46533390142779, -5.55573701187252
-11.0908424821387, 2.29635147380399, -6.21638201348169
-11.1984395144164, 2.14186693846404, -6.88229002015209
-11.3013385287793, 1.99412767387382, -7.55048091073378
-11.407208831749, 1.84212232377853, -8.21723877375998
-11.5255566935527, 1.67220207549485, -8.87747829252048
-11.6669465389963, 1.46919885028712, -9.5236075972651
-11.8426558055335, 1.21692084762004, -10.1431083881421
-12.0635309430344, 0.899795065777576, -10.7161732122568
-12.3464078232358, 0.493649073911012, -11.1990809427055
-12.6902297807059, 0, -11.5251131270331
-8.21666592707911, 4.28170292821656, -0.000272684971695167
-8.45000076367683, 4.04836809161883, -0.622814203168425
-8.67964378022206, 3.81872507507361, -1.24809418895135
-8.90496974893612, 3.59339910635955, -1.8765070325328
-9.12581710071106, 3.37255175458461, -2.50809196680517
-9.34220904246885, 3.15615981282681, -3.1427533028597
-9.55878812982864, 2.93958072546702, -3.77728829179332
-9.84481357147253, 2.65355528382314, -4.27347835746414
-10.0301980126113, 2.46817084268441, -4.92394022451092
-10.1989130599482, 2.29945579534746, -5.58688212891117
-10.3538155092326, 2.14455334606311, -6.25652279357544
-10.4953324127913, 2.0030364425044, -6.93207913245032
-10.6315074909908, 1.86686136430489, -7.60984239825195
-10.7731785613749, 1.72519029392081, -8.2853318179472
-10.9335862622234, 1.56478259307225, -8.95230326005679
-11.1262416063813, 1.37212724891442, -9.60187231513392
-11.3672058533838, 1.13116300191183, -10.2179597647005
-11.6713333224465, 0.827035532849146, -10.7741801534703
-12.049992143012, 0.448376712283691, -11.2312391715805
-12.4983688552957, 0, -11.5225707958285
-7.02330660897216, 3.9459122256631, -0.000374206809173021
-7.31077511290823, 3.73120803112781, -0.625615172036544
-7.59331193827336, 3.52018720385115, -1.25434690019798
-7.87020612718671, 3.31338074335848, -1.88697673150306
-8.14124520805452, 3.11094734022557, -2.52354448187019
-8.40651527108036, 2.91282269548552, -3.16388719842983
-8.67237935306028, 2.71425439045111, -3.80384688357825
-9.01784384953395, 2.45623420583844, -4.29656277368012
-9.24218880992709, 2.28867566165103, -4.96077188032037
-9.44916028709611, 2.13409300759014, -5.63375101981903
-9.638555337732, 1.99263781775553, -6.31472777980632
-9.81154060550703, 1.86343875046443, -7.00249877148068
-9.97949189997662, 1.73799945222301, -7.69222477425298
-10.1565714352707, 1.6057424624192, -8.37835688024792
-10.360038099933, 1.453777479289, -9.05287732894288
-10.6057998262282, 1.27022320197049, -9.70493265000678
-10.9145830173394, 1.03959951476374, -10.3133631586445
-11.3042911109262, 0.748534715692561, -10.8423664762873
-11.7704252172536, 0.40038893111397, -11.2668619200891
-12.3065079298854, 0, -11.5200182976843
-5.82705034474083, 3.57565090543285, -0.000508344043271328
-6.16526508494466, 3.38331384765287, -0.631764532532942
-6.49757097260144, 3.19433705534526, -1.26715869921435
-6.82311542172126, 3.00920537988198, -1.90716747486897
-7.14174980780231, 2.82800334152781, -2.55176255469227
-7.45375452921157, 2.65057148242801, -3.2006361135141
-7.76736100737668, 2.47222873109, -3.84848603121015
-8.16357492293191, 2.24690851375278, -4.34662408860382
-8.42900052820283, 2.0959654178176, -5.02230994021173
-8.67453993021017, 1.95633127259173, -5.7079053429922
-8.89784415398066, 1.82934190079802, -6.40347037906914
-9.10246754266185, 1.71297600702239, -7.10663574147627
-9.30389719245996, 1.59842633905561, -7.81102993612067
-9.52006105436505, 1.47549757145628, -8.50957033657576
-9.77272683611533, 1.33181077343488, -9.19155668495655
-10.0802781546179, 1.15691148997521, -9.84274953854505
-10.4659966374224, 0.937559849448692, -10.435951095219
-10.94942492433, 0.662642279932341, -10.9227322789824
-11.5005087755608, 0.349250124191706, -11.305781527984
-12.1146470044752, 0, -11.5174552608392
-4.5963084735743, 3.1483414653139, -0.000693394939539352
-4.97957695343236, 2.98364294134916, -0.644935356040304
-5.35683825051044, 2.82152583012522, -1.29336240649701
-5.7270459275672, 2.66243980772589, -1.94658714560641
-6.09000290801915, 2.50646956210259, -2.60461520378838
-6.44640508280467, 2.35331605428808, -3.26687648068605
-6.80689545690408, 2.19840576127454, -3.92650178556412
-7.24724403552007, 2.00917871877191, -4.43790965396955
-7.55443445142796, 1.87717253841793, -5.12870683964486
-7.83905846306697, 1.75486361643398, -5.8308696025121
-8.09613248048158, 1.64439350620329, -6.54550025565343
-8.33394330356909, 1.5422011955811, -7.26803995135589
-8.57327191608405, 1.43935665893061, -7.98998063325116
-8.8368613918849, 1.32608671924468, -8.70173523356338
-9.15050425569457, 1.19130778636543, -9.38883240528314
-9.53705648451575, 1.02519816643086, -10.0298507977968
-10.0154050803774, 0.819641717572383, -10.5924752515091
-10.6009930942538, 0.568002236098168, -11.0178328558892
-11.2367794703965, 0.294791462944536, -11.3478701911879
-11.9227860790649, 0, -11.5148813006314
-3.32518959157624, 2.64059234828902, -0.000956918874226126
-3.74135897584638, 2.50985617611468, -0.671669567391805
-4.15329932315047, 2.38044852094765, -1.34524298972489
-4.55950123620735, 2.25284354746771, -2.02263346929514
-4.95957209120245, 2.12716459520095, -2.70402125241624
-5.35529326292199, 2.00285205998241, -3.38819623232271
-5.76140177992319, 1.87527642610139, -4.0655986090851
-6.23473070874975, 1.7265840554632, -4.60558575121063
-6.58326044941704, 1.61709631824373, -5.31735466586268
-6.90487459885188, 1.51606389153613, -6.04287444642158
-7.19394473063796, 1.42525489897671, -6.78331659544278
-7.46784119558465, 1.33921258843527, -7.53012409123553
-7.75353873224359, 1.24946306875848, -8.2720141208468
-8.0807917450399, 1.14665923973453, -8.99457607087157
-8.47717659445937, 1.02213821565226, -9.67771389035755
-8.97170839615401, 0.866785137757248, -10.2856986465581
-9.57305317571435, 0.677877645740221, -10.7740104832533
-10.2569727574114, 0.463029962163126, -11.1285505790167
-10.9771465602132, 0.236793314689323, -11.3919668006645
-11.7309251536547, 0, -11.5122960187127
-2.04982040862057, 2.02699348813193, -0.00134373709386374
-2.47054272557565, 1.93712316621901, -0.724177727505952
-2.89252852470352, 1.84698295239635, -1.44624152550007
-3.31416713064823, 1.75691690236742, -2.16851736779232
-3.73378090552133, 1.66728337567488, -2.89202413040506
-4.1559333697319, 1.57710756059212, -3.61397654793485
-4.67484789827884, 1.46626244055352, -4.190282291167
-5.08784886486331, 1.37804147313274, -4.91762496360776
-5.47106964161422, 1.29618183987255, -5.66188977982124
-5.81792476029641, 1.22209025994707, -6.42451978476321
-6.13431873967542, 1.15450547151966, -7.20096651930945
-6.45084458153476, 1.0868925160018, -7.97735724830404
-6.80182068273775, 1.01192065468687, -8.73790966634077
-7.22416721829658, 0.921703384102837, -9.4591496656484
-7.75135742383904, 0.809090500088669, -10.1031299783986
-8.39248166561654, 0.672140213230297, -10.6275646789826
-9.13879451754689, 0.512720630413429, -10.9796265563364
-9.91760451449506, 0.346359345751173, -11.249133187645
-10.7201120563347, 0.174936038224627, -11.4314659266392
-11.5390642282445, 0, -11.5096990022035
-0.890712511353739, 1.2883604027855, -0.00192434116344839
-1.25307626752563, 1.24371300394336, -0.820115580100599
-1.62762113581132, 1.19756475143794, -1.63272556112949
-2.01156067584026, 1.15025896689692, -2.44087411811219
-2.40502999200171, 1.10177900389953, -3.24435082586453
-2.82180294605364, 1.05042776363545, -4.03567380506808
-3.32302197680972, 0.988671791653455, -4.71820126706264
-3.73978396120877, 0.937321902977273, -5.50964051673226
-4.1212667286637, 0.890318821184822, -6.31884042368984
-4.46522904080388, 0.847938692722125, -7.14503354078891
-4.80597397017439, 0.805954982966592, -7.97259520079062
-5.18636763343719, 0.7590860913861, -8.78216421219021
-5.6553302444987, 0.701304482763558, -9.54244389662503
-6.26101376939317, 0.626677278890402, -10.1956763104729
-7.00334236280818, 0.535213824784883, -10.6826911869539
-7.83965853480588, 0.432170015757779, -10.9860383214606
-8.69953143744724, 0.326223745514422, -11.21320203308
-9.57458830933088, 0.21840663493668, -11.3717809122979
-10.4595002710614, 0.109375263496672, -11.4547757614305
-11.3472033028342, 0, -11.5070898227864
-0.116332376958823, 0.43929119345751, -0.00279205122152353
-0.307230877406858, 0.431694495013761, -0.976856213451158
-0.510768898771839, 0.42359481394493, -1.94835395688775
-0.729266479530031, 0.414899825624891, -2.9165836136946
-0.972150585361302, 0.405234389257138, -3.87894236411651
-1.29693111399483, 0.392309930811211, -4.8033116207271
-1.61196238996947, 0.37977343839083, -5.74453980880178
-1.90404508891297, 0.368150171684688, -6.69309545109324
-2.17297352134878, 0.357448315989801, -7.64853881282036
-2.45785071854332, 0.34611178817262, -8.59924723514941
-2.82871640882708, 0.331353396642009, -9.51887278439793
-3.4196793592566, 0.307836358449959, -10.3095005763919
-4.27914376141766, 0.273634456019971, -10.7860785405252
-5.23086395880304, 0.235761286113482, -11.0638257287965
-6.20623556088859, 0.196946921861011, -11.242170624711
-7.19149342568076, 0.157739139345214, -11.3555516767777
-8.18098364418814, 0.118362932694045, -11.4227092963101
-9.17241674567248, 0.0789094101076912, -11.4496036051613
-10.1638258798621, 0.0394568412863491, -11.4789431835435
-11.155342377424, 0, -11.5044680357305
