-109.579997112877, 6.50261889177597, -1.77635683940025E-15
-109.579997112877, 6.65979321687201, -0.780371794408181
-109.579997112877, 6.78274025481555, -1.56687329836119
-109.579997112877, 6.87689265568797, -2.35736406411014
-109.579997112877, 6.95194982789467, -3.14991789828596
-109.579997112877, 7.01764803598224, -3.9433101824569
-109.579997112877, 7.07789658177243, -4.73713599547711
-109.579997112877, 7.13462503534433, -5.53122184087495
-109.579997112877, 7.18976280818067, -6.32542004518958
-109.579997112877, 7.25742940999482, -7.11832164692862
-109.579997112877, 7.06350929443651, -7.84687811106422
-109.579997112877, 6.33776172446035, -8.16036165235813
-109.579997112877, 5.55837587627171, -8.32077227415947
-109.579997112877, 4.76713102354391, -8.4044022825007
-109.579997112877, 3.97352291400317, -8.46744427867152
-109.579997112877, 3.17942419094802, -8.52389631476257
-109.579997112877, 2.38479210725867, -8.57236197416221
-109.579997112877, 1.5900342974838, -8.61874103019365
-109.579997112877, 0.795268494465832, -8.66498299017969
-109.579997112877, 1.12910336625899E-21, -8.70152559250088
-107.442118229735, 6.68303558942667, -1.77635683940025E-15
-107.442118229735, 6.7934088086734, -0.801658355745903
-107.442118229735, 6.89427326975587, -1.6045654097912
-107.442118229735, 6.98362723274712, -2.40883406270243
-107.442118229735, 7.06240777246187, -3.21420962584979
-107.442118229735, 7.13308542299422, -4.02033882797358
-107.442118229735, 7.19830921468107, -4.82692932929593
-107.442118229735, 7.26139208147933, -5.63369083307362
-107.442118229735, 7.32565387300599, -6.44035887992359
-107.442118229735, 7.34232487491942, -7.20813321187957
-107.442118229735, 7.19610153778802, -7.96902955062424
-107.442118229735, 6.45377421888095, -8.27372031887469
-107.442118229735, 5.65734913503289, -8.41424998866215
-107.442118229735, 4.85073544736392, -8.47668944260049
-107.442118229735, 4.04261337109633, -8.51889523717036
-107.442118229735, 3.23430580275081, -8.55738173063413
-107.442118229735, 2.42585371149872, -8.59271408031215
-107.442118229735, 1.6173270335355, -8.62629951411681
-107.442118229735, 0.808736350283021, -8.65830961352167
-107.442118229735, 1.86668137578729E-17, -8.68638778571041
-105.249421939332, 6.78220441419545, -1.77635683940025E-15
-105.249421939332, 6.87898936522173, -0.814226087874471
-105.249421939332, 6.97384219835282, -1.62867851817446
-105.249421939332, 7.06309512278034, -2.4437619509998
-105.249421939332, 7.1453902417389, -3.25957755425362
-105.249421939332, 7.22215793308234, -4.07593309834562
-105.249421939332, 7.29507601960972, -4.89264197205717
-105.249421939332, 7.36554746844046, -5.70956594868487
-105.249421939332, 7.43497590231055, -6.52657938014112
-105.249421939332, 7.40184355802516, -7.26413631391208
-105.249421939332, 7.28742059603646, -8.05343960088127
-105.249421939332, 6.54287276060809, -8.36837790002065
-105.249421939332, 5.73292388110838, -8.49341413428701
-105.249421939332, 4.91499100697543, -8.54966368369898
-105.249421939332, 4.09613799837526, -8.59220626759582
-105.249421939332, 3.27709280941655, -8.63086839899719
-105.249421939332, 2.45792286567857, -8.66680864935055
-105.249421939332, 1.63872233294741, -8.70205244035128
-105.249421939332, 0.819443482136819, -8.73541204135769
-105.249421939332, 9.75032767849634E-16, -8.76443860947711
-103.056725648929, 6.85787682744294, -1.77635683940025E-15
-103.056725648929, 6.95194001518823, -0.825459111206223
-103.056725648929, 7.04467683575068, -1.65106805108175
-103.056725648929, 7.13435239035213, -2.47701456177251
-103.056725648929, 7.21922915563984, -3.30346711792284
-103.056725648929, 7.29902634482806, -4.13042667047355
-103.056725648929, 7.37634791891257, -4.95762175585421
-103.056725648929, 7.45170038805063, -5.78499850931487
-103.056725648929, 7.524286032091, -6.61262208241313
-103.056725648929, 7.4539997351195, -7.33156793688884
-103.056725648929, 7.36076379052995, -8.14394421323699
-103.056725648929, 6.62888998890488, -8.49551449856097
-103.056725648929, 5.80771573844296, -8.61888912156213
-103.056725648929, 4.9790620247382, -8.67778523648964
-103.056725648929, 4.14955497758174, -8.72411305068462
-103.056725648929, 3.31981333033185, -8.76604592737886
-103.056725648929, 2.48997457001361, -8.80602574240365
-103.056725648929, 1.66015007529267, -8.84629793107467
-103.056725648929, 0.830212174385667, -8.88414293308183
-103.056725648929, 2.14050291852372E-16, -8.91539459994312
-100.864029358526, 6.92255482858243, -1.77635683940025E-15
-100.864029358526, 7.01959111327839, -0.836197538808065
-100.864029358526, 7.11332320442653, -1.6727712526797
-100.864029358526, 7.20246220745189, -2.50984657341063
-100.864029358526, 7.28714847982397, -3.34738444337225
-100.864029358526, 7.36828721890864, -4.18527386146257
-100.864029358526, 7.44747845913605, -5.02334980916663
-100.864029358526, 7.52462938344254, -5.86161600868444
-100.864029358526, 7.59778733169454, -6.70023817462642
-100.864029358526, 7.50142386151215, -7.41140582092329
-100.864029358526, 7.41948604709521, -8.2414093471751
-100.864029358526, 6.71257476813667, -8.64754058260487
-100.864029358526, 5.88241414252681, -8.78392276478231
-100.864029358526, 5.04345212511505, -8.85240610301543
-100.864029358527, 4.20330228574654, -8.90518001285201
-100.864029358526, 3.36282703247472, -8.95254614013446
-100.864029358526, 2.52229388033317, -8.9988813220492
-100.864029358526, 1.6818011934906, -9.04594149946891
-100.864029358526, 0.841123660350297, -9.08954351051894
-100.864029358526, 1.31511587378162E-15, -9.12345108111829
-98.6713330681237, 6.98039071409028, -1.77635683940025E-15
-98.6713330681237, 7.08145725909291, -0.846439854034483
-98.6713330681237, 7.17633614670193, -1.6935952364982
-98.6713330681237, 7.26518377549783, -2.54140483521576
-98.6713330681237, 7.34949618748053, -3.38967849569972
-98.6713330681237, 7.43079481280424, -4.23824660616058
-98.6713330681237, 7.51025249467483, -5.08698914478278
-98.6713330681237, 7.58736640090649, -5.93594770828349
-98.6713330681237, 7.65895433860857, -6.78538530177474
-98.6713330681237, 7.54417612493881, -7.49568170187194
-98.6713330681237, 7.4657103391497, -8.33928112779301
-98.6713330681237, 6.78886983337422, -8.80392003471355
-98.6713330681237, 5.95262122318694, -8.96563821197524
-98.6713330681237, 5.10443472016921, -9.05002514789876
-98.6713330681237, 4.25439422225104, -9.11403127651205
-98.6713330681237, 3.40383751250749, -9.17086684574272
-98.6713330681237, 2.55320418591456, -9.22655148850875
-98.6713330681237, 1.70256986307115, -9.28221300381512
-98.6713330681237, 0.85162422601703, -9.33285659594104
-98.6713330681237, 1.64385897123355E-15, -9.37033436002266
-96.4786367777209, 7.03399785306168, -1.77635683940025E-15
-96.4786367777209, 7.13821548355538, -0.856047880109484
-96.4786367777209, 7.23417317830525, -1.71306088658248
-96.4786367777209, 7.32277340488703, -2.57086709896468
-96.4786367777209, 7.40640413487479, -3.42917334358595
-96.4786367777209, 7.48708809365392, -4.28776204013381
-96.4786367777209, 7.56575481438897, -5.14653791101698
-96.4786367777209, 7.64156972531251, -6.00556980367833
-96.4786367777209, 7.7096665935683, -6.86523653648063
-96.4786367777209, 7.58245252911753, -7.57899322422176
-96.4786367777209, 7.50217264695377, -8.43351636697766
-96.4786367777209, 6.85330387379709, -8.95108561268817
-96.4786367777209, 6.01457248261575, -9.14757681350818
-96.4786367777209, 5.15895889097919, -9.25439015392269
-96.4786367777209, 4.30049913209158, -9.33631262492068
-96.4786367777209, 3.4411321206018, -9.40822234122333
-96.4786367777209, 2.58149663629762, -9.4768619547094
-96.478636777721, 1.72166557814156, -9.54299096705678
-96.478636777721, 0.861320608934738, -9.60202742740463
-96.4786367777209, 2.11348693335845E-15, -9.64437024325958
-94.2859404873182, 7.08502565541645, -1.77635683940025E-15
-94.2859404873182, 7.19013438825428, -0.865024756413138
-94.2859404873182, 7.28657904832709, -1.73105795583235
-94.2859404873182, 7.37506018641264, -2.59794237420847
-94.2859404873182, 7.45802493990521, -3.46537356840556
-94.2859404873182, 7.53762131759259, -4.33312090706811
-94.2859404873182, 7.6148009396437, -5.20108649148276
-94.2859404873182, 7.68841190427017, -6.06936137068964
-94.2859404873182, 7.70282070625156, -6.89258476554027
-94.2859404873182, 7.61654298437957, -7.65829250387043
-94.2859404873182, 7.53050188090521, -8.52169979682422
-94.2859404873182, 6.90309932127851, -9.08229118615028
-94.2859404873182, 6.06554200322714, -9.31864153408394
-94.2859404873182, 5.20490875202962, -9.45422295402941
-94.2859404873182, 4.34016009259281, -9.56146235443425
-94.2859404873182, 3.47375553518771, -9.6545049327828
-94.2859404873181, 2.60653847740377, -9.73966761261688
-94.2859404873182, 1.73871623025202, -9.81840666387658
-94.2859404873182, 0.870008293061073, -9.88666472860334
-94.2859404873182, 3.6011973640526E-15, -9.93539587246734
-92.0932441969154, 7.13394858869958, -1.77635683940025E-15
-92.0932441969154, 7.23811315814198, -0.873564161219839
-92.0932441969154, 7.33442429350424, -1.74802793442389
-92.0932441969155, 7.42273547420618, -2.62333683386527
-92.0932441969154, 7.5049379240048, -3.4992417538706
-92.0932441969154, 7.58307464573588, -4.37551956918483
-92.0932441969154, 7.65828117000272, -5.25205356908046
-92.0932441969155, 7.72907596337633, -6.1289538061051
-92.0932441969155, 7.66432979364842, -6.89097048439693
-92.0932441969154, 7.64654231895082, -7.73442275274966
-92.0932441969154, 7.5522014424755, -8.60541377428313
-92.0932441969155, 6.94121887791236, -9.20134786851344
-92.0932441969154, 6.10745128712699, -9.47792850030464
-92.0932441969154, 5.2438665552483, -9.6450094300336
-92.0932441969155, 4.37472406771689, -9.78108587903145
-92.0932441969155, 3.50280079637017, -9.89812340771692
-92.0932441969155, 2.62911362855849, -10.0012093714164
-92.0932441969155, 1.7541183238547, -10.0925236510542
-92.0932441969155, 0.87790407645306, -10.1713167046086
-92.0932441969154, 4.63940802878232E-15, -10.2279117099225
-89.9005479065127, 7.18098640851714, -1.77635683940025E-15
-89.9005479065127, 7.28309647206061, -0.881778196315215
-89.9005479065127, 7.37870315355743, -1.76428375476506
-89.9005479065127, 7.4665572238626, -2.64759473487636
-89.9005479065127, 7.5477268542657, -3.53154627956571
-89.9005479065127, 7.62409496710373, -4.41592655333394
-89.9005479065127, 7.69701306552356, -5.3005978553969
-89.9005479065127, 7.76465694362783, -6.18568621124923
-89.9005479065127, 7.65680016685582, -6.92057357752361
-89.9005479065127, 7.67240096218217, -7.80805809795143
-89.9005479065127, 7.56865440204059, -8.68586981646631
-89.9005479065127, 6.9721643542677, -9.31275611756981
-89.9005479065127, 6.14359821172268, -9.62691028854818
-89.9005479065127, 5.27828490518139, -9.82416713477335
-89.9005479065127, 4.40593456135959, -9.9882060454799
-89.9005479065127, 3.52943489139049, -10.1284539744945
-89.9005479065128, 2.64995775039796, -10.2486776916639
-89.9005479065127, 1.76834615011482, -10.3521161246962
-89.9005479065127, 0.885203161098605, -10.4416216187492
-89.9005479065127, 5.97403698661641E-15, -10.507272392998
-87.6978516161099, 7.22654271610683, -1.77635683940025E-15
-87.6978516161099, 7.32609043560025, -0.88970149985074
-87.6978516161099, 7.42043127193435, -1.77996857244901
-87.69785161611, 7.50731359805906, -2.67099380313473
-87.69785161611, 7.58704040861766, -3.5626884815795
-87.69785161611, 7.66138678778701, -4.45484939704989
-87.69785161611, 7.73185142923699, -5.34732501708941
-87.69785161611, 7.796267676835, -6.24025498567748
-87.69785161611, 7.68344420920398, -6.98408474554538
-87.6978516161099, 7.69415144552862, -7.87921726397888
-87.6978516161099, 7.58144059308863, -8.76352079822425
-87.6978516161099, 7.00046472833589, -9.41971233363583
-87.6978516161099, 6.17776480565732, -9.76787850273796
-87.6978516161099, 5.31083825348134, -9.99061002709582
-87.6978516161099, 4.4354330393872, -10.1778908677434
-87.6978516161099, 3.55457300015727, -10.3375889551218
-87.69785161611, 2.66955335957547, -10.4724088447069
-87.6978516161099, 1.78166253728506, -10.5868614911433
-87.6978516161099, 0.892005314892698, -10.686770776122
-87.6978516161099, 6.15550490061804E-15, -10.7624595276898
-82.2261108901031, 7.33801959722974, -1.77635683940025E-15
-82.2261108901031, 7.43059336069154, -0.907091260879375
-82.2261108901031, 7.51854178032731, -1.81464103030402
-82.2261108901031, 7.59904842312638, -2.72288015513176
-82.2261108901031, 7.67208579633239, -3.63175116535422
-82.2261108901031, 7.73955905365093, -4.5410537236335
-82.2261108901031, 7.80283866729778, -5.45065741922846
-82.2261108901031, 7.85913529056701, -6.36071610241534
-82.2261108901031, 7.73457863064344, -7.12270646469108
-82.2261108901031, 7.72825714151751, -8.03444079638592
-82.2261108901031, 7.60176438503015, -8.93404008180129
-82.226110890103, 7.06823904824076, -9.65779670569889
-82.2261108901031, 6.26410743124318, -10.0796317665313
-82.2261108901031, 5.3903504694204, -10.3389592922488
-82.2261108901031, 4.50370172073345, -10.5514437905631
-82.2261108901031, 3.61042607671948, -10.7341036511864
-82.2261108901031, 2.71184073316792, -10.8886234684009
-82.2261108901031, 1.80993009611247, -11.0224761630184
-82.2261108901031, 0.906166458138405, -11.1432666395357
-82.2261108901031, 4.42759365811556E-15, -11.2442134404109
-76.7443701640962, 7.47014003657694, -1.77635683940025E-15
-76.7443701640962, 7.55151050182926, -0.918622378112663
-76.7443701640962, 7.62495609334644, -1.83791048454643
-76.7443701640962, 7.68944348723041, -2.75787097858955
-76.7443701640962, 7.74680656133052, -3.67830468959703
-76.7443701640962, 7.79961140039814, -4.59901237493501
-76.7443701640962, 7.8489374952783, -5.5199126917601
-76.7443701640962, 7.8922314334422, -6.44111323707288
-76.7443701640962, 7.75444307312055, -7.21247720697593
-76.7443701640962, 7.72806499873902, -8.13427694075506
-76.7443701640962, 7.59424293571718, -9.04426765006916
-76.7443701640962, 7.10405574261122, -9.81367853502362
-76.7443701640962, 6.32545130926196, -10.2974612119854
-76.7443701640962, 5.44932629855443, -10.5827452799901
-76.7443701640963, 4.55255300173975, -10.7975937875377
-76.7443701640963, 3.64899726668057, -10.9819896796819
-76.7443701640962, 2.74018984234071, -11.1385535204515
-76.7443701640962, 1.82847359652299, -11.2772966222031
-76.7443701640962, 0.915159031853503, -11.4051378299613
-76.7443701640962, 8.84182996659213E-16, -11.5189337952579
-71.2626294380893, 7.62756813743849, -1.77635683940025E-15
-71.2626294380893, 7.69208230720981, -0.922360276433873
-71.2626294380893, 7.74246214330491, -1.84559975351709
-71.2626294380893, 7.780598429859, -2.7694304963313
-71.2626294380893, 7.81173652564427, -3.69352706594692
-71.2626294380893, 7.83970568667414, -4.6177258160883
-71.2626294380894, 7.86554501102197, -5.54198647607143
-71.2626294380894, 7.88788961520406, -6.4663372538765
-71.2626294380893, 7.73492531191951, -7.23732478417196
-71.2626294380893, 7.68558163010203, -8.16052395447808
-71.2626294380893, 7.54107278838522, -9.07226974835728
-71.2626294380893, 7.08689978763201, -9.86711350443226
-71.2626294380893, 6.33268878431661, -10.3919593066546
-71.2626294380893, 5.46561363025504, -10.7093471194219
-71.2626294380893, 4.56921905205094, -10.9351258398564
-71.2626294380893, 3.66297227248618, -11.1182627439605
-71.2626294380893, 2.75069335008657, -11.268609900824
-71.2626294380893, 1.83524468631929, -11.3984646773158
-71.2626294380893, 0.918358043001972, -11.517799571171
-71.2626294380893, 2.36923045429504E-16, -11.6251596830242
-65.7808887120825, 7.76013835612465, -1.77635683940025E-15
-65.7808887120825, 7.80835123213606, -0.918470095614082
-65.7808887120825, 7.83520882900508, -1.83781406343278
-65.7808887120825, 7.84530543776766, -2.75750671727659
-65.7808887120825, 7.84776875894884, -3.67725818475431
-65.7808887120824, 7.8484037046397, -4.59701312955969
-65.7808887120824, 7.8474257440879, -5.51676763720448
-65.7808887120824, 7.84451611442505, -6.43651800668792
-65.7808887120825, 7.67035033621182, -7.19950825328436
-65.7808887120825, 7.59080383971987, -8.11557272626078
-65.7808887120825, 7.42318251379428, -9.01906730754257
-65.7808887120825, 7.00337252930875, -9.8286729488223
-65.7808887120825, 6.28096572601107, -10.3891870711706
-65.7808887120825, 5.43486982274239, -10.7467367862398
-65.7808887120825, 4.54844425606114, -10.9907207996038
-65.7808887120825, 3.64813794650856, -11.1784513215999
-65.7808887120825, 2.74018199079432, -11.3249000263875
-65.7808887120825, 1.82818191129884, -11.4439670871075
-65.7808887120825, 0.914720099449601, -11.5513632786372
-65.7808887120825, 6.1566401872963E-17, -11.6474149604409
-60.2991479860756, 7.84329617091739, -1.77635683940025E-15
-60.2991479860756, 7.87942592232983, -0.909134446412631
-60.2991479860756, 7.8872836968802, -1.81895527500969
-60.2991479860756, 7.87310333766205, -2.72872105262131
-60.2991479860756, 7.8491891029372, -3.63829422312442
-60.2991479860756, 7.82280855752541, -4.54779975450013
-60.2991479860756, 7.79533502485955, -5.45727318114133
-60.2991479860756, 7.76780357021493, -6.36674499973962
-60.2991479860756, 7.56840824649413, -7.11680420027912
-60.2991479860756, 7.45545029877394, -8.01922719090903
-60.2991479860756, 7.2514157614859, -8.90540677541877
-60.2991479860756, 6.85746625696918, -9.7198847881208
-60.2991479860756, 6.18025771445281, -10.3202252040638
-60.2991479860756, 5.36467932508603, -10.7210556715255
-60.2991479860756, 4.49687176609106, -10.9928110810982
-60.2991479860756, 3.60965524997704, -11.1941294626851
-60.2991479860756, 2.71246644618008, -11.344960992116
-60.2991479860756, 1.80979596579993, -11.4591137044136
-60.2991479860756, 0.905332112443473, -11.5582937978469
-60.2991479860756, 2.15779496145722E-17, -11.6492359049345
-54.8174072600687, 7.88788027176009, -1.77635683940025E-15
-54.8174028714553, 7.91503275292222, -0.896424710966549
-54.8174044780462, 7.90623699213862, -1.79316837235273
-54.8174071014822, 7.86983655714546, -2.68928619896286
-54.8174072600687, 7.82164009270425, -3.58486211605065
-54.8174072600687, 7.77024727686008, -4.4802617003877
-54.8174072600687, 7.71714840861832, -5.37556177932791
-54.8174072600687, 7.66322465760818, -6.27081262227134
-54.8174072600687, 7.43521293364397, -7.00404713411732
-54.8174072600687, 7.2899320603015, -7.88857879747574
-54.8174072600687, 7.04449402208036, -8.75078033588381
-54.8174072600687, 6.66134094816375, -9.55878514284221
-54.8174072600687, 6.0380716200661, -10.1978587669471
-54.8174072600687, 5.26301815688535, -10.6460333805934
-54.8174072600687, 4.42301687431766, -10.9578580750648
-54.8174072600687, 3.55462456206335, -11.1814765877192
-54.8174072600687, 2.67317674120329, -11.3461396985985
-54.8174072600687, 1.78391472729711, -11.4623175457277
-54.8174072600687, 0.892120903471162, -11.5575940638141
-54.8174072600687, -4.38474169669787E-16, -11.6498011662567
-49.3356665340618, 7.90764162845407, -1.77635683940025E-15
-49.3356667165582, 7.91988931374653, -0.881092999709768
-49.3356665772124, 7.89472823977298, -1.76190680343768
-49.3356665366567, 7.83830813131488, -2.64130781671067
-49.3356665340618, 7.76605210912584, -3.51957458017908
-49.3356665340618, 7.68951019561, -4.39748083925238
-49.3356665340619, 7.6097534633587, -5.27510077435295
-49.3356665340618, 7.52644411108647, -6.15239048484851
-49.3356665340618, 7.26596258070516, -6.8641123398963
-49.3356665340619, 7.08719352450969, -7.72666430386542
-49.3356665340619, 6.80519408042254, -8.56106403891995
-49.3356665340619, 6.4189015914373, -9.35189379207855
-49.3356665340618, 5.85093235075317, -10.021542613671
-49.3356665340619, 5.12988357167977, -10.524883372678
-49.3356665340619, 4.32766788737416, -10.8871867933218
-49.3356665340619, 3.48439715119995, -11.1422461610442
-49.3356665340619, 2.62400921120463, -11.3315548933534
-49.3356665340619, 1.75191551342632, -11.4574187545117
-49.3356665340619, 0.876019275992946, -11.55422763423
-49.3356665340619, 4.81995943513325E-19, -11.6499829320798
-43.853925808055, 7.90710484836267, -1.77635683940025E-15
-43.853925808055, 7.89731680269939, -0.862286127615798
-43.853925808055, 7.8510568749352, -1.72337371540445
-43.853925808055, 7.77179201307204, -2.58208459798395
-43.853925808055, 7.67341256912168, -3.43884516453752
-43.853925808055, 7.56761094616179, -4.29472677273462
-43.853925808055, 7.45783940998045, -5.15010838677819
-43.853925808055, 7.34218648782784, -6.00471145534585
-43.853925808055, 7.042680266168, -6.68764996863004
-43.853925808055, 6.82347056490591, -7.52153987405994
-43.853925808055, 6.51571183000718, -8.32656169821472
-43.853925808055, 6.11957612763315, -9.09205542073616
-43.853925808055, 5.60291931590683, -9.78039626213537
-43.853925808055, 4.9494135714962, -10.3408082472374
-43.853925808055, 4.20064868406194, -10.766610823845
-43.853925808055, 3.39319961637832, -11.0678833888519
-43.853925808055, 2.56172283198826, -11.2955610475678
-43.853925808055, 1.71240607591873, -11.4438691017591
-43.853925808055, 0.856427965018168, -11.5487083041339
-43.853925808055, 8.79121144019212E-20, -11.65
-38.3721850820481, 7.87691881483526, -1.77635683940025E-15
-38.3721850820481, 7.83066392790966, -0.837739943867141
-38.3721850820481, 7.75377284824051, -1.67320951119462
-38.3721850820481, 7.64642460361946, -2.50533102323234
-38.3721850820481, 7.51804025874264, -3.33449221167788
-38.3721850820481, 7.37907416013881, -4.16195569125143
-38.3721850820481, 7.23374083733946, -4.98832435993002
-38.3721850820481, 7.06412326717251, -5.79637864657739
-38.3721850820481, 6.73023215522741, -6.4564951099646
-38.3721850820481, 6.46461941050803, -7.25230669171471
-38.3721850820481, 6.13962912779436, -8.02547539720415
-38.3721850820481, 5.73938625142918, -8.76257892490485
-38.3721850820481, 5.26403728791212, -9.45325667981091
-38.3721850820481, 4.68756627664975, -10.0615873828873
-38.3721850820481, 4.0167307124861, -10.5637278518119
-38.3721850820481, 3.2672151601318, -10.9382957583068
-38.3721850820481, 2.4767131414629, -11.2189084510502
-38.3721850820481, 1.66131981941517, -11.4146447465702
-38.3721850820481, 0.831723862924328, -11.5393362583164
-38.3721850820481, 1.42536058318443E-17, -11.65
-32.8804443560412, 7.77939454470603, -1.77635683940025E-15
-32.8804443560412, 7.67980044722872, -0.804444108349951
-32.8804443560412, 7.55888234329071, -1.60594928683965
-32.8804443560412, 7.41448681260371, -2.40356112414048
-32.8804443560412, 7.25016606980459, -3.1973193490636
-32.8804443560412, 7.07266067674452, -3.98824516655583
-32.8804443560412, 6.88616187316555, -4.77709713844722
-32.8804443560412, 6.57145671178789, -5.41180532198914
-32.8804443560412, 6.29058410198028, -6.16056221781708
-32.8804443560412, 5.98462030893797, -6.91115440651472
-32.8804443560412, 5.64491399642688, -7.64701901773852
-32.8804443560412, 5.25585077469919, -8.35793174018495
-32.8804443560412, 4.81497959506858, -9.03792233996982
-32.8804443560412, 4.31342602471354, -9.67421404286185
-32.8804443560412, 3.73839253645148, -10.2446605782607
-32.8804443560412, 3.0820321641527, -10.7184652398565
-32.8804443560412, 2.35199965717116, -11.0698757948924
-32.8804443560412, 1.59166802964914, -11.3493611844347
-32.8804443560412, 0.800414265865026, -11.5218761894146
-32.8804443560412, 1.22555001031126E-16, -11.65
-30.6977480656385, 7.70983760735926, -1.77635683940025E-15
-30.6977480656385, 7.58452460428447, -0.788012999103413
-30.6977480656385, 7.44148259676493, -1.57299360627681
-30.6977480656385, 7.27852364712769, -2.35408199900323
-30.6977480656385, 7.0975409242626, -3.13119909917931
-30.6977480656385, 6.9034127877847, -3.90514690971382
-30.6977480656385, 6.69987453667462, -4.67667120668153
-30.6977480656385, 6.3599366138839, -5.28098493487415
-30.6977480656385, 6.07206027338169, -6.02503643943072
-30.6977480656385, 5.75234263924254, -6.75607295836413
-30.6977480656385, 5.40720255710007, -7.47543028231872
-30.6977480656385, 5.02621662659952, -8.17639538253952
-30.6977480656385, 4.60254483554077, -8.85239063590578
-30.6977480656385, 4.12979685240439, -9.4948794742904
-30.6977480656385, 3.59388609946018, -10.0854157433991
-30.6977480656385, 2.98156882510944, -10.5958277026313
-30.6977480656385, 2.28623143829896, -10.9853388450165
-30.6977480656385, 1.55491010327047, -11.3035553227017
-30.6977480656385, 0.785671709602729, -11.5106864166301
-30.6977480656385, 2.4710903788078E-16, -11.65
-28.5050517752357, 7.61416396602112, -1.77635683940025E-15
-28.5050517752357, 7.46091891529919, -0.769383583288259
-28.5050517752357, 7.29303120122642, -1.53570040754001
-28.5050517752357, 7.10883685582394, -2.29826115681985
-28.5050517752357, 6.90938998334124, -3.05697954852773
-28.5050517752357, 6.69793975947614, -3.81244750894608
-28.5050517752357, 6.47747424334161, -4.56533162648607
-28.5050517752357, 6.12578826033281, -5.15562989816457
-28.5050517752357, 5.82165251195103, -5.87865478458351
-28.5050517752357, 5.48930389269611, -6.5892591697423
-28.5050517752357, 5.13938159709144, -7.29137585253491
-28.5050517752357, 4.76713250064251, -7.98188699897269
-28.5050517752357, 4.36465522058485, -8.65518839196362
-28.5050517752357, 3.92335241144853, -9.30360866965852
-28.5050517752357, 3.42853150679378, -9.91192835930144
-28.5050517752357, 2.86001360550219, -10.4515143404278
-28.5050517752357, 2.20837236022399, -10.8853568697533
-28.5050517752357, 1.5099306410243, -11.241964128298
-28.5050517752357, 0.769005778560332, -11.4948336153602
-28.5050517752357, 4.49480922471863E-16, -11.65
-26.3123554848327, 7.48143960274067, -1.77635683940025E-15
-26.3123554848329, 7.29931479643884, -0.748694486404301
-26.312355484833, 7.1051386411839, -1.49435198430668
-26.312355484833, 6.89804264352853, -2.23652450927346
-26.312355484833, 6.67886108209748, -2.97522062752536
-26.312355484833, 6.44968728482004, -3.71088198111209
-26.312355484833, 6.2125625775864, -4.44401723131847
-26.312355484833, 5.85075276782264, -5.01990944983089
-26.312355484833, 5.53333499091343, -5.72190166117782
-26.312355484833, 5.19105889078948, -6.41222777313284
-26.312355484833, 4.83859075579261, -7.09741528070711
-26.312355484833, 4.47580455652735, -7.77719013734049
-26.312355484833, 4.09724489538539, -8.44828788683936
-26.312355484833, 3.69170051371303, -9.10335518864443
-26.312355484833, 3.24123893728438, -9.7282003097215
-26.312355484833, 2.72048845306876, -10.2951531304485
-26.312355484833, 2.11953484549936, -10.7751840040246
-26.312355484833, 1.45636668003925, -11.1669179809111
-26.312355484833, 0.749535718291915, -11.4715044375645
-26.312355484833, 6.77187314895874E-16, -11.65
-24.1196591944302, 7.30169338432685, -1.77635683940025E-15
-24.1196591944302, 7.0910744132784, -0.726468739809942
-24.1196591944302, 6.87065873167358, -1.45002435649013
-24.1196591944302, 6.64038070318579, -2.17050251024834
-24.1196591944302, 6.40113975678398, -2.88805569547789
-24.1196591944302, 6.15433283064937, -3.60304344231442
-24.1196591944302, 5.90094576302956, -4.31572438057116
-24.1196591944302, 5.52941279269951, -4.87546107644986
-24.1196591944302, 5.20330921680658, -5.55782265658182
-24.1196591944302, 4.85603490727949, -6.22977151023448
-24.1196591944302, 4.50553747795251, -6.90005262041459
-24.1196591944302, 4.1547884870105, -7.57020193786733
-24.1196591944302, 3.80138656565358, -8.23895365859031
-24.1196591944302, 3.4345967978404, -8.90041597005404
-24.1196591944302, 3.03157041371704, -9.54027980673151
-24.1196591944302, 2.56495374505544, -10.1347924772521
-24.1196591944302, 2.01908998050977, -10.65759509375
-24.1196591944302, 1.39545474448337, -11.0848623620433
-24.1196591944266, 0.721540905324608, -11.4264726438383
-24.1196591944302, 5.86236569510593E-16, -11.65
-21.9269629040275, 7.06835569235102, -1.77635683940025E-15
-21.9269629040275, 6.83100993502979, -0.703342016682778
-21.9269629040275, 6.58600769808051, -1.40405403274129
-21.9269629040275, 6.33393166324641, -2.1022532412406
-21.9269629040275, 6.07573984308931, -2.79821495576892
-21.9269629040275, 5.81235405879336, -3.49222800636199
-21.9269629040275, 5.54365398475748, -4.18419959733974
-21.9269629040275, 5.16644673731859, -4.73187792557233
-21.9269629040275, 4.83335622937742, -5.39058061832366
-21.9269629040275, 4.48762399943269, -6.04746391838692
-21.9269629040275, 4.14513851195968, -6.70604173932444
-21.9269629040275, 3.81126453531392, -7.36902705280702
-21.9269629040275, 3.48468299866234, -8.03563737749109
-21.9269629040275, 3.15660378868201, -8.7015050202648
-21.9269629040275, 2.80238091578238, -9.35370015151783
-21.9269629040275, 2.39303365134274, -9.9724261971757
-21.9269629040275, 1.90306441404686, -10.5294169265608
-21.9269629040275, 1.32946579201296, -10.998947576691
-21.9269629040248, 0.690834723935453, -11.3753884511406
-21.9269629040275, 0, -11.6404055543298
-19.7342666136247, 6.77884420031224, -1.77635683940025E-15
-19.7342666136247, 6.51797758004941, -0.679686286776272
-19.7342666136247, 6.25159032113248, -1.35722859325885
-19.7342666136247, 5.98077793012084, -2.03301516594041
-19.7342666136247, 5.70639984421618, -2.70736219833363
-19.7342666136247, 5.42887138871173, -3.38041870146308
-19.7342666136247, 5.14692759683836, -4.05163591782519
-19.7342666136247, 4.79110615495149, -4.62580498737411
-19.7342666136247, 4.42936811892634, -5.22185679640423
-19.7342666136247, 4.09418221154327, -5.86813720270947
-19.7342666136247, 3.76521421883895, -6.51757964318283
-19.7342666136247, 3.45273471267472, -7.17512077229142
-19.7342666136247, 3.1545965630025, -7.83929276858957
-19.7342666136247, 2.86363172752924, -8.5066508268891
-19.7342666136247, 2.55723793250033, -9.16697842757146
-19.7342666136247, 2.204993026718, -9.80382315150817
-19.7342666136247, 1.77676485478625, -10.3918715133211
-19.7342666136247, 1.26269565565544, -10.9053345124397
-19.7342666136247, 0.66546303521874, -11.3200385992038
-19.7342666136247, 0, -11.6111471169744
-17.5415703232225, 6.43427975560332, -3.79988447973123E-07
-17.5415703232222, 6.15411694486686, -0.656822506395501
-17.5415703232221, 5.87073439404729, -1.31226232805771
-17.541570323222, 5.58496041981152, -1.96666331765435
-17.541570323222, 5.29761922565738, -2.62037786797821
-17.541570323222, 5.00916449529364, -3.2736016463418
-17.541570323222, 4.71706151498175, -3.92520018323286
-17.541570323222, 4.38517774751748, -4.52895319508938
-17.541570323222, 4.00253201220574, -5.06424006087392
-17.541570323222, 3.67784325204429, -5.7002303095825
-17.541570323222, 3.3669111313164, -6.34301311227019
-17.541570323222, 3.07860837145159, -6.99626928769266
-17.541570323222, 2.81004766836067, -7.65789796198732
-17.541570323222, 2.55536738574662, -8.32501177515324
-17.541570323222, 2.29283856965004, -8.9890425377723
-17.541570323222, 1.99484674981626, -9.63780189909247
-17.541570323222, 1.63243607679734, -10.2524719100313
-17.541570323222, 1.18503684903465, -10.8074110526854
-17.541570323222, 0.635890635815042, -11.2626701001611
-17.541570323222, 8.88178419700125E-16, -11.5816867104398
-15.3488740328584, 6.03833495373742, -5.00076678199608E-06
-15.3488740328378, 5.742878079786, -0.635098307764984
-15.3488740328261, 5.44637235014092, -1.26970288415986
-15.3488740328208, 5.14953300264956, -1.90415144061983
-15.3488740328193, 4.85307460464732, -2.53877812067762
-15.3488740328192, 4.55744142131389, -3.17378947720045
-15.3488740328192, 4.25922317223359, -3.80758914743407
-15.3488740328192, 3.94948793690188, -4.43577858746846
-15.3488740328192, 3.54971289942688, -4.91826542939912
-15.3488740328192, 3.24012784718031, -5.54656485387201
-15.3488740328192, 2.95374716777055, -6.18577342353246
-15.3488740328192, 2.69152236770224, -6.83524174008275
-15.3488740328192, 2.45346909591718, -7.4939723480748
-15.3488740328192, 2.23281273288792, -8.15875520695641
-15.3488740328192, 2.01139156594799, -8.82328055705523
-15.3488740328192, 1.76413438646962, -9.47855144204947
-15.3488740328192, 1.46720111689029, -10.1125841898356
-15.3488740328192, 1.09164736277613, -10.7028912890647
-15.3488740328192, 0.599951207755683, -11.2006219267239
-15.3488740328192, 0, -11.5516658351944
-13.1561777427949, 5.59175529716786, -1.94484936022484E-05
-13.1561777425992, 5.2846530977251, -0.61466204997897
-13.1561777424862, 4.97870510784287, -1.22987986382546
-13.1561777424332, 4.67459295452291, -1.84600701336965
-13.1561777424175, 4.37300146495372, -2.46337163709462
-13.1561777424165, 4.07450836975219, -3.08224018128788
-13.1561777424165, 3.77521993831466, -3.70072408348686
-13.1561777424165, 3.4672273849766, -4.31488782764844
-13.1561777424165, 3.07868788601654, -4.79043977483347
-13.1561777424165, 2.7930594811962, -5.41533348509436
-13.1561777424165, 2.52940210688316, -6.0497756325456
-13.1561777424165, 2.29473755156092, -6.69548695681592
-13.1561777424165, 2.08760716071977, -7.35057571934002
-13.1561777424165, 1.89981804601944, -8.01149526388742
-13.1561777424165, 1.71606622895917, -8.67355909191123
-13.1561777424165, 1.51545378512963, -9.33066678302811
-13.1561777424165, 1.27956917589231, -9.97582128713839
-13.1561777424165, 0.977379930502693, -10.5923238490917
-13.1561777424165, 0.554832841000455, -11.1326460518259
-13.1561777424165, -4.44089209850063E-16, -11.520653446893
-11.0123660482791, 5.10247022649678, -9.81743877548959E-05
-11.1205066451789, 4.80735502135473, -0.607598418249375
-11.2272009326704, 4.51618678811744, -1.21725357040566
-11.3318483936644, 4.23060433523456, -1.82989715118472
-11.4343813324432, 3.95079240401746, -2.44555438101603
-11.5352294666478, 3.6755782969457, -3.0635591185604
-11.6359710862451, 3.40065486776058, -3.68171150671732
-11.7394820024858, 3.11817404042496, -4.29595133039547
-11.8668564786657, 2.77056966477558, -4.78414117159068
-11.9589277874332, 2.51930747505626, -5.41359339412949
-12.0435073199584, 2.28849030918512, -6.05183187926033
-12.1181000307975, 2.08492713501697, -6.700494038555
-12.1836898570457, 1.90593279262006, -7.35734960526777
-12.243378272368, 1.74304337423846, -8.01896668409843
-12.3023509326038, 1.58210724828592, -8.68113080056984
-12.3673156239476, 1.40481889624643, -9.33849940564749
-12.4444978802814, 1.19418886400815, -9.98447626667608
-12.5454528480361, 0.918683208655973, -10.6016764626032
-12.690158226847, 0.523782877261506, -11.1395310892137
-12.8820907061161, 0, -11.516680645517
-9.41706071363124, 4.69951625720667, -0.000171380517260032
-9.61097570663729, 4.42109902807085, -0.603496671578802
-9.80111700608702, 4.14809995297907, -1.2104853213734
-9.98652030686846, 3.88190355178283, -1.82194325494214
-10.1672285923242, 3.62244811031064, -2.43769099227851
-10.3441186570664, 3.36847475361579, -3.05682541236676
-10.5203723502235, 3.11541507982238, -3.67651763810763
-10.7021322152222, 2.85444981253415, -4.29020556238905
-10.9182903545537, 2.54409655271193, -4.78386479341717
-11.0761231603739, 2.31748502679532, -5.4185537095029
-11.2207640877679, 2.10981399733851, -6.06275635247264
-11.3476841409497, 1.92758605827686, -6.71828608871755
-11.4591629132642, 1.76752823905344, -7.38238888744325
-11.561411191961, 1.62072328087371, -8.05105083420266
-11.6630468249882, 1.47479794064996, -8.71999752415055
-11.7765224155198, 1.31187315076857, -9.38304271187255
-11.9130999705314, 1.11577926530359, -10.0324236139878
-12.0950094373087, 0.854599204346986, -10.6460721379625
-12.3545941519071, 0.48189539303184, -11.1668841509539
-12.6902297807059, 0, -11.5138845455638
-8.14776450912706, 4.35060434616861, -0.000254114820365882
-8.40823673926331, 4.09013211603236, -0.600449152403658
-8.66278378595288, 3.8355850693428, -1.20570355466812
-8.9101981878204, 3.58817066747527, -1.81684321366867
-9.15064137478215, 3.34772748051352, -2.43352525598615
-9.38535729415592, 3.11301156113975, -3.05460697008631
-9.61893025069444, 2.87943860460122, -3.67655390348769
-9.8697617781042, 2.62860707719147, -4.26836415109281
-10.1399096466452, 2.35845920865047, -4.7870340449934
-10.3471037798334, 2.1512650754623, -5.42737708858278
-10.5369793410429, 1.96138951425274, -6.07831975535819
-10.7028655509202, 1.79550330437546, -6.74224076779375
-10.8485119192682, 1.6498569360275, -7.41563298229817
-10.9824519302075, 1.5159169250882, -8.0938986050379
-11.1178969134512, 1.38047194184445, -8.77155942776133
-11.2702492135193, 1.22811964177637, -9.44194134112168
-11.4562113092264, 1.0421575460693, -10.0948614274117
-11.7076936788423, 0.790675176453385, -10.7010595390183
-12.0593676599933, 0.43900119530236, -11.1982841961902
-12.4983688552957, 0, -11.5110754203953
-6.95690632207709, 3.995505206875, -0.000358037584023188
-7.27747256429299, 3.75608100600508, -0.598682446907015
-7.59018010225612, 3.52252630646688, -1.20344630598803
-7.89360168736075, 3.29590709030052, -1.81553297462608
-8.1879945937063, 3.07603120487873, -2.43445347808427
-8.47499090088927, 2.86167968419171, -3.05876632767487
-8.76032240427561, 2.648571570533, -3.68427192298074
-9.07954449535338, 2.41015128794802, -4.24917517033902
-9.3901800130986, 2.17814413683984, -4.79964709487138
-9.64367559059863, 1.98881360831174, -5.44612772527772
-9.8749969285284, 1.81604455410578, -6.10537235425354
-10.0765022775814, 1.665544436456, -6.7796931009951
-10.253507603152, 1.53334287233778, -7.46469358487925
-10.4174731215523, 1.41088046662136, -8.15476669057787
-10.5856879972134, 1.28524430511794, -8.84322601260073
-10.777092254818, 1.14228848075128, -9.52210491295256
-11.0148734270714, 0.964694711815575, -10.1773217897901
-11.3421305442321, 0.720273236823096, -10.7669906107942
-11.7799361682613, 0.393285401344968, -11.2339404438735
-12.3065079298854, 0, -11.5082527610084
-5.77011082954023, 3.60803145401125, -0.000495651009487592
-6.14654626381592, 3.39395892769533, -0.599775641558216
-6.51358959936431, 3.18522753061139, -1.20671106958104
-6.86958722888837, 2.98277764153192, -1.82229013581095
-7.21488492423517, 2.78641262579905, -2.44588735207241
-7.55141267000615, 2.59503493349649, -3.07580245928739
-7.88661712850292, 2.40440977250218, -3.70665654311285
-8.28054663631349, 2.18038865958635, -4.23137260189336
-8.61988983792915, 1.98740986470277, -4.83058349007219
-8.91945618880814, 1.81705149858536, -5.48469368436597
-9.19177290044667, 1.66218954588244, -6.15430012197547
-9.42815505764634, 1.52776297239818, -6.84174559829853
-9.63626592134738, 1.4094138099927, -7.54124832820036
-9.83127401990869, 1.29851597065564, -8.24576923860592
-10.0352475640825, 1.18251963256671, -8.94688193889231
-10.2707584713189, 1.04858852434345, -9.63466967547367
-10.5699074579783, 0.878467506266986, -10.2882528937715
-10.9862813791744, 0.641682631394573, -10.8466945282804
-11.5096227766113, 0.344067144450321, -11.2738543526729
-12.1146470044752, 0, -11.5054160381378
-4.55471299237462, 3.16621591812495, -0.000684994047208954
-4.98132484919387, 2.98289183379116, -0.607079044441828
-5.39785943290101, 2.803898165587, -1.22171000968033
-5.80238436386883, 2.6300652976663, -1.84576943825651
-6.19531402263582, 2.46121516199937, -2.47854939110919
-6.57905290202408, 2.29631449746643, -3.11798292574468
-6.96262640064478, 2.13148490052642, -3.75753782798742
-7.42946103394153, 1.93087624346162, -4.24600435220974
-7.79640718554453, 1.77319176712291, -4.89698166066787
-8.14316101182758, 1.62418435751519, -5.56092001721977
-8.45612952074102, 1.48969520911306, -6.24434288959639
-8.72693438450668, 1.37332466551608, -6.94881214664671
-8.96684399937959, 1.27023045993688, -7.66650942154167
-9.19615183213619, 1.17169206303414, -8.38833818644161
-9.44268956179395, 1.06574961717664, -9.10332670929202
-9.73359362690772, 0.940742024177281, -9.7980458963034
-10.1120825656731, 0.778097369509286, -10.4399038393948
-10.6351902635079, 0.553306993478695, -10.9437622588198
-11.2455420378488, 0.291026003478066, -11.317985583766
-11.9227860790649, 0, -11.5025647008867
-3.30297805146337, 2.64756992002353, -0.000952963578718067
-3.76953903366441, 2.50100364387653, -0.626308371314287
-4.22666748133879, 2.35740052048542, -1.25926431288131
-4.67202093181429, 2.21749641513679, -1.90137456756843
-5.10613391616541, 2.08112340931183, -2.5518924355703
-5.53235963550902, 1.9472281225959, -3.20812381540299
-5.96149199196313, 1.81241973985685, -3.86226592972118
-6.47366071064352, 1.65152617027065, -4.36829931191254
-6.8913052600765, 1.52032658715355, -5.03052218817197
-7.28471692225196, 1.39673956526877, -5.70880905032346
-7.63494371956887, 1.28671871173003, -6.41249684753698
-7.93775511868284, 1.19159301361953, -7.14003350819682
-8.21028709940615, 1.10597934451856, -7.88070716857522
-8.48041971225035, 1.02111941700457, -8.6223556479021
-8.78266352932066, 0.926172020101667, -9.35011376495457
-9.15329494974815, 0.809741222869411, -10.0415986083525
-9.64688041303318, 0.654685429363714, -10.6404009042978
-10.2875992325189, 0.453408908154604, -11.0616809595274
-10.9861487364686, 0.233965355427077, -11.3658878523126
-11.7309251536547, 0, -11.4996981752447
-2.04637160003589, 2.02773018672202, -0.00134322423350009
-2.53157538005599, 1.92408600587762, -0.667834944859142
-3.00996245757505, 1.82189793806422, -1.33945376280828
-3.47857130068555, 1.72179859490036, -2.0182405457924
-3.93849116978085, 1.62355529991929, -2.70321826543463
-4.39545671928948, 1.52594307593585, -3.39026349179315
-4.86365176681763, 1.42593212347696, -4.06930030124551
-5.4128323229126, 1.30862188968245, -4.61111835906947
-5.8753046540794, 1.20983336432307, -5.29425466034122
-6.30534306055652, 1.11797303634065, -5.99904164397323
-6.68027237477848, 1.03788453899737, -6.73595063702762
-7.00755301781057, 0.967974254803203, -7.49637254589977
-7.31473901268191, 0.902356380177423, -8.26559747976226
-7.64148100303481, 0.832561157361572, -9.02623155025169
-8.02834632898226, 0.749923013439309, -9.75636238707797
-8.53153669129732, 0.642436726113224, -10.4066497296876
-9.20016183409451, 0.499611983044825, -10.8712038525327
-9.9470858113722, 0.340061857992659, -11.1966675780067
-10.7309465115598, 0.172621694678809, -11.4132204541973
-11.5390642282445, 0, -11.4968158624799
-0.897108162984992, 1.28757238465628, -0.00192503740908973
-1.35344093162654, 1.23134691845205, -0.74969127857814
-1.80736357881564, 1.17541840703955, -1.49894507178037
-2.25844955501317, 1.11983940624722, -2.24993585366167
-2.70695314648677, 1.06457858507072, -3.00249529596817
-3.16394872255965, 1.00827145333776, -3.74983049916675
-3.71110875412028, 0.940855019592704, -4.37985715355085
-4.21490998830577, 0.878780890332447, -5.09599000660788
-4.69489647274771, 0.8196410132208, -5.82843946631712
-5.119406132611, 0.767336521467848, -6.5946979016221
-5.48649729821131, 0.72210665119845, -7.39064631971397
-5.82612532693759, 0.680260556498731, -8.19900908823101
-6.18572340300173, 0.635953921380154, -8.99841641912268
-6.61708243187493, 0.582805508278022, -9.76028798046416
-7.18891012022766, 0.512349734387772, -10.4195088956552
-7.9429468410552, 0.419443703795564, -10.8502771310329
-8.76453789924418, 0.318214198815198, -11.1408532162288
-9.61349619955268, 0.213612733606236, -11.3366145286339
-10.4774073236336, 0.107168907853609, -11.4444226556953
-11.3472033028342, 0, -11.4939171373932
-0.118683746517204, 0.439197622028594, -0.00279216169975134
-0.469044890976257, 0.425255197365144, -0.889937638841753
-0.807940775942014, 0.411769026253951, -1.78152660758714
-1.13892379524537, 0.398597743180758, -2.67609712666455
-1.47635154266711, 0.385169995777292, -3.56824029181271
-1.87652844444433, 0.369245181073036, -4.41932776785711
-2.29340665593034, 0.352655747143507, -5.27718380721824
-2.69847550422233, 0.336536260179445, -6.14061540843458
-3.05198373078938, 0.32246859915376, -7.02632955285082
-3.36183533330466, 0.310138228925097, -7.92840238068068
-3.67468639238106, 0.297688497009796, -8.82941651569536
-4.05968638329499, 0.282367638936238, -9.70119774957728
-4.64622682290952, 0.259026592074382, -10.446671692209
-5.49669965105153, 0.225182504274665, -10.8662313466667
-6.41111876745569, 0.188793709903736, -11.1331952636037
-7.34983353166218, 0.151438083894962, -11.2970217471645
-8.29765022421941, 0.113720251767369, -11.3964983707769
-9.24965735985822, 0.0758356633144898, -11.4418291446741
-10.2025405867131, 0.0379162113044729, -11.4643639506946
-11.155342377424, 0, -11.4910013464194
