-109.579997112877, 5.9749048299901, -1.77635683940025E-15
-109.579997112877, 6.12831666581109, -0.758287307068414
-109.579997112877, 6.24922216159283, -1.52244079263253
-109.579997112877, 6.34242858909781, -2.29048733240404
-109.579997112877, 6.41671207474618, -3.0606148716008
-109.579997112877, 6.48137875349598, -3.83161801513197
-109.579997112877, 6.54063419673403, -4.6030569572727
-109.579997112877, 6.59625354016278, -5.37476727231771
-109.579997112877, 6.64999622894996, -6.14661090843579
-109.579997112877, 6.70477372186864, -6.91832949546077
-109.579997112877, 6.70482097750794, -7.6847065300597
-109.579997112877, 6.16069373092616, -8.21440218597763
-109.579997112877, 5.41052065047406, -8.39175220334053
-109.579997112877, 4.63928211745421, -8.44813982241012
-109.579997112877, 3.86672070769091, -8.49032816825636
-109.579997112877, 3.09374715359119, -8.52389954770025
-109.579997112877, 2.3204225125449, -8.54835017450269
-109.579997112877, 1.54703875021117, -8.57090055008868
-109.579997112877, 0.773654813303736, -8.5934449218485
-109.579997112877, 9.23790975079799E-22, -8.60278959241518
-107.442118229735, 6.35361367273114, -1.77635683940025E-15
-107.442118229735, 6.46336412289216, -0.791367267836291
-107.442118229735, 6.56351760167482, -1.58400323586171
-107.442118229735, 6.65218898699911, -2.37800507525145
-107.442118229735, 6.73031402554924, -3.17311638552708
-107.442118229735, 6.80035738276834, -3.96898224380799
-107.442118229735, 6.86484538800373, -4.7653193261395
-107.442118229735, 6.92699545737076, -5.56184307829865
-107.442118229735, 6.99003923313954, -6.35829628902644
-107.442118229735, 7.00939431954345, -7.11688809029251
-107.442118229735, 6.97523280898896, -7.90818005774004
-107.442118229735, 6.36840329187293, -8.39335647474355
-107.442118229735, 5.58514808513998, -8.54228546734888
-107.442118229735, 4.78855455305722, -8.60094044270544
-107.442118229735, 3.99063335026975, -8.64136393458443
-107.442118229735, 3.19262835930741, -8.6801018442479
-107.442118229735, 2.39457633761832, -8.7178616260645
-107.442118229735, 1.59651077890534, -8.75533297295377
-107.442118229735, 0.798442724529859, -8.79275165660068
-107.442118229735, -4.26523278018451E-16, -8.82100357666422
-105.249421939332, 6.55703460834932, -1.77635683940025E-15
-105.249421939332, 6.65369591395902, -0.81072884272393
-105.249421939332, 6.74833534405223, -1.62169517768787
-105.249421939332, 6.83732830166611, -2.43329885903308
-105.249421939332, 6.91932668693391, -3.24563925664682
-105.249421939332, 6.99572772286274, -4.05852658450729
-105.249421939332, 7.06822943006399, -4.87177141343049
-105.249421939332, 7.1382878192856, -5.68523073587336
-105.249421939332, 7.20735940673445, -6.49877459111689
-105.249421939332, 7.17642284231495, -7.23391605982182
-105.249421939332, 7.1321528186561, -8.04341388184122
-105.249421939332, 6.5084493994765, -8.52420055739238
-105.249421939332, 5.70456457526016, -8.66122998337289
-105.249421939332, 4.89082493376832, -8.7263407876696
-105.249421939332, 4.07582752190324, -8.77536591134432
-105.249421939332, 3.26076164238804, -8.82323986684463
-105.249421939332, 2.44568379443003, -8.87091166610949
-105.249421939332, 1.6306022871306, -8.9185208252942
-105.249421939332, 0.815526515269228, -8.9662280720273
-105.249421939332, 8.39118774013549E-17, -9.00541734141832
-103.056725648929, 6.7050378466569, -1.77635683940025E-15
-103.056725648929, 6.79914567967369, -0.825564141895023
-103.056725648929, 6.891956435831, -1.65127487383468
-103.056725648929, 6.98169950968923, -2.47732409375961
-103.056725648929, 7.06660165033944, -3.30388397721546
-103.056725648929, 7.1474069430444, -4.13085591467478
-103.056725648929, 7.22560546375066, -4.95807821572263
-103.056725648929, 7.3005943799068, -5.78559744909665
-103.056725648929, 7.37176973472245, -6.61345317426422
-103.056725648929, 7.30204597890353, -7.3333235415739
-103.056725648929, 7.24908731976105, -8.15771669381257
-103.056725648929, 6.62039368963889, -8.6480176774023
-103.056725648929, 5.80189646077657, -8.78680655971387
-103.056725648929, 4.97438541826662, -8.86037418551629
-103.056725648929, 4.14552427800099, -8.918694862409
-103.056725648929, 3.31656921414644, -8.97566786209102
-103.056725648929, 2.48758438103269, -9.03220640148695
-103.056725648929, 1.65859416407811, -9.08866583504442
-103.056725648929, 0.829618880552871, -9.14534414654081
-103.056725648929, 1.09688009240855E-15, -9.19154672137434
-100.864029358526, 6.82419707312587, -1.77635683940025E-15
-100.864029358526, 6.92132927652143, -0.837765362076351
-100.864029358526, 7.01524337068878, -1.67589692987699
-100.864029358526, 7.10458309366721, -2.51452806740226
-100.864029358526, 7.18944407190991, -3.35362473815977
-100.864029358526, 7.27072719628149, -4.19307590094712
-100.864029358526, 7.35005126850394, -5.0327146868594
-100.864029358526, 7.4273204425571, -5.87254503577584
-100.864029358526, 7.50054913871998, -6.71273532127706
-100.864029358526, 7.40412983083431, -7.42603370840556
-100.864029358526, 7.34269330828195, -8.26298736855996
-100.864029358526, 6.71366051915016, -8.7697504765383
-100.864029358526, 5.88489125635773, -8.92228583521777
-100.864029358526, 5.04594472464927, -9.00682612218703
-100.864029358526, 4.20531227634109, -9.07481303258449
-100.864029358526, 3.36451432821248, -9.14072605925819
-100.864029358526, 2.52364164371748, -9.20567998563803
-100.864029358526, 1.68273973215001, -9.27025396761885
-100.864029358526, 0.841839862691374, -9.33485486318004
-100.864029358526, 1.30597815214419E-15, -9.3855516716039
-98.6713330681237, 6.92214095126609, -1.77635683940025E-15
-98.6713330681237, 7.02331241381683, -0.848225299752164
-98.6713330681236, 7.11836768454803, -1.69715736905378
-98.6713330681236, 7.20742399412547, -2.54674013480635
-98.6713330681237, 7.29194524987532, -3.3967870722306
-98.6713330681237, 7.37343987790212, -4.24712981322636
-98.6713330681237, 7.45308776633921, -5.09764759316826
-98.6713330681237, 7.53037454381831, -5.94838300068803
-98.6713330681238, 7.60202353307757, -6.79960663772473
-98.6713330681237, 7.48683376670038, -7.51205460227357
-98.6713330681237, 7.41742709318936, -8.35970099240101
-98.6713330681237, 6.79109245031931, -8.88706961692947
-98.6713330681237, 5.95573084303213, -9.06203064398812
-98.6713330681237, 5.10745136925866, -9.16068030204367
-98.6713330681237, 4.25694960280513, -9.24048838822917
-98.6713330681237, 3.40608170527181, -9.31630067298536
-98.6713330681237, 2.5549927290345, -9.38959331213494
-98.6713330681237, 1.70378353098571, -9.4614782128283
-98.6713330681236, 0.852521930215958, -9.5327403266755
-98.6713330681237, 7.41455291734829E-16, -9.58652852849037
-96.4786367777209, 7.0033109594108, -1.77635683940025E-15
-96.4786367777209, 7.10764598281664, -0.857395918464899
-96.4786367777209, 7.20373982882746, -1.71575447430078
-96.4786367777209, 7.29249386396285, -2.57490433593348
-96.4786367777209, 7.37629226085105, -3.43455298326763
-96.4786367777209, 7.45715145675977, -4.294483487665
-96.4786367777209, 7.53599546122539, -5.15460110465405
-96.4786367777209, 7.61197816162325, -6.01497576751641
-96.4786367777209, 7.68010753484483, -6.87599575404924
-96.4786367777209, 7.55252535391138, -7.59130469743169
-96.4786367777209, 7.47543606690512, -8.44802606696142
-96.4786367777209, 6.85402562896097, -8.99839300825169
-96.4786367777209, 6.01542542536183, -9.20144597674192
-96.4786367777209, 5.159920745426, -9.31832392162448
-96.4786367777209, 4.3014637725275, -9.4135320794497
-96.4786367777209, 3.44219198663682, -9.50109364155995
-96.478636777721, 2.58235487582942, -9.58293146083858
-96.4786367777209, 1.7221857588515, -9.66121116632319
-96.4786367777209, 0.861859911655519, -9.73775170212427
-96.4786367777209, 2.9811039125705E-15, -9.79397285280568
-94.2859404873182, 7.07084333076217, -1.77635683940025E-15
-94.2859404873182, 7.17607218519273, -0.865660231854377
-94.2859404873182, 7.27260424416137, -1.7323330358352
-94.2859404873182, 7.36116939099725, -2.59985760156873
-94.2859404873182, 7.44423674374874, -3.46792727757702
-94.2859404873182, 7.52395972958276, -4.33631109654005
-94.2859404873182, 7.60127765726608, -5.20491228851603
-94.2859404873182, 7.67503386292752, -6.07382252998499
-94.2859404873182, 7.68420375112829, -6.892648767711
-94.2859404873182, 7.60308443268231, -7.66411382148657
-94.2859404873182, 7.51819003040865, -8.52849359931361
-94.2859404873182, 6.90358856658904, -9.10318658492089
-94.2859404873182, 6.06468969296556, -9.33718135837124
-94.2859404873182, 5.20412525821287, -9.47674950847063
-94.2859404873182, 4.33971155991143, -9.59172530309456
-94.2859404873182, 3.47362979371027, -9.69338917517311
-94.2859404873182, 2.60632728259272, -9.78408629461478
-94.2859404873182, 1.73832573872065, -9.86786136075628
-94.2859404873182, 0.870021134254461, -9.94844447545437
-94.2859404873182, 3.57685715280225E-15, -10.007086819262
-92.0932441969155, 7.1281445232561, -1.77635683940025E-15
-92.0932441969154, 7.23239077024784, -0.873357882424961
-92.0932441969155, 7.32873135622677, -1.74762211672276
-92.0932441969154, 7.41706302477259, -2.62273285160369
-92.0932441969155, 7.49930919773367, -3.49843772214706
-92.0932441969155, 7.57752051901375, -4.37451301468055
-92.0932441969154, 7.65282225276705, -5.25084308360563
-92.0932441969154, 7.72374350056782, -6.12753733285562
-92.0932441969154, 7.66097138979814, -6.8910357426572
-92.0932441969154, 7.64154048531029, -7.73259489246576
-92.0932441969154, 7.54861958908749, -8.60367080892491
-92.0932441969154, 6.94316549109313, -9.20390894417944
-92.0932441969154, 6.10629647269093, -9.46992690683689
-92.0932441969155, 5.24234498855769, -9.63409696260366
-92.0932441969154, 4.37350144492316, -9.77085109618577
-92.0932441969154, 3.5017445827137, -9.88761352511282
-92.0932441969154, 2.62786645795443, -9.9873407348683
-92.0932441969154, 1.75282671757839, -10.0763728837563
-92.0932441969154, 0.877330973168602, -10.1608270543268
-92.0932441969154, 4.61730790703401E-15, -10.2227524495214
-89.9005479065127, 7.17839598047664, -1.77635683940025E-15
-89.9005479065127, 7.28053027880925, -0.880741460621572
-89.9005479065127, 7.37611189733711, -1.76221657976463
-89.9005479065126, 7.4639393275278, -2.64449820180801
-89.9005479065127, 7.54511211945723, -3.52741816988804
-89.9005479065127, 7.62151260301888, -4.41076480619168
-89.9005479065127, 7.69449118691323, -5.29440062393422
-89.9005479065127, 7.76225756818854, -6.17844965585618
-89.9005479065127, 7.65488820955834, -6.91224221860027
-89.9005479065127, 7.67080814615032, -7.79869660186302
-89.9005479065127, 7.56991760864227, -8.67596191252173
-89.9005479065127, 6.97647769134866, -9.30298115518814
-89.9005479065127, 6.14345927100561, -9.60125917607331
-89.9005479065127, 5.27700406564972, -9.78897020344251
-89.9005479065126, 4.4045370151671, -9.94670320988256
-89.9005479065127, 3.52770905785658, -10.0780632195533
-89.9005479065127, 2.64777105416955, -10.1867756420696
-89.9005479065127, 1.76621049285685, -10.2815549760512
-89.9005479065127, 0.884069242529502, -10.3708062738535
-89.9005479065127, 5.95969495093621E-15, -10.4376942312659
-87.6978516161097, 7.22451926848638, -1.77635683940025E-15
-87.6978516161098, 7.32403889873192, -0.888015980373095
-87.6978516161099, 7.41832251825152, -1.77660154231152
-87.6978516161099, 7.5051609492595, -2.66594495153638
-87.6978516161099, 7.58487789102322, -3.55595565967137
-87.6978516161099, 7.65923413911886, -4.44643177582115
-87.6978516161099, 7.72974055678209, -5.33722071804022
-87.6978516161099, 7.7942892917319, -6.22845877676807
-87.6978516161099, 7.68214218433626, -6.9705331116841
-87.69785161611, 7.69341917438396, -7.86398429272497
-87.6978516161099, 7.5850743214885, -8.7473409122643
-87.6978516161099, 7.00690176131612, -9.40238247587749
-87.6978516161099, 6.17929102453157, -9.733062712562
-87.6978516161099, 5.31036539560132, -9.94116351940672
-87.6978516161099, 4.43422333693441, -10.1165591770244
-87.6978516161099, 3.55240198118804, -10.2607472462147
-87.6978516161099, 2.66661847534194, -10.3783227708099
-87.6978516161099, 1.77885160069221, -10.4800041302206
-87.69785161611, 0.890435766433874, -10.5758927306054
-87.6978516161099, 7.04269307535991E-15, -10.6501443622633
-82.2261108901031, 7.3354889404259, -1.77635683940025E-15
-82.2261108901031, 7.42809201123684, -0.905276073682077
-82.2261108901031, 7.51612147654059, -1.81100671659797
-82.2261108901031, 7.59675184021718, -2.71742495542702
-82.2261108901031, 7.66992920758723, -3.62447603964999
-82.2261108901031, 7.73752990756227, -4.53196132928232
-82.2261108901031, 7.80095305150283, -5.43974783544516
-82.2261108901031, 7.85747745258467, -6.34798624105367
-82.2261108901031, 7.73375019736054, -7.10815364355503
-82.2261108901031, 7.72825084211025, -8.01809316166465
-82.2261108901031, 7.6059685737177, -8.91659219643081
-82.2261108901031, 7.0747553101545, -9.63910522514817
-82.2261108901031, 6.26764265782978, -10.0503037944534
-82.2261108901031, 5.39130063932958, -10.2944373534375
-82.2261108901031, 4.50272589446851, -10.490422471596
-82.2261108901031, 3.60757754977479, -10.6539250943823
-82.2261108901031, 2.70801373297782, -10.7912098597274
-82.2261108901031, 1.80639874596421, -10.9144432388338
-82.2261108901031, 0.90427325461191, -11.0339012312554
-82.2261108901031, 4.45708118160474E-15, -11.1354774296721
-76.7443701640962, 7.46694130050243, -1.77635683940025E-15
-76.7443701640962, 7.54856552619796, -0.917788693643455
-76.7443701640962, 7.62238407393157, -1.83623632670735
-76.7443701640962, 7.68730776374959, -2.75535609255551
-76.7443701640962, 7.74510458927339, -3.67495299555328
-76.7443701640962, 7.79831376097592, -4.59482798624836
-76.7443701640962, 7.84802767330132, -5.5148983614184
-76.7443701640962, 7.89170094870104, -6.43527187034093
-76.7443701640962, 7.75446546899138, -7.20586953246052
-76.7443701640962, 7.728757542229, -8.1268809802844
-76.7443701640962, 7.59665056680902, -9.0363313866524
-76.7443701640962, 7.10740860650306, -9.80520709978637
-76.7443701640962, 6.3279737968975, -10.2858214807906
-76.7443701640962, 5.45059531361341, -10.5646075035732
-76.7443701640962, 4.5512387204748, -10.7645598078592
-76.7443701640962, 3.64555181238624, -10.9339168557763
-76.7443701640962, 2.7360817795662, -11.0817006500684
-76.7443701640962, 1.82486233963205, -11.2183710422914
-76.7443701640962, 0.913219098831552, -11.3521942416718
-76.7443701640962, 1.79494886455967E-15, -11.4746757110773
-71.2626294380893, 7.62563238387618, -1.77635683940025E-15
-71.2626294380893, 7.69035560439966, -0.922137391577677
-71.2626294380893, 7.74104025971632, -1.84515210665622
-71.2626294380893, 7.77953576469476, -2.76875994959842
-71.2626294380893, 7.81103553719549, -3.6926362783179
-71.2626294380893, 7.83934933735882, -4.6166165797336
-71.2626294380893, 7.86551794186092, -5.54066003248446
-71.2626294380893, 7.88816481055714, -6.46479552025085
-71.2626294380894, 7.73550880932264, -7.23561503301488
-71.2626294380893, 7.68661456360418, -8.15863140985179
-71.2626294380893, 7.54275432619276, -9.07026914855158
-71.2626294380894, 7.0889986562142, -9.86508963327706
-71.2626294380893, 6.33482626503402, -10.3895710995749
-71.2626294380893, 5.46754275577576, -10.705781832818
-71.2626294380893, 4.56829940316683, -10.9187030104011
-71.2626294380893, 3.65975910473012, -11.0891034110263
-71.2626294380893, 2.74707822801297, -11.2357972937591
-71.2626294380893, 1.83211911347411, -11.3676450137839
-71.2626294380893, 0.916321028503053, -11.4935608529501
-71.2626294380893, 1.12939593583122E-15, -11.6156056383707
-65.7808887120825, 7.76087580458085, -1.77635683940025E-15
-65.7808887120825, 7.80898518235809, -0.918280142720998
-65.7808887120825, 7.83569681327148, -1.83743318032306
-65.7808887120825, 7.84561641962298, -2.75693270496406
-65.7808887120825, 7.84789049091399, -3.67648962700604
-65.7808887120825, 7.84833152942385, -4.59604965032468
-65.7808887120824, 7.84716861566424, -5.5156089212464
-65.7808887120824, 7.84409896130033, -6.43516375163969
-65.7808887120825, 7.66982916797291, -7.19793944316804
-65.7808887120825, 7.59015932775593, -8.11379641331605
-65.7808887120825, 7.42255880351938, -9.01710336427609
-65.7808887120825, 7.00359645172121, -9.82695888780966
-65.7808887120825, 6.28192857754264, -10.3881001774394
-65.7808887120825, 5.43626097295309, -10.7461721374642
-65.7808887120825, 4.54760918920396, -10.980678133696
-65.7808887120825, 3.64510983048637, -11.1566985666041
-65.7808887120825, 2.73701027078794, -11.3011774787922
-65.7808887120825, 1.82552159384433, -11.42265289185
-65.7808887120825, 0.912694739091758, -11.5337210550944
-65.7808887120825, 6.10888896314528E-17, -11.6458752539076
-60.2991479860756, 7.84541398907914, -1.77635683940025E-15
-60.2991479860756, 7.88117294626451, -0.908610911995668
-60.2991479860756, 7.88843992100137, -1.81789883437512
-60.2991479860756, 7.87347914633525, -2.72711458687719
-60.2991479860756, 7.84868989285343, -3.63612688684411
-60.2991479860756, 7.82140897985939, -4.54506838726379
-60.2991479860756, 7.79302958747665, -5.45397651574724
-60.2991479860756, 7.76460229551452, -6.36288327523462
-60.2991479860756, 7.56434130054479, -7.11229683491119
-60.2991479860756, 7.45040726321313, -8.01404918048608
-60.2991479860756, 7.24507684156231, -8.89938590992677
-60.2991479860756, 6.85220320283476, -9.71391168081003
-60.2991479860756, 6.17722034662398, -10.3159734281637
-60.2991479860756, 5.3631238973571, -10.7185743401867
-60.2991479860756, 4.49465561813284, -10.9858172322219
-60.2991479860756, 3.60578668079474, -11.1772858261536
-60.2991479860756, 2.70889298985972, -11.3268225643173
-60.2991479860756, 1.80699181639429, -11.4427524806797
-60.2991479860756, 0.903287724874593, -11.5439180222869
-60.2991479860756, 2.07336983740981E-17, -11.6487542971217
-54.8174072600687, 7.88989883101558, -1.77635683940025E-15
-54.817403584868, 7.91612135671694, -0.895441670212384
-54.8174051642426, 7.9062327574694, -1.79117339133076
-54.8174071401538, 7.86862077898834, -2.68623095425821
-54.8174072600687, 7.81883392512913, -3.58070993173704
-54.8174072600687, 7.7657794791819, -4.47500259338901
-54.8174072600687, 7.71094533146192, -5.36918790999124
-54.8174072600687, 7.65516206632634, -6.26331459194175
-54.8174072600687, 7.42573451098999, -6.99530242523213
-54.8174072600687, 7.27988383367323, -7.8787016139871
-54.8174072600687, 7.03166800704279, -8.73905129792633
-54.8174072600687, 6.64822522951543, -9.54595048937144
-54.8174072600687, 6.02842717402752, -10.1870814948153
-54.8174072600687, 5.25659619404827, -10.6387287056828
-54.8174072600687, 4.41820413479974, -10.9516008143742
-54.8174072600687, 3.54921284310231, -11.1687895655295
-54.8174072600687, 2.66867450553382, -11.3330236043146
-54.8174072600687, 1.78066226500276, -11.4509349304265
-54.8174072600687, 0.890135726589734, -11.5485421365996
-54.8174072600687, 5.01005446114201E-18, -11.6496989905443
-49.3356665340644, 7.90844489116804, -1.77635683940025E-15
-49.3356670263811, 7.91926502532037, -0.879647484375563
-49.3356666506001, 7.89218724010341, -1.75893995764507
-49.3356665410961, 7.83366109216091, -2.63673616421793
-49.3356665340619, 7.75903364188132, -3.51333584885789
-49.3356665340618, 7.68000807671663, -4.38955277296508
-49.3356665340619, 7.59757415513145, -5.26545544794711
-49.3356665340619, 7.51122600545984, -6.14098072479527
-49.3356665340618, 7.24951310552503, -6.85087076063464
-49.3356665340619, 7.07340701970446, -7.71244678004896
-49.3356665340618, 6.78849018059313, -8.5442499441224
-49.3356665340619, 6.39891429971998, -9.33191169994673
-49.3356665340619, 5.83346500675268, -10.0019657139945
-49.3356665340619, 5.11722716778353, -10.5096952986506
-49.3356665340618, 4.31908341769337, -10.8773905210007
-49.3356665340619, 3.47705841931064, -11.1313839506155
-49.3356665340618, 2.61842453651301, -11.3219957375883
-49.3356665340618, 1.7481586058565, -11.450189787799
-49.3356665340618, 0.873994132152311, -11.5493016202979
-49.3356665340619, 3.24979798534981E-19, -11.6499804748645
-43.853925808055, 7.90567324350649, -1.77635683940025E-15
-43.853925808055, 7.89259155403929, -0.860440509754496
-43.853925808055, 7.84338474081081, -1.71955936742756
-43.853925808055, 7.76120204450308, -2.57618426310321
-43.853925808055, 7.65961098669453, -3.43075359729155
-43.853925808055, 7.55028218533214, -4.2843739734254
-43.853925808055, 7.43675235335294, -5.13744586913606
-43.853925808055, 7.31682335976848, -5.98963768197883
-43.853925808055, 7.01783273176443, -6.67050508421848
-43.853925808055, 6.80814632039069, -7.50495322791068
-43.853925808055, 6.50067303453214, -8.30800501283042
-43.853925808055, 6.09828591437757, -9.06817513356873
-43.853925808055, 5.57936586164432, -9.75272567251247
-43.853925808055, 4.92922615799091, -10.3144934396095
-43.853925808055, 4.18648177917042, -10.7472153643848
-43.853925808055, 3.38335474760744, -11.0544978557833
-43.853925808055, 2.55486995709014, -11.2863249033106
-43.853925808055, 1.70817075081964, -11.4389442426026
-43.853925808055, 0.854310099939796, -11.5461900470692
-43.853925808055, -4.43816965509415E-16, -11.65
-38.3721850820481, 7.87034947018983, -1.77635683940025E-15
-38.3721850820481, 7.81893434204476, -0.835753026742345
-38.3721850820481, 7.73771805432079, -1.66912248295377
-38.3721850820481, 7.62654442365025, -2.49904190288502
-38.3721850820481, 7.49424678758046, -3.32588064469191
-38.3721850820481, 7.35102361640909, -4.15090747738927
-38.3721850820481, 7.20110083150513, -4.97474281649805
-38.3721850820481, 7.00698978061985, -5.75562662637741
-38.3721850820481, 6.69890648007523, -6.44000085058724
-38.3721850820481, 6.45435265928164, -7.2407587698443
-38.3721850820481, 6.13890887673357, -8.01586337994511
-38.3721850820481, 5.73285916855567, -8.74774459839935
-38.3721850820481, 5.24772715599592, -9.42953474738088
-38.3721850820481, 4.66613478960843, -10.0307613787735
-38.3721850820481, 3.99782894142052, -10.5337841956933
-38.3721850820481, 3.25495265870806, -10.9177153139815
-38.3721850820481, 2.46871130635114, -11.2051896529204
-38.3721850820481, 1.6570377617921, -11.4088787817963
-38.3721850820481, 0.829770656105317, -11.5374531206501
-38.3721850820481, -4.25048276755505E-16, -11.65
-32.8804443560412, 7.76400273962103, -1.77635683940025E-15
-32.8804443560412, 7.65792114139473, -0.802764343536489
-32.8804443560412, 7.53133985626044, -1.60254220052533
-32.8804443560412, 7.38203748568114, -2.39839269313136
-32.8804443560412, 7.21312805812762, -3.19032421271864
-32.8804443560412, 7.03096516615915, -3.97932382810202
-32.8804443560412, 6.83956472177257, -4.76613186905904
-32.8804443560412, 6.50865520339491, -5.38352374715664
-32.8804443560412, 6.25722451390509, -6.15325054400618
-32.8804443560412, 5.98566970553376, -6.91606894949998
-32.8804443560412, 5.67086914333717, -7.66190224060995
-32.8804443560412, 5.28618689534757, -8.37402704867206
-32.8804443560412, 4.83419498083157, -9.04555623388741
-32.8804443560412, 4.31722788140328, -9.66826968488159
-32.8804443560412, 3.72893986427128, -10.223884206767
-32.8804443560412, 3.07025746753495, -10.6936143955016
-32.8804443560412, 2.34396358944369, -11.0506979782846
-32.8804443560412, 1.58758102522981, -11.3385043156099
-32.8804443560412, 0.799106519643741, -11.519080794009
-32.8804443560412, 1.46202373455944E-16, -11.65
-30.6977480656385, 7.6898176631284, -1.77635683940025E-15
-30.6977480656385, 7.55754827201819, -0.786564305565618
-30.6977480656385, 7.40822154618341, -1.5700621913398
-30.6977480656385, 7.23972744440566, -2.34966207447212
-30.6977480656385, 7.05372149304565, -3.12527650366888
-30.6977480656385, 6.85474934964524, -3.89767570583061
-30.6977480656385, 6.64628255076523, -4.66756398670972
-30.6977480656385, 6.30160847870915, -5.27097789068251
-30.6977480656385, 6.03755232275409, -6.02361700146459
-30.6977480656385, 5.75762099889345, -6.77046686428531
-30.6977480656385, 5.44434967197613, -7.50385836817427
-30.6977480656385, 5.0757734748902, -8.21089650906773
-30.6977480656385, 4.64496793984641, -8.8818706806368
-30.6977480656385, 4.15591098513751, -9.51157770781905
-30.6977480656385, 3.60060056181917, -10.0833979818679
-30.6977480656385, 2.97449018581499, -10.5766919468662
-30.6977480656385, 2.27966427768711, -10.966683381212
-30.6977480656385, 1.5507634793624, -11.2897928063629
-30.6977480656385, 0.784697398482344, -11.5070050357237
-30.6977480656385, 2.87215588160166E-16, -11.65
-28.5050517752357, 7.58715055897579, -1.77635683940025E-15
-28.5050517752357, 7.42645538161368, -0.767995906403228
-28.5050517752357, 7.25178397487593, -1.53293016357202
-28.5050517752357, 7.06165487329176, -2.29416861639773
-28.5050517752357, 6.85697783053834, -3.05162860930498
-28.5050517752357, 6.64065555768033, -3.80585165548408
-28.5050517752357, 6.41534041923065, -4.55743448422492
-28.5050517752357, 6.05935630416736, -5.1474572591222
-28.5050517752357, 5.78368501591581, -5.88207103268483
-28.5050517752357, 5.49611568680913, -6.61209007421682
-28.5050517752357, 5.18465983503936, -7.33219741383654
-28.5050517752357, 4.83405757408458, -8.03397488617663
-28.5050517752357, 4.43149465318945, -8.70723766082062
-28.5050517752357, 3.97577270813902, -9.34567015656325
-28.5050517752357, 3.45829202508566, -9.93482756693361
-28.5050517752357, 2.86370143689842, -10.4458321497098
-28.5050517752357, 2.20412859259347, -10.8687727507362
-28.5050517752357, 1.50530930836852, -11.2250317197927
-28.5050517752357, 0.768010015055507, -11.4893466957386
-28.5050517752357, 1.39054190569184E-15, -11.65
-26.3123554848327, 7.44483698973374, -1.77635683940025E-15
-26.3123554848328, 7.25460428530839, -0.746820135571278
-26.3123554848329, 7.05336838930571, -1.49074913365594
-26.312355484833, 6.84054015685867, -2.2314450107485
-26.312355484833, 6.61669053246378, -2.96888622982473
-26.312355484833, 6.38327457507181, -3.70335877660017
-26.312355484833, 6.14187154800616, -4.43524262139059
-26.312355484833, 5.77622466087313, -5.01075926801502
-26.312355484833, 5.49021433569022, -5.72639587779591
-26.312355484833, 5.19611343321644, -6.43873552082601
-26.312355484833, 4.88694560462018, -7.1446517116797
-26.312355484833, 4.5536403879022, -7.83945574459116
-26.312355484833, 4.18339853421126, -8.51522569145539
-26.312355484833, 3.76700635390791, -9.1634977814934
-26.312355484833, 3.293134256609, -9.77076330741157
-26.312355484833, 2.73749855821051, -10.3035460453592
-26.312355484833, 2.11644736171311, -10.7587804425956
-26.312355484833, 1.44950285976774, -11.1445130424599
-26.312355484833, 0.746459512216022, -11.4591583836853
-26.312355484833, 1.58861726963884E-15, -11.65
-24.1196591944302, 7.25341321062918, -1.77635683940025E-15
-24.1196591944302, 7.03362980110811, -0.723144433796889
-24.1196591944302, 6.80600458105046, -1.44385929058328
-24.1196591944302, 6.57091272915534, -2.16217364286096
-24.1196591944302, 6.32870490721253, -2.87812016628992
-24.1196591944302, 6.07946888170571, -3.59165056175427
-24.1196591944302, 5.82334483401539, -4.30273573009975
-24.1196591944302, 5.4487561126065, -4.86108383103945
-24.1196591944302, 5.15435101721342, -5.55719732334767
-24.1196591944302, 4.85646604588515, -6.25182645088153
-24.1196591944302, 4.55118046798873, -6.94323205225496
-24.1196591944302, 4.23412818753906, -7.62930931180045
-24.1196591944302, 3.8953534196376, -8.30487928318662
-24.1196591944302, 3.52068437001534, -8.96112521418148
-24.1196591944302, 3.09338341219214, -9.58417719588127
-24.1196591944302, 2.5881364686014, -10.1450797305982
-24.1196591944302, 2.01000421954614, -10.6315232421241
-24.1196591944302, 1.38120457586299, -11.0503337422902
-24.1196591944302, 0.712379349114132, -11.4013343504648
-24.1196591944302, 1.44126812070143E-15, -11.65
-21.9269629040275, 7.00711325569902, -1.77635683940025E-15
-21.9269629040275, 6.75886617156344, -0.697340838786922
-21.9269629040275, 6.50644573090079, -1.39318310097456
-21.9269629040275, 6.25103164219496, -2.08793232950145
-21.9269629040275, 5.99274792149116, -2.7816197151403
-21.9269629040275, 5.73028614979223, -3.47373577433827
-21.9269629040275, 5.46176602188824, -4.16352166684081
-21.9269629040275, 5.07834376104409, -4.70113543229255
-21.9269629040275, 4.78033977009255, -5.37870988195377
-21.9269629040275, 4.48198319474074, -6.05612920967745
-21.9269629040275, 4.18363565481787, -6.73355239703761
-21.9269629040275, 3.88310419474154, -7.41000814868607
-21.9269629040275, 3.57252680140624, -8.08189006739891
-21.9269629040275, 3.23649484763935, -8.74133630958771
-21.9269629040275, 2.8551000962404, -9.37545427193976
-21.9269629040275, 2.4068544014588, -9.96374031172614
-21.9269629040275, 1.87994181523504, -10.4831231588961
-21.9269629040275, 1.30097393928266, -10.9433946045381
-21.9269629040275, 0.672836736922091, -11.3341567076197
-21.9269629040275, 0, -11.6371768863527
-19.7342666136247, 6.704302848224, -1.77635683940025E-15
-19.7342666136247, 6.43098892737344, -0.670004577173083
-19.7342666136247, 6.1575661079124, -1.33996479102303
-19.7342666136247, 5.88464233338352, -2.0101284224794
-19.7342666136247, 5.61269964721349, -2.68069069645213
-19.7342666136247, 5.34076869772411, -3.3512569778115
-19.7342666136247, 5.06332406310584, -4.01955723638376
-19.7342666136247, 4.71038819135902, -4.59169941756875
-19.7342666136247, 4.37421794561719, -5.19251330452327
-19.7342666136247, 4.07917616701223, -5.85323680406408
-19.7342666136247, 3.79013496237819, -6.51660308049253
-19.7342666136247, 3.50692809019219, -7.18248600666772
-19.7342666136247, 3.22135734142523, -7.84735499431575
-19.7342666136247, 2.91989478305962, -8.50512641649771
-19.7342666136247, 2.58289994723845, -9.14529198403777
-19.7342666136248, 2.19232655479127, -9.75405631987672
-19.7342666136247, 1.73013453392833, -10.3102098050247
-19.7342666136247, 1.21456088797345, -10.817210315853
-19.7342666136247, 0.637847452141208, -11.2537839313984
-19.7342666136247, 8.88178419700125E-16, -11.5911268178135
-17.5415703232241, 6.34720306902452, -8.68159277011235E-07
-17.5415703232231, 6.05088348332233, -0.642076903735115
-17.5415703232224, 5.75716216886265, -1.28534375359083
-17.541570323222, 5.47052711821438, -1.93179587186292
-17.541570323222, 5.19037011545167, -2.58108556994529
-17.541570323222, 4.91209994123923, -3.23118720340271
-17.541570323222, 4.62844990058141, -3.87895488823244
-17.541570323222, 4.3098239847275, -4.49192680513935
-17.541570323222, 3.93389464983208, -5.01006723625583
-17.541570323222, 3.64435487589556, -5.65522522134737
-17.541570323222, 3.36480365945714, -6.30476523662512
-17.541570323222, 3.09820664923368, -6.95973082814246
-17.541570323222, 2.83652591642047, -7.61668569013285
-17.541570323222, 2.56580750298512, -8.2699466241858
-17.541570323222, 2.2696082337779, -8.91198198082126
-17.541570323222, 1.9326040318636, -9.53349168302785
-17.541570323222, 1.5421642164094, -10.1227042268412
-17.541570323222, 1.1011033718531, -10.6751908092452
-17.541570323222, 0.589927158879314, -11.1633544304144
-17.541570323222, 0, -11.5442432130426
-15.3488740328918, 5.93992220717502, -7.25208396499381E-06
-15.3488740328575, 5.62396971955243, -0.614740460154844
-15.3488740328331, 5.31404380122113, -1.23252823228091
-15.3488740328219, 5.01522358178586, -1.85575775079752
-15.3488740328193, 4.72691581134561, -2.48392664744337
-15.3488740328192, 4.44367027717377, -3.114399113156
-15.3488740328192, 4.15575147010498, -3.74274589147068
-15.3488740328192, 3.85052391615711, -4.36276491346213
-15.3488740328192, 3.45767550832391, -4.83508698054899
-15.3488740328192, 3.17511346588948, -5.46585877236451
-15.3488740328192, 2.90608955207053, -6.10250724335744
-15.3488740328192, 2.65527867696212, -6.74654805698128
-15.3488740328192, 2.41593331030141, -7.39495827405192
-15.3488740328192, 2.17356804582084, -8.04223935233789
-15.3488740328192, 1.91480636898026, -8.68311053053616
-15.3488740328192, 1.62802314793125, -9.3119073586514
-15.3488740328192, 1.30789531971016, -9.92434877912667
-15.3488740328192, 0.948518792491242, -10.5146417799724
-15.3488740328192, 0.522578419711351, -11.0581213874339
-15.3488740328192, 0, -11.495308189694
-13.1561777429797, 5.48306540338375, -2.47125797964767E-05
-13.1561777427164, 5.15025013784953, -0.588341008208952
-13.1561777425315, 4.82604731751879, -1.18143699892365
-13.1561777424416, 4.51603695817205, -1.78206451707955
-13.156177742418, 4.21992161564648, -2.38967279949463
-13.1561777424165, 3.93193922757803, -3.0011867615639
-13.1561777424165, 3.64081325048757, -3.61120671689028
-13.1561777424165, 3.33452261782845, -4.21369009867487
-13.1561777424165, 2.94181910039265, -4.67102454096983
-13.1561777424165, 2.66709734734033, -5.28859476885987
-13.1561777424165, 2.40937608954433, -5.91343369051175
-13.1561777424165, 2.17421382545576, -6.54710540389247
-13.1561777424165, 1.95601112609192, -7.18684038944707
-13.1561777424165, 1.74089317821401, -7.82762729721419
-13.1561777424165, 1.51773327246436, -8.46564958542651
-13.1561777424165, 1.27932810080918, -9.09812156575493
-13.1561777424165, 1.02449386751701, -9.72415336802903
-13.1561777424165, 0.747509987901185, -10.3406858481555
-13.1561777424165, 0.420530714356645, -10.9313499827103
-13.1561777424165, 0, -11.4497205079946
-11.0518621788677, 4.99468546281753, -0.000115504800097041
-11.1706093408353, 4.6706249890569, -0.576762834447122
-11.2849413592933, 4.35861342218163, -1.16088313991841
-11.3930292653221, 4.06364201019082, -1.75495227592613
-11.4951943786764, 3.78483387291127, -2.35782456567365
-11.5936339418249, 3.51619274547607, -2.96592406208163
-11.6926259637386, 3.24604396054238, -3.57326508580158
-11.7964816571503, 2.96262223784954, -4.17364649612437
-11.9268158610042, 2.60694077861907, -4.64250519602254
-12.0170911836858, 2.36057982689323, -5.26119343574766
-12.1007501720968, 2.13227482179161, -5.88767612606286
-12.1765010622443, 1.92555098147203, -6.52260113475524
-12.2465036717068, 1.7345141734253, -7.16310351524074
-12.3155082615073, 1.54620095657109, -7.80452662625858
-12.3869308023058, 1.35128916226091, -8.44370335981566
-12.4630074856201, 1.14367623384669, -9.07831828277089
-12.5442884962164, 0.921860719562931, -9.70745507988348
-12.6333086770387, 0.678925044355784, -10.3276535500129
-12.7408465244689, 0.385454739819641, -10.9215784821316
-12.8820907061161, 0, -11.4447357526514
-9.48916815438249, 4.59598659432285, -0.000193996737991733
-9.70405330082927, 4.28746105883578, -0.565273554093984
-9.90998498485917, 3.9917906314486, -1.14044750414586
-10.10389709552, 3.7133775406961, -1.72826295157416
-10.2864160476521, 3.45132239926718, -2.32716094235656
-10.4614269774432, 3.20004704718841, -2.93290012450254
-10.6365153679449, 2.94866047938546, -3.53857411799146
-10.819085771312, 2.68653146584348, -4.13738857575116
-11.0436389390669, 2.36412488040717, -4.60764909653797
-11.1999528186007, 2.13969418249858, -5.22881571675128
-11.3441380853737, 1.93267737665579, -5.85889304046394
-11.4742164475827, 1.74591483387683, -6.49830245379851
-11.5942435927582, 1.57358352177555, -7.14373328315389
-11.7124872892583, 1.40381283085578, -7.79017853544379
-11.8346636665851, 1.22839571682115, -8.43437453720567
-11.9645101515219, 1.04196609635331, -9.07395166348053
-12.1032461442836, 0.842773191837142, -9.70778119113253
-12.2560979799409, 0.623313190873189, -10.3315556588701
-12.4437159922419, 0.353936974464744, -10.924404957013
-12.6902297807059, 0, -11.4402682758192
-8.24550789154713, 4.25286096374854, -0.000280682864470501
-8.53580581394629, 3.96256304134939, -0.553603867064676
-8.8139124667418, 3.68445638855387, -1.11929177368178
-9.07666705431329, 3.42170180098238, -1.69946189728409
-9.32366333534191, 3.17470551995376, -2.2933258554023
-9.55841897060199, 2.93994988469368, -2.89706900250949
-9.79314112619392, 2.70522772910175, -3.50084514929059
-10.0362503738509, 2.46211848144473, -4.09790389472278
-10.3299262208187, 2.168442634477, -4.56680736729749
-10.5372097496041, 1.96115910569155, -5.19029677232
-10.7275432511937, 1.77082560410193, -5.82450626407973
-10.8990607528508, 1.59930810244488, -6.46936446201635
-11.0571147064146, 1.44125414888105, -7.12110337768046
-11.2125803553502, 1.28578849994547, -7.77409550477049
-11.3728454300846, 1.12552342521107, -8.42475613046418
-11.5427238995432, 0.955644955752426, -9.07051092247412
-11.7241606310985, 0.774208224197171, -9.70993472347579
-11.9249110502474, 0.573457805048255, -10.3376623159288
-12.1739944552982, 0.324374399997427, -10.9283378680305
-12.4983688552957, 0, -11.4348264080426
-7.07724388422835, 3.90562760637178, -0.000387647739900855
-7.43661628598973, 3.63721989908589, -0.540979607433072
-7.78180079819274, 3.37940882885092, -1.09577127602224
-8.10953027341739, 3.13463455953052, -1.66679500531889
-8.41636969425975, 2.90546263355744, -2.25562453822007
-8.70857779109796, 2.68721853651964, -2.8559875862131
-8.99921168112119, 2.47015018152528, -3.45754844377434
-9.29797613861555, 2.24700927626506, -4.05284018227978
-9.65304475166436, 1.98181597847561, -4.51988807554259
-9.90840635150821, 1.79109175700783, -5.14581093265714
-10.141921022845, 1.61668454809604, -5.78490624862951
-10.3523891231482, 1.45949033957498, -6.43635564495643
-10.5461400902909, 1.314781807088, -7.09587720480203
-10.7363470657032, 1.172720207672, -7.75701597371083
-10.9319176913206, 1.02665261044653, -8.41570522375425
-11.1386655153035, 0.872236998258158, -9.06904471370097
-11.359485953515, 0.707310845744162, -9.71515216261379
-11.6049190825947, 0.524001990791948, -10.3472132417262
-11.9121579905925, 0.294531696243698, -10.9339895150918
-12.3065079298854, 0, -11.4282159880678
-5.90927847523903, 3.52888914490982, -0.000527002940279047
-6.33579090678434, 3.28633866901816, -0.526797197527314
-6.74608825642878, 3.0530094386068, -1.06982635453946
-7.13515471371843, 2.83175386106788, -1.63313960471034
-7.50291422165697, 2.62261518874129, -2.21511003161075
-7.85445333661236, 2.42270078221852, -2.81022884389469
-8.20109613183247, 2.22557083071764, -3.40915781303957
-8.55483360848994, 2.02440625271666, -4.0025500781459
-8.96795828139063, 1.78946917092611, -4.46874032628816
-9.27241603195892, 1.61632914773455, -5.09716112189279
-9.54968967580274, 1.4586482707133, -5.74206758669596
-9.79995800303706, 1.31632486491864, -6.40143227166473
-10.0302840340639, 1.18534230895096, -7.0703952314751
-10.255957243092, 1.0570057349209, -7.74146871602629
-10.4873662603994, 0.925407302795051, -8.40994462384058
-10.7313835807974, 0.786638739886097, -9.07244836816007
-10.9922775979272, 0.638272682224357, -9.7263555827909
-11.2839045557547, 0.472429315953359, -10.3627657701467
-11.6517849880323, 0.26322187598061, -10.9425369789029
-12.1146470044752, 0, -11.420184365217
-4.70513659290749, 3.10157573433943, -0.000715651047274221
-5.1960170207246, 2.89063409380955, -0.513870528017694
-5.67033274681031, 2.68681065388434, -1.04512435813735
-6.12277139788603, 2.49238825305357, -1.59850240966662
-6.55258114266716, 2.30768996902738, -2.17287295620426
-6.9642492770526, 2.13078751641321, -2.76280901822039
-7.3686144391896, 1.95702330451823, -3.35872725019755
-7.77849698942281, 1.78088815495595, -3.95015048142304
-8.24750912142076, 1.57934378091762, -4.4183660401263
-8.60379040948957, 1.42624222066692, -5.04940548513336
-8.92701717541229, 1.28734488354939, -5.70128445583825
-9.21959285613736, 1.16161896217636, -6.37009875340684
-9.48917270987488, 1.04577483114415, -7.05032278005472
-9.75295947326189, 0.932420112834506, -7.73325121165119
-10.0227509515279, 0.816485042293033, -8.41338669887773
-10.3066438564662, 0.694490292229772, -9.08667360811316
-10.6110642972978, 0.563674428404453, -9.74919875275462
-10.9540030346918, 0.416306442704109, -10.3889248311609
-11.3893140894199, 0.229244130129365, -10.9559148113042
-11.922786079065, 0, -11.4103993379376
-3.45110428727465, 2.60103728739722, -0.000979522170578553
-4.00345469741614, 2.42752097156474, -0.503685646353325
-4.53986940141312, 2.25901072609922, -1.02497157829079
-5.05494161888474, 2.09720504636695, -1.5693705344826
-5.54723615851223, 1.94255478585799, -2.13646624373303
-6.02033845359685, 1.79393361033656, -2.72126610858861
-6.48407766749256, 1.64825376937903, -3.31428386408486
-6.95149923502759, 1.50141714746262, -3.90411042242613
-7.47325081857103, 1.33751320008793, -4.38032568349852
-7.88357448183359, 1.20861341284967, -5.01484962564429
-8.2549976954295, 1.09193388033821, -5.6753367092093
-8.59276142879498, 0.985828195324975, -6.3553981618968
-8.90517451285385, 0.887686207252815, -7.04871057036499
-9.21098332391267, 0.791618896955272, -7.74527282701976
-9.5231282670949, 0.693561143123163, -8.43873002675482
-9.85121526913623, 0.590495323271317, -9.12403529212879
-10.2054447639493, 0.479217055398906, -9.79478946544533
-10.6089752613233, 0.352451285074846, -10.4340323497601
-11.1226657004233, 0.191079679596801, -10.977281359841
-11.7309251536547, 0, -11.3984234550784
-2.170339913938, 2.00124936593263, -0.00136173620513089
-2.778298366719, 1.87138360968624, -0.49996055113149
-3.37153316347149, 1.74466296757735, -1.01673854936381
-3.94473279027345, 1.62222202992071, -1.55661782086166
-4.49599135992001, 1.50446791250203, -2.11989289651362
-5.02803703457951, 1.39081785371723, -2.70219432777993
-5.54974543278625, 1.2793759363242, -3.29423363667055
-6.07345957801352, 1.16750557213112, -3.88441631137222
-6.64061156028283, 1.04635646934765, -4.38013728314912
-7.10219271689889, 0.947758307419274, -5.02193929132527
-7.52117879761242, 0.858258862219235, -5.69379867991619
-7.90506114639103, 0.776257910829003, -6.38726288187357
-8.26316158158359, 0.699764223446723, -7.09507115667069
-8.61471972281312, 0.624668032799968, -7.80632150341411
-8.97378999530813, 0.547967178868492, -8.51362289501646
-9.35152793627044, 0.467278731916845, -9.2106528234966
-9.765872242829, 0.378770814194057, -9.8853626339566
-10.2458061843606, 0.276252321392108, -10.5125981293284
-10.8519757103232, 0.146768697071142, -11.0114968678184
-11.5390642282445, 0, -11.3836927696436
-0.969468771436434, 1.27865672217358, -0.00193292720714738
-1.61950400898314, 1.19856487518867, -0.508970482317163
-2.25573789037424, 1.12017351464133, -1.03344808302604
-2.87296584431052, 1.04412390381093, -1.58047291355496
-3.46922810835813, 0.970657508057958, -2.15062544474229
-4.04698738493006, 0.899470894009224, -2.73982575676161
-4.6154124614792, 0.829434361181891, -3.33820869980761
-5.18455972665216, 0.759308846377254, -3.93589406707488
-5.77595977288931, 0.686441532000786, -4.47529476049584
-6.27279242478748, 0.625226012541997, -5.13495347883265
-6.72993055115726, 0.568901316966475, -5.82327269146356
-7.15420049148714, 0.516626361427994, -6.53266023960579
-7.55635653631797, 0.46707609315606, -7.2550665531224
-7.95395096336254, 0.418087868866724, -7.98004381815808
-8.36152703509934, 0.367869790696905, -8.69934908682266
-8.79516248669085, 0.314440896030857, -9.40292049695386
-9.28870634586245, 0.253630593810469, -10.0646756702925
-9.87751072794945, 0.181083095228483, -10.6395303459406
-10.5823939913325, 0.0942333381504331, -11.0646319963937
-11.3472033028342, 0, -11.3655366348395
-0.130787459152952, 0.438715961592668, -0.00279273044809082
-0.793794150238153, 0.412331983266272, -0.539254691001509
-1.44115780189267, 0.386570510894715, -1.09448696548044
-2.06707736014056, 0.361662394157841, -1.67379976507185
-2.66996004719231, 0.337671016751835, -2.27710162212041
-3.25367420952832, 0.314442440004479, -2.8990338703091
-3.83021930302645, 0.291499152318881, -3.52765493016864
-4.41672566074397, 0.268159461726944, -4.13625117624878
-4.95396684649375, 0.246780250941502, -4.79840382477292
-5.44958170363645, 0.227057536487913, -5.49264507987594
-5.91851770719097, 0.208396492005846, -6.20522179366532
-6.36297960557174, 0.190709380772334, -6.93336089258433
-6.79217506887023, 0.173629788735458, -7.6706450157821
-7.22056582799623, 0.156582219448475, -8.40839935703293
-7.66906472824381, 0.138734457996511, -9.13398874225971
-8.1810220633119, 0.118361403826626, -9.81545116940917
-8.79899952089031, 0.0937693385184123, -10.4016516582167
-9.53447190080188, 0.0645016288675672, -10.8288388539785
-10.3277846873223, 0.0329321927713092, -11.1396748974437
-11.155342377425, 0, -11.3433451710512
