-109.579997112877, 6.52119784959058, -1.77635683940025E-15
-109.579997112877, 6.67849979340726, -0.778640264315898
-109.579997112877, 6.80149934077759, -1.56344121515743
-109.579997112877, 6.89564264038725, -2.35224938461779
-109.579997112877, 6.97063574507334, -3.1431300876203
-109.579997112877, 7.03625770359848, -3.93485136129801
-109.579997112877, 7.09644914042476, -4.72700507532032
-109.579997112877, 7.15309676311712, -5.51942080131033
-109.579997112877, 7.20808608738418, -6.31195366136614
-109.579997112877, 7.27615100431248, -7.10311532634411
-109.579997112877, 7.04366993188994, -7.80582094557568
-109.579997112877, 6.30944315581684, -8.10083405126218
-109.579997112877, 5.53377945996201, -8.27092093047393
-109.579997112877, 4.74592042561597, -8.37061303298126
-109.579997112877, 3.95583694378524, -8.45367531680481
-109.579997112877, 3.16527310609309, -8.53200800340455
-109.579997112877, 2.37419745069465, -8.60502075381434
-109.579997112877, 1.58298854494272, -8.67657802212413
-109.579997112877, 0.791766065738589, -8.74798668891243
-109.579997112877, 6.69966482435055E-22, -8.81308146865598
-107.442118229721, 6.68672431778484, -1.77635683940025E-15
-107.442118229729, 6.79853342859937, -0.798492275335534
-107.442118229733, 6.89994545966852, -1.59836831259363
-107.442118229734, 6.98922200116305, -2.39968921222171
-107.442118229735, 7.06758812204982, -3.20215336241789
-107.442118229735, 7.13770202606796, -4.00538293275309
-107.442118229735, 7.20224725831379, -4.80908090785964
-107.442118229735, 7.26459107986055, -5.61295342061612
-107.442118229735, 7.32810979752329, -6.41673353740085
-107.442118229735, 7.34903912204327, -7.18474203786673
-107.442118229735, 7.17437611843582, -7.92179520342993
-107.442118229735, 6.42360774492565, -8.20712475193715
-107.442118229735, 5.63323958808391, -8.36365743978791
-107.442118229735, 4.83021862753751, -8.43444519198822
-107.442118229735, 4.02581222192724, -8.48946135599323
-107.442118229735, 3.22104200486197, -8.53884874527444
-107.442118229735, 2.41596451634609, -8.58297106346032
-107.442118229735, 1.61073654038934, -8.62426471915646
-107.442118229735, 0.805409945496789, -8.66359204493382
-107.442118229735, 1.57852223823732E-17, -8.70117696540298
-105.249421939332, 6.78358908692703, -1.77635683940025E-15
-105.249421939332, 6.88067676035281, -0.810830178579889
-105.249421939332, 6.97553393427667, -1.62192323996102
-105.249421939332, 7.06454880079649, -2.4336765284697
-105.249421939332, 7.1464256469174, -3.24618109732071
-105.249421939332, 7.22257107998774, -4.05924420847539
-105.249421939332, 7.29473440108823, -4.87267094080705
-105.249421939332, 7.36449085339295, -5.68630800260004
-105.249421939332, 7.43341644412358, -6.50001600541277
-105.249421939332, 7.40469161072042, -7.23727407374195
-105.249421939332, 7.26913025339685, -8.00934242837807
-105.249421939332, 6.51247729170481, -8.2998302166877
-105.249421939332, 5.70852014752934, -8.44014724604808
-105.249421939332, 4.89413065688337, -8.49929997082386
-105.249421939332, 4.07898332294894, -8.54834457416275
-105.249421939332, 3.26350806183293, -8.59155286142871
-105.249421939332, 2.44776539563715, -8.62943103858995
-105.249421939332, 1.63194684804899, -8.66564102960557
-105.249421939332, 0.816028590677265, -8.69952265519219
-105.249421939332, 7.89652500802033E-17, -8.73064243274588
-103.056725648929, 6.8574399225142, -1.77635683940025E-15
-103.056725648929, 6.95117846362352, -0.822149907223222
-103.056725648929, 7.0436765805644, -1.64444006647728
-103.056725648929, 7.13313503155167, -2.46706590523091
-103.056725648929, 7.21775187091742, -3.29020295709517
-103.056725648929, 7.29813638720785, -4.11376549001429
-103.056725648929, 7.37588426596746, -4.93758098371064
-103.056725648929, 7.45050584270591, -5.76168538455341
-103.056725648929, 7.52151017315232, -6.58610914121968
-103.056725648929, 7.45450173729847, -7.30384295692246
-103.056725648929, 7.34804546378682, -8.10589332170107
-103.056725648929, 6.60051440892021, -8.43055785285145
-103.056725648929, 5.78460056860727, -8.56544247795641
-103.056725648929, 4.95924178217983, -8.62382239381501
-103.056725648929, 4.13319410008224, -8.67240921031262
-103.056725648929, 3.3068233934033, -8.71513382075951
-103.056725648929, 2.48024577964947, -8.75369230018634
-103.056725648929, 1.65365293604335, -8.79192084919019
-103.056725648929, 0.826932204069439, -8.82725237352358
-103.056725648929, 1.99682132567124E-16, -8.8572449173207
-100.864029358526, 6.92053433963719, -1.77635683940025E-15
-100.864029358526, 7.01700642779217, -0.833323450974964
-100.864029358526, 7.11045796313629, -1.66699026758834
-100.864029358526, 7.19944810481901, -2.5011449007736
-100.864029358526, 7.28397614265961, -3.33576397883194
-100.864029358526, 7.36489009044301, -4.17074148308431
-100.864029358526, 7.44382774727865, -5.00590837205421
-100.864029358526, 7.52076214819931, -5.84126215459738
-100.864029358526, 7.59390881001992, -6.67695445703355
-100.864029358526, 7.50037517343597, -7.38657597624516
-100.864029358526, 7.4119268754302, -8.21083680571461
-100.864029358526, 6.68898730663725, -8.59285669303071
-100.864029358526, 5.8629625036671, -8.73588003265538
-100.864029358526, 5.02671376052604, -8.8017613083247
-100.864029358526, 4.18944417068657, -8.85381204869801
-100.864029358526, 3.35179701055824, -8.89942231535753
-100.864029358526, 2.51401693616003, -8.94254743934499
-100.864029358526, 1.67626135657492, -8.98614231893935
-100.864029358527, 0.838310693203273, -9.02576678290442
-100.864029358526, 1.29052363409691E-15, -9.05688220683503
-98.6713330681237, 6.97709903099689, -1.77635683940025E-15
-98.6713330681236, 7.0776226334764, -0.844144795191819
-98.6713330681237, 7.17224659276921, -1.68897083672239
-98.6713330681237, 7.26100574974873, -2.53443356689844
-98.6713330681237, 7.34526586479763, -3.38035742326218
-98.6713330681237, 7.42647822324939, -4.22657967305858
-98.6713330681237, 7.50585645315193, -5.07297601493687
-98.6713330681237, 7.5829481264783, -5.91958354791525
-98.6713330681237, 7.65478854788352, -6.76664867570716
-98.6713330681237, 7.54211392436944, -7.47545603529073
-98.6713330681237, 7.46107045390987, -8.3156616282281
-98.6713330681237, 6.7713077570602, -8.762099814443
-98.6713330681237, 5.93786100117097, -8.925783683299
-98.6713330681237, 5.09164772039496, -9.00640939057795
-98.6713330681237, 4.24375543150131, -9.0676799420579
-98.6713330681237, 3.39532837008041, -9.12114203048153
-98.6713330681237, 2.54679455181692, -9.17289514774625
-98.6713330681237, 1.69826610517924, -9.22472828745262
-98.6713330681237, 0.849417505511573, -9.27096865380327
-98.6713330681237, 1.60549562139627E-15, -9.30520535502085
-96.4786367777209, 7.0297514837402, -1.77635683940025E-15
-96.4786367777209, 7.13364979086949, -0.854311829485554
-96.4786367777209, 7.22944285959331, -1.70957033346069
-96.4786367777209, 7.3179954853776, -2.5656101004575
-96.4786367777209, 7.40163309565765, -3.42214527393182
-96.4786367777209, 7.48234076783457, -4.27896195083729
-96.4786367777209, 7.56106484041818, -5.13596314290431
-96.4786367777209, 7.63701397880114, -5.99321429563711
-96.478636777721, 7.70561049108547, -6.85107513808667
-96.4786367777209, 7.57976488689639, -7.56353594165961
-96.478636777721, 7.49895875095559, -8.41595327535508
-96.4786367777209, 6.84163556562572, -8.92154971920769
-96.4786367777209, 6.00441525044601, -9.11670398030964
-96.478636777721, 5.15003483818394, -9.21924088534991
-96.478636777721, 4.2929747612916, -9.2971842254315
-96.478636777721, 3.43503691896942, -9.36492996990505
-96.4786367777209, 2.57686959039062, -9.42972067962786
-96.4786367777209, 1.71859298349213, -9.49303284886031
-96.4786367777209, 0.859707364906713, -9.54737640697692
-96.4786367777209, 2.05794047794385E-15, -9.58661832984209
-94.2859404873182, 7.08018057132778, -1.77635683940025E-15
-94.2859404873182, 7.18525121741814, -0.863711851843993
-94.2859404873182, 7.28163799685268, -1.7284355615087
-94.2859404873182, 7.37009858946311, -2.59400745202796
-94.2859404873181, 7.45310552109238, -3.46012071776255
-94.2859404873182, 7.53280648146134, -4.32654518462366
-94.2859404873182, 7.6101433509847, -5.19318374383569
-94.2859404873182, 7.68400503217232, -6.06012478691153
-94.2859404873182, 7.7104187695755, -6.89275676087202
-94.2859404873182, 7.61357936119683, -7.64656890949646
-94.2859404873182, 7.52798638562136, -8.50861155559659
-94.2859404873182, 6.89575057029739, -9.0618421602038
-94.2859404873182, 6.05882873699905, -9.29564160737537
-94.2859404873182, 5.19886870965137, -9.42710995909996
-94.2859404873182, 4.33492062230176, -9.53009336479282
-94.2859404873182, 3.46941484852791, -9.61918389662421
-94.2859404873182, 2.60322045031017, -9.7013343903455
-94.2859404873182, 1.73649766731047, -9.77768433228873
-94.2859404873182, 0.86884343288202, -9.84255405845703
-94.2859404873182, 3.97887477522023E-15, -9.88870278689436
-92.0932441969155, 7.12879264893984, -1.77635683940025E-15
-92.0932441969155, 7.23311715161708, -0.87253926935421
-92.0932441969155, 7.32946246681183, -1.7459946236683
-92.0932441969155, 7.41779464875704, -2.6202977438724
-92.0932441969154, 7.50008481740039, -3.49519149048308
-92.0932441969155, 7.57839222053311, -4.37045153150577
-92.0932441969155, 7.65382920116819, -5.24596353332443
-92.0932441969154, 7.72495360912439, -6.12183526472062
-92.0932441969155, 7.66957747942684, -6.8911470477034
-92.0932441969154, 7.64358741165389, -7.72524613176908
-92.0932441969154, 7.55001274121468, -8.59528694242143
-92.0932441969155, 6.93612031695227, -9.18641471747501
-92.0932441969155, 6.10259484677228, -9.46066656824629
-92.0932441969154, 5.2394062403598, -9.62450371185078
-92.0932441969154, 4.37072705093775, -9.7570402972052
-92.0932441969154, 3.49943375644641, -9.87124772445975
-92.0932441969154, 2.62656064782945, -9.97270963583328
-92.0932441969154, 1.75244995453101, -10.0628690742124
-92.0932441969155, 0.877032471412063, -10.1393216463198
-92.0932441969155, 5.46676475413674E-15, -10.1939431293108
-89.9005479065127, 7.17565380855809, -1.77635683940025E-15
-89.9005479065127, 7.2780495844492, -0.880945208788861
-89.9005479065127, 7.37377616938868, -1.762638588022
-89.9005479065127, 7.46171340543517, -2.64514301651845
-89.9005479065127, 7.54302841979241, -3.52828350062767
-89.9005479065127, 7.61962243336873, -4.41184688400198
-89.9005479065127, 7.69282275795784, -5.29569778616602
-89.9005479065127, 7.76084238034524, -6.1799607017618
-89.9005479065127, 7.65359393083878, -6.91390489779753
-89.9005479065127, 7.66963944962726, -7.80058807022537
-89.9005479065127, 7.56655759499419, -8.67765954274911
-89.9005479065127, 6.96770704811478, -9.30079329310407
-89.9005479065127, 6.13928163153735, -9.61329513730423
-89.9005479065127, 5.27435503059901, -9.80860647012734
-89.9005479065127, 4.40239331618639, -9.97040707381942
-89.9005479065127, 3.52649424404055, -10.1093928451935
-89.9005479065127, 2.64780296306214, -10.2295099871808
-89.9005479065127, 1.76699437428648, -10.3329642869706
-89.9005479065127, 0.884514458715782, -10.421110461083
-89.9005479065127, 5.04567988657751E-15, -10.485329235628
-87.6978516161091, 7.22104330256663, -1.77635683940025E-15
-87.6978516161096, 7.32093870717033, -0.88898205099554
-87.6978516161099, 7.41548705546734, -1.77854706571249
-87.69785161611, 7.50254112201088, -2.6688761848766
-87.69785161611, 7.58248511456403, -3.55987256714813
-87.69785161611, 7.65710531765441, -4.45133211713817
-87.69785161611, 7.7278860140655, -5.34310445958251
-87.69785161611, 7.79269403308783, -6.23532832762992
-87.6978516161099, 7.68035949473555, -6.9783267268346
-87.6978516161099, 7.69168786087607, -7.87277501393957
-87.6978516161099, 7.57928197306779, -8.75639927604633
-87.6978516161099, 6.99562938203239, -9.40897587321701
-87.6978516161099, 6.173009706212, -9.75591753186903
-87.6978516161099, 5.30667517713185, -9.97816463263399
-87.6978516161099, 4.4318247245045, -10.1648171712134
-87.6978516161099, 3.55171977585055, -10.3249049825682
-87.69785161611, 2.66757031529687, -10.4609460067126
-87.6978516161099, 1.78047622356497, -10.5762687182873
-87.6978516161099, 0.891423381688378, -10.6754855581023
-87.6978516161099, 6.15109655074759E-15, -10.7500457785526
-82.2261108901031, 7.33115344310234, -1.77635683940025E-15
-82.2261108901031, 7.4242373315183, -0.906474809048826
-82.2261108901031, 7.51277184719569, -1.81340363851173
-82.226110890103, 7.59389599291824, -2.7210242585014
-82.2261108901031, 7.66753810155341, -3.62928329320011
-82.2261108901031, 7.73558556734138, -4.53798016390178
-82.2261108901031, 7.79942371575843, -5.44698212552356
-82.2261108901031, 7.85627078590769, -6.35644417405252
-82.2261108901031, 7.73234555248915, -7.11786179374938
-82.2261108901031, 7.72706533443997, -8.0290397530879
-82.2261108901031, 7.60036653871271, -8.92796985582912
-82.2261108901031, 7.06339368824182, -9.64825156398248
-82.2261108901031, 6.25835897109491, -10.0676134231631
-82.2261108901031, 5.38548591016662, -10.3279586456739
-82.2261108901031, 4.49996675234985, -10.5427480412655
-82.2261108901031, 3.60782625444417, -10.728133409926
-82.2261108901031, 2.71022803093375, -10.8850509005464
-82.2261108901031, 1.80905567311636, -11.0200260996248
-82.2261108901031, 0.905761329851401, -11.1400795112376
-82.2261108901031, 4.06326708940917E-15, -11.2395849201088
-76.7443701640962, 7.46138213861377, -1.77635683940025E-15
-76.7443701640962, 7.54360885336642, -0.918271553169862
-76.7443701640962, 7.61819750475877, -1.83719317808329
-76.7443701640962, 7.68396574951004, -2.75678857737976
-76.7443701640962, 7.74258688577126, -3.67686887586228
-76.7443701640962, 7.79657203555815, -4.59723394453789
-76.7443701640962, 7.84700991999511, -5.51780005334305
-76.7443701640962, 7.89129574636567, -6.43867918301443
-76.7443701640962, 7.75426246735465, -7.20989251505543
-76.7443701640962, 7.72905692310764, -8.13145225425721
-76.7443701640962, 7.59536028829749, -9.04111667191184
-76.7443701640962, 7.10256832267266, -9.80846623264435
-76.7443701640962, 6.32252001831052, -10.289571361107
-76.7443701640962, 5.44644286470619, -10.5742051637114
-76.7443701640962, 4.5505256212017, -10.7914687732238
-76.7443701640962, 3.6478145977385, -10.9786015913069
-76.7443701640962, 2.739598463426, -11.1369609918769
-76.7443701640962, 1.82825561223897, -11.276323759938
-76.7443701640962, 0.915086263372625, -11.4032171192092
-76.7443701640962, 2.72372498293613E-15, -11.5153682712008
-71.2626294380893, 7.62118490724845, -1.77635683940025E-15
-71.2626294380893, 7.68643674197957, -0.922412032983417
-71.2626294380893, 7.73784459934912, -1.84569827165025
-71.2626294380893, 7.77717386419293, -2.76958220037738
-71.2626294380893, 7.80951335892315, -3.69374054820398
-71.2626294380893, 7.83863041886136, -4.61800688709588
-71.2626294380893, 7.86556172154732, -5.54233940099136
-71.2626294380893, 7.88888668791512, -6.46676891982219
-71.2626294380893, 7.73664202659184, -7.23798916347329
-71.2626294380893, 7.68837639147598, -8.16135260507716
-71.2626294380893, 7.54443233248769, -9.0732545086652
-71.2626294380893, 7.08861792869598, -9.86724416596745
-71.2626294380894, 6.33324859233446, -10.3905950417752
-71.2626294380893, 5.46559086091194, -10.7067528216766
-71.2626294380893, 4.56942070711782, -10.9339413860743
-71.2626294380893, 3.66351353155082, -11.1192474126517
-71.2626294380893, 2.75128852961384, -11.2705351225494
-71.2626294380893, 1.83576770789374, -11.4006076914772
-71.2626294380893, 0.918693629072563, -11.5192950966097
-71.2626294380893, 2.51323645920595E-16, -11.6246319879085
-65.7808887120825, 7.75729543320783, -1.77635683940025E-15
-65.7808887120825, 7.80588441699615, -0.918678927598372
-65.7808887120825, 7.83330453496099, -1.83823466545054
-65.7808887120825, 7.8440918564818, -2.75814751346099
-65.7808887120825, 7.8472857530932, -3.67812472969962
-65.7808887120825, 7.84866713784984, -4.59810685592433
-65.7808887120825, 7.84840322504023, -5.51808979312476
-65.7808887120825, 7.84611389694656, -6.43806984999788
-65.7808887120824, 7.67253681362898, -7.20136784598739
-65.7808887120824, 7.59382652195057, -8.11773772644219
-65.7808887120825, 7.42694516342276, -9.02158781334054
-65.7808887120825, 7.00617633534646, -9.83088742911211
-65.7808887120824, 6.28268170522135, -10.390353185316
-65.7808887120824, 5.43585840297501, -10.7467455646515
-65.7808887120825, 4.54948390992704, -10.9918477261601
-65.7808887120825, 3.64932787865589, -11.1813836978504
-65.7808887120825, 2.74120343939934, -11.3281930952498
-65.7808887120825, 1.82895356579079, -11.447106119919
-65.7808887120825, 0.915211707718584, -11.554069997914
-65.7808887120825, 9.51622018058036E-16, -11.6475586924687
-60.2991479860756, 7.84184804218199, -1.77635683940025E-15
-60.2991479860756, 7.878226451469, -0.909431566258067
-60.2991479860756, 7.8864847999551, -1.81955565964438
-60.2991479860756, 7.87283369064117, -2.72963612907707
-60.2991479860756, 7.84951081334675, -3.63953117887144
-60.2991479860756, 7.82373821121872, -4.54936067610807
-60.2991479860756, 7.79687534481292, -5.4591588850158
-60.2991479860756, 7.76994566594373, -6.36895527607638
-60.2991479860756, 7.57124808537791, -7.1194020548887
-60.2991479860756, 7.45919832219278, -8.02224814292018
-60.2991479860756, 7.2560629832819, -8.90894275230971
-60.2991479860756, 6.86149091418293, -9.72338128334922
-60.2991479860756, 6.18293878327427, -10.3226484893057
-60.2991479860756, 5.36647551915152, -10.7223831674239
-60.2991479860756, 4.49838371218089, -10.9943607539314
-60.2991479860756, 3.61117587422782, -11.197079507026
-60.2991479860756, 2.713693788169, -11.3479832351275
-60.2991479860756, 1.81067797745231, -11.4618508663302
-60.2991479860756, 0.905882482899348, -11.5608150929481
-60.2991479860756, -4.21930010496365E-16, -11.6493098528996
-54.8174072600686, 7.88690201524968, -1.77635683940025E-15
-54.817402508312, 7.91448340910031, -0.897007067688704
-54.81740409796, 7.90619857579716, -1.79434574940581
-54.8174070803831, 7.87034298836003, -2.69108080077111
-54.8174072600687, 7.82287827878134, -3.58729094553561
-54.8174072600687, 7.77225144598411, -4.48332936523631
-54.8174072600687, 7.71995173536273, -5.37927175873164
-54.8174072600687, 7.66688269776834, -6.27516897698729
-54.8174072600687, 7.4411089867937, -7.00929424876435
-54.8174072600687, 7.30008426401073, -7.89506486375414
-54.8174072600687, 7.05541300748392, -8.75808263069929
-54.8174072600687, 6.67043163543205, -9.5657810176959
-54.8174072600687, 6.04404365598314, -10.2026381739927
-54.8174072600687, 5.26713833843506, -10.6488610431237
-54.8174072600687, 4.42614002515625, -10.9597917033159
-54.8174072600687, 3.55731929768863, -11.1841242073236
-54.8174072600687, 2.67522949083124, -11.3485581684251
-54.8174072600687, 1.78531750472158, -11.4643578947033
-54.8174072600687, 0.892889058165651, -11.5592769588248
-54.8174072600687, -4.38176000529174E-16, -11.6498158334062
-49.3356665340619, 7.90723274993064, -1.77635683940025E-15
-49.3356666361963, 7.92009701935053, -0.882337673917336
-49.335666558155, 7.89569630382212, -1.76442685264065
-49.3356665354985, 7.84011065160079, -2.64513715821458
-49.3356665340619, 7.76882127833948, -3.52474047074603
-49.3356665340618, 7.69330043486542, -4.40399306852976
-49.3356665340618, 7.61464138959368, -5.28297046032205
-49.3356665340618, 7.5325766052695, -6.16163633427534
-49.3356665340618, 7.27851486953392, -6.87570183683166
-49.3356665340618, 7.11484694585599, -7.74238584736735
-49.3356665340618, 6.83371508775086, -8.57830285165355
-49.3356665340618, 6.44170433311765, -9.36759760057766
-49.3356665340619, 5.86519873929784, -10.0315718746594
-49.3356665340619, 5.13907507579981, -10.529946948856
-49.3356665340619, 4.3345314471331, -10.8901873285981
-49.3356665340618, 3.48986336432011, -11.1449799126136
-49.3356665340618, 2.62804312786324, -11.3335899662615
-49.3356665340618, 1.75459292051199, -11.4588469313977
-49.3356665340618, 0.877387016865508, -11.5552120648897
-49.3356665340618, 5.64036196872387E-19, -11.6499824331223
-43.853925808055, 7.90763361047427, -1.77635683940025E-15
-43.853925808055, 7.89920170962944, -0.864759968681328
-43.853925808055, 7.85402121430378, -1.72836795204976
-43.853925808055, 7.77575652531846, -2.58964125975163
-43.853925808055, 7.67852494355615, -3.44900911721796
-43.853925808055, 7.57403544348714, -4.30753042445162
-43.853925808055, 7.46566163571583, -5.16557015317003
-43.853925808055, 7.35154177134737, -6.02286152176358
-43.853925808055, 7.06735938852683, -6.71156464621099
-43.853925808055, 6.88464689710604, -7.55657437042747
-43.853925808055, 6.5820470806647, -8.36579767582201
-43.853925808055, 6.17335475476254, -9.12730465064546
-43.853925808055, 5.63698867917685, -9.80343658333819
-43.853925808055, 4.96917422322875, -10.3508637987373
-43.853925808055, 4.2144841907895, -10.7714351596591
-43.853925808055, 3.40385743271553, -11.0712953439436
-43.853925808055, 2.56950861740348, -11.297770477039
-43.853925808055, 1.71749182794707, -11.4449473312935
-43.853925808055, 0.858966754829374, -11.5492305217956
-43.853925808055, 4.47523567986849E-20, -11.65
-38.3721850820481, 7.87964792543764, -1.77635683940025E-15
-38.3721850820481, 7.83542154011329, -0.842248189949042
-38.3721850820481, 7.75990951743356, -1.68225347235234
-38.3721850820481, 7.65352408474568, -2.51892811049907
-38.3721850820481, 7.52612061698544, -3.35268629424493
-38.3721850820481, 7.3883490965228, -4.18480382920722
-38.3721850820481, 7.24429166350263, -5.01585589599506
-38.3721850820481, 7.06425547017621, -5.81391502153051
-38.3721850820481, 6.77459699678528, -6.50171397807278
-38.3721850820481, 6.57590212057186, -7.32124714865099
-38.3721850820481, 6.27421970068981, -8.10776366628098
-38.3721850820481, 5.85547750892494, -8.83927975452291
-38.3721850820481, 5.34489426081811, -9.50963790998269
-38.3721850820481, 4.7337495159317, -10.0896757905087
-38.3721850820481, 4.04306148567911, -10.5724711618278
-38.3721850820481, 3.28649108843935, -10.9429962740737
-38.3721850820481, 2.49075233438646, -11.2219674320126
-38.3721850820481, 1.6703650392222, -11.4157502283389
-38.3721850820481, 0.836194411612719, -11.5396233564345
-38.3721850820481, -4.31691911132919E-16, -11.65
-32.8804443560412, 7.78607244048342, -1.77635683940025E-15
-32.8804443560412, 7.68847145322022, -0.8121985100251
-32.8804443560412, 7.56874813825054, -1.62142033989049
-32.8804443560412, 7.42481882986528, -2.42669186402724
-32.8804443560412, 7.26063351083587, -3.22809156105816
-32.8804443560412, 7.08336520325996, -4.02671102661261
-32.8804443560412, 6.8969839094425, -4.82325108314668
-32.8804443560412, 6.5691354053294, -5.44947326781854
-32.8804443560412, 6.36258138025145, -6.24092296118546
-32.8804443560412, 6.15776822075133, -7.03284032374547
-32.8804443560412, 5.87875264009747, -7.80114429455461
-32.8804443560412, 5.48278024118184, -8.51605421226061
-32.8804443560412, 4.99688669442298, -9.17361892029872
-32.8804443560412, 4.43634845539035, -9.76872028339372
-32.8804443560412, 3.80627609525521, -10.2896818376921
-32.8804443560412, 3.11954751065805, -10.7332297398414
-32.8804443560412, 2.37748322390487, -11.0768195268068
-32.8804443560412, 1.60723523060913, -11.3509112908855
-32.8804443560412, 0.807985163138277, -11.5220000222085
-32.8804443560412, 1.12865917583327E-16, -11.65
-30.6977480656385, 7.71852380515136, -1.77635683940025E-15
-30.6977480656385, 7.59485013007476, -0.797616597607302
-30.6977480656385, 7.45268119277236, -1.59213658611528
-30.6977480656385, 7.28980439562875, -2.38267111944678
-30.6977480656385, 7.10839155560214, -3.16916668543893
-30.6977480656385, 6.91379408873023, -3.95251463073067
-30.6977480656385, 6.70948298294354, -4.73338250251902
-30.6977480656385, 6.36644584826235, -5.3460466191804
-30.6977480656385, 6.15671801366445, -6.12536256827932
-30.6977480656385, 5.95334448269951, -6.90641723232505
-30.6977480656385, 5.68764695658985, -7.66809887596837
-30.6977480656385, 5.31512910390415, -8.38320451560597
-30.6977480656385, 4.84852697499999, -9.0412669374197
-30.6977480656385, 4.31081690412623, -9.64264716352596
-30.6977480656385, 3.70318001614653, -10.1730847135065
-30.6977480656385, 3.03798678921676, -10.6297409338329
-30.6977480656385, 2.32074645660487, -10.9989303816196
-30.6977480656385, 1.57466434958463, -11.3060948945638
-30.6977480656385, 0.795051505296632, -11.5107061731865
-30.6977480656385, 2.3013382937905E-16, -11.65
-28.5050517752357, 7.62571136486949, -1.77635683940025E-15
-28.5050517752357, 7.473411562498, -0.781063701169662
-28.5050517752357, 7.30588656723753, -1.55899893012279
-28.5050517752357, 7.12140853274989, -2.33308813059419
-28.5050517752357, 6.92111879717752, -3.10324196955698
-28.5050517752357, 6.70860132309351, -3.87011939976914
-28.5050517752357, 6.48652978890457, -4.63428118537034
-28.5050517752357, 6.13166927936999, -5.23502973293361
-28.5050517752357, 5.92004623073724, -6.00201735504405
-28.5050517752357, 5.71957534441709, -6.7720919650728
-28.5050517752357, 5.46836454331113, -7.52686593909652
-28.5050517752357, 5.12666577914888, -8.24476141977017
-28.5050517752357, 4.69007072864083, -8.90949365805269
-28.5050517752357, 4.18149087142781, -9.52103444134556
-28.5050517752357, 3.60001465811785, -10.0632742305933
-28.5050517752357, 2.95035365026181, -10.5222698765309
-28.5050517752357, 2.25687805434897, -10.9114987587651
-28.5050517752357, 1.53520465009687, -11.2463595327754
-28.5050517752357, 0.78044420411858, -11.4945127305503
-28.5050517752357, 4.2579461338729E-16, -11.65
-26.312355484833, 7.49637595423032, -1.77635683940025E-15
-26.312355484833, 7.31387682184151, -0.761675512248735
-26.312355484833, 7.11949650734654, -1.5204035990682
-26.312355484833, 6.91238427095266, -2.27575528912911
-26.312355484833, 6.69306149147946, -3.02765389017974
-26.312355484833, 6.46328594639256, -3.77642848796147
-26.312355484833, 6.22466250963703, -4.52242675509849
-26.312355484833, 5.86038189656188, -5.11074045472971
-26.312355484833, 5.64610515251909, -5.8639402104015
-26.312355484833, 5.44769086589628, -6.62160717313721
-26.312355484833, 5.20955855871423, -7.36758128453217
-26.312355484833, 4.90070864349836, -8.08683933636282
-26.312355484833, 4.50384623109817, -8.7615203689777
-26.312355484833, 4.03225929665025, -9.38638574353758
-26.312355484833, 3.48451650940335, -9.9451242726751
-26.312355484833, 2.85310772829522, -10.4075245793155
-26.312355484833, 2.18129010552328, -10.8094793657689
-26.312355484833, 1.48500299688222, -11.1678131054271
-26.312355484833, 0.761711639335711, -11.4677690691699
-26.312355484833, 1.5495608407544E-15, -11.65
-24.1196591944299, 7.31901181019666, -1.77635683940025E-15
-24.1196591944301, 7.10582610088339, -0.738073304548459
-24.1196591944302, 6.88466221569611, -1.47379568425399
-24.1196591944302, 6.65578489307235, -2.207155228308
-24.1196591944302, 6.41921400912756, -2.93806909458898
-24.1196591944302, 6.17461795542539, -3.66633708119003
-24.1196591944302, 5.92201613422298, -4.39186358578392
-24.1196591944302, 5.54937354798031, -4.96387391864741
-24.1196591944302, 5.32971839882952, -5.69987390646461
-24.1196591944302, 5.13013001494078, -6.44173299327257
-24.1196591944302, 4.90095041498371, -7.17489506514151
-24.1196591944302, 4.61961315724599, -7.88949473753895
-24.1196591944302, 4.26422889901781, -8.5701246682119
-24.1196591944302, 3.83312045171826, -9.20551031563483
-24.1196591944302, 3.32532432032479, -9.78106409368055
-24.1196591944302, 2.72636379512901, -10.2606214176564
-24.1196591944302, 2.08066962848689, -10.6767733599745
-24.1196591944302, 1.41324907470821, -11.0570474306495
-24.1196591944302, 0.723385836131219, -11.3948885798393
-24.1196591944302, 6.03012786082054E-16, -11.65
-21.9269629040275, 7.08458837895317, -1.77635683940025E-15
-21.9269629040275, 6.84228962300693, -0.709314925866984
-21.9269629040275, 6.59654931533643, -1.4174451244985
-21.9269629040275, 6.34787957785771, -2.12455212924985
-21.9269629040275, 6.09678997207346, -2.83080363808579
-21.9269629040275, 5.84190373572209, -3.53569146717992
-21.9269629040275, 5.57965331460188, -4.23786893480067
-21.9269629040275, 5.19892211453772, -4.78660299598308
-21.9269629040275, 4.97098362620819, -5.50038967462175
-21.9269629040275, 4.76566297381958, -6.2212751074305
-21.9269629040275, 4.5395995589724, -6.93586939130489
-21.9269629040275, 4.27490124659415, -7.63697872035576
-21.9269629040275, 3.95027083502553, -8.31221764705197
-21.9269629040275, 3.55305175641609, -8.94737953869877
-21.9269629040275, 3.08338650014365, -9.53091435341412
-21.9269629040275, 2.53527959694793, -10.0410253831042
-21.9269629040275, 1.92961602033674, -10.482438597212
-21.9269629040275, 1.30621930601649, -10.8983833006769
-21.9269629040275, 0.660949260192185, -11.2796988682565
-21.9269629040275, 8.88178419700125E-16, -11.6290277002771
-19.7342666136245, 6.78752176733282, -1.77635683940025E-15
-19.7342666136247, 6.51682792824759, -0.674485026744742
-19.7342666136247, 6.24746196662681, -1.34950025752791
-19.7342666136247, 5.98380020828431, -2.02676297081413
-19.7342666136247, 5.72447866843925, -2.7057008993481
-19.7342666136247, 5.46550450168728, -3.38477068735078
-19.7342666136247, 5.19945313303416, -4.06109304732184
-19.7342666136247, 4.82806885921998, -4.6022658949338
-19.7342666136247, 4.57203461598859, -5.26436916426157
-19.7342666136247, 4.35423901349414, -5.95774334326505
-19.7342666136247, 4.12443614770043, -6.64719045870478
-19.7342666136247, 3.86578512597764, -7.32629709555184
-19.7342666136247, 3.56055850972391, -7.98560706084773
-19.7342666136247, 3.19165936982139, -8.61141043066767
-19.7342666136247, 2.75899534413073, -9.19496414123461
-19.7342666136247, 2.26857691709759, -9.7308866675516
-19.7342666136247, 1.72767981398394, -10.2160231734736
-19.7342666136247, 1.17201965921479, -10.684468042777
-19.7342666136247, 0.595731559605285, -11.1272688853043
-19.7342666136247, 0, -11.5405965822813
-17.5415703232227, 6.42625632561444, -4.14885387111402E-07
-17.5415703232223, 6.1299169472875, -0.637916721711178
-17.5415703232221, 5.8395022188479, -1.27854511694107
-17.541570323222, 5.56188761810249, -1.92481452855116
-17.541570323222, 5.29647525850154, -2.57620013947503
-17.541570323222, 5.03606120861418, -3.22960550580181
-17.541570323222, 4.76847435943374, -3.88009686148319
-17.541570323222, 4.45500517068889, -4.48747507914158
-17.541570323222, 4.11676067844756, -5.01687157015859
-17.541570323222, 3.87913834013179, -5.67890610360572
-17.541570323222, 3.63638596995047, -6.3390545328468
-17.541570323222, 3.37362364275259, -6.99147599775695
-17.541570323222, 3.0779706420385, -7.6295597916867
-17.541570323222, 2.73151893304605, -8.24145166183114
-17.541570323222, 2.3344874832422, -8.82184352374863
-17.541570323222, 1.89729906631854, -9.37272632202323
-17.541570323222, 1.43352546768786, -9.90150303266442
-17.541570323222, 0.961199527911697, -10.422697321216
-17.541570323222, 0.487877648634167, -10.9428202216695
-17.541570323222, 8.88178419700125E-16, -11.4492888478735
-15.348874032871, 6.00481651868777, -5.71235584514096E-06
-15.3488740328469, 5.68859884478419, -0.595074371626903
-15.3488740328297, 5.38169802637437, -1.19498717083952
-15.3488740328214, 5.0921579715026, -1.8034528127664
-15.3488740328194, 4.82010291826422, -2.41995044330645
-15.3488740328192, 4.55779082013367, -3.04067043520211
-15.3488740328192, 4.28947253174559, -3.65880642876932
-15.3488740328192, 3.99814914739262, -4.26630463212444
-15.3488740328192, 3.60891528760745, -4.71203544097727
-15.3488740328192, 3.34769694458707, -5.33321869008044
-15.3488740328192, 3.08610164543478, -5.95424106256812
-15.3488740328192, 2.81509223145954, -6.57120522642692
-15.3488740328192, 2.5275803791628, -7.18061986877692
-15.3488740328192, 2.20941965933635, -7.77453374941643
-15.3488740328192, 1.85766794756811, -8.34922950484082
-15.3488740328192, 1.48247563627104, -8.90896160725159
-15.3488740328192, 1.0991611410605, -9.46319339813288
-15.3488740328192, 0.72184363168908, -10.0215154403544
-15.3488740328192, 0.365485499397648, -10.5933464461283
-15.3488740328192, -4.44089209850063E-16, -11.1594683907986
-13.1561777429289, 5.52611486737375, -2.25408218065899E-05
-13.1561777427102, 5.20389532916385, -0.534721818044795
-13.1561777425438, 4.89132258307316, -1.07510146688954
-13.1561777424513, 4.59624179466112, -1.62520688547941
-13.1561777424207, 4.32003605787253, -2.1850429673952
-13.1561777424165, 4.05566875851539, -2.75058381330457
-13.1561777424165, 3.79070714928041, -3.31583798234618
-13.1561777424165, 3.50827859511185, -3.87252960696505
-13.1561777424165, 3.11963426641212, -4.28993295962915
-13.1561777424165, 2.8071049349668, -4.80124469098547
-13.1561777424165, 2.52813597550908, -5.35973232299635
-13.1561777424165, 2.25239469785061, -5.91982004585581
-13.1561777424165, 1.97868878881084, -6.4809063710129
-13.1561777424165, 1.70058019222856, -7.03981746889215
-13.1561777424165, 1.40959737477749, -7.59211610527222
-13.1561777424165, 1.10642297610902, -8.13783817914013
-13.1561777424165, 0.803185911471941, -8.68352550335323
-13.1561777424165, 0.515745870093727, -9.23764824966233
-13.1561777424165, 0.250747313661309, -9.80287088858255
-13.1561777424165, 0, -10.374573682027
-11.0461769046006, 5.01020055085778, -0.000112910966831986
-11.1612130924733, 4.69626730878927, -0.513325402293384
-11.2719816457332, 4.3939804224793, -1.03439653301622
-11.3769581797254, 4.1074999308529, -1.56548718351941
-11.4747261222591, 3.84069165308697, -2.10805706071747
-11.566448207627, 3.59038249247803, -2.65952010691695
-11.6588829249624, 3.33812856240364, -3.20996868650636
-11.7575882989035, 3.06876203850466, -3.75110221511622
-11.8746915541545, 2.74918777881905, -4.24192074369246
-11.9999567221591, 2.40733969574368, -4.6626106609742
-12.0939645131658, 2.15079285465674, -5.21079961081858
-12.1840241467821, 1.9050205174249, -5.76457033140166
-12.2713555220623, 1.666693584987, -6.32202727248121
-12.3584603813407, 1.42898481370427, -6.87978436316705
-12.4479988422277, 1.18463475451933, -7.4342672982697
-12.5403971356965, 0.932480225012642, -7.98478108248261
-12.6326106436822, 0.680829974262812, -8.53555532011686
-12.7205425875967, 0.440864092708469, -9.09218374302588
-12.8024683298099, 0.217289108726628, -9.65651864310365
-12.8820907061161, 0, -10.2236446008724
-9.49159162577298, 4.59250704805893, -0.000194784764058363
-9.70035445625346, 4.29277174699783, -0.493892407240623
-9.9009502343392, 4.00476245052617, -0.997825946179578
-10.0900389835114, 3.73327459500157, -1.51518487546372
-10.2674314364972, 3.47857992459834, -2.04509162742089
-10.4364824229053, 3.23586167734582, -2.58330393368181
-10.6046252724252, 2.99444730532314, -3.1223794602375
-10.782298983228, 2.73934881352955, -3.65199256419761
-10.9778827415748, 2.45853562204419, -4.16163089752214
-11.2087265192214, 2.12709717089982, -4.5458882927238
-11.3734546744797, 1.89058551268965, -5.08813812062395
-11.5276230369456, 1.66923528271109, -5.63985558254946
-11.6755715538808, 1.45681531713083, -6.19677537226405
-11.8215563571078, 1.2472147917648, -6.75528400845577
-11.9697582155836, 1.03443108613186, -7.31199717322063
-12.1217198561427, 0.816249200123265, -7.86560238307699
-12.2732414222654, 0.598699159560556, -8.41957569124263
-12.4186164898805, 0.389974073978486, -8.97854638266343
-12.5551774818173, 0.193903969270831, -9.54429565425909
-12.6902297807059, 0, -10.1111615490411
-8.26167994496409, 4.23668891033158, -0.000285225741407695
-8.54300311394868, 3.95536574134698, -0.475364484283918
-8.81421122566341, 3.68415762963226, -0.962052370525407
-9.07285161726352, 3.42551723803215, -1.46222249849893
-9.31713299557861, 3.18123585971706, -1.97662563845178
-9.54797389426863, 2.95039496102704, -2.50332072157761
-9.77782010426013, 2.72054875103554, -3.03089496044921
-10.0181201970536, 2.48024865824205, -3.5490522140018
-10.2749513045502, 2.22341755074549, -4.05097545086701
-10.5816329493107, 1.91673590598502, -4.42377116484526
-10.8027650294678, 1.69560382582792, -4.95860811959348
-11.0053375978285, 1.49303125746717, -5.50806310670379
-11.1981523467223, 1.30021650857339, -6.0645195834658
-11.3869893246707, 1.11137953062495, -6.62370512770028
-11.5767013860511, 0.921667469244525, -7.18229638369173
-11.7700482794388, 0.728320575856827, -7.73839050451314
-11.9627501833143, 0.535618671981417, -8.29493079510542
-12.1485418666527, 0.349826988642995, -8.85613247514264
-12.3237436687261, 0.174625186569552, -9.4241151814371
-12.4983688552957, 0, -9.99245873529241
-7.11077696864267, 3.8805824491428, -0.000396143535502928
-7.45851293765734, 3.62086574934447, -0.455152093746879
-7.7955492909844, 3.36914036802655, -0.922283730502904
-8.11920055154842, 3.12741203167573, -1.40390371192165
-8.42509427846723, 2.8989464246536, -1.90327233777712
-8.7179762646699, 2.68019901378759, -2.41469948193237
-9.00794876145457, 2.46362463952717, -2.92871229978373
-9.30653048040319, 2.24062021785293, -3.43496753041579
-9.61875320859036, 2.00742761256514, -3.92818751742244
-9.99004529074232, 1.73011734606898, -4.29120021332927
-10.2680871376616, 1.52245372388938, -4.81503060590348
-10.5165947579431, 1.33684859596105, -5.36177495531219
-10.7508931742634, 1.16185602436396, -5.91825262869442
-10.9790314794698, 0.991464310519514, -6.47871458603553
-11.2061730689619, 0.82181702273103, -7.03980829246263
-11.4360775800981, 0.650106166732344, -7.59914575937817
-11.6651871882569, 0.478989007090466, -8.15898966334753
-11.887037748126, 0.313293478322253, -8.72335465404628
-12.0969588091664, 0.156507841949742, -9.29478877500774
-12.3065079298855, 0, -9.86643721233781
-5.96179170098449, 3.49902575300581, -0.000539122411298716
-6.3732089546505, 3.26505965193537, -0.433605478366649
-6.77362038434541, 3.03735237861375, -0.880104489660338
-7.16078813184583, 2.81717656552927, -1.34179078484827
-7.53300918677844, 2.60550068615643, -1.81945829384245
-7.88892785392653, 2.40309570165759, -2.31331410418572
-8.23844562150813, 2.20433080152946, -2.81321823011352
-8.5945912007882, 2.00179677590186, -3.30687564360218
-8.9611250028886, 1.79335514195529, -3.79035124652028
-9.38140139596844, 1.55435099668756, -4.16267845503661
-9.72929352151368, 1.35651057195661, -4.65507180203869
-10.0265588543117, 1.18746075628063, -5.19775474750907
-10.303405356143, 1.03002278776739, -5.75463697337529
-10.5715644969445, 0.877525175961702, -6.31713617894298
-10.8365967869214, 0.726805751846359, -6.88159701412124
-11.1027686230455, 0.575438286924045, -7.44534739696203
-11.3679396731085, 0.424639952271904, -8.00971983582627
-11.6257249140447, 0.278041803560585, -8.57859096220392
-11.8706973987191, 0.138730054726256, -9.15490411099036
-12.1146470044752, 0, -9.73179233955182
-4.77502459719785, 3.0715433895097, -0.000730155295256018
-5.24881814115205, 2.86794434222522, -0.411139908169649
-5.71252635760998, 2.66867917220857, -0.834966953622246
-6.164164440211, 2.47460079248322, -1.27395292802103
-6.60203674770896, 2.28643785574328, -1.72915453405649
-7.02414335577432, 2.10504977152131, -2.20166979214947
-7.43668369548894, 1.92777251393918, -2.68413319973158
-7.85146039698554, 1.74953424468013, -3.16431175827547
-8.27342573564002, 1.56820686689417, -3.63701091922796
-8.70759334611633, 1.38163591635521, -4.09635441175533
-9.15965878817654, 1.18737389128508, -4.48021592312542
-9.51253258558069, 1.03573660141502, -5.01558628833101
-9.83623270970076, 0.896635852327808, -5.57254866866186
-10.147655983836, 0.762810723798247, -6.13778249217941
-10.454005434725, 0.631165923794045, -6.70629717808244
-10.7591640594653, 0.500032846822929, -7.27557092662666
-11.0627144761416, 0.369590850669258, -7.84586029282336
-11.358904975872, 0.242311565568553, -8.42070580904331
-11.6419676604484, 0.120673578650088, -9.00332473281166
-11.922786079065, 0, -9.58723532474287
-3.53205460200998, 2.57560741512691, -0.00099421717319599
-4.06717809576566, 2.40750279268604, -0.388614605884553
-4.59369253490628, 2.24210263359341, -0.788970718602089
-5.10988366587428, 2.07994545643475, -1.20382444845317
-5.61406914052729, 1.92155975697337, -1.63458819735288
-6.10405288606908, 1.76763541332632, -2.08298465649091
-6.58222431588258, 1.6174218110293, -2.54521743966093
-7.05770190977348, 1.46805445502117, -3.01050435419311
-7.53688458474601, 1.317523178416, -3.47159497802843
-8.02134248289357, 1.16533473405334, -3.92657883185966
-8.53739973842154, 1.00321961275761, -4.29893915602791
-8.95588503559445, 0.871755915687293, -4.82039880048707
-9.33360241089787, 0.75309912430051, -5.37540483959982
-9.69383760961002, 0.639934214189005, -5.94311569985903
-10.0469381496789, 0.529010598117985, -6.51573748716582
-10.3963351752189, 0.419250410524382, -7.09085221366042
-10.742798169904, 0.310411924472291, -7.66791186609255
-11.0817640456162, 0.203928596377287, -8.2498339418064
-11.4076103452039, 0.101566674680489, -8.83992814321521
-11.7309251536547, 0, -9.43155592040737
-2.24818196037062, 1.9846215582568, -0.00137344157390252
-2.8424580517992, 1.85767848561838, -0.366978230054847
-3.4298479359194, 1.7322063729044, -0.744026422280341
-4.00785085766213, 1.60873940538157, -1.13593560573867
-4.57459589643136, 1.48767722963258, -1.54466993181494
-5.12980865133295, 1.36907846032012, -1.9696398339701
-5.67494808672048, 1.2526314486658, -2.40804689268334
-6.21257992216874, 1.13778813236146, -2.85605585830751
-6.74914416568515, 1.02317286393269, -3.3054086879321
-7.28687283346636, 0.908308863313353, -3.75330332489393
-7.85212067004361, 0.787566504311752, -4.1317371875621
-8.34529565986321, 0.682219596604887, -4.62919127828438
-8.78474869029135, 0.588348214653929, -5.17768862630769
-9.20073389910594, 0.499489784471894, -5.74513266864578
-9.60750234427984, 0.412600143398498, -6.31953550223757
-10.0080821666736, 0.327032451504021, -6.8984711731142
-10.4034386132415, 0.242580522781638, -7.48114813692016
-10.7908872475694, 0.159817778594984, -8.06934677228926
-11.1663311647429, 0.0796193571258742, -8.66562179646262
-11.5390642282445, 0, -9.26368159835586
-1.02105272620917, 1.27230098332452, -0.00193856563415569
-1.6654576518924, 1.19290285577234, -0.350829937985707
-2.30434584920675, 1.11418445285484, -0.709863310406257
-2.93567435087615, 1.03639749172985, -1.08221274736419
-3.55763506211168, 0.959764750552758, -1.47022802261379
-4.16924303718314, 0.884407586010339, -1.87460506340232
-4.77065822997054, 0.810306289937644, -2.29422207688943
-5.36300578827683, 0.737322231133681, -2.72674454471188
-5.94992098999904, 0.665007501386312, -3.16673842673551
-6.53510584831547, 0.592905969926178, -3.60906689825795
-7.11968855134959, 0.520878630949691, -4.05220328970389
-7.69481334349169, 0.45001661580214, -4.48243522029183
-8.19731817214629, 0.388102218672408, -5.01791067500623
-8.67412157363674, 0.32935453413428, -5.57689493565269
-9.14016995870137, 0.271931991804055, -6.14503703403201
-9.59778804921745, 0.215548159103738, -6.72009521773416
-10.0471524903706, 0.16018127130681, -7.30172327100462
-10.4874396887951, 0.105932804625652, -7.89035463707874
-10.9180929238859, 0.0528713534670538, -8.4861776900198
-11.3472033028342, 0, -9.08312941559231
-0.140466007100229, 0.438330809221348, -0.00279318531113239
-0.810161917675593, 0.411680637168069, -0.345241740955801
-1.47486155277096, 0.385229289087081, -0.697295726413341
-2.13266146243055, 0.359052511698672, -1.06208717208104
-2.78175953001788, 0.333222019220688, -1.44216008721303
-3.42088493619873, 0.307788383193692, -1.83879623502426
-4.04961551828915, 0.282768403344222, -2.25174045149618
-4.66839625123389, 0.258144372144653, -2.67948050683213
-5.28025221547935, 0.233795908220247, -3.11710733146927
-5.8888308223424, 0.20957786488934, -3.55928710335796
-6.49207168394811, 0.185572234128434, -4.00871994286159
-7.08248534914571, 0.162077054433213, -4.46687943501217
-7.63133736095352, 0.140235797355952, -4.98134888408051
-8.16382988639043, 0.11904555683651, -5.51281807492537
-8.68617937373563, 0.0982589528124064, -6.05428215809788
-9.19784479612259, 0.0778975151434636, -6.60586601708313
-9.69789732321076, 0.0579982061106107, -7.16801500080807
-10.187157712151, 0.0385283641447107, -7.73960309507273
-10.6696857532272, 0.0193264321750731, -8.31690416032024
-11.155342377424, 0, -8.89155324998897
