-109.579997112877, 6.44236047418382, -1.77635683940025E-15
-109.579997112877, 6.59933744038938, -0.773861770282533
-109.579997112877, 6.72214530412122, -1.55388658407397
-109.579997112877, 6.81616361746388, -2.3379276080286
-109.579997112877, 6.89098629264061, -3.12405484610088
-109.579997112877, 6.95638954399243, -3.9110298893062
-109.579997112877, 7.01639071384794, -4.69843627003934
-109.579997112877, 7.07280769310298, -5.4861082596621
-109.579997112877, 7.12745428679929, -6.27390539525187
-109.579997112877, 7.19393261793026, -7.0604232481429
-109.579997112877, 6.98554892709779, -7.76763552008987
-109.579997112877, 6.26377881398465, -8.07980038255574
-109.579997112877, 5.49467821934383, -8.25691594810157
-109.579997112877, 4.71209281424608, -8.36082984051095
-109.579997112877, 3.92757824202628, -8.45109094817142
-109.579997112877, 3.14260111789992, -8.53722110831747
-109.579997112877, 2.35717194107399, -8.61914270036729
-109.579997112877, 1.57162501374044, -8.6999302231502
-109.579997112877, 0.786065882247293, -8.78059927514202
-109.579997112877, -4.44088901288437E-16, -8.85616624826148
-107.442118229735, 6.6207789160454, -1.77635683940025E-15
-107.442118229735, 6.73537081310514, -0.793380769129537
-107.442118229735, 6.83790668510015, -1.58840628425105
-107.442118229735, 6.92713923969589, -2.38503501683813
-107.442118229735, 7.00483738217816, -3.18287494831288
-107.442118229735, 7.07404026158303, -3.98149909966188
-107.442118229735, 7.13749657774671, -4.78060227592199
-107.442118229735, 7.1986343804767, -5.5798870171108
-107.442118229735, 7.26089497255726, -6.37908467679786
-107.442118229735, 7.28871430155127, -7.14780106930993
-107.442118229735, 7.12324434711813, -7.88189060937483
-107.442118229735, 6.3814387572496, -8.17873883176908
-107.442118229735, 5.59799626868982, -8.34499354702126
-107.442118229735, 4.80006691388032, -8.42047448695796
-107.442118229735, 4.00083241480197, -8.48225285553142
-107.442118229735, 3.2011446672133, -8.53783322727606
-107.442118229735, 2.40107396574505, -8.58762549706117
-107.442118229735, 1.60081108429959, -8.63423680394486
-107.442118229735, 0.800435969128754, -8.67888498009789
-107.442118229735, 1.15187751411104E-17, -8.72243195972146
-105.249421939332, 6.73577231133401, -1.77635683940025E-15
-105.249421939332, 6.83382734312908, -0.806574272193116
-105.249421939332, 6.92898411042453, -1.61349431209024
-105.249421939332, 7.01775056542349, -2.421140529119
-105.249421939332, 7.09899689097358, -3.22957832692913
-105.249421939332, 7.17413596241066, -4.03860783105137
-105.249421939332, 7.24504289504431, -4.84802004163458
-105.249421939332, 7.31360277332465, -5.65763489231182
-105.249421939332, 7.38170221492322, -6.467288691964
-105.249421939332, 7.36053385815646, -7.20612157150184
-105.249421939332, 7.22848475719893, -7.97275725746419
-105.249421939332, 6.47678970236975, -8.26791347640633
-105.249421939332, 5.67883345410652, -8.41748805114802
-105.249421939332, 4.86872980241452, -8.47892536623288
-105.249421939332, 4.05793381934898, -8.53170502880631
-105.249421939332, 3.24673795187205, -8.57787894632426
-105.249421939332, 2.43520711074041, -8.61779486573309
-105.249421939332, 1.62357089398763, -8.65552332905751
-105.249421939332, 0.811828746496263, -8.69089185671567
-105.249421939332, 6.58576522243052E-17, -8.72421239993709
-103.056725648929, 6.82237145390268, -1.77635683940025E-15
-103.056725648929, 6.91588761771898, -0.818446757635803
-103.056725648929, 7.00824395802647, -1.63702497672188
-103.056725648929, 7.09753038961393, -2.45594312782738
-103.056725648929, 7.18183390986542, -3.27538825471423
-103.056725648929, 7.26154122054908, -4.09529465005001
-103.056725648929, 7.33844551449613, -4.9154686586484
-103.056725648929, 7.41237150743653, -5.73591642302182
-103.056725648929, 7.48314154795348, -6.55664237861809
-103.056725648929, 7.42200278966013, -7.27470083253104
-103.056725648929, 7.3161251454506, -8.07132816393019
-103.056725648929, 6.56940256615199, -8.39332611433882
-103.056725648929, 5.75843511851265, -8.53464712737947
-103.056725648929, 4.93680113456644, -8.59316645520068
-103.056725648929, 4.11457174338838, -8.64354567968952
-103.056725648929, 3.29197922899442, -8.68755357523913
-103.056725648929, 2.46912110326002, -8.72633975210258
-103.056725648929, 1.64622662267502, -8.76435230780747
-103.056725648929, 0.823206298989268, -8.79951093045446
-103.056725648929, 1.75510227887633E-16, -8.83002366269522
-100.864029358526, 6.89468184616329, -1.77635683940025E-15
-100.864029358526, 6.99001940558563, -0.830176636521685
-100.864029358526, 7.08275168004772, -1.66064809150709
-100.864029358526, 7.17199956085347, -2.49150091355373
-100.864029358526, 7.25688187779217, -3.32281064985789
-100.864029358526, 7.33753291789537, -4.15454233967734
-100.864029358526, 7.41614456905377, -4.98646952025851
-100.864029358526, 7.492791834366, -5.81857996223636
-100.864029358526, 7.56591057969501, -6.65100654326492
-100.8640293579, 7.47680840533671, -7.36005753120915
-100.864029358526, 7.3884091067991, -8.18002654623687
-100.864029358526, 6.66261211840864, -8.55423143156934
-100.864029358526, 5.84044977252306, -8.70012968645157
-100.864029358526, 5.00734080846188, -8.76440086091184
-100.864029358526, 4.17333440812784, -8.81647617798868
-100.864029358526, 3.33894059063702, -8.86193808705733
-100.864029358526, 2.50436959717125, -8.90406165509734
-100.864029358526, 1.66981014312761, -8.94640792254018
-100.864029358526, 0.835067426272854, -8.98492927494142
-100.864029358526, 1.24883490744948E-15, -9.01564778865278
-98.6713330681237, 6.95791260880337, -1.77635683940025E-15
-98.6713330681237, 7.05761007582421, -0.841440166309457
-98.6713330681237, 7.15192079244937, -1.68350062280222
-98.6713330681237, 7.24065015319223, -2.52616778362832
-98.6713330681236, 7.32493005407547, -3.36929225910618
-98.6713330681237, 7.40609019164517, -4.21272319418003
-98.6713330681237, 7.48541621945577, -5.05632869903134
-98.6713330681237, 7.5625317085984, -5.90013898203368
-98.6713330681237, 7.63474918893906, -6.74437920032718
-98.6713330681237, 7.52536091426625, -7.45209980611282
-98.6713330681237, 7.44466485319165, -8.28906233415514
-98.6713330681237, 6.75001294915509, -8.72553641940531
-98.6713330681237, 5.91923251207686, -8.88826311029352
-98.6713330681237, 5.07551188979195, -8.96569489142063
-98.6713330681237, 4.23028446541922, -9.02521777356054
-98.6713330681237, 3.38454546114513, -9.07705505940426
-98.6713330681237, 2.53867908149309, -9.12678681722567
-98.6713330681237, 1.69282207316168, -9.17667168560035
-98.6713330681237, 0.846670352067399, -9.22122288873735
-98.6713330681237, 6.51682456780828E-16, -9.25450769623952
-96.4786367777197, 7.01511389204914, -1.77635683940025E-15
-96.4786367777204, 7.1184715953015, -0.852034637574053
-96.4786367777208, 7.2140360824065, -1.70497839253887
-96.4786367777209, 7.30258185092994, -2.55868051491486
-96.4786367777209, 7.38630546860021, -3.41287013174624
-96.4786367777209, 7.46711550316424, -4.26734084772773
-96.4786367777209, 7.5459910096985, -5.121992263465
-96.4786367777209, 7.62220656563693, -5.97688461630406
-96.4786367777209, 7.69157467098012, -6.83235158481817
-96.4786367777209, 7.56796061349284, -7.5434385277892
-96.478636777721, 7.48799948296945, -8.39339400610526
-96.4786367777209, 6.82567530562223, -8.88934774409139
-96.4786367777209, 5.98981373236414, -9.08006529559189
-96.4786367777209, 5.13720909483636, -9.17783913755396
-96.4786367777209, 4.28215683758381, -9.25211390486275
-96.4786367777209, 3.42630291279387, -9.3166332445515
-96.4786367777209, 2.57024830074963, -9.37845003377399
-96.4786367777209, 1.71412542392202, -9.43930336679377
-96.4786367777209, 0.857440067323056, -9.49155130903979
-96.4786367777209, 2.85035304299711E-15, -9.5294614609706
-94.2859404873077, 7.06831502491958, -1.77635683940025E-15
-94.2859404873138, 7.17331030610711, -0.861748556861712
-94.2859404873171, 7.26961487427784, -1.72451137164844
-94.2859404873181, 7.35807198441961, -2.58811550456401
-94.2859404873182, 7.44118521130349, -3.45225176675549
-94.2859404873182, 7.52109631984352, -4.31669050114359
-94.2859404873182, 7.59873158385198, -5.18133659234512
-94.2859404873182, 7.67304532723921, -6.0462739164966
-94.2859404873182, 7.71766777421233, -6.89306506335836
-94.2859404873182, 7.60505808431401, -7.62911491364042
-94.2859404873182, 7.5208752903742, -8.489265470026
-94.2859404873182, 6.88465545141123, -9.03436911812891
-94.2859404873182, 6.04790617268006, -9.26147563271759
-94.2859404873182, 5.1890117308546, -9.38686896965777
-94.2859404873182, 4.32640921285686, -9.48447789920078
-94.2859404873182, 3.46240712538771, -9.56895057798559
-94.2859404873182, 2.59783413625357, -9.64738818023941
-94.2859404873182, 1.7328373854811, -9.72098198126473
-94.2859404873181, 0.866971059212197, -9.78346416788029
-94.2859404873182, 3.41541681956517E-15, -9.82796086260764
-92.0932441969155, 7.11841285260821, -1.77635683940025E-15
-92.0932441969154, 7.22299525450086, -0.870741903210244
-92.0932441969154, 7.3193898306711, -1.74242740109807
-92.0932441969154, 7.40775614384959, -2.61496443765009
-92.0932441969154, 7.49020010749395, -3.48808230114631
-92.0932441969155, 7.56880866584858, -4.36155461799112
-92.0932441969155, 7.64465322925731, -5.23527116804602
-92.0932441969155, 7.71636060087826, -6.10933606950955
-92.0932441969155, 7.67749050664645, -6.89146649526481
-92.0932441969155, 7.63709621757228, -7.70917344383774
-92.0932441969155, 7.54533849961048, -8.57764256216215
-92.0932441969155, 6.92820725572826, -9.16181208138592
-92.0932441969154, 6.09406442884126, -9.42856762050987
-92.0932441969154, 5.23144097139541, -9.58587801450022
-92.0932441969154, 4.36363175831175, -9.71236826671458
-92.0932441969155, 3.49344772438523, -9.82145045398808
-92.0932441969154, 2.62189543805276, -9.919029977826
-92.0932441969154, 1.74926529315128, -10.0064237071834
-92.0932441969154, 0.875394662636637, -10.0803930380189
-92.0932441969154, 4.46508001942893E-15, -10.1331084558299
-89.9005479065127, 7.16583671453406, -1.77635683940025E-15
-89.9005479065127, 7.26870009977969, -0.879216755260671
-89.9005479065127, 7.364601436315, -1.75921879635564
-89.9005479065127, 7.45265371971719, -2.64004098391713
-89.9005479065127, 7.53420047982659, -3.52149069019435
-89.9005479065127, 7.61117502934476, -4.40335228882274
-89.9005479065127, 7.68486173251295, -5.2854945950853
-89.9005479065127, 7.7535463909417, -6.16803882660387
-89.9005479065127, 7.64752896115337, -6.90006547929999
-89.9005479065127, 7.66436192246828, -7.78507357664917
-89.9005479065127, 7.56328672557141, -8.66072231491428
-89.9005479065127, 6.9613624003901, -9.2774800248563
-89.9005479065127, 6.13190175130214, -9.58258680675719
-89.9005479065127, 5.26729833896327, -9.77169813265173
-89.9005479065127, 4.39596536768633, -9.92768555329221
-89.9005479065128, 3.5209859139673, -10.0617959833938
-89.9005479065127, 2.6434861063686, -10.1783208105053
-89.9005479065127, 1.76405076198922, -10.2791968607656
-89.9005479065127, 0.883001062100349, -10.3649028410023
-89.9005479065127, 5.85343759041839E-15, -10.4270075943285
-87.6978516160982, 7.21118799133761, -1.77635683940025E-15
-87.6978516161051, 7.31165531247451, -0.887269564944608
-87.6978516161087, 7.40651255688907, -1.77515473162759
-87.6978516161099, 7.49381494681304, -2.66381414314348
-87.6978516161099, 7.57410093019287, -3.55313591189896
-87.6978516161099, 7.64917502017365, -4.44291412801623
-87.6978516161099, 7.7204959808642, -5.33300076678897
-87.6978516161099, 7.78600500593064, -6.22353168315273
-87.6978516161099, 7.67470415833485, -6.96459859015494
-87.6978516161099, 7.6871885633882, -7.85739507368988
-87.69785161611, 7.57665818842537, -8.73960844836481
-87.6978516161099, 6.98944668256143, -9.38580290321323
-87.6978516161099, 6.16559622353676, -9.72577741924477
-87.6978516161099, 5.29963710671138, -9.94285630414736
-87.6978516161099, 4.425462274559, -10.1247811312436
-87.6978516161099, 3.54630737006865, -10.2809123768946
-87.6978516161099, 2.66336597993936, -10.4140227470689
-87.6978516161099, 1.77763094780585, -10.5270834290904
-87.6978516161099, 0.889971537431842, -10.6239973933841
-87.6978516161099, 5.24196933914258E-15, -10.6962518459094
-82.2261108901031, 7.31908920589443, -1.77635683940025E-15
-82.226110890103, 7.41300214828598, -0.904879987440485
-82.2261108901031, 7.50247360540496, -1.81020832628962
-82.2261108901031, 7.58458645126975, -2.7162326048779
-82.2261108901031, 7.65920668867193, -3.62290542890416
-82.2261108901031, 7.7281880837879, -4.53002625870725
-82.2261108901031, 7.79294745503157, -5.4374579573424
-82.2261108901031, 7.85074251657194, -6.34535599497146
-82.2261108901031, 7.72809349023688, -7.10522413042811
-82.2261108901031, 7.72477071862468, -8.01490796144497
-82.2261108901031, 7.5989786720672, -8.91236945785202
-82.2261108901031, 7.05683568680849, -9.62628176873216
-82.2261108901031, 6.24958109257496, -10.0386026742597
-82.2261108901031, 5.37750661732789, -10.2964697902447
-82.2261108901031, 4.49331770986983, -10.5103777870638
-82.2261108901031, 3.60253422589213, -10.6949148800505
-82.2261108901031, 2.70631939022599, -10.8510241218663
-82.2261108901031, 1.80648884347733, -10.984812299618
-82.2261108901031, 0.904498466171588, -11.103271468113
-82.2261108901031, 5.53293037058806E-15, -11.2004821761673
-76.7443701640962, 7.44542193191297, -1.77635683940025E-15
-76.7443701640962, 7.52915914203456, -0.917342029125557
-76.7443701640962, 7.60576727098463, -1.83530507378129
-76.7443701640962, 7.67379767321258, -2.75394380699396
-76.7443701640962, 7.73463825889945, -3.67308802657886
-76.7443701640962, 7.79070212281542, -4.59253726059371
-76.7443701640962, 7.84310109692631, -5.51220237703486
-76.7443701640963, 7.88915387180884, -6.4322036321
-76.7443701640962, 7.75360517881314, -7.20283680053983
-76.7443701640962, 7.73065107354352, -8.12366660477235
-76.7443701640962, 7.59764749961624, -9.03252216231398
-76.7443701640962, 7.10046393242694, -9.79588999060623
-76.7443701640962, 6.31762106773417, -10.2711837032765
-76.7443701640962, 5.44140831173738, -10.5529947102517
-76.7443701640963, 4.546321247565, -10.7703496466614
-76.7443701640962, 3.6445235550863, -10.9579961516678
-76.7443701640962, 2.73721664285913, -11.1169685828368
-76.7443701640962, 1.82672660072258, -11.2566763972298
-76.7443701640962, 0.914352738188986, -11.3835527762861
-76.7443701640962, 2.84965278968634E-15, -11.4951852623692
-71.2626294380893, 7.60922186429337, -1.77635683940025E-15
-71.2626294380893, 7.67584051822337, -0.922397415983303
-71.2626294380893, 7.72915140034566, -1.84565842331382
-71.2626294380893, 7.77068525646755, -2.76952843962341
-71.2626294380893, 7.8052408493589, -3.69368877437884
-71.2626294380894, 7.83647227591719, -4.61796828905315
-71.2626294380893, 7.8654130359897, -5.54232225736035
-71.2626294380893, 7.8905404447702, -6.46678660484731
-71.2626294380893, 7.73962768613593, -7.23832846958274
-71.2626294380893, 7.69336123448263, -8.16188388003947
-71.2626294380893, 7.55055205195815, -9.07397977767258
-71.2626294380893, 7.09198423118568, -9.86641753364952
-71.2626294380893, 6.33463722734856, -10.3870221495049
-71.2626294380893, 5.46594593455594, -10.7006841650551
-71.2626294380893, 4.56938271597987, -10.9267402376089
-71.2626294380893, 3.663429723758, -11.112239229464
-71.2626294380893, 2.75122446012436, -11.2641540262015
-71.2626294380893, 1.83574945791823, -11.3951311615351
-71.2626294380893, 0.91869557575368, -11.5146108730049
-71.2626294380893, 2.80238473810059E-16, -11.6206488737952
-65.7808887120825, 7.7548264184929, -1.77635683940025E-15
-65.7808887120825, 7.8037395742679, -0.918833924607922
-65.7808887120825, 7.83164551238846, -1.83854703093764
-65.7808887120825, 7.84302884397169, -2.7586243870564
-65.7808887120825, 7.84685201072399, -3.67877087832196
-65.7808887120825, 7.84887607652091, -4.59892348785865
-65.7808887120824, 7.84922631492422, -5.51907802048374
-65.7808887120825, 7.84746893375957, -6.43923085876858
-65.7808887120825, 7.6744022600868, -7.20276917793634
-65.7808887120825, 7.59642419716909, -8.11937766712223
-65.7808887120825, 7.43020565329652, -9.02351334824086
-65.7808887120825, 7.00870441531418, -9.83257239923825
-65.7808887120825, 6.28435522056768, -10.3911968416986
-65.7808887120824, 5.43694990168153, -10.7466313106976
-65.7808887120825, 4.55030858228718, -10.991424185704
-65.7808887120825, 3.64997630848989, -11.1809572058132
-65.7808887120825, 2.7416856884966, -11.3278163008427
-65.7808887120825, 1.8292836001971, -11.446890462617
-65.7808887120825, 0.915388263950562, -11.5540191330517
-65.7808887120825, 6.51214721913756E-17, -11.6474635936029
-60.2991479860756, 7.84366725166804, -1.77635683940025E-15
-60.2991479860756, 7.87973346635185, -0.909094727692283
-60.2991479860756, 7.88748662663124, -1.81887424230686
-60.2991479860756, 7.87316762956818, -2.72859569797273
-60.2991479860756, 7.84909918478008, -3.63812267670272
-60.2991479860756, 7.82256027305164, -4.54758147570746
-60.2991479860756, 7.79492764409202, -5.45700795755523
-60.2991479860756, 7.7672393691624, -6.36643288682656
-60.2991479860756, 7.56770015880813, -7.11643222207663
-60.2991479860756, 7.45458882990142, -8.01879111951909
-60.2991479860756, 7.25025107426768, -8.90485811906489
-60.2991479860756, 6.85627415616072, -9.7192918810143
-60.2991479860756, 6.17926054228056, -10.3197970444769
-60.2991479860756, 5.36384089975402, -10.7208535026942
-60.2991479860756, 4.49646251676331, -10.9939186332854
-60.2991479860756, 3.60977267009369, -11.1973321985848
-60.2991479860756, 2.71269603182387, -11.3485311621891
-60.2991479860756, 1.81002349868199, -11.4623312078894
-60.2991479860756, 0.905553187747509, -11.5610600298118
-60.2991479860756, 2.14295964872209E-17, -11.6493408414875
-54.817407260067, 7.88917039769886, -1.77635683940025E-15
-54.8174032854436, 7.91573799752004, -0.895911381441591
-54.8174049057513, 7.90623942418477, -1.79212359284332
-54.8174071257106, 7.86906491843191, -2.68767916857751
-54.8174072600687, 7.81985377574535, -3.58266970349687
-54.8174072600687, 7.76740193501931, -4.47747765461183
-54.8174072600687, 7.71319796232578, -5.37218120431603
-54.8174072600687, 7.65809185266607, -6.26682971487245
-54.8174072600687, 7.42940312954271, -6.99941289143234
-54.8174072600687, 7.28433776126167, -7.88342197709913
-54.8174072600687, 7.03694074945792, -8.74450435268701
-54.8174072600687, 6.65304417974286, -9.55165394471216
-54.8174072600687, 6.03142394230803, -10.1916630215269
-54.8174072600687, 5.25815147155686, -10.6418253973211
-54.8174072600687, 4.41960000428673, -10.9560493933563
-54.8174072600687, 3.55246745039854, -11.1824015701412
-54.8174072600687, 2.67178814412854, -11.3482264824332
-54.8174072600687, 1.78306088842329, -11.4644019883333
-54.8174072600687, 0.891748400025843, -11.5591890664669
-54.8174072600687, 8.93405188668014E-16, -11.6498392284586
-49.3356665340621, 7.90822165154812, -1.77635683940025E-15
-49.335666913067, 7.91947316443255, -0.880233546872902
-49.335666623707, 7.89296761334215, -1.76013488017949
-49.3356665394579, 7.83505943971884, -2.6385646963102
-49.3356665340618, 7.76113136538828, -3.51581693932259
-49.3356665340619, 7.68284072585006, -4.39269343957626
-49.3356665340618, 7.60119953952292, -5.26926406782671
-49.3356665340618, 7.51575330691632, -6.1454718052695
-49.3356665340618, 7.25520968206868, -6.8561991470121
-49.3356665340618, 7.08064427490463, -7.71867883771481
-49.3356665340618, 6.79646462525003, -8.55135864560813
-49.3356665340619, 6.40673193053151, -9.33956700155624
-49.3356665340618, 5.83925877124675, -10.0086360220685
-49.3356665340619, 5.1209748141357, -10.5144945253475
-49.3356665340619, 4.32143286229643, -10.8805883831299
-49.3356665340619, 3.48020306889843, -11.1393071441842
-49.3356665340618, 2.62129366076718, -11.3311886793781
-49.3356665340618, 1.75021955511461, -11.4579718356124
-49.3356665340619, 0.875200698079089, -11.5547722718915
-49.3356665340618, 3.68092108800403E-19, -11.6499886777594
-43.853925808055, 7.9061320460072, -1.77635683940025E-15
-43.853925808055, 7.89403220675861, -0.861251020699985
-43.853925808055, 7.84567558337943, -1.7212156688374
-43.853925808055, 7.76431569646008, -2.57871934751455
-43.853925808055, 7.6636341003405, -3.4341984867418
-43.853925808055, 7.5553128931453, -4.2887502401775
-43.853925808055, 7.44285766002637, -5.14276789761055
-43.853925808055, 7.3241452265243, -5.9959344904187
-43.853925808055, 7.02715806194526, -6.67814790915124
-43.853925808055, 6.82045306075185, -7.51414836940508
-43.853925808055, 6.51368907680556, -8.31830568566195
-43.853925808055, 6.11094001309056, -9.07916881859131
-43.853925808055, 5.58966775000226, -9.76287436491209
-43.853925808055, 4.93657896220357, -10.3224227009453
-43.853925808055, 4.19148261909996, -10.75270194152
-43.853925808055, 3.38724691818611, -11.0595100648375
-43.853925808055, 2.55800063835146, -11.2914716392393
-43.853925808055, 1.71021844308515, -11.4425911634172
-43.853925808055, 0.85537657233756, -11.5483891141354
-43.853925808055, 2.03073617869141E-19, -11.65
-38.3721850820481, 7.87235046677064, -1.77635683940025E-15
-38.3721850820481, 7.82242404572832, -0.836834947334379
-38.3721850820481, 7.74241065672468, -1.67131483635214
-38.3721850820481, 7.63226031184557, -2.5023696590893
-38.3721850820481, 7.50100250293547, -3.33037713493098
-38.3721850820481, 7.35892617264647, -4.15660731687784
-38.3721850820481, 7.21023797667251, -4.98167289880565
-38.3721850820481, 7.02032974302042, -5.76745798231098
-38.3721850820481, 6.71231711832963, -6.45009728507357
-38.3721850820481, 6.47211770689677, -7.25320031898172
-38.3721850820481, 6.15805923784074, -8.0298904498106
-38.3721850820481, 5.75092825538638, -8.76228834120112
-38.3721850820481, 5.26312272033472, -9.44335235719102
-38.3721850820481, 4.67768798700159, -10.0422100858806
-38.3721850820481, 4.00585106905013, -10.5421804089935
-38.3721850820481, 3.26040836216971, -10.9233348659217
-38.3721850820481, 2.4725821305333, -11.2093493084215
-38.3721850820481, 1.65933669327305, -11.4108535057391
-38.3721850820481, 0.830874546961908, -11.5382262268454
-38.3721850820481, -4.26552100318964E-16, -11.65
-32.8804443560412, 7.76860075602828, -1.77635683940025E-15
-32.8804443560412, 7.66429409454291, -0.804167159956168
-32.8804443560412, 7.53919786082425, -1.60535301215504
-32.8804443560412, 7.39110927323417, -2.40261066591799
-32.8804443560412, 7.22328802970615, -3.19596014973242
-32.8804443560412, 7.04223389758831, -3.98640607243615
-32.8804443560412, 6.85197805002422, -4.7746860957253
-32.8804443560412, 6.52196578385466, -5.39338999693055
-32.8804443560412, 6.27458722190504, -6.16565289089913
-32.8804443560412, 6.00858764946109, -6.9316529015207
-32.8804443560412, 5.69690146757015, -7.68002056552528
-32.8804443560412, 5.31117893711156, -8.39286290914403
-32.8804443560412, 4.85584916243149, -9.06351744364667
-32.8804443560412, 4.33415427124747, -9.68377086644146
-32.8804443560412, 3.74081787080549, -10.2356951006113
-32.8804443560412, 3.07810850254558, -10.7017575645692
-32.8804443560412, 2.34922990028262, -11.0562570446149
-32.8804443560412, 1.59058275253135, -11.3413308158325
-32.8804443560412, 0.800394589115382, -11.51976504587
-32.8804443560412, -3.05148452404661E-16, -11.65
-30.6977480656385, 7.69580468276388, -1.77635683940025E-15
-30.6977480656385, 7.56538063495065, -0.788147078171648
-30.6977480656385, 7.41764932982544, -1.57322677334723
-30.6977480656385, 7.25047350905916, -2.3543963133877
-30.6977480656385, 7.06559258562179, -3.13157242142619
-30.6977480656385, 6.86768929026383, -3.90554461582673
-30.6977480656385, 6.66026735847506, -4.67701763474441
-30.6977480656385, 6.31620301225339, -5.28167753632639
-30.6977480656385, 6.05680835678332, -6.03726916226822
-30.6977480656385, 5.78303343158105, -6.78773476429944
-30.6977480656385, 5.4737755953689, -7.5241709553201
-30.6977480656385, 5.10488367842461, -8.2324178698036
-30.6977480656385, 4.67055899784585, -8.90259556643243
-30.6977480656385, 4.17638150623538, -9.5298740141653
-30.6977480656385, 3.61513001560853, -10.0976195882912
-30.6977480656385, 2.98410694499033, -10.5866995256323
-30.6977480656385, 2.28587896478022, -10.9732896003007
-30.6977480656385, 1.55434980940222, -11.2935391931502
-30.6977480656385, 0.786139423826682, -11.5079064420664
-30.6977480656385, 2.75107927728406E-16, -11.65
-28.5050517752357, 7.59526811980049, -1.77635683940025E-15
-28.5050517752357, 7.43658375569783, -0.769906526911861
-28.5050517752357, 7.26365123131901, -1.53673416594506
-28.5050517752357, 7.07492306052394, -2.29982678863815
-28.5050517752357, 6.87137582129222, -3.05910470646986
-28.5050517752357, 6.65607609285417, -3.81514060126686
-28.5050517752357, 6.43172539255738, -4.56853745754068
-28.5050517752357, 6.07617883738061, -5.16000050747725
-28.5050517752357, 5.8052602676726, -5.8979391026838
-28.5050517752357, 5.52539021920893, -6.6325064488236
-28.5050517752357, 5.21909599283647, -7.35639878508425
-28.5050517752357, 4.8695223367226, -8.06028526800683
-28.5050517752357, 4.46376674685204, -8.73330698892455
-28.5050517752357, 4.00258027005933, -9.36959018266948
-28.5050517752357, 3.47810909748701, -9.9544610725613
-28.5050517752357, 2.8769154159995, -10.4600039175442
-28.5050517752357, 2.21246997824059, -10.8781212483193
-28.5050517752357, 1.51013973907465, -11.2306862683243
-28.5050517752357, 0.769806265280252, -11.4908012320836
-28.5050517752357, 4.86875174964686E-16, -11.65
-26.312355484833, 7.45591806455489, -1.77635683940025E-15
-26.312355484833, 7.26824436084643, -0.749398341287083
-26.312355484833, 7.06912494001346, -1.49583487040556
-26.312355484833, 6.85785079088174, -2.2389225612364
-26.312355484833, 6.63512326785534, -2.97865972814381
-26.312355484833, 6.40270534310842, -3.71541337171532
-26.312355484833, 6.16227724005814, -4.44958949430432
-26.312355484833, 5.79710602421339, -5.0272291272496
-26.312355484833, 5.5165824151608, -5.74704382952147
-26.312355484833, 5.23188057843227, -6.46520697739256
-26.312355484833, 4.92952793539843, -7.17609714705056
-26.312355484833, 4.59924572537268, -7.87439400005359
-26.312355484833, 4.22707103972256, -8.55120799307311
-26.312355484833, 3.80518441085149, -9.19813024631915
-26.312355484833, 3.32337273158034, -9.80146187853654
-26.312355484833, 2.75823963300972, -10.3269298847155
-26.312355484833, 2.12925411606637, -10.7742508283007
-26.312355484833, 1.45737154971849, -11.155105715086
-26.312355484833, 0.749639676868138, -11.4637831053901
-26.312355484833, 1.58350639354398E-15, -11.65
-24.1196591944302, 7.2682613145367, -1.77635683940025E-15
-24.1196591944302, 7.05226537141519, -0.726941660064224
-24.1196591944302, 6.827628269191, -1.45125954868164
-24.1196591944302, 6.59451116403355, -2.17289326470694
-24.1196591944302, 6.35350759518321, -2.89193234069062
-24.1196591944302, 6.10532530188483, -3.60852616908267
-24.1196591944302, 5.85035744814986, -4.32273176851866
-24.1196591944302, 5.47662546154131, -4.88457684124083
-24.1196591944302, 5.18934385278797, -5.58640936475341
-24.1196591944302, 4.90276503859466, -6.28853048440002
-24.1196591944302, 4.60669449035465, -6.98669528422164
-24.1196591944302, 4.29525068158181, -7.67811990307743
-24.1196591944302, 3.95696378617748, -8.35675559013368
-24.1196591944302, 3.57772357753916, -9.01327839346942
-24.1196591944302, 3.14202084130053, -9.63354228992438
-24.1196591944302, 2.62362698649022, -10.1857034475372
-24.1196591944302, 2.03400338507635, -10.6621935250167
-24.1196591944302, 1.39571433021037, -11.0712377640278
-24.1196591944205, 0.718861076635214, -11.4121761055478
-24.1196591944302, 5.62244708410563E-16, -11.65
-21.9269629040275, 7.0264678796534, -1.77635683940025E-15
-21.9269629040275, 6.7841744007465, -0.703059413296134
-21.9269629040275, 6.53631126411354, -1.40417544346937
-21.9269629040275, 6.2837927701727, -2.10362876785649
-21.9269629040275, 6.02706022218195, -2.80154661454257
-21.9269629040275, 5.76583149894672, -3.49779324921404
-21.9269629040275, 5.49884783899627, -4.19185134945977
-21.9269629040275, 5.11718900515239, -4.73510265532771
-21.9269629040275, 4.82859275456567, -5.42045475571815
-21.9269629040275, 4.54374255167774, -6.10737739802561
-21.9269629040275, 4.25772858931639, -6.79381557706755
-21.9269629040275, 3.96590636616197, -7.47779934940315
-21.9269629040275, 3.65890918252847, -8.15507622838707
-21.9269629040275, 3.32060660089555, -8.81717705369278
-21.9269629040275, 2.93108203470847, -9.45030403764171
-21.9269629040275, 2.46687039860351, -10.0302476383379
-21.9269629040275, 1.92233267861933, -10.5362351861094
-21.9269629040275, 1.32652986117101, -10.9803861727926
-21.9269629040218, 0.684838098860085, -11.3551939307412
-21.9269629040275, 0, -11.6391135194777
-19.7342666136246, 6.72881215393956, -1.77635683940025E-15
-19.7342666136247, 6.4638397047771, -0.678198199471842
-19.7342666136247, 6.19686463093006, -1.35561117684713
-19.7342666136247, 5.92877211975934, -2.03258280419819
-19.7342666136247, 5.65986897917567, -2.70923288188976
-19.7342666136247, 5.38959436325688, -3.38533557084282
-19.7342666136247, 5.11420933047352, -4.05936980941585
-19.7342666136247, 4.7423553785837, -4.60647989858084
-19.7342666136247, 4.43932649536413, -5.25049565291223
-19.7342666136247, 4.16136137358473, -5.92347209810805
-19.7342666136247, 3.88852214994094, -6.59854258787908
-19.7342666136247, 3.61725229531813, -7.27424673813512
-19.7342666136247, 3.33860344327558, -7.94693008457408
-19.7342666136247, 3.03777325774127, -8.60992446915261
-19.7342666136247, 2.69367265021019, -9.25136434386811
-19.7342666136247, 2.28626026068729, -9.85424871994249
-19.7342666136247, 1.79803939324072, -10.3937850941564
-19.7342666136247, 1.25510904764573, -10.8780140821567
-19.7342666136247, 0.656031427056025, -11.2912072707223
-19.7342666136247, -4.44089209850063E-16, -11.6031467253668
-17.5415703232234, 6.37729952843766, -6.71190092532544E-07
-17.5415703232226, 6.09430772570044, -0.653980085145475
-17.5415703232222, 5.81243418815718, -1.30844216397861
-17.541570323222, 5.53227110053699, -1.96363812591713
-17.541570323222, 5.25441270394703, -2.6198147219747
-17.541570323222, 4.97838866200521, -3.2767650083534
-17.541570323222, 4.69778784391075, -3.93176962154034
-17.541570323222, 4.35437063315092, -4.50920071870587
-17.541570323222, 4.0215198608901, -5.08581523895359
-17.541570323222, 3.75321099162026, -5.74594908836586
-17.541570323222, 3.49448911422472, -6.40989491830485
-17.541570323222, 3.24381622198967, -7.07692954730618
-17.541570323222, 2.99184935796227, -7.7434743929683
-17.541570323222, 2.72490020825254, -8.4041220677341
-17.541570323222, 2.42378046277049, -9.049795296363
-17.541570323222, 2.07090313650775, -9.66855491203745
-17.541570323222, 1.64821194718893, -10.2416147196571
-17.541570323222, 1.16823172507858, -10.7677273176534
-17.541570323222, 0.619960592414902, -11.2224876627409
-17.541570323222, 0, -11.5667748870225
-15.3488740328775, 5.97583950713412, -6.37314793947047E-06
-15.3488740328496, 5.67667363324908, -0.629751870324753
-15.3488740328299, 5.38110052842191, -1.26118942509712
-15.3488740328211, 5.09252645300561, -1.89585375154398
-15.3488740328193, 4.81056354113139, -2.53348557770077
-15.3488740328192, 4.5316765181402, -3.17247055063974
-15.3488740328192, 4.24871012373053, -3.80965515658526
-15.3488740328192, 3.93665554248127, -4.42091873663429
-15.3488740328192, 3.57487710449227, -4.92968013932757
-15.3488740328192, 3.31791674580611, -5.57778308917221
-15.3488740328192, 3.07378961829379, -6.23082353466085
-15.3488740328192, 2.8432809987518, -6.88880022134625
-15.3488740328192, 2.61719314876078, -7.54831783902672
-15.3488740328192, 2.38153648648657, -8.2044564096292
-15.3488740328192, 2.12067759238333, -8.85092317901137
-15.3488740328192, 1.81968664855854, -9.4796383686996
-15.3488740328192, 1.46621199608591, -10.0802243272896
-15.3488740328192, 1.0580607132261, -10.645203929775
-15.3488740328192, 0.574065028103901, -11.146418178226
-15.3488740328192, 0, -11.5293635637266
-13.1561777428997, 5.52491275387789, -2.25999109596547E-05
-13.1561777426679, 5.21319911553043, -0.606748117302836
-13.1561777425096, 4.90772106895841, -1.21663232831974
-13.1561777424356, 4.61220265467681, -1.83140039235154
-13.1561777424174, 4.32632892847259, -2.45071690298986
-13.1561777424165, 4.04622149730239, -3.07266685768051
-13.1561777424165, 3.76349529140801, -3.6934276305397
-13.1561777424165, 3.46499024450012, -4.30665496248178
-13.1561777424165, 3.09742683235025, -4.7855353886031
-13.1561777424165, 2.85307770922597, -5.42236608690086
-13.1561777424165, 2.62467478986948, -6.06508284796528
-13.1561777424165, 2.41382380360694, -6.71377563025787
-13.1561777424165, 2.21230353042888, -7.36544411281627
-13.1561777424165, 2.00623987000098, -8.01568182291195
-13.1561777424165, 1.78332869149375, -8.66030880880787
-13.1561777424165, 1.53231222537468, -9.29448692288947
-13.1561777424165, 1.24652231472602, -9.91370680316822
-13.1561777424165, 0.916622029980885, -10.5106019693733
-13.1561777424165, 0.512569014212934, -11.0591654295464
-13.1561777424165, 0, -11.4900799817538
-11.0359150559327, 5.03820508996322, -0.000108313961852535
-11.1461649935225, 4.73733350351501, -0.598270497293467
-11.252959849751, 4.4458908186443, -1.20169649888547
-11.3550922709019, 4.16717189824148, -1.81189907908425
-11.4528652612137, 3.90034984509574, -2.42811158850041
-11.5478205671305, 3.6412172400582, -3.048042159497
-11.6432687105516, 3.38073968367609, -3.6673319750123
-11.7441657257459, 3.10539218060207, -4.27916213654989
-11.8647237285414, 2.77638993032352, -4.76955538132186
-11.9443015271813, 2.55922247384881, -5.40749196586245
-12.0181091093864, 2.35780191221011, -6.05125574416542
-12.085838826551, 2.17296781707589, -6.70064936661764
-12.1505323226577, 1.99641955562531, -7.35266768803425
-12.2168580504584, 1.81541694118423, -8.00329117020962
-12.2886874572858, 1.61939481130125, -8.64893479267529
-12.3695673329975, 1.3986739923229, -9.28544443574959
-12.4619544240112, 1.14655003426618, -9.9085141406484
-12.5699038811648, 0.851956448636494, -10.5100573086746
-12.7059421033817, 0.480708748811789, -11.0604336838562
-12.8820907061161, 0, -11.4849816512657
-9.45908760237231, 4.63917533291249, -0.000184367279298015
-9.65803401826117, 4.35353414034851, -0.591373816704715
-9.84963303757072, 4.07844211556813, -1.18993547336751
-10.0318467989859, 3.81682515765684, -1.79739900040378
-10.2053334636564, 3.56773829892145, -2.41264495993512
-10.3729434849543, 3.32708894539921, -3.03286824215002
-10.5408859985198, 3.08596220962621, -3.65281701709024
-10.7183451457403, 2.83117178167605, -4.26443835371779
-10.9235829775399, 2.53649756614644, -4.75909195713675
-11.0613194021342, 2.3387398111006, -5.40141115340413
-11.1881946028278, 2.15657626987261, -6.05054063870788
-11.3043114787455, 1.98985920303966, -6.7058163196094
-11.4153616294538, 1.8304167856379, -7.36379276587727
-11.5296408659855, 1.66633814535502, -8.02006474687563
-11.6536169868283, 1.48833701450391, -8.67089854879835
-11.7931939272268, 1.28793670303444, -9.31195987133489
-11.9531221654414, 1.05831661923358, -9.93820764582735
-12.14106086166, 0.788479974642899, -10.5401309632983
-12.3816375549894, 0.443067300186443, -11.0807454749512
-12.6902297807059, 0, -11.4813824422221
-8.20374149399417, 4.2946273613015, -0.000269144144374898
-8.47270424317801, 4.02566461211766, -0.584627250927987
-8.73110875516738, 3.76726010012829, -1.17842288640574
-8.97631002530875, 3.52205882998692, -1.78330803025651
-9.20916098453159, 3.28920787076408, -2.39788910690042
-9.43358665916583, 3.06478219612984, -3.01872216886813
-9.65724889832411, 2.84111995697156, -3.64011000198339
-9.8959954237456, 2.60237343155007, -4.24603507157702
-10.1600947651795, 2.33827409011617, -4.74871798640588
-10.341958342672, 2.15641051262371, -5.39678033704665
-10.5093208412149, 1.98904801408081, -6.05260474042632
-10.6620866275823, 1.83628222771341, -6.71553183700405
-10.8084357270642, 1.6899331282315, -7.38136778436743
-10.9594706892759, 1.53889816601976, -8.04509614923416
-11.123532410511, 1.37483644478466, -8.7025791550298
-11.3081056894691, 1.19026316582661, -9.34906272767643
-11.5202143861656, 0.978154469130094, -9.97830169070244
-11.7703023703347, 0.728066484960927, -10.5789252611612
-12.0928598974754, 0.40550895782024, -11.1052478599348
-12.4983688552957, 0, -11.4777568633133
-7.02475118317587, 3.94483330349734, -0.00037456319803717
-7.35796384013818, 3.69596376077357, -0.578068307665451
-7.67837959393685, 3.45665195654525, -1.16692158474394
-7.98338496774647, 3.22884984182283, -1.76837889240184
-8.27153322979968, 3.0136379502111, -2.38265065139475
-8.54794131783334, 2.80719454826714, -3.00530185657652
-8.82406562014097, 2.60096309992815, -3.62815233744634
-9.12040451136276, 2.37963379922883, -4.22663533488908
-9.43375292077281, 2.14560044625233, -4.74118560024054
-9.65709432297036, 1.97879143862668, -5.39613857689045
-9.86200741296983, 1.825746150758, -6.06040536954151
-10.0488706680572, 1.68618190590185, -6.73293451061337
-10.2283612525705, 1.55212415401969, -7.40860735127277
-10.4141524422281, 1.4133606123412, -8.08160778154133
-10.6162799613008, 1.26239580895674, -8.74719427183329
-10.8435320022694, 1.09266602727777, -9.39999726430015
-11.1057882045091, 0.89679237192845, -10.0318543709085
-11.4164931327541, 0.664733379574214, -10.6282803516866
-11.8166339669395, 0.365876585427584, -11.134751511704
-12.3065079298854, 0, -11.4741036556119
-5.84746525946297, 3.56404128537277, -0.000512940278027008
-6.24339987401191, 3.33887990183963, -0.571349528395634
-6.62392513745505, 3.12248155817933, -1.15586917791477
-6.98533335591386, 2.91695475779807, -1.75622335929486
-7.32837189760208, 2.72187448491084, -2.37069199543033
-7.65774673859807, 2.53456452974525, -2.99499628578393
-7.98534371059381, 2.34826561890145, -3.62054801748822
-8.34048973550972, 2.14630002309857, -4.20834249360238
-8.69710775679637, 1.94349732761506, -4.74156102033227
-8.96216448075277, 1.79276400830481, -5.40511317752057
-9.20471369961789, 1.65483033014745, -6.07995726621339
-9.4259525668051, 1.52901549204867, -6.76445319011411
-9.63941228264906, 1.40762452702085, -7.45223524924906
-9.86116781061548, 1.28151587259081, -8.13651724431674
-10.1029747374609, 1.14400432347192, -8.81170198671943
-10.3748374882086, 0.989400530723923, -9.47153492658911
-10.6905836879642, 0.809840955557012, -10.1047407678402
-11.0691475965136, 0.594558001572782, -10.6895730145267
-11.5465577281013, 0.323062856185016, -11.1701315598492
-12.1146470044752, 0, -11.4704214856825
-4.63721155787083, 3.13076455000967, -0.000701712923090133
-5.09314439527228, 2.93484062384992, -0.567477504112272
-5.5323343794729, 2.74611145372687, -1.14968033494006
-5.9505740741611, 2.56638506348441, -1.74987150307359
-6.34833829617174, 2.39545741434563, -2.36634992503796
-6.73046619843961, 2.2312490205519, -2.9944591676191
-7.11023248721308, 2.06805546172933, -3.62427759796433
-7.53057474818283, 1.8874255545495, -4.19056545501823
-7.92101560576095, 1.71964490908016, -4.76035041650516
-8.22905259939256, 1.5872749364791, -5.4349113347077
-8.51033132848238, 1.46640355274067, -6.12317548631587
-8.76749765528327, 1.35589377522591, -6.82256478277619
-9.01753364653833, 1.24844805280956, -7.52503510686985
-9.27856117107153, 1.13627903744803, -8.22272903580758
-9.56424393871568, 1.01351514574847, -8.90882160706575
-9.88603044494851, 0.87523671850097, -9.57563322061601
-10.2631882326331, 0.713164087439664, -10.2068081591179
-10.7225185259658, 0.515780203035198, -10.7671723243117
-11.280163193153, 0.276148565138607, -11.2122323895174
-11.9227860790649, 0, -11.4667089386792
-3.38310644956849, 2.62239824606896, -0.000967277376138838
-3.8949210299598, 2.46161592609911, -0.569439753185792
-4.38952206734466, 2.30624109838429, -1.15438627586412
-4.86222414595123, 2.1577456475614, -1.75888766912435
-5.31321544732296, 2.016070457954, -2.3813653467768
-5.74747538405913, 1.87965128825192, -3.01680627831591
-6.17961087873885, 1.74389949446206, -3.65385185756155
-6.6788803754962, 1.58705810882304, -4.17329780484671
-7.08332766436229, 1.46000433602961, -4.81838267459821
-7.43463954761452, 1.34964261171319, -5.50779694238002
-7.75499987211376, 1.24900406374548, -6.21357999023288
-8.04985020736284, 1.15637926804507, -6.93153065008666
-8.34029025289057, 1.06513992840689, -7.65147094985995
-8.64568324798139, 0.969203243258717, -8.36454627474711
-8.98197388538134, 0.863560319167019, -9.06210208596215
-9.36360025191863, 0.743675550494313, -9.73336113593617
-9.81527758178242, 0.601784850706582, -10.3546809768412
-10.373755125573, 0.426343746482744, -10.8678177168533
-11.0167626713885, 0.224348240814874, -11.2617776923222
-11.7309251536547, 0, -11.4629645106236
-2.11243596911524, 2.01361820388473, -0.00135306975244448
-2.67092614561249, 1.89431934588675, -0.583488166014425
-3.2123662478257, 1.77866254727756, -1.18220053363235
-3.73166092782502, 1.66773622324283, -1.80107334429736
-4.22903079976325, 1.56149324848367, -2.43851804146334
-4.71026676366292, 1.45869663121663, -3.08881433446136
-5.191242530773, 1.35595559447931, -3.73932062563656
-5.73663928273929, 1.23945361753592, -4.27421646734483
-6.16946823897949, 1.14699720136086, -4.95883033729941
-6.55946318964109, 1.06369053958444, -5.67009123493064
-6.91544103400863, 0.987650257959464, -6.39977563107165
-7.24844481377561, 0.916517456869973, -7.1407828072022
-7.58332104901405, 0.844984681333663, -7.88090428365238
-7.9398119316922, 0.76883480980516, -8.61033000902869
-8.33646318948704, 0.684106296986595, -9.31763293403147
-8.7972654158136, 0.58567452203852, -9.98254790072846
-9.34633163691409, 0.468388711295382, -10.5727452894719
-10.0238414721414, 0.3236661127137, -11.0009897604165
-10.7569408517141, 0.167069054318557, -11.3196110555561
-11.5390642282462, 0, -11.4591865997384
-0.93503280970077, 1.28289963027887, -0.00192916964584292
-1.51926311152005, 1.2109157112011, -0.62086163459478
-2.08615272013812, 1.14106836575237, -1.25592394606017
-2.63037180434678, 1.07401429067912, -1.91080152907558
-3.15338126413285, 1.00957348623452, -2.58301876396755
-3.66428142024225, 0.946624687824577, -3.26465649878497
-4.17894394115866, 0.883212322627764, -3.94340737702719
-4.72958464041011, 0.815367030433205, -4.54886481134895
-5.1774097585457, 0.760189805006037, -5.27398312421803
-5.5882038577974, 0.709575228688996, -6.02108683068571
-5.9672371611362, 0.662873949158718, -6.7850890404646
-6.3347402544413, 0.617593324639713, -7.55483159481452
-6.71450177444562, 0.570802320407792, -8.31847496771924
-7.12931974353442, 0.519691956864666, -9.06324815559478
-7.6074433339912, 0.460781609802147, -9.76795841647961
-8.18669067540233, 0.389411648983082, -10.3902716204998
-8.89948680921182, 0.301586934901474, -10.8455478722985
-9.68316584836252, 0.205028628422844, -11.1695564849149
-10.5035151657287, 0.103952120249773, -11.3828385221236
-11.3472033028342, 0, -11.4556440414298
-0.124920260969282, 0.438949443444052, -0.00279245473841323
-0.694908011627919, 0.416267101528206, -0.697663157577146
-1.24091866925289, 0.394538914542372, -1.41151736915681
-1.75778357042221, 0.373970566540024, -2.14678979136318
-2.25174220799969, 0.354313760412399, -2.8977088222212
-2.73967184943987, 0.334896874794711, -3.65258760206276
-3.24730333900514, 0.314695965213295, -4.3817003126955
-3.69037773855048, 0.297064068715462, -5.16366610768169
-4.10159699963388, 0.280699829534011, -5.96294445714509
-4.48575489009866, 0.265412482374141, -6.77560932734869
-4.85441032550916, 0.250742046692929, -7.59546842997626
-5.2287754741102, 0.235844396187048, -8.41271429855828
-5.63820062589955, 0.219551552575757, -9.2127587650988
-6.14318562921139, 0.199455958426131, -9.95463631308118
-6.80426225521017, 0.173148785954177, -10.5593609757491
-7.61987212132485, 0.140692050117708, -10.9337199506929
-8.47889133227054, 0.106507863821712, -11.1942925935508
-9.36253111563974, 0.0713439156953463, -11.3546587710088
-10.2573563282825, 0.0357348497029116, -11.4307056805126
-11.1553423774248, 0, -11.4545104479804
