-109.579997112877, 6.0171704485316, -1.77635683940025E-15
-109.579997112877, 6.17174716479172, -0.758185540363222
-109.579997112877, 6.29324763513575, -1.52237909289402
-109.579997112877, 6.38664507869591, -2.29053712885166
-109.579997112877, 6.46092515718573, -3.06080000824971
-109.579997112877, 6.52559185691312, -3.83193816872587
-109.579997112877, 6.58490125342427, -4.6035078777143
-109.579997112877, 6.64055058003197, -5.37535086860207
-109.579997112877, 6.69421774508494, -6.14733457509048
-109.579997112877, 6.74914882408767, -6.9191606703561
-109.579997112877, 6.7336973697936, -7.68186722473659
-109.579997112877, 6.15733205014026, -8.17886850925443
-109.579997112877, 5.40700329638737, -8.35874401055285
-109.579997112877, 4.63635828600671, -8.42469534064392
-109.579997112877, 3.86455924191132, -8.48094397722952
-109.579997112877, 3.09214337898398, -8.52786723649121
-109.579997112877, 2.31928749741078, -8.56699826782204
-109.579997112877, 1.54634609009518, -8.60442421547385
-109.579997112877, 0.773404347904178, -8.64184324851969
-109.579997112877, 1.39354770761316E-22, -8.66798736202307
-107.442118229735, 6.30391829330323, -1.77635683940025E-15
-107.442118229735, 6.42182432416597, -0.784268040423896
-107.442118229735, 6.52562993960967, -1.57052356964631
-107.442118229735, 6.61471919529384, -2.35858379477269
-107.442118229735, 6.69152301474692, -3.14794081793956
-107.442118229735, 6.75959590989094, -3.93810137131398
-107.442118229735, 6.82173132232296, -4.72875303093333
-107.442118229735, 6.8813212194706, -5.51960153593293
-107.442118229735, 6.94177998257022, -6.31038377799969
-107.442118229735, 6.97689138068558, -7.07671376423958
-107.442118229735, 6.93601705697059, -7.85918203930025
-107.442118229735, 6.31604691150242, -8.32656642034369
-107.442118229735, 5.54170538386217, -8.48938782386346
-107.442118229735, 4.75147534548651, -8.55466400194168
-107.442118229735, 3.95995157370913, -8.6044830736018
-107.442118229735, 3.16821235952602, -8.65074439469144
-107.442118229735, 2.37630840073092, -8.69410589497686
-107.442118229735, 1.58435469380326, -8.73655244904332
-107.442118229735, 0.792397423921361, -8.77893252247446
-107.442118229735, 7.53111539235371E-18, -8.81203019216518
-105.249421939332, 6.50998381315363, -1.77635683940025E-15
-105.249421939332, 6.61010766585425, -0.804337529181322
-105.249421939332, 6.706199759189, -1.60916500257724
-105.249421939332, 6.79497063587328, -2.41483106544781
-105.249421939332, 6.87561194285515, -3.22135209083254
-105.249421939332, 6.94964146505557, -4.02850815446282
-105.249421939332, 7.01911211301169, -4.83607043152317
-105.249421939332, 7.08630993536948, -5.64382554810185
-105.249421939332, 7.15352399971327, -6.45157930950215
-105.249421939332, 7.14157912474955, -7.19610066501876
-105.249421939332, 7.09268928336903, -7.99748360632632
-105.249421939332, 6.45697041437804, -8.4621266166253
-105.249421939332, 5.66186769044591, -8.61341540246489
-105.249421939332, 4.85434744938631, -8.68191738020768
-105.249421939332, 4.0455827733311, -8.7356135594504
-105.249421939332, 3.23666656382246, -8.78697536031374
-105.249421939332, 2.4276407339487, -8.83658454071155
-105.249421939332, 1.61857496147754, -8.88554040335097
-105.249421939332, 0.809515046701836, -8.93459171841278
-105.249421939332, 5.10124915976457E-17, -8.97539581410621
-103.056725648929, 6.66299294263579, -1.77635683940025E-15
-103.056725648929, 6.75720411489055, -0.820168730053584
-103.056725648929, 6.85018942667263, -1.64047708453634
-103.056725648929, 6.9398879717522, -2.46115064493933
-103.056725648929, 7.02423543411702, -3.28239029739098
-103.056725648929, 7.10351580287881, -4.10413615597849
-103.056725648929, 7.17970985809544, -4.92617400602248
-103.056725648929, 7.25305881028832, -5.74847067238597
-103.056725648929, 7.32380306646911, -6.57099558511111
-103.056725648929, 7.26879887976038, -7.29664700454075
-103.056725648929, 7.21348566722087, -8.11430642370915
-103.056725648929, 6.57526809905553, -8.59070879503744
-103.056725648929, 5.76394579818656, -8.73905915358093
-103.056725648929, 4.9419053415954, -8.81371145647968
-103.056725648929, 4.11857076200582, -8.87431308016656
-103.056725648929, 3.29509414194129, -8.93294944913178
-103.056725648929, 2.47148766554824, -8.98973829119739
-103.056725648929, 1.64783875354095, -9.04590608043879
-103.056725648929, 0.824214120862961, -9.10242982498358
-103.056725648929, -2.96893336468126E-16, -9.14949924718407
-100.864029358526, 6.78489733382318, -1.77635683940025E-15
-100.864029358526, 6.88017075072647, -0.833041930995542
-100.864029358526, 6.97329737064593, -1.66632632969173
-100.864029358526, 7.06309907100596, -2.49997520701626
-100.864029358526, 7.14839506938468, -3.33409657098397
-100.864029358526, 7.22922785476632, -4.16866314547442
-100.864029358526, 7.30792776319678, -5.00343385268562
-100.864029358526, 7.38463983292843, -5.83838956945564
-100.864029358526, 7.45789324628674, -6.6736545920949
-100.864029358526, 7.37223873944838, -7.3895213809429
-100.864029358526, 7.31020823414532, -8.22075674996532
-100.864029358526, 6.67392793645534, -8.71492815374429
-100.864029358526, 5.85068013403983, -8.87045207624439
-100.864029358526, 5.01653751902211, -8.95368945283949
-100.864029358526, 4.18083500656314, -9.02178690080829
-100.864029358526, 3.34497752197092, -9.08795217533768
-100.864029358526, 2.5089705339778, -9.15220545898691
-100.864029358526, 1.67291031511875, -9.21576038755124
-100.864029358526, 0.836884801407639, -9.27977127036962
-100.864029358526, 3.11386257998501E-16, -9.3311759371794
-98.6713330681237, 6.88524860164517, -1.77635683940025E-15
-98.6713330681237, 6.98454991325907, -0.843875423295059
-98.6713330681237, 7.07907660571942, -1.68829840357481
-98.6713330681236, 7.16831387163141, -2.53329688768034
-98.6713330681237, 7.25310809820972, -3.37875340413964
-98.6713330681237, 7.33466663941487, -4.22452854692233
-98.6713330681237, 7.41436535805933, -5.0704811193554
-98.6713330681237, 7.49186603383929, -5.91663776712162
-98.6713330681237, 7.56451413642311, -6.76322155021996
-98.6713330681237, 7.45712609324056, -7.47590727857221
-98.6713330681237, 7.38850017768961, -8.31861584805298
-98.6713330681237, 6.75644509037106, -8.83374176113635
-98.6713330681237, 5.92484859576072, -9.00488064458364
-98.6713330681237, 5.08068590202537, -9.09948147024532
-98.6713330681237, 4.23452095606461, -9.17689072383098
-98.6713330681237, 3.38809260923543, -9.25136284751526
-98.6713330681237, 2.54143788988227, -9.32321931551172
-98.6713330681237, 1.69467798439481, -9.39382847959356
-98.6713330681237, 0.847931049260791, -9.4645922718044
-98.6713330681237, 1.46122053897235E-15, -9.51906936048599
-96.4786367777209, 6.96912304576506, -1.77635683940025E-15
-96.478636777721, 7.07216442197183, -0.853316815401989
-96.4786367777209, 7.16782980577937, -1.70749177531934
-96.4786367777209, 7.25674802775029, -2.56239652462882
-96.4786367777209, 7.34094201215731, -3.41778045694146
-96.4786367777209, 7.42221844492441, -4.27344699920524
-96.4786367777209, 7.50159250133722, -5.12929210953458
-96.4786367777209, 7.57837186386692, -5.98537355080705
-96.4786367777209, 7.64845211962366, -6.84202144674955
-96.4786367777209, 7.52611906044532, -7.55586008341285
-96.478636777721, 7.45100941502545, -8.40831022219017
-96.4786367777209, 6.82476075005953, -8.94629803012833
-96.4786367777209, 5.98804492203685, -9.13955539136155
-96.4786367777209, 5.13582882156448, -9.24901808771203
-96.4786367777209, 4.28100915349109, -9.3387527654836
-96.478636777721, 3.42563024245132, -9.42298996159009
-96.478636777721, 2.56980415382586, -9.50256349038385
-96.4786367777209, 1.71373409797863, -9.57947562565774
-96.4786367777209, 0.857609235384023, -9.6557755916477
-96.4786367777209, 1.84609628590388E-15, -9.71257070120871
-94.2859404873155, 7.03971764084418, -1.77635683940025E-15
-94.2859404873171, 7.14479868389773, -0.861724502267005
-94.2859404873179, 7.24120907515976, -1.72446200225813
-94.2859404873182, 7.32987721711387, -2.5880310361974
-94.2859404873182, 7.41333245798307, -3.4521208528145
-94.2859404873182, 7.49370226428828, -4.3165035538415
-94.2859404873182, 7.57188661376449, -5.18108666395816
-94.2859404873182, 7.64688401082026, -6.04595151392503
-94.2859404873182, 7.69341481609222, -6.89346036555895
-94.2859404873182, 7.58085233334614, -7.62938360955257
-94.2859404873182, 7.49902297506402, -8.49004539705346
-94.2859404873182, 6.87979318596627, -9.05196860523303
-94.2859404873182, 6.04097492418455, -9.27182506163359
-94.2859404873182, 5.18275394507816, -9.40060800968931
-94.2859404873182, 4.32116635389855, -9.50679413675243
-94.2859404873182, 3.45838795144243, -9.60282650756308
-94.2859404873182, 2.59468913520882, -9.69021845263202
-94.2859404873182, 1.73047134163232, -9.7723382528273
-94.2859404873182, 0.866082941180895, -9.85264951784932
-94.2859404873182, 3.26277058580673E-15, -9.9113735734116
-92.0932441969154, 7.09965862574645, -1.77635683940025E-15
-92.0932441969154, 7.20461814395213, -0.869426517356388
-92.0932441969155, 7.30114169366986, -1.7398293470608
-92.0932441969155, 7.38962325672916, -2.61108767175518
-92.0932441969155, 7.47233159152151, -3.48291436918423
-92.0932441969155, 7.5513897600447, -4.35508040488743
-92.0932441969155, 7.62781146803001, -5.22748128980542
-92.0932441969155, 7.70029101641923, -6.10021765149176
-92.0932441969155, 7.6741726118391, -6.8918852193956
-92.0932441969154, 7.62325643791872, -7.69756408036997
-92.0932441969154, 7.53423410162009, -8.56521794186105
-92.0932441969154, 6.92345649539195, -9.15186183350413
-92.0932441969154, 6.08515539886642, -9.40086167193201
-92.0932441969154, 5.22281657745673, -9.55235203202997
-92.0932441969155, 4.35619500943818, -9.67832338261632
-92.0932441969155, 3.4873382508053, -9.78782045955273
-92.0932441969154, 2.61679494883253, -9.88303974729874
-92.0932441969154, 1.74533872961316, -9.96956153116637
-92.0932441969155, 0.873573887400674, -10.0529306300553
-92.0932441969154, 4.31169610672254E-15, -10.1138560281213
-89.9005479065127, 7.15164901968758, -1.77635683940025E-15
-89.9005479065127, 7.25504045546109, -0.876686968622034
-89.9005479065127, 7.35110479870764, -1.75420585837893
-89.9005479065127, 7.43925454739731, -2.63255556837207
-89.9005479065127, 7.52105581927281, -3.51152049557286
-89.9005479065127, 7.59848310566966, -4.39088243987187
-89.9005479065127, 7.6727654092037, -5.27051553409021
-89.9005479065127, 7.74228888915495, -6.15053609039925
-89.9005479065127, 7.64878125874384, -6.89031938830941
-89.9005479065127, 7.6558822156941, -7.76235895379237
-89.9005479065127, 7.55939511851904, -8.63624773274201
-89.9005479065127, 6.9591695179581, -9.24848686599937
-89.9005479065127, 6.12347302865167, -9.52782650884915
-89.9005479065127, 5.25825690070861, -9.70239216423042
-89.9005479065127, 4.38773366392889, -9.84873774568451
-89.9005479065127, 3.51362672073373, -9.97188683560666
-89.9005479065127, 2.63691432108468, -10.0749656847657
-89.9005479065127, 1.758857977297, -10.1659910444886
-89.9005479065127, 0.880368087676381, -10.2527587477137
-89.9005479065127, 4.40290930359289E-15, -10.317085185094
-87.69785161611, 7.19833190157418, -1.77635683940025E-15
-87.6978516161099, 7.29937275376016, -0.883725844172544
-87.6978516161099, 7.39445929350244, -1.76811063397578
-87.6978516161099, 7.48193089206181, -2.65328079156591
-87.69785161611, 7.56253276645382, -3.53910386048457
-87.69785161611, 7.63808416896067, -4.42537312480057
-87.69785161611, 7.71001777737207, -5.31194324163909
-87.69785161611, 7.77641079641168, -6.19894341745781
-87.6978516161099, 7.66694920608376, -6.93614595620543
-87.6978516161099, 7.68111228868795, -7.82546702457554
-87.6978516161099, 7.577285575929, -8.70525533988749
-87.6978516161099, 6.99025244528105, -9.34405869286968
-87.6978516161099, 6.15886224973831, -9.65434262220509
-87.6978516161099, 5.29123273580724, -9.84998119846778
-87.6978516161099, 4.4172126820374, -10.0148966375086
-87.6978516161099, 3.53820493555142, -10.1507592166941
-87.6978516161099, 2.65569196371244, -10.261744628245
-87.6978516161099, 1.77145345669329, -10.358170604952
-87.69785161611, 0.886696980492879, -10.4497576663259
-87.6978516161099, 5.19205923248551E-15, -10.5194789192123
-82.2261108901022, 7.304041034851, -1.77635683940025E-15
-82.2261108901027, 7.39872722430644, -0.900619871174682
-82.226110890103, 7.48907480222789, -1.80168375446107
-82.226110890103, 7.57214832286999, -2.7034462053263
-82.2261108901031, 7.64775865419054, -3.60586574651627
-82.2261108901031, 7.71769369925268, -4.50874440933302
-82.2261108901031, 7.78343671564874, -5.41193770460914
-82.2261108901031, 7.84239334237255, -6.31559580977575
-82.2261108901031, 7.72212610434716, -7.07117686701043
-82.2261108901031, 7.7218032514841, -7.97671236355165
-82.2261108901031, 7.60325337166149, -8.8711172417951
-82.2261108901031, 7.05928461535085, -9.57654493357791
-82.2261108901031, 6.24505166726753, -9.96444446299406
-82.2261108901031, 5.37026951792158, -10.1979074770171
-82.226110890103, 4.48519805346913, -10.3892365200766
-82.2261108901031, 3.59350272589652, -10.5469611378342
-82.2261108901031, 2.69738311058047, -10.6773854861441
-82.2261108901031, 1.79925870177364, -10.7933598061169
-82.226110890103, 0.900691298461288, -10.9058704837959
-82.2261108901031, 4.80763131977842E-15, -10.9994407659917
-76.7443701640962, 7.42467526481648, -1.77635683940025E-15
-76.7443701640962, 7.51020010412032, -0.914753029001798
-76.7443701640962, 7.58923859197578, -1.83008750635595
-76.7443701640962, 7.66001146459247, -2.74609800406917
-76.7443701640962, 7.72354707468035, -3.66264006576471
-76.7443701640962, 7.78212590493605, -4.57951362875725
-76.7443701640962, 7.83691372503164, -5.49662121296617
-76.7443701640962, 7.88519836117533, -6.41409066241981
-76.7443701640962, 7.75210288965789, -7.18254450205571
-76.7443701640962, 7.73254112914538, -8.10104069685647
-76.7443701640962, 7.60337692938832, -9.00795745671742
-76.7443701640962, 7.10304077224271, -9.76573306908777
-76.7443701640962, 6.31540758688284, -10.2280664051355
-76.7443701640962, 5.43699223420838, -10.4950697594721
-76.7443701640962, 4.53974142757086, -10.6922381289126
-76.7443701640962, 3.63628989557067, -10.8590020463411
-76.7443701640962, 2.72904088652383, -11.0037863350086
-76.7443701640962, 1.82013725941396, -11.1378835521879
-76.7443701640962, 0.910973249366937, -11.2702109605959
-76.7443701640962, 3.03350035345218E-15, -11.3892558074727
-71.2626294380893, 7.59073613358081, -1.77635683940025E-15
-71.2626294380893, 7.6594137564178, -0.921912553541097
-71.2626294380893, 7.71559699077344, -1.84466965224904
-71.2626294380893, 7.76045397067728, -2.76804999426694
-71.2626294380893, 7.79834124708285, -3.69174547293946
-71.2626294380893, 7.83274357881676, -4.61557820969927
-71.2626294380893, 7.86469517293848, -5.53949883509718
-71.2626294380893, 7.89252719832106, -6.46355140785957
-71.2626294380893, 7.74370855898746, -7.23511992182256
-71.2626294380894, 7.70056250184618, -8.15850264069098
-71.2626294380893, 7.56010066655934, -9.07053766585742
-71.2626294380893, 7.09864154111686, -9.86079044607436
-71.2626294380893, 6.33876293494758, -10.3769688170417
-71.2626294380893, 5.46836806428551, -10.6850103975968
-71.2626294380893, 4.56764049807001, -10.8921458722905
-71.2626294380893, 3.65870211918584, -11.0607602922515
-71.2626294380893, 2.74600057321508, -11.2077218008073
-71.2626294380893, 1.83130919387024, -11.3418326709143
-71.2626294380894, 0.915972657470964, -11.4714846121917
-71.2626294380893, 3.30222125760117E-16, -11.5965461353814
-65.7808887120824, 7.74568587312216, -1.77635683940025E-15
-65.7808887120825, 7.79578292090072, -0.91917097635862
-65.7808887120824, 7.82546496909607, -1.83922856265536
-65.7808887120825, 7.83902246568965, -2.7596758881869
-65.7808887120825, 7.84513348021765, -3.68020892860391
-65.7808887120825, 7.84949384124708, -4.60075226488186
-65.7808887120825, 7.85207341070048, -5.52130221131904
-65.7808887120825, 7.85223655020978, -6.44185561848456
-65.7808887120825, 7.68106561194613, -7.2060445646569
-65.7808887120825, 7.60585031670013, -8.12329774460634
-65.7808887120825, 7.44229444009643, -9.02828856478434
-65.7808887120825, 7.01900617822152, -9.83669819515866
-65.7808887120825, 6.29228341436315, -10.3928158604291
-65.7808887120825, 5.44314835145034, -10.7450907399587
-65.7808887120825, 4.55231054616046, -10.9751605501591
-65.7808887120825, 3.64829791250535, -11.1486262119993
-65.7808887120825, 2.73914966887514, -11.29287415986
-65.7808887120825, 1.82685497185387, -11.4158289054299
-65.7808887120825, 0.913311150798636, -11.5292105591217
-65.7808887120825, 9.59913860589823E-16, -11.644453131565
-60.2991479860756, 7.83793808073877, -1.77635683940025E-15
-60.2991479860756, 7.87496827026844, -0.909953176266955
-60.2991479860756, 7.88429608348789, -1.82061443401524
-60.2991479860756, 7.87205872313985, -2.7312618797532
-60.2991479860756, 7.85030672214998, -3.64174245559962
-60.2991479860756, 7.82614678522464, -4.55216283289793
-60.2991479860756, 7.80089993800584, -5.46255394659356
-60.2991479860756, 7.77555429960801, -6.37294232616212
-60.2991479860756, 7.57854139000926, -7.12413271653511
-60.2991479860756, 7.46857246605248, -8.02779876127614
-60.2991479860756, 7.26822586135984, -8.91567758301342
-60.2991479860756, 6.87315235053226, -9.73030301931897
-60.2991479860756, 6.19207439647663, -10.3274595058239
-60.2991479860756, 5.37378474931096, -10.7247137381649
-60.2991479860756, 4.50223746113826, -10.9866714279334
-60.2991479860756, 3.61118045476164, -11.1745792696223
-60.2991479860756, 2.71265836286219, -11.3228483088609
-60.2991479860756, 1.80940927849407, -11.4392136765273
-60.2991479860756, 0.904421158867869, -11.5414025613368
-60.2991479860756, 9.11922548400792E-16, -11.6485089795253
-54.8174072600687, 7.88488692729468, -1.77635683940025E-15
-54.8174017253378, 7.91329905953744, -0.897615161263456
-54.8174031844642, 7.90609170474012, -1.79558579578609
-54.8174070285084, 7.87134974088005, -2.69299805728216
-54.8174072600687, 7.82537831723482, -3.58991901485507
-54.8174072600687, 7.77630944721175, -4.48667692186436
-54.8174072600687, 7.72563033266186, -5.38334535079713
-54.8174072600687, 7.67428430253701, -6.27997606576281
-54.8174072600687, 7.44925550486679, -7.01487606230973
-54.8174072600687, 7.30733887923773, -7.90118980203797
-54.8174072600687, 7.06581010361185, -8.76576409771335
-54.8174072600687, 6.68250809578323, -9.57484439147154
-54.8174072600687, 6.05433092496162, -10.2107119977041
-54.8174072600687, 5.27517375983598, -10.6542976791457
-54.8174072600687, 4.43140527730523, -10.9590581829777
-54.8174072600687, 3.55871393376247, -11.1706084380908
-54.8174072600687, 2.67530236860919, -11.3316725364525
-54.8174072600687, 1.78494635007979, -11.4489470207254
-54.8174072600687, 0.892225415654713, -11.5470392104192
-54.8174072600687, 6.53715121216918E-18, -11.6495894974111
-49.335666534062, 7.9063902665767, -1.77635683940025E-15
-49.3356665562853, 7.92039585487388, -0.883027313523398
-49.3356665393068, 7.89749283511741, -1.7658643373464
-49.3356665343752, 7.84363282398012, -2.64739051662275
-49.3356665340619, 7.77428942371967, -3.52785843307063
-49.3356665340619, 7.70079796620505, -4.4079922729954
-49.3356665340619, 7.62431848496167, -5.28787146248346
-49.3356665340619, 7.54470955281186, -6.16747298715048
-49.3356665340618, 7.28875313833887, -6.88207587948322
-49.3356665340618, 7.11534548433721, -7.74768868660648
-49.3356665340618, 6.83723332870666, -8.58546367556582
-49.3356665340619, 6.45155737882578, -9.37863140503162
-49.3356665340618, 5.87691077342221, -10.0449575556418
-49.3356665340618, 5.14872117579461, -10.5414061204591
-49.3356665340618, 4.34137330877156, -10.896965985642
-49.3356665340619, 3.49290234892793, -11.1413740296239
-49.3356665340619, 2.62923613506259, -11.3250719717272
-49.3356665340619, 1.7550658706716, -11.4503127856409
-49.3356665340619, 0.877393364123976, -11.5488687188176
-49.3356665340619, 7.37641147608514E-19, -11.6499536795783
-43.853925808055, 7.90844946270089, -1.77635683940025E-15
-43.853925808055, 7.90255316547091, -0.865316258103445
-43.853925808055, 7.85977688531109, -1.72958320315853
-43.853925808055, 7.78399701190255, -2.59161721946649
-43.853925808055, 7.68950142158842, -3.45182973563672
-43.853925808055, 7.58798350367503, -4.31124722926013
-43.853925808055, 7.48276650592273, -5.17021981422335
-43.853925808055, 7.37223793288729, -6.02852266470074
-43.853925808055, 7.07992452981126, -6.71645964276857
-43.853925808055, 6.86983937342161, -7.55575247176357
-43.853925808055, 6.5654686554707, -8.36523573610243
-43.853925808055, 6.1697042023326, -9.13422579342943
-43.853925808055, 5.64490415107614, -9.81989920089898
-43.853925808055, 4.98028442056431, -10.3716958857704
-43.853925808055, 4.22251815447878, -10.7876096219062
-43.853925808055, 3.40812801082938, -11.0787095857826
-43.853925808055, 2.57136914828101, -11.2983611411629
-43.853925808055, 1.71832536167476, -11.4428228928538
-43.853925808055, 0.859268587431937, -11.5472226890258
-43.853925808055, 6.94451772257387E-21, -11.65
-38.3721850820481, 7.88437972475555, -1.77635683940025E-15
-38.3721850820481, 7.84448812511507, -0.842008087552722
-38.3721850820481, 7.77279173175032, -1.68189030692744
-38.3721850820481, 7.66996206458371, -2.51855145032851
-38.3721850820481, 7.54624587658997, -3.35240587460367
-38.3721850820481, 7.41243406745504, -4.18470930619414
-38.3721850820481, 7.27264957836141, -5.01603031511839
-38.3721850820481, 7.12232540855878, -5.84549534774375
-38.3721850820481, 6.78491933897294, -6.49650965543479
-38.3721850820481, 6.53106418936344, -7.30026855312002
-38.3721850820481, 6.21025785957015, -8.07935185739127
-38.3721850820481, 5.80839446768686, -8.82002032394786
-38.3721850820481, 5.32504719377439, -9.50978131013112
-38.3721850820481, 4.73465159292583, -10.1100513570779
-38.3721850820481, 4.04966351937946, -10.5995227609264
-38.3721850820481, 3.28950712246893, -10.9614190689247
-38.3721850820481, 2.49158926511913, -11.2326782522364
-38.3721850820481, 1.67000660838671, -11.4194601024274
-38.3721850820481, 0.835844257519774, -11.5404452938223
-38.3721850820481, 9.38182133654093E-18, -11.65
-32.8804443560412, 7.79815494088838, -1.77635683940025E-15
-32.8804443560412, 7.70655009811802, -0.809878162805403
-32.8804443560412, 7.59230558346082, -1.6168620376536
-32.8804443560412, 7.45342366974702, -2.41997587589096
-32.8804443560412, 7.29417872605572, -3.21931493886299
-32.8804443560412, 7.12194004919419, -4.01596705532942
-32.8804443560412, 6.94096790590498, -4.81067930791151
-32.8804443560412, 6.64073235092942, -5.46401268577496
-32.8804443560412, 6.36095439175609, -6.20806007402346
-32.8804443560412, 6.06742268992927, -6.9683768122104
-32.8804443560412, 5.73464810678194, -7.71223543138384
-32.8804443560412, 5.34323375129079, -8.42687745429276
-32.8804443560412, 4.89396146450548, -9.10664254570387
-32.8804443560412, 4.37809863927949, -9.73706387797878
-32.8804443560412, 3.78575749791813, -10.295964317087
-32.8804443560412, 3.11310740298153, -10.7542300710119
-32.8804443560412, 2.37280003579695, -11.0944657106539
-32.8804443560412, 1.60324011228608, -11.3612528889474
-32.8804443560412, 0.805394439065678, -11.5248318163047
-32.8804443560412, -3.47912157545517E-16, -11.65
-30.6977480656385, 7.73431219119687, -1.77635683940025E-15
-30.6977480656385, 7.61720347477051, -0.793899791550904
-30.6977480656385, 7.48149441239427, -1.58482481223114
-30.6977480656385, 7.32471048616935, -2.37184105659568
-30.6977480656385, 7.14884953664931, -3.15482509793121
-30.6977480656385, 6.95986989759107, -3.93475731151834
-30.6977480656385, 6.76150314098276, -4.71235276374697
-30.6977480656385, 6.42535550423508, -5.321546853859
-30.6977480656385, 6.14825845107206, -6.0745989006855
-30.6977480656385, 5.84141967145445, -6.81608655452555
-30.6977480656385, 5.50447311183411, -7.54433027048592
-30.6977480656385, 5.12240012392437, -8.24984370899116
-30.6977480656385, 4.68992513362175, -8.92563257348487
-30.6977480656385, 4.20274873091825, -9.5629516176577
-30.6977480656385, 3.64850781749969, -10.1425996195728
-30.6977480656385, 3.01827418119508, -10.6381197902562
-30.6977480656385, 2.30982260584034, -11.013642839131
-30.6977480656385, 1.56822613512456, -11.3192300223488
-30.6977480656385, 0.790975628733833, -11.5144556033968
-30.6977480656385, 2.00222927398482E-16, -11.65
-28.5050517752357, 7.64675295792324, -1.77635683940025E-15
-28.5050517752357, 7.50202465783606, -0.775851817424902
-28.5050517752357, 7.34172698659378, -1.5486313395042
-28.5050517752357, 7.16400054579143, -2.31758885133558
-28.5050517752357, 6.97008681404651, -3.0826292719489
-28.5050517752357, 6.76370544033672, -3.84440893103802
-28.5050517752357, 6.54807278966731, -4.60361931720487
-28.5050517752357, 6.19921181620949, -5.19850994361052
-28.5050517752357, 5.90591959190519, -5.93115051750136
-28.5050517752357, 5.58683222898639, -6.65299011174428
-28.5050517752357, 5.24616567845278, -7.36488220264853
-28.5050517752357, 4.87488148430204, -8.06123983712025
-28.5050517752357, 4.46397402847672, -8.73493666281648
-28.5050517752357, 4.00770510898325, -9.37867960683555
-28.5050517752357, 3.49320823626797, -9.97663052187552
-28.5050517752357, 2.90433673963921, -10.5011329881419
-28.5050517752357, 2.23577161075262, -10.9180261662214
-28.5050517752357, 1.525653975046, -11.2617956191056
-28.5050517752357, 0.774867680276055, -11.5000423846943
-28.5050517752357, 3.82263223417854E-16, -11.65
-26.312355484833, 7.52529001879682, -1.77635683940025E-15
-26.312355484833, 7.35151206876136, -0.755605042716726
-26.312355484833, 7.16494769204566, -1.50815200213783
-26.312355484833, 6.96449287759214, -2.257118279458
-26.312355484833, 6.75099641623162, -3.00247441308427
-26.312355484833, 6.52682312666926, -3.74469420925344
-26.312355484833, 6.29428167764334, -4.48433260229211
-26.312355484833, 5.93478060330962, -5.0649531698649
-26.312355484833, 5.62760505879099, -5.77676555806738
-26.312355484833, 5.29817000243308, -6.47862009437134
-26.312355484833, 4.95515079478104, -7.17393787568128
-26.312355484833, 4.59499250939033, -7.86051658845099
-26.312355484833, 4.20952548646273, -8.53317311860059
-26.312355484833, 3.78872812734599, -9.18422621140218
-26.312355484833, 3.31764079883085, -9.79965402252138
-26.312355484833, 2.77247889719474, -10.3499294041044
-26.312355484833, 2.14916978707071, -10.8083303254415
-26.312355484833, 1.47415826003385, -11.1891338461759
-26.312355484833, 0.75613784115937, -11.4786012204471
-26.312355484833, 6.24369559743144E-16, -11.65
-24.1196591944302, 7.3586609120252, -1.77635683940025E-15
-24.1196591944302, 7.15576667269639, -0.733400342499017
-24.1196591944302, 6.94250790788503, -1.46385290214573
-24.1196591944302, 6.71862477775741, -2.19111988747517
-24.1196591944302, 6.48494747339052, -2.91530087519609
-24.1196591944302, 6.24295534840298, -3.63674807352685
-24.1196591944302, 5.99388141824518, -4.35577939369323
-24.1196591944302, 5.6244395841642, -4.92038689077758
-24.1196591944302, 5.30694561274124, -5.61186461289267
-24.1196591944302, 4.97078080208856, -6.29453110844631
-24.1196591944302, 4.62855188393302, -6.97418412477099
-24.1196591944302, 4.28073304754453, -7.65099077775067
-24.1196591944302, 3.9222584731674, -8.32220039692425
-24.1196591944302, 3.54111087263598, -8.98073311681333
-24.1196591944302, 3.11721466176676, -9.61241561322402
-24.1196591944302, 2.62367558438491, -10.1906372372304
-24.1196591944302, 2.05301592289309, -10.6931272076718
-24.1196591944302, 1.41392067420116, -11.1056234443217
-24.1196591944302, 0.729677705686393, -11.4369382638132
-24.1196591944302, 6.3713227318882E-16, -11.65
-21.9269629040275, 7.13816373612581, -1.77635683940025E-15
-21.9269629040275, 6.90732399187634, -0.709712947649885
-21.9269629040275, 6.66839896882648, -1.41674518358434
-21.9269629040275, 6.42187036215943, -2.12116293077613
-21.9269629040275, 6.16861449564668, -2.82319104060202
-21.9269629040275, 5.909491551614, -3.52307538062565
-21.9269629040275, 5.64454443726731, -4.22077406423715
-21.9269629040275, 5.26458190404386, -4.76614166421679
-21.9269629040275, 4.94185517018578, -5.43900192420126
-21.9269629040275, 4.60476382960914, -6.10484852542771
-21.9269629040275, 4.26842087833001, -6.771073939349
-21.9269629040275, 3.93641005302913, -7.43946977093518
-21.9269629040275, 3.60557207068925, -8.10844762516201
-21.9269629040275, 3.26498946873221, -8.77248720435194
-21.9269629040275, 2.89066780224834, -9.41794620519824
-21.9269629040275, 2.45505333491775, -10.0232545819398
-21.9269629040275, 1.93834723177791, -10.5611758355427
-21.9269629040275, 1.34663813835045, -11.0147247230198
-21.9269629040262, 0.697543215218236, -11.3812526788384
-21.9269629040275, -4.44089209850063E-16, -11.6401377962061
-19.7342666136247, 6.85855996883295, -1.77635683940025E-15
-19.7342666136247, 6.6022868655413, -0.684911321162623
-19.7342666136247, 6.34019986141686, -1.3676197517488
-19.7342666136247, 6.0733295818504, -2.04847329892791
-19.7342666136247, 5.80269474961839, -2.7278399422823
-19.7342666136247, 5.52837988370945, -3.40572836325628
-19.7342666136247, 5.24912371429484, -4.08159448877214
-19.7342666136247, 4.88682537326023, -4.64791053462676
-19.7342666136247, 4.53568206526168, -5.26023844099562
-19.7342666136247, 4.20553307905589, -5.91276016891264
-19.7342666136247, 3.88101163894438, -6.56808239418047
-19.7342666136247, 3.56948991575202, -7.22968913932589
-19.7342666136247, 3.26753587736465, -7.89572330292881
-19.7342666136247, 2.96592509172748, -8.56191053722596
-19.7342666136247, 2.64124530589341, -9.2170441870311
-19.7342666136247, 2.26538155273879, -9.84395871601522
-19.7342666136247, 1.81031465683341, -10.4156867575923
-19.7342666136247, 1.27715709518076, -10.9144474198512
-19.7342666136247, 0.670170804046677, -11.3208295930841
-19.7342666136247, 0, -11.6094903876045
-17.5415703232221, 6.51824904565629, -1.20648022204946E-07
-17.541570323222, 6.2402574154502, -0.660399552902787
-17.541570323222, 5.95897827385329, -1.31940588777283
-17.541570323222, 5.67526439960702, -1.9773680061465
-17.541570323222, 5.38996433374958, -2.63464408922206
-17.541570323222, 5.10341540930009, -3.29137634567094
-17.541570323222, 4.81266675880206, -3.94625768799907
-17.541570323222, 4.47556078319422, -4.54448960240114
-17.541570323222, 4.09745059021582, -5.08882440820347
-17.541570323222, 3.77668889069017, -5.72954154931439
-17.541570323222, 3.46895030585344, -6.37658055336932
-17.541570323222, 3.18100830601048, -7.03267802022613
-17.541570323222, 2.90894099896854, -7.69552867818823
-17.541570323222, 2.64419928491459, -8.36135091959981
-17.541570323222, 2.36639779724372, -9.02176826686822
-17.541570323222, 2.04779957606717, -9.66335337444406
-17.541570323222, 1.66108426720475, -10.2659052344141
-17.541570323222, 1.19542497862386, -10.8091073289544
-17.541570323222, 0.638169178372086, -11.2585326220968
-17.541570323222, 0, -11.5786049247655
-15.3488740328417, 6.11993351049578, -3.49766689525476E-06
-15.3488740328298, 5.82419803653903, -0.636793713971575
-15.3488740328231, 5.52763294003094, -1.27319808034688
-15.3488740328201, 5.23097477804762, -1.90955908075258
-15.3488740328193, 4.9349599231087, -2.54621958693589
-15.3488740328192, 4.63992358875301, -3.18333397052435
-15.3488740328192, 4.34172438767264, -3.81897173219906
-15.3488740328192, 4.03029353378273, -4.44815158055708
-15.3488740328192, 3.62738881037227, -4.92856226716361
-15.3488740328192, 3.32236461282962, -5.56094003880271
-15.3488740328192, 3.03693562419352, -6.20238418009027
-15.3488740328192, 2.7746969579613, -6.85364200200297
-15.3488740328192, 2.5333763660489, -7.51295788425288
-15.3488740328192, 2.30440000062264, -8.17668031907857
-15.3488740328192, 2.0692057316208, -8.83820359725749
-15.3488740328192, 1.8042894569699, -9.4883066296544
-15.3488740328192, 1.48718649139358, -10.1143297957015
-15.3488740328192, 1.09596901142788, -10.6965754473728
-15.3488740328192, 0.598959776552883, -11.1915549954992
-15.3488740328192, 0, -11.5470733963414
-13.1561777427084, 5.66562583545191, -1.62790823936248E-05
-13.1561777425725, 5.35529232877009, -0.614104227802787
-13.1561777424735, 5.04602533811212, -1.228729537032
-13.1561777424272, 4.74028157404049, -1.84511369786777
-13.156177742417, 4.43880324454149, -2.46359589743636
-13.1561777424165, 4.13999274548823, -3.08337244424977
-13.1561777424165, 3.83947306425383, -3.70232046176836
-13.1561777424165, 3.52868777494452, -4.3161356569996
-13.1561777424165, 3.13613337026, -4.78789872780394
-13.1561777424165, 2.85260689034705, -5.41479612550555
-13.1561777424165, 2.58997883115203, -6.0507014080732
-13.1561777424165, 2.35506536698034, -6.69734766549641
-13.1561777424165, 2.14489466632904, -7.35248154491497
-13.1561777424165, 1.94973150390033, -8.01226526645046
-13.1561777424165, 1.75414533783325, -8.67192210236542
-13.1561777424165, 1.53878651646731, -9.32534369880321
-13.1561777424165, 1.2871088502325, -9.96552773328539
-13.1561777424165, 0.973229470373545, -10.5773692121567
-13.1561777424165, 0.549660257152494, -11.1182563232735
-13.1561777424165, 0, -11.5143965116524
-10.9914895456859, 5.1594421086766, -8.96577554797914E-05
-11.1012291055217, 4.85996334083577, -0.605799187018858
-11.2092238811732, 4.56524608122792, -1.21414968225627
-11.3147241958898, 4.2773361943515, -1.82618463185923
-11.4177049975011, 3.99630204746816, -2.44183547164605
-11.5188105834976, 3.72038535560784, -3.06010853067268
-11.6199434316659, 3.44439426540293, -3.67834429287399
-11.724352201994, 3.15946319827967, -4.29191677368735
-11.8526538392255, 2.80932860426832, -4.77721744733461
-11.9437140185545, 2.56082578226307, -5.40852062119333
-12.0275444487716, 2.33205291323974, -6.04819900680953
-12.1018820287164, 2.12918599014027, -6.69771090835719
-12.1682011253383, 1.9482014721565, -7.35454479167324
-12.2300894523369, 1.77930850465211, -8.01504183889418
-12.2926793842977, 1.60850086034491, -8.67497500344031
-12.3621212648357, 1.41899427902442, -9.32904890115639
-12.4439889393732, 1.19557776146977, -9.97073759494748
-12.5479968617014, 0.911740606744818, -10.5844290443846
-12.6923032428423, 0.517929138206624, -11.1240470448671
-12.8820907061161, 0, -11.5102000510439
-9.38702268136873, 4.74264394724021, -0.000162429007905362
-9.58433761990864, 4.45934518006509, -0.600483478341959
-9.77717531739266, 4.1824746989633, -1.20523821864993
-9.96431305411843, 3.91378804756901, -1.81544844038316
-10.1458828314766, 3.653095702314, -2.43078968368176
-10.3231625370359, 3.39856291122485, -3.04995206439982
-10.4999442967373, 3.14474505560261, -3.66955255386763
-10.6824732649901, 2.88267553333312, -4.2839619325108
-10.9000638103641, 2.57026566862876, -4.77398608383485
-11.0556920798511, 2.34681934870215, -5.41069753975812
-11.1985163851925, 2.14175656974958, -6.05649750357996
-11.3246115405951, 1.96071299374539, -6.71287419911314
-11.4370930316937, 1.79921550149237, -7.37681386545918
-11.5427054996545, 1.64758034303441, -8.04422018180454
-11.6506291692024, 1.49262683187014, -8.71048344888121
-11.7713864290172, 1.31924724345095, -9.36992056854779
-11.9152371144356, 1.11271081930648, -10.014843093308
-12.1007256161344, 0.846392089233249, -10.6258277702434
-12.3583536633396, 0.476497601248457, -11.150166165009
-12.6902297807059, 0, -11.507244847071
-8.11554749270553, 4.38282136259014, -0.000245689168272814
-8.38096475637461, 4.11740409892105, -0.596211669383649
-8.63939544987114, 3.85897340542453, -1.19828192608041
-8.88928838606597, 3.6090804692297, -1.80751578742502
-9.13091814900735, 3.36745070628831, -2.42338418444786
-9.36606076956766, 3.132308085728, -3.04425881645966
-9.60012335419937, 2.8982455010963, -3.66595357177473
-9.84853044730237, 2.64983840799331, -4.26571839438611
-10.1226618845306, 2.37570697076508, -4.77426094303331
-10.3267638059525, 2.17160504934316, -5.41669643925144
-10.5136596806432, 1.98470917465246, -6.06947948564163
-10.6781213638437, 1.82024749145199, -6.73423052314102
-10.8249417563935, 1.67342709890216, -7.40723273772112
-10.9636376248489, 1.53473123044678, -8.08369511036821
-11.106797740773, 1.39157111452269, -8.75827742654367
-11.2682065408863, 1.2301623144094, -9.42451100835123
-11.4625622791508, 1.03580657614484, -10.0726651023213
-11.7160835993592, 0.782285255936503, -10.6776984076618
-12.0640042609216, 0.434364594374038, -11.1804802600822
-12.4983688552957, 0, -11.5042744055881
-6.92665508162294, 4.01809922370283, -0.000350808251509122
-7.25359523300953, 3.77391448379716, -0.593050005066022
-7.57132498061925, 3.53660880123928, -1.19349518476745
-7.87812908597332, 3.30746325166348, -1.80272505564799
-8.1741264469771, 3.08638903271872, -2.4202314752226
-8.46132491239999, 2.87188652428356, -3.04418472281934
-8.7471406104051, 2.65841677582244, -3.66913217535647
-9.06150185366465, 2.42362695849288, -4.24565766012817
-9.37761131404817, 2.18753143447082, -4.78297706582978
-9.6264727105122, 2.00166207853394, -5.432049861598
-9.85382213545168, 1.83185956281017, -6.09324970185104
-10.05331994152, 1.6828588368977, -6.76831834249567
-10.23172986775, 1.54960820601525, -7.45257077975207
-10.4015573159705, 1.42276764789875, -8.14024061377655
-10.5789397439692, 1.29028443388851, -8.8249037560018
-10.7806173568753, 1.13965565598092, -9.49893351888818
-11.0267327791696, 0.955837210541235, -10.1491975045665
-11.3527148219111, 0.712368061881552, -10.7403894250584
-11.784923829108, 0.389560222099091, -11.215355634408
-12.3065079298854, 0, -11.5012881071864
-5.74514816866994, 3.62222730113269, -0.000490144934522608
-6.12965285646522, 3.40356592549724, -0.592237597956221
-6.5030427439442, 3.19122535063281, -1.19332195284117
-6.86316184887938, 2.98643164752025, -1.8050254605148
-7.21046307551014, 2.78892725710462, -2.42646717813954
-7.54756309069349, 2.59722412477254, -3.05530672761763
-7.8830505972783, 2.40643799907152, -3.68529424030382
-8.26865988781671, 2.18714845435775, -4.22714988906171
-8.6153537957985, 1.98998943588542, -4.80851246494637
-8.90884975551432, 1.82308319954566, -5.46561409184897
-9.1760246789789, 1.67114529565417, -6.13734292221949
-9.40990048145045, 1.53814404412327, -6.8253321906783
-9.61987059494948, 1.41873755749943, -7.52351442588386
-9.82197409661319, 1.30380468126345, -8.2247851773599
-10.0363406695866, 1.18189800177565, -8.92117137527401
-10.2826415394787, 1.041830822518, -9.60332939442481
-10.5883588128227, 0.867974529820485, -10.2523569398077
-10.9986190954795, 0.634666378784148, -10.8166629546384
-11.5145335680649, 0.341274459604646, -11.2549525711495
-12.1146470044752, 0, -11.4982853055044
-4.53753825133162, 3.17359626544782, -0.00068154233003586
-4.97448335524161, 2.98583176758396, -0.596902701278273
-5.39922938558568, 2.80330946811532, -1.20346669505856
-5.80927925092109, 2.62710241973584, -1.82189167834997
-6.20513727532803, 2.45699390378493, -2.45118400991394
-6.58990828084052, 2.29164971295608, -3.08858092660989
-6.9738917396222, 2.12664394751554, -3.72654678542157
-7.44121879021555, 1.92582368838538, -4.21421176228369
-7.80418121518767, 1.7698511031373, -4.86651818231877
-8.14321656974331, 1.6241604831107, -5.53392285177664
-8.44996866673636, 1.49234265761002, -6.21948933427693
-8.71810981048192, 1.37711677051003, -6.92401707757401
-8.96086140034795, 1.27280130852413, -7.63944300525758
-9.1986956094021, 1.17059894846039, -8.35683865390483
-9.45635518863585, 1.05987721000465, -9.06599483679805
-9.75705273037625, 0.93066115419227, -9.75459284875482
-10.1372511952477, 0.767281880213948, -10.3942164832056
-10.6486161753933, 0.54753759686349, -10.9104311414974
-11.250120183536, 0.289058678021371, -11.2993207058128
-11.9227860790649, 0, -11.4952653252814
-3.29499096178816, 2.65007899822683, -0.000951543622554285
-3.77571682735042, 2.49906294105331, -0.612049464896489
-4.24423525523864, 2.35188174952316, -1.23346542093848
-4.69761898856562, 2.20945499719194, -1.86709186576365
-5.13649792025765, 2.07158480840329, -2.51185009044181
-5.5648971218664, 1.93700674019893, -3.16431919783656
-5.99497272563537, 1.80190204411242, -3.81557497903337
-6.50631584792754, 1.64126782880753, -4.32164577760864
-6.91717668439226, 1.51219929304787, -4.98631603217283
-7.30115998141792, 1.39157411414371, -5.66841412203177
-7.64470977842531, 1.28365078506272, -6.37370300318457
-7.94568843500788, 1.18910082786972, -7.10012923577913
-8.22306347865951, 1.10196575058069, -7.83688858129304
-8.50310142385668, 1.01399414478164, -8.57252825986196
-8.81568559011086, 0.915798412651926, -9.2934863412678
-9.19101254144957, 0.79789255319534, -9.98025979854529
-9.67343506132053, 0.646343506094626, -10.5877843183669
-10.3010264478376, 0.449190859446381, -11.026346466717
-10.990301010503, 0.232660952860277, -11.3483791775685
-11.7309251536547, 0, -11.4922274602373
-2.04667920290009, 2.02766447980011, -0.00134326997108262
-2.55360361931212, 1.91938056270681, -0.646876071497396
-3.04959932627054, 1.81343112276651, -1.30121454373108
-3.5312410510674, 1.7105478310803, -1.96666742020654
-3.99977316045155, 1.61046487897633, -2.64184545436394
-4.46155957785954, 1.5118228713742, -3.32187667694101
-4.93105585850652, 1.41153396304143, -3.99633847165064
-5.47634918633246, 1.29505407848633, -4.53960903835816
-5.92840841361276, 1.1984898919858, -5.22637474983292
-6.34843759199078, 1.10876763112062, -5.93398831394697
-6.71835811092893, 1.02974906048769, -6.67022646363541
-7.04712092566302, 0.959522170202946, -7.42674216080141
-7.36217755846225, 0.892223051831033, -8.18938743005914
-7.69800265211477, 0.820487591037283, -8.94259954481369
-8.08880168354583, 0.73700916989683, -9.66724744011579
-8.58149853177881, 0.631764397818568, -10.3225833114147
-9.22422061640436, 0.494472796403461, -10.8182237805015
-9.95922282621808, 0.337469275219405, -11.1639653781114
-10.7348769178634, 0.171782122197168, -11.3990670279994
-11.5390642282445, 0, -11.489170970759
-0.901089617314547, 1.28708182351049, -0.00192547092973227
-1.39656375213922, 1.22603368904145, -0.717211975495224
-1.88282276843795, 1.16612096357842, -1.43888037479946
-2.35645184437375, 1.1077643926014, -2.16902715681264
-2.8214835228834, 1.05046712025829, -2.90477182017885
-3.28988317019623, 0.992754875269917, -3.63833781809068
-3.83353873249867, 0.9257702326023, -4.26612885253929
-4.32946461251242, 0.864666437909835, -4.98101495975478
-4.79775618962828, 0.80696750841758, -5.71456970925249
-5.21781574314578, 0.755211321150179, -6.47704863468018
-5.58754928808247, 0.709655879235952, -7.26566953610352
-5.93507077082939, 0.666837219858063, -8.06457644105264
-6.30040207650198, 0.621824184652219, -8.85526953838172
-6.72652746356541, 0.569320616651999, -9.61403405207152
-7.2712730288128, 0.502201673035699, -10.289799834547
-7.98334297828961, 0.414466433248862, -10.7757042385186
-8.78914591698349, 0.315182206889934, -11.0932695534006
-9.62699490893822, 0.211949536745293, -11.3110798017457
-10.482846614372, 0.106498724429795, -11.4378449414646
-11.3472033028342, 0, -11.4860950813695
-0.119927270630846, 0.439148136685982, -0.00279222012780612
-0.538153662290949, 0.422505052684785, -0.843928452035789
-0.937652502001892, 0.406607221079042, -1.69411801601472
-1.31947087197669, 0.391412973821075, -2.55242485745807
-1.69846025995816, 0.376331304310214, -3.41199113360054
-2.11781835434957, 0.359643184835414, -4.23828185835654
-2.5404816106832, 0.342823538300298, -5.07719747322798
-2.94912796371166, 0.326561686547617, -5.92300337012128
-3.31636454287266, 0.311947713452739, -6.78753215574349
-3.6444710024422, 0.29889090145607, -7.66777777803588
-3.96830079924134, 0.2860042768487, -8.54962359947941
-4.33957055873706, 0.27122980561109, -9.41220023725886
-4.85325288921458, 0.250788106219207, -10.1951892424737
-5.61120956548697, 0.220625646642238, -10.7323153882449
-6.49499020648555, 0.185456093165744, -11.0473794045038
-7.41126896718315, 0.14899329529622, -11.2495716262323
-8.3417577075835, 0.111965019277626, -11.3728681165846
-9.27845109189234, 0.0746898329448432, -11.4335424537705
-10.2169566390132, 0.0373425326123092, -11.4554664442479
-11.155342377424, 0, -11.4829989779563
