-109.579997112877, 6.16242259332144, -1.77635683940025E-15
-109.579997112877, 6.31610064953406, -0.758870910612872
-109.579997112877, 6.43714512616362, -1.52363512953892
-109.579997112877, 6.53040324709302, -2.29230513936122
-109.579997112877, 6.60470538477956, -3.06305907571608
-109.579997112877, 6.66939878673515, -3.83468746967387
-109.579997112877, 6.72868771828577, -4.60675097535174
-109.579997112877, 6.7843397885617, -5.37908584426435
-109.579997112877, 6.83810710702922, -6.15155456965356
-109.579997112877, 6.89342340374264, -6.9238411222843
-109.579997112877, 6.78326897045732, -7.64971716571994
-109.579997112877, 6.11851834514506, -8.03930181300158
-109.579997112877, 5.37039051803698, -8.23442270385665
-109.579997112877, 4.60450080225999, -8.34794232716494
-109.579997112877, 3.83757435274334, -8.45481991984142
-109.579997112877, 3.07034864291064, -8.55952384255392
-109.579997112877, 2.3028900423697, -8.66250998127132
-109.579997112877, 1.53536096238993, -8.76497101982474
-109.579997112877, 0.767821314143834, -8.86735185220523
-109.579997112877, 7.51497657137368E-22, -8.96759834811001
-107.442118229735, 6.4642047939085, -1.77635683940025E-15
-107.442118229735, 6.57436541634869, -0.789087793116579
-107.442118229735, 6.67461556284263, -1.57949275697756
-107.442118229735, 6.76317222651566, -2.37129259936764
-107.442118229735, 6.84106912010905, -3.16421475981689
-107.442118229735, 6.91083606941627, -3.95789552275692
-107.442118229735, 6.97499789271977, -4.75205089909248
-107.442118229735, 7.03677778349114, -5.5463959379762
-107.442118229735, 7.09941539677575, -6.34067350856609
-107.442118229735, 7.12049758438599, -7.09831858501135
-107.442118229735, 7.02282618554781, -7.86105581849315
-107.442118229735, 6.32444606869022, -8.2356712572965
-107.442118229735, 5.5527346984442, -8.42715958431771
-107.442118229735, 4.76109391140216, -8.51686798976425
-107.442118229735, 3.96893832833311, -8.60223904968362
-107.442118229735, 3.17594997730511, -8.67945743204799
-107.442118229735, 2.38227403542632, -8.749293501193
-107.442118229735, 1.58832127291023, -8.81592348315655
-107.442118229735, 0.79429708203829, -8.88169991013046
-107.442118229735, 1.64234587733768E-17, -8.94408968794269
-105.249421939332, 6.63187357674192, -1.77635683940025E-15
-105.249421939332, 6.7283935748728, -0.807266186358674
-105.249421939332, 6.82279495857272, -1.61478183103054
-105.249421939332, 6.91149898066531, -2.42294146833788
-105.249421939332, 6.99317124979613, -3.23184231311157
-105.249421939332, 7.0691765088549, -4.04129647749067
-105.249421939332, 7.14123031938917, -4.85111253224067
-105.249421939332, 7.21084473195648, -5.66114231410026
-105.249421939332, 7.279532217276, -6.4712513677345
-105.249421939332, 7.25084702470437, -7.20411458660008
-105.249421939332, 7.16409528101891, -7.994804349032
-105.249421939332, 6.46226360655278, -8.38534910368146
-105.249421939332, 5.67206781457653, -8.57162773171115
-105.249421939332, 4.86324880358571, -8.65329921550039
-105.249421939332, 4.05391799201474, -8.73061608337204
-105.249421939332, 3.24390919770718, -8.80039985372639
-105.249421939332, 2.4332084777744, -8.86168920910399
-105.249421939332, 1.62229195252398, -8.92007522765075
-105.249421939332, 0.811328132733454, -8.97780191368568
-105.249421939332, 8.07670242744291E-17, -9.03014210281011
-103.056725648929, 6.75490371055169, -1.77635683940025E-15
-103.056725648929, 6.84861620199082, -0.821945473033839
-103.056725648929, 6.9410766031506, -1.64403250612123
-103.056725648929, 7.03050457807, -2.46645438224418
-103.056725648929, 7.11511712009695, -3.28938474180105
-103.056725648929, 7.19553656752653, -4.11273682604776
-103.056725648929, 7.2733439693711, -4.93633971576396
-103.056725648929, 7.34801143594543, -5.76023303575078
-103.056725648929, 7.4190096755975, -6.58445045707586
-103.056725648929, 7.35146930093845, -7.30146705663567
-103.056725648929, 7.27025016856845, -8.11356073835433
-103.056725648929, 6.57838389895887, -8.53465376019703
-103.056725648929, 5.77257198783363, -8.71822999296766
-103.056725648929, 4.94951246200516, -8.80008851716934
-103.056725648929, 4.1255896762098, -8.87443520240291
-103.056725648929, 3.30117477763272, -8.94305172125915
-103.056725648929, 2.47616034390039, -9.00408966272705
-103.056725648929, 1.65098353326128, -9.06290823727391
-103.056725648929, 0.825775732197832, -9.12129045302144
-103.056725648929, 2.02972069309157E-16, -9.17093627722055
-100.864029358526, 6.85515442398021, -1.77635683940025E-15
-100.864029358526, 6.95184469667997, -0.834733743888183
-100.864029358526, 7.04544629161691, -1.66981883475754
-100.864029358526, 7.13454844448104, -2.5053956358949
-100.864029358526, 7.2191838465933, -3.34143706215012
-100.864029358526, 7.30021773590081, -4.17783566781059
-100.864029358526, 7.37928166877948, -5.01442302335842
-100.864029358526, 7.45632577754218, -5.85119878131369
-100.864029358526, 7.52950192256848, -6.68831992300395
-100.864029358526, 7.43501761378997, -7.39906066664405
-100.864029358526, 7.35626649574856, -8.22834116041898
-100.864029358526, 6.68093813527762, -8.68646351522373
-100.864029358526, 5.8622287113454, -8.87272341220104
-100.864029358526, 5.02672870493256, -8.96058079316129
-100.864029358526, 4.18985388836034, -9.03654218541382
-100.864029358526, 3.3525504831274, -9.10758904454858
-100.864029358526, 2.51474985888738, -9.17254091023329
-100.864029358526, 1.67681077239832, -9.2356893073892
-100.864029358526, 0.838830491613294, -9.29828964423141
-100.864029358526, 1.29616732454019E-15, -9.34805996978119
-98.6713330681237, 6.93918419188019, -1.77635683940025E-15
-98.6713330681237, 7.03999392617252, -0.846058010752034
-98.6713330681237, 7.13481990154651, -1.69280715266858
-98.6713330681237, 7.22372750803085, -2.5401985692586
-98.6713330681237, 7.30812060429385, -3.38805244588952
-98.6713330681237, 7.38947334858783, -4.23620377646847
-98.6713330681237, 7.46898626160669, -5.08452964451969
-98.6713330681237, 7.54617961993068, -5.93306956871131
-98.6713330681236, 7.61795215571686, -6.78208069284953
-98.6713330681237, 7.50419172468341, -7.49264872759789
-98.6713330681237, 7.42520255913636, -8.33578975930641
-98.6713330681237, 6.76907630757275, -8.83261248271913
-98.6713330681237, 5.94057318372714, -9.02847291419783
-98.6713330681237, 5.09457762249143, -9.12763702467098
-98.6713330681236, 4.24656530645265, -9.21042014308766
-98.6713330681237, 3.39801852455923, -9.28751558291312
-98.6713330681237, 2.54898724207346, -9.35909812931469
-98.6713330681236, 1.69977525921189, -9.42851162981293
-98.6713330681237, 0.850466076694699, -9.49672667128178
-98.6713330681237, 7.26143652784598E-16, -9.54825793497678
-96.4786367777209, 7.01083993483866, -1.77635683940025E-15
-96.478636777721, 7.11496942187258, -0.856041054272159
-96.4786367777209, 7.21093229404738, -1.71303593889533
-96.478636777721, 7.29961057877362, -2.57081652989534
-96.4786367777209, 7.383357031293, -3.42909391536271
-96.4786367777209, 7.46417057251301, -4.28765284978826
-96.4786367777209, 7.54298600045845, -5.14639751729478
-96.478636777721, 7.61898389560579, -6.00539568934273
-96.4786367777209, 7.68737228512275, -6.8650220922364
-96.4786367777209, 7.56063665528909, -7.57913795493592
-96.4786367777209, 7.47903785504932, -8.43344616062053
-96.4786367777209, 6.84138229897573, -8.96715954721267
-96.478636777721, 6.00666613274564, -9.18037435531184
-96.4786367777209, 5.15243499104823, -9.29643861038448
-96.4786367777209, 4.29537745962942, -9.3918395958022
-96.4786367777209, 3.43742290159526, -9.47880323557918
-96.4786367777209, 2.57879242942929, -9.55884110362838
-96.4786367777209, 1.71981414965385, -9.63506464110424
-96.4786367777209, 0.86062612997799, -9.70889082640913
-96.4786367777209, 2.95892578299097E-15, -9.76301154943196
-94.2859404873182, 7.07274681473676, -1.77635683940025E-15
-94.2859404873182, 7.17792832697794, -0.864868614083519
-94.2859404873182, 7.27441137869908, -1.73075045939127
-94.2859404873182, 7.36294667860879, -2.59748244140602
-94.2859404873182, 7.44601042058981, -3.46475734532005
-94.2859404873182, 7.52575446513663, -4.33234435422947
-94.2859404873182, 7.60311641742638, -5.20014696833174
-94.2859404873182, 7.6769608457311, -6.06825535096729
-94.2859404873182, 7.69323174638407, -6.89271731696762
-94.2859404873182, 7.60573943267712, -7.65700973100097
-94.2859404873182, 7.51914033193895, -8.52018735978026
-94.2859404873182, 6.89704876296017, -9.08696239714513
-94.2859404873182, 6.06002948869736, -9.32489086913177
-94.2859404873182, 5.20009871113166, -9.46340354598212
-94.2859404873182, 4.33635902906793, -9.57744021690387
-94.2859404873182, 3.47095308894664, -9.678067353387
-94.2859404873183, 2.6043323989039, -9.76766893598223
-94.2859404873182, 1.73701869007767, -9.85032108349107
-94.2859404873182, 0.869335164438096, -9.92900778818847
-94.2859404873182, 3.55028260128532E-15, -9.98609632661191
-92.0932441969154, 7.12724035808576, -1.77635683940025E-15
-92.0932441969155, 7.23154464718789, -0.872904796129399
-92.0932441969154, 7.32789464255096, -1.74672234237606
-92.0932441969154, 7.41623157749119, -2.62138733436463
-92.0932441969154, 7.49851004640906, -3.49664427870476
-92.0932441969155, 7.57678671875753, -4.37226902032604
-92.0932441969155, 7.65217805022578, -5.24814679998723
-92.0932441969155, 7.72322990212017, -6.12438609828845
-92.0932441969154, 7.66457767210238, -6.89110623162152
-92.0932441969154, 7.64151833289447, -7.72853304082671
-92.0932441969155, 7.54817543129406, -8.59904012758084
-92.0932441969155, 6.93970356875318, -9.19584023986809
-92.0932441969155, 6.10367663822912, -9.46320901760015
-92.0932441969155, 5.24006242503236, -9.62673788099394
-92.0932441969155, 4.37152838770261, -9.76260849200982
-92.0932441969154, 3.50014773125731, -9.8788499363738
-92.0932441969154, 2.62671093462388, -9.97854186069503
-92.0932441969154, 1.75210613021828, -10.0674676058396
-92.0932441969154, 0.876958539296119, -10.1509096529534
-92.0932441969154, 5.48110485608069E-15, -10.2118540946686
-89.9005479065127, 7.17642690743794, -1.77635683940025E-15
-89.9005479065127, 7.27868243582251, -0.880474662052495
-89.9005479065127, 7.37431817333235, -1.76169145110299
-89.9005479065127, 7.46218399671575, -2.6437169250667
-89.9005479065127, 7.54341938405674, -3.52637914071424
-89.9005479065127, 7.61991469924855, -4.40946563902553
-89.9005479065127, 7.69300993098071, -5.29283996681836
-89.9005479065127, 7.7609276673777, -6.1766256800595
-89.9005479065127, 7.65377919591045, -6.91010907372696
-89.9005479065126, 7.66986083245494, -7.79630957280647
-89.9005479065127, 7.56890317154369, -8.67328617703546
-89.9005479065127, 6.97405116524516, -9.29858895230369
-89.9005479065127, 6.14147887292347, -9.59756613352048
-89.9005479065127, 5.27531761241111, -9.78539771179991
-89.9005479065127, 4.4030702929227, -9.94294169221083
-89.9005479065127, 3.5265602086876, -10.0747408109678
-89.9005479065127, 2.64700217341265, -10.184480758604
-89.9005479065127, 1.76577619051355, -10.2800126660681
-89.9005479065127, 0.883858665648975, -10.3689789706134
-89.9005479065127, 5.05535016522967E-15, -10.4353442875969
-87.6978516161094, 7.22231905361429, -1.77635683940025E-15
-87.6978516161097, 7.32198908881566, -0.887833654887085
-87.6978516161099, 7.41636534708556, -1.77624402758829
-87.6978516161099, 7.50328003463341, -2.66541481915764
-87.6978516161099, 7.58309004202666, -3.55525213806282
-87.6978516161099, 7.65756217389897, -4.44555360558536
-87.6978516161099, 7.72820013004707, -5.33616721895894
-87.6978516161099, 7.79290576556367, -6.22722908313963
-87.6978516161099, 7.68091713778035, -6.96907823526888
-87.6978516161099, 7.69241694622525, -7.86236180079379
-87.69785161611, 7.58389902618487, -8.74550397541208
-87.6978516161099, 7.00443131976143, -9.39912791040135
-87.6978516161099, 6.17714223771099, -9.73041886399795
-87.6978516161099, 5.30862103259408, -9.93945992577718
-87.6978516161099, 4.43278913368859, -10.1155765803255
-87.6978516161099, 3.55136458395452, -10.2611770180649
-87.69785161611, 2.66599020587134, -10.3805710588174
-87.69785161611, 1.77853603725339, -10.4835196704512
-87.69785161611, 0.890297041845356, -10.5795125592434
-87.6978516161099, 6.15260357279148E-15, -10.653459472294
-82.2261108901031, 7.33274488125218, -1.77635683940025E-15
-82.2261108901031, 7.42555893643761, -0.905106397264613
-82.2261108901031, 7.51382825698463, -1.81066570472454
-82.2261108901031, 7.59470944563936, -2.71691370352777
-82.2261108901031, 7.66813164594753, -3.62379720779359
-82.2261108901031, 7.7359651302431, -4.53111740656865
-82.2261108901031, 7.79961381171279, -5.43874045699576
-82.2261108901031, 7.8563564035688, -6.34681765620372
-82.2261108901031, 7.732851077303, -7.10683362618846
-82.2261108901031, 7.72774717650442, -8.01662737686532
-82.2261108901031, 7.60519472431185, -8.91490556910082
-82.2261108901031, 7.07243549571441, -9.6360349946995
-82.2261108901031, 6.26506543193639, -10.0466604499882
-82.2261108901031, 5.38923332607947, -10.2920693022986
-82.2261108901031, 4.50125908964251, -10.4900963725529
-82.226110890103, 3.60669024641059, -10.655931487724
-82.2261108901031, 2.70757827796709, -10.7951778054363
-82.2261108901031, 1.80624192760134, -10.9193499330735
-82.226110890103, 0.904214754618329, -11.0384269374753
-82.2261108901031, 4.04485337715135E-15, -11.1392078319666
-76.7443701640962, 7.46343417950778, -1.77635683940025E-15
-76.7443701640962, 7.54540263862814, -0.917670506487545
-76.7443701640962, 7.61967953464053, -1.83599371599871
-76.7443701640962, 7.68511625861454, -2.75498968008349
-76.7443701640962, 7.74341688922754, -3.67446734851026
-76.7443701640962, 7.79709879762396, -4.59422747987218
-76.7443701640962, 7.84725783352934, -5.51418630003389
-76.7443701640962, 7.89132745524815, -6.43445353932127
-76.7443701640962, 7.75438559910976, -7.20501313721365
-76.7443701640962, 7.72913841572214, -8.12595045274334
-76.7443701640962, 7.59703505250492, -9.03528484942108
-76.7443701640962, 7.10668195665147, -9.80332436401159
-76.7443701640962, 6.32666786586313, -10.2829125284512
-76.7443701640962, 5.44935281323401, -10.5616494875593
-76.7443701640962, 4.55050871310252, -10.7635219150429
-76.7443701640962, 3.64529528663459, -10.9349127260015
-76.7443701640962, 2.73610060655183, -11.0838333725405
-76.7443701640962, 1.82499953425301, -11.2207004647617
-76.7443701640962, 0.913319497275203, -11.3536694925573
-76.7443701640962, 1.8203628098621E-15, -11.4747360503568
-71.2626294380893, 7.62332551649326, -1.77635683940025E-15
-71.2626294380893, 7.68831589336308, -0.922166500499471
-71.2626294380893, 7.73937234036823, -1.84520853420447
-71.2626294380894, 7.77829910362648, -2.76884602546389
-71.2626294380894, 7.81023321496291, -3.69275510369547
-71.2626294380894, 7.8389620512699, -4.61677025287986
-71.2626294380893, 7.86552542986193, -5.54085009496855
-71.2626294380893, 7.88852651984103, -6.46502446226221
-71.2626294380893, 7.73612696098243, -7.23593845418207
-71.2626294380893, 7.68761677026552, -8.1590242930563
-71.2626294380893, 7.54394216630002, -9.07072560229789
-71.2626294380893, 7.08955251205873, -9.865227014039
-71.2626294380893, 6.33494139452507, -10.3891598149379
-71.2626294380894, 5.46744588769196, -10.7049523560164
-71.2626294380893, 4.56847121082361, -10.9192858366835
-71.2626294380893, 3.66020817932513, -11.0914002027182
-71.2626294380893, 2.74757213418964, -11.2386602309353
-71.2626294380893, 1.83255079942337, -11.3704067093642
-71.2626294380893, 0.916613235262477, -11.495655004093
-71.2626294380893, 1.13459635192104E-15, -11.6158463491344
-65.7808887120825, 7.76110651871304, -1.77635683940025E-15
-65.7808887120824, 7.80918590578071, -0.918282610071252
-65.7808887120824, 7.83585161884106, -1.837437881636
-65.7808887120825, 7.8457144707527, -2.75693893834154
-65.7808887120825, 7.84792866556379, -3.67649693124652
-65.7808887120825, 7.84830852872818, -4.5960579059349
-65.7808887120825, 7.84708688670052, -5.51561802861126
-65.7808887120825, 7.8439658875772, -6.43517361512936
-65.7808887120825, 7.66964013108204, -7.19794344191979
-65.7808887120825, 7.58988816996006, -8.11379381592923
-65.7808887120825, 7.42219498762546, -9.01708507414487
-65.7808887120825, 7.0032230572819, -9.82694013561488
-65.7808887120825, 6.28157855478302, -10.3881158320199
-65.7808887120824, 5.43593628591796, -10.7462508309035
-65.7808887120825, 4.5476274729666, -10.9821262747172
-65.7808887120825, 3.64545037629287, -11.1597770104701
-65.7808887120825, 2.73739558087087, -11.304522622455
-65.7808887120825, 1.82586216200811, -11.4256664867795
-65.7808887120825, 0.912966340116858, -11.5361732471201
-65.7808887120825, 6.09403317468451E-17, -11.6461049142843
-60.2991479860756, 7.84690318367932, -1.77635683940025E-15
-60.2991479860756, 7.88239983243932, -0.908333841092439
-60.2991479860756, 7.88924199937861, -1.81733789993563
-60.2991479860756, 7.87371828897613, -2.7262572801716
-60.2991479860756, 7.84829933543257, -3.63496533512567
-60.2991479860756, 7.82037100995829, -4.54360030615928
-60.2991479860756, 7.7913397712675, -5.45220097471749
-60.2991479860756, 7.76226656276814, -6.36080041977829
-60.2991479860756, 7.5612648983076, -7.10984052359245
-60.2991479860756, 7.44638325138179, -8.01118135502719
-60.2991479860756, 7.24001486691908, -8.89598738738948
-60.2991479860756, 6.84758658244227, -9.71048758444339
-60.2991479860756, 6.17388241949072, -10.3135720510448
-60.2991479860756, 5.36065999843773, -10.7172778162779
-60.2991479860756, 4.49301614756433, -10.9862699292674
-60.2991479860756, 3.60486535229215, -11.1796798078009
-60.2991479860756, 2.70834514414206, -11.3296784646749
-60.2991479860756, 1.80669718381554, -11.4453254940416
-60.2991479860756, 0.903230306504169, -11.5460325167408
-60.2991479860756, 2.01442205361449E-17, -11.6488575042139
-54.8174072600687, 7.89132465136674, -1.77635683940025E-15
-54.8174040948509, 7.91684582430095, -0.894676107747333
-54.8174055903844, 7.90616758318287, -1.78961957778166
-54.8174071642376, 7.86764634405437, -2.68385300860755
-54.8174072600687, 7.81668343237584, -3.57748042277296
-54.8174072600687, 7.76240010323431, -4.47091394768276
-54.8174072600687, 7.70628003078249, -5.36423387412071
-54.8174072600687, 7.64911327563029, -6.25748759900194
-54.8174072600687, 7.41741196356952, -6.98835977271126
-54.8174072600687, 7.26804531344907, -7.87040650088113
-54.8174072600687, 7.01807868457892, -8.72944384208389
-54.8174072600687, 6.63563827576357, -9.5360700487766
-54.8174072600687, 6.01934021967339, -10.179517955466
-54.8174072600687, 5.25009014239583, -10.6339347119245
-54.8174072600687, 4.41352219658583, -10.949457134755
-54.8174072600687, 3.54598848063649, -11.1692088753414
-54.8174072600687, 2.66647821618909, -11.3346236374158
-54.8174072600687, 1.77926967524566, -11.452619286477
-54.8174072600687, 0.889489527683754, -11.5498462933193
-54.8174072600687, 4.5914237791383E-18, -11.649739593681
-49.3356665340624, 7.90892170311784, -1.77635683940025E-15
-49.3356673863829, 7.91867834191854, -0.878156570506943
-49.3356667362358, 7.89018161612964, -1.75590130908576
-49.3356665463547, 7.83014516376221, -2.63208948934841
-49.3356665340619, 7.75381246891567, -3.50703446785933
-49.3356665340618, 7.67299327148198, -4.38157934446343
-49.3356665340619, 7.58862223154859, -5.25578849087269
-49.3356665340619, 7.50006494401419, -6.12958323944261
-49.3356665340618, 7.23318462319544, -6.83696060148909
-49.3356665340619, 7.0467805868556, -7.69490629584064
-49.3356665340618, 6.75979791561122, -8.524460157754
-49.3356665340619, 6.37286217476283, -9.31185388174809
-49.3356665340619, 5.81470917157163, -9.98614306959112
-49.3356665340619, 5.10436381931319, -10.4994537780598
-49.3356665340618, 4.30971358526075, -10.8710699317855
-49.3356665340619, 3.47034325958537, -11.1285703076875
-49.3356665340619, 2.61380038219272, -11.3215946495379
-49.3356665340619, 1.74519324654649, -11.4507012958921
-49.3356665340619, 0.87254310778619, -11.5498373987135
-49.3356665340618, 2.33958643174549E-19, -11.649986730846
-43.853925808055, 7.90442378387559, -1.77635683940025E-15
-43.853925808055, 7.88891194498432, -0.857932547724311
-43.853925808055, 7.83766288127154, -1.71445997742654
-43.853925808055, 7.75355133477243, -2.56841696425402
-43.853925808055, 7.64982533634671, -3.42024275521709
-43.853925808055, 7.53811186720543, -4.27106466359563
-43.853925808055, 7.42203624124597, -5.12130251834176
-43.853925808055, 7.29923921757796, -5.97059113411269
-43.853925808055, 6.98963606820838, -6.6462934023394
-43.853925808055, 6.75767316155668, -7.47232530580482
-43.853925808055, 6.44538561919847, -8.2710690761933
-43.853925808055, 6.04907879801781, -9.03173826269017
-43.853925808055, 5.54346982478732, -9.72328272511836
-43.853925808055, 4.90578990249355, -10.2953842934476
-43.853925808055, 4.17027898484839, -10.7353032687877
-43.853925808055, 3.37166683998173, -11.0473102497552
-43.853925808055, 2.54677974372788, -11.2827918095623
-43.853925808055, 1.70306713286641, -11.437948266336
-43.853925808055, 0.851803893040883, -11.5460298319337
-43.853925808055, 5.03961568566628E-19, -11.65
-38.3721850820481, 7.86526717449754, -1.77635683940025E-15
-38.3721850820481, 7.81032359056286, -0.831958877121669
-38.3721850820481, 7.72636262213692, -1.66147650937733
-38.3721850820481, 7.61296031963509, -2.48749782322435
-38.3721850820481, 7.4784254140636, -3.31036419071033
-38.3721850820481, 7.33269531417121, -4.13133253196309
-38.3721850820481, 7.18008070832413, -4.95104856745714
-38.3721850820481, 6.98288246627267, -5.7274189789251
-38.3721850820481, 6.65595127401662, -6.40269833194023
-38.3721850820481, 6.37532000475708, -7.18777957862478
-38.3721850820481, 6.04420698281116, -7.95273694003839
-38.3721850820481, 5.64616140884118, -8.68510984921335
-38.3721850820481, 5.1808814061859, -9.37646458080465
-38.3721850820481, 4.62278684846149, -9.99477802063368
-38.3721850820481, 3.9714682908821, -10.5136335784076
-38.3721850820481, 3.23681696709042, -10.9052737523341
-38.3721850820481, 2.45609099097298, -11.197369377157
-38.3721850820481, 1.6493634108398, -11.4059466071781
-38.3721850820481, 0.82607179288018, -11.5367043469101
-38.3721850820481, 2.30291802287431E-17, -11.65
-32.8804443560412, 7.7526198124839, -1.77635683940025E-15
-32.8804443560412, 7.64257899028072, -0.797292152870233
-32.8804443560412, 7.5128342182028, -1.59160616450638
-32.8804443560412, 7.36113083989114, -2.38202082240387
-32.8804443560412, 7.19020758947939, -3.16851274507538
-32.8804443560412, 7.00599248840171, -3.95200903430994
-32.8804443560412, 6.81254417114215, -4.7332749876206
-32.8804443560412, 6.48143103092524, -5.34642594971206
-32.8804443560412, 6.19782474735287, -6.09899553255658
-32.8804443560412, 5.87662589310952, -6.83694719883387
-32.8804443560412, 5.52761354284755, -7.56212937159028
-32.8804443560412, 5.1403115645379, -8.26754161553924
-32.8804443560412, 4.70963442827678, -8.94731352533786
-32.8804443560412, 4.22591419255302, -9.59020966434969
-32.8804443560412, 3.67361276930319, -10.1749235256808
-32.8804443560412, 3.03964652874863, -10.6691258005307
-32.8804443560412, 2.32412122032883, -11.0364097720594
-32.8804443560412, 1.57615536969953, -11.3323750430074
-32.8804443560412, 0.793924852838798, -11.5177418669731
-32.8804443560412, 1.64931356469931E-16, -11.65
-30.6977480656385, 7.67495050787624, -1.77635683940025E-15
-30.6977480656385, 7.53869996525603, -0.78015971994217
-30.6977480656385, 7.3860936025546, -1.55727912504864
-30.6977480656385, 7.21509929459407, -2.33055966692324
-30.6977480656385, 7.02715493281167, -3.0999018370027
-30.6977480656385, 6.82640194663537, -3.86601029378136
-30.6977480656385, 6.61632823373634, -4.629613234564
-30.6977480656385, 6.27195527389804, -5.2278487755771
-30.6977480656385, 5.97070860589603, -5.9601036591713
-30.6977480656385, 5.63518848657382, -6.67746591417526
-30.6977480656385, 5.27930768924327, -7.38494790713641
-30.6977480656385, 4.89800000530936, -8.07902432904251
-30.6977480656385, 4.48443700212766, -8.75434358715031
-30.6977480656385, 4.02956024469096, -9.40243036059226
-30.6977480656385, 3.51745996047773, -10.0060527048013
-30.6977480656385, 2.9299172286685, -10.5359865869133
-30.6977480656385, 2.2538821720436, -10.9459608474252
-30.6977480656385, 1.53663510797399, -11.2810126738342
-30.6977480656385, 0.778637203558498, -11.5052418524224
-30.6977480656385, 3.17554486744742E-16, -11.65
-28.5050517752357, 7.56703319852401, -1.77635683940025E-15
-28.5050517752357, 7.40219656434057, -0.760432507204291
-28.5050517752357, 7.2240186487061, -1.51784660467439
-28.5050517752357, 7.0311703160727, -2.27165802541022
-28.5050517752357, 6.82445183730175, -3.02178738658787
-28.5050517752357, 6.60640686474337, -3.76870866572529
-28.5050517752357, 6.37967728168404, -4.51303753567902
-28.5050517752357, 6.02446681694226, -5.09697008297724
-28.5050517752357, 5.70691989031815, -5.80712939357523
-28.5050517752357, 5.35794836277119, -6.5025617882955
-28.5050517752357, 4.99563164825249, -7.19114982315945
-28.5050517752357, 4.61996239360561, -7.87253720480638
-28.5050517752357, 4.22580827217271, -8.54337804772776
-28.5050517752357, 3.80247148198637, -9.1961108955
-28.5050517752357, 3.33265209030401, -9.81603327368829
-28.5050517752357, 2.79320526393951, -10.3758366667219
-28.5050517752357, 2.16762234622298, -10.835127596307
-28.5050517752357, 1.48675967633999, -11.2111075657048
-28.5050517752357, 0.760756624339201, -11.4866508482007
-28.5050517752357, 5.39204853984968E-16, -11.65
-26.312355484833, 7.4179445869561, -1.77635683940025E-15
-26.312355484833, 7.22284760453634, -0.737987035836569
-26.312355484833, 7.0173288285017, -1.4731387090294
-26.312355484833, 6.80100313395568, -2.20518328599924
-26.312355484833, 6.57438192608057, -2.93410753055179
-26.312355484833, 6.33860914285358, -3.66012558510635
-26.312355484833, 6.09520892975689, -4.38362069285193
-26.312355484833, 5.72999281813813, -4.95149253346379
-26.312355484833, 5.39924615816497, -5.63924765741585
-26.312355484833, 5.03906183687475, -6.31225618928188
-26.312355484833, 4.67201115539635, -6.98156166391554
-26.312355484833, 4.30203487007974, -7.6492537611734
-26.312355484833, 3.92748902307726, -8.31438981048257
-26.312355484833, 3.53832155532764, -8.97103416828853
-26.312355484833, 3.11345086574894, -9.60501012561068
-26.312355484833, 2.6279013037554, -10.1932813889695
-26.312355484833, 2.06485801176087, -10.7074694705788
-26.312355484833, 1.42418882612952, -11.1219198970883
-26.312355484833, 0.737123574864104, -11.4528912532146
-26.312355484833, 1.59580700059016E-15, -11.65
-24.1196591944302, 7.21900549170663, -1.77635683940025E-15
-24.1196591944302, 6.99269724701676, -0.713138363188949
-24.1196591944302, 6.75904876640108, -1.42390637024945
-24.1196591944302, 6.51866908058413, -2.13242660270038
-24.1196591944302, 6.27187362658746, -2.83873781113845
-24.1196591944302, 6.01843419821573, -3.54269209462582
-24.1196591944302, 5.75841521839805, -4.24424140669365
-24.1196591944302, 5.38521811121535, -4.79699542733847
-24.1196591944302, 5.04324067948601, -5.45946753540254
-24.1196591944302, 4.67609941632298, -6.11137167257857
-24.1196591944302, 4.30729879294186, -6.7623468733244
-24.1196591944302, 3.94534504643838, -7.41715307963379
-24.1196591944302, 3.59024835832192, -8.07570405207726
-24.1196591944302, 3.23509972293979, -8.73422368504847
-24.1196591944302, 2.85707117535043, -9.37976666425629
-24.1196591944302, 2.43025462000235, -9.99384218991576
-24.1196591944302, 1.9308876841144, -10.5504363816526
-24.1196591944302, 1.34689897441023, -11.0165974282839
-24.1196591944302, 0.701030546050587, -11.3925774811455
-24.1196591944302, 5.32772448982604E-16, -11.65
-21.9269629040275, 6.96557037442195, -1.77635683940025E-15
-21.9269629040275, 6.70802862954242, -0.686241301077027
-21.9269629040275, 6.44672503126801, -1.37106039650682
-21.9269629040275, 6.18299390773011, -2.05494858055465
-21.9269629040275, 5.91694096705495, -2.73793667168931
-21.9269629040275, 5.64709115674034, -3.41943180960945
-21.9269629040275, 5.37088157397385, -4.09837218474904
-21.9269629040275, 5.02079106750542, -4.68155662725442
-21.9269629040275, 4.64103712823963, -5.2719971305697
-21.9269629040275, 4.2732325792034, -5.90600680556806
-21.9269629040275, 3.90755563377985, -6.54123387328846
-21.9269629040275, 3.5575144661105, -7.1852066990632
-21.9269629040275, 3.2231625130405, -7.83746587078182
-21.9269629040275, 2.90031964344986, -8.49551433943585
-21.9269629040275, 2.56742083579205, -9.1484875755215
-21.9269629040275, 2.19895953284041, -9.78192735146775
-21.9269629040275, 1.7676095824288, -10.3740078335804
-21.9269629040275, 1.25556382496524, -10.8964408756099
-21.9269629040275, 0.659158636335681, -11.3210792953889
-21.9269629040275, 0, -11.6361986167926
-19.7342666136248, 6.65720314225943, -7.43932430070983E-10
-19.7342666136247, 6.3716213658259, -0.658017690515891
-19.7342666136247, 6.0856019393464, -1.31584531622236
-19.7342666136247, 5.79991044240663, -1.97381538872152
-19.7342666136247, 5.51531291519081, -2.63225934015288
-19.7342666136247, 5.23113172361546, -3.29088212273316
-19.7342666136247, 4.94164072638163, -3.9471857274629
-19.7342666136247, 4.62363304554134, -4.57464988482502
-19.7342666136247, 4.20181072560404, -5.07820644283621
-19.7342666136247, 3.83997188498685, -5.69757146411994
-19.7342666136247, 3.48165402896871, -6.31894798470962
-19.7342666136247, 3.14656821368857, -6.95314112650228
-19.7342666136247, 2.83464221076126, -7.5990492185407
-19.7342666136247, 2.54188782311394, -8.25389137066855
-19.7342666136247, 2.25124268981284, -8.90967952399599
-19.7342666136247, 1.93828670946928, -9.55504770046267
-19.7342666136247, 1.58048299913188, -10.1764261199141
-19.7342666136247, 1.1528344051416, -10.7511850287315
-19.7342666136247, 0.62078008635594, -11.2311930968473
-19.7342666136247, 0, -11.5850443288089
-17.541570323226, 6.29713784743888, -1.26781631555924E-06
-17.5415703232242, 5.9839441423934, -0.628706225263645
-17.5415703232228, 5.67278048249502, -1.25841666751772
-17.5415703232221, 5.36871339296209, -1.89157960309244
-17.541570323222, 5.07140127156931, -2.52794733918373
-17.541570323222, 4.77594469683557, -3.1651794445988
-17.541570323222, 4.47528944810986, -3.79997185474619
-17.541570323222, 4.16144650289364, -4.42829975901136
-17.541570323222, 3.72713145804113, -4.89055725563324
-17.541570323222, 3.3763081686165, -5.49906613984371
-17.541570323222, 3.02822900655656, -6.10911720890066
-17.541570323222, 2.71003137026268, -6.73522303976078
-17.541570323222, 2.42197909744832, -7.37577449844109
-17.541570323222, 2.15787199437857, -8.02659814580728
-17.541570323222, 1.90584127432615, -8.68221929077137
-17.541570323222, 1.64316855908526, -9.3336238492904
-17.541570323222, 1.3542870093255, -9.97375455537675
-17.541570323222, 1.0133246478404, -10.5874064801064
-17.541570323222, 0.564434304450494, -11.1263007808117
-17.541570323222, -4.44089209850063E-16, -11.5328006553689
-15.3488740329144, 5.88928112154166, -8.60636595713093E-06
-15.3488740328708, 5.55239183861749, -0.600188084608318
-15.3488740328386, 5.22073871947118, -1.20327136830883
-15.3488740328231, 4.89990270296209, -1.81217060365672
-15.3488740328194, 4.58973892247241, -2.4265825075586
-15.3488740328192, 4.28473079840698, -3.04357515215663
-15.3488740328192, 3.97547546419863, -3.65844619939759
-15.3488740328192, 3.65427336244402, -4.26712818813193
-15.3488740328192, 3.22720464015448, -4.71646512592906
-15.3488740328192, 2.88213443134327, -5.3119771065115
-15.3488740328192, 2.55044208110114, -5.91499266311397
-15.3488740328192, 2.25138975826699, -6.53477654220476
-15.3488740328192, 1.98884457678258, -7.17091148647185
-15.3488740328192, 1.75487344662994, -7.81815230129066
-15.3488740328192, 1.53775338013852, -8.47126818777844
-15.3488740328192, 1.32018181129729, -9.12423538734853
-15.3488740328192, 1.09073116517333, -9.77310836650011
-15.3488740328192, 0.830515391484241, -10.410136746827
-15.3488740328192, 0.479841127512475, -11.0008565578041
-15.3488740328192, 0, -11.4778959114015
-13.1561777430738, 5.43375598338841, -2.73421361595772E-05
-13.1561777427754, 5.07691825339067, -0.572332711105648
-13.1561777425593, 4.72776717675473, -1.14935005287135
-13.1561777424498, 4.39229280448785, -1.73441372211821
-13.1561777424191, 4.07088603461736, -2.32733200113296
-13.1561777424165, 3.75802315475153, -2.92481238513503
-13.1561777424165, 3.4430337638808, -3.52117315269992
-13.1561777424165, 3.11792730146346, -4.11205915144487
-13.1561777424165, 2.69941415293049, -4.55382689397296
-13.1561777424165, 2.36463161153228, -5.13929574258351
-13.1561777424165, 2.05226133522939, -5.73689812751623
-13.1561777424165, 1.77601248327887, -6.3520250771966
-13.1561777424165, 1.54101980552399, -6.98409083771988
-13.1561777424165, 1.33804102283222, -7.62721771332454
-13.1561777424165, 1.15446251812029, -8.27617843687628
-13.1561777424165, 0.977332642441655, -8.92694281426846
-13.1561777424165, 0.797456671093172, -9.57695189392613
-13.1561777424165, 0.604587463212074, -10.2231864233548
-13.1561777424165, 0.352502986090363, -10.8476082266917
-13.1561777424165, 0, -11.4197836072877
-11.067510912307, 4.95198013927079, -0.000122818411721805
-11.1949619623235, 4.60416679396405, -0.558680545905587
-11.318206228761, 4.26783374222401, -1.12514021435431
-11.4352867667225, 3.9483214779198, -1.70252764081685
-11.5462569601866, 3.64548431641264, -2.29003417145315
-11.6531466861672, 3.35378273241314, -2.88391251493848
-11.759931488089, 3.06236748570043, -3.47795395241948
-11.8695952187139, 2.76309565543678, -4.06753354332048
-12.0091959265004, 2.38212594843045, -4.5213665131302
-12.1174795106563, 2.08662053170604, -5.11309892545931
-12.21851911078, 1.81088391499783, -5.71549850627386
-12.3069607325269, 1.56952712491891, -6.33434417461948
-12.3817950546572, 1.36530459461786, -6.96821024646616
-12.4465182993105, 1.18867514951654, -7.61146937583224
-12.5053064793195, 1.0282424692776, -8.25954786610864
-12.5622567571399, 0.872825415888816, -8.90902172436268
-12.6202304006815, 0.714615602025289, -9.55772874490931
-12.6826694794692, 0.544219635352422, -10.2028882719085
-12.7651577399438, 0.319109541551824, -10.8276357093691
-12.8820907061161, 0, -11.4032998083166
-9.51479711927233, 4.55918930866878, -0.000202423060450116
-9.74464988341491, 4.22917372447001, -0.544335243266562
-9.96591181629112, 3.91149259363187, -1.09924049003949
-10.1753280329652, 3.61081918061382, -1.6680314990858
-10.372979304414, 3.32703751691208, -2.24958529572802
-10.5622954340072, 3.05522319551814, -2.83958831595917
-10.7501145370295, 2.78555825918896, -3.43106348427814
-10.941987632022, 2.51007272490719, -4.01853121489933
-11.1810151342209, 2.16688433179825, -4.47397341625103
-11.3680288307878, 1.89837577347862, -5.06621210183029
-11.5413687064118, 1.64949966997649, -5.67098120144331
-11.6933197977032, 1.43133293028461, -6.2930558279203
-11.8220012798273, 1.24657598530222, -6.93103435871046
-11.9334073349359, 1.08662257122389, -7.57895187172445
-12.0348144772952, 0.941025290928081, -8.23190231719413
-12.1332018464735, 0.799763708809306, -8.88627634238458
-12.233548241764, 0.655689416783447, -9.53973702272165
-12.3420264405914, 0.499939729402413, -10.1891641394255
-12.4860710489168, 0.293124876666103, -10.8157895589592
-12.6902297807059, 0, -11.3886097023992
-8.27723209442524, 4.22113676087043, -0.000289634175548651
-8.58607410018854, 3.91229475510713, -0.529979481788817
-8.88335428602548, 3.61501456927018, -1.07271884385681
-9.16598083629618, 3.33238801899948, -1.63088228873615
-9.43253779936394, 3.06583105593173, -2.20463957701828
-9.68499811535528, 2.81337073994039, -2.79104369394687
-9.93532603468265, 2.56304282061302, -3.37929101910282
-10.1897590537725, 2.3086098015232, -3.96399775607979
-10.5010792845507, 1.99728957074498, -4.41677996221521
-10.7473991231861, 1.75096973210959, -5.00836629583052
-10.975745477831, 1.52262337746466, -5.61414937697455
-11.1768110152307, 1.32155784006501, -6.23889799962836
-11.3474328709242, 1.15093598437151, -6.88154154739431
-11.495127162842, 1.00324169245371, -7.53551597548864
-11.6296074646541, 0.868761390641573, -8.19519628939507
-11.7600043720418, 0.738364483253904, -8.8565265178532
-11.8930858493462, 0.60528300594948, -9.51678378806091
-12.037223996447, 0.461144858848656, -10.1723297605207
-12.2285654846148, 0.269803370680887, -10.8017545713677
-12.4983688552957, 0, -11.3707418456777
-7.11302915750734, 3.87890033653043, -0.000396717988610573
-7.49304277955988, 3.59507613485938, -0.514602315091191
-7.85971886144943, 3.32121346211609, -1.04366243874663
-8.20978549906847, 3.05975603483429, -1.5899420428979
-8.53901385455573, 2.81386228329208, -2.15603963662518
-8.85191125783831, 2.58016577733014, -2.7364401436442
-9.16018687820271, 2.34992118406533, -3.32070044714356
-9.47205897695448, 2.11699045654668, -3.90197470470058
-9.84620089951144, 1.83755170404133, -4.35146157319764
-10.1479521341203, 1.6121800376165, -4.94093859583807
-10.4274564751597, 1.40342410926155, -5.54723569774802
-10.6753615296274, 1.21826902509782, -6.17448522170629
-10.8865091815873, 1.06056727370128, -6.82238514868991
-11.0692556376164, 0.924077779691739, -7.48368230055081
-11.2356114182866, 0.799830137233387, -8.15172055965174
-11.3967014697345, 0.679515357456829, -8.8217813301585
-11.5611834791662, 0.556667195425039, -9.49055383593309
-11.739657331728, 0.423368819306535, -10.1536479140464
-11.9759184864968, 0.246910319540323, -10.7861765156543
-12.3065079298859, 0, -11.3492549350758
-5.94724520156714, 3.50729810357588, -0.000535749352488691
-6.3949442338524, 3.25269916271127, -0.498003701531997
-6.82775368111261, 3.00656767945528, -1.01258061005064
-7.2405836626584, 2.77179818370229, -1.54842127387656
-7.63230381467233, 2.54903349442209, -2.10485695055791
-8.00674832398496, 2.3360931737854, -2.67684808371043
-8.37264289052747, 2.12801506239364, -3.25614595429981
-8.74108970386958, 1.91848553099614, -3.83329630524545
-9.17314849941577, 1.67278093079677, -4.28057242076251
-9.53123977398932, 1.46914042084545, -4.86616722071281
-9.86213110508124, 1.28096806316297, -5.47258920792442
-10.1583517169606, 1.11251236277475, -6.10217909452509
-10.4121589978334, 0.968176413322051, -6.75585537487795
-10.6319979841437, 0.84315766403047, -7.42571864764437
-10.8321039025652, 0.729360779925553, -8.10376278207022
-11.025627708815, 0.619307032764675, -8.7843497201947
-11.22337269857, 0.506852769247688, -9.46332429709826
-11.438533474056, 0.384494440093566, -10.1351672699977
-11.7222080360151, 0.2231734681532, -10.7703077499782
-12.1146470044752, 0, -11.3240740613361
-4.74289435409944, 3.08535043050325, -0.00072346651935697
-5.2542826399734, 2.86559613219131, -0.483183873710131
-5.75083115572752, 2.65221879510408, -0.983636417794717
-6.2273083870133, 2.44746651094904, -1.50666890586602
-6.68195109913169, 2.25209697874814, -2.0522524594018
-7.11780000080972, 2.06480354203087, -2.61574440945263
-7.54262485250638, 1.88224737136981, -3.18915963483111
-7.96861927776148, 1.69918861036055, -3.76154707378561
-8.45494484937924, 1.49020428730478, -4.20986100890376
-8.87244697178412, 1.31079484737982, -4.78938704921476
-9.25669930267931, 1.1456735419391, -5.39565789258271
-9.60422436778976, 0.996334714792044, -6.02752574487936
-9.90464095198074, 0.867239392345739, -6.68739762048013
-10.1656232693512, 0.755089803452543, -7.36696365044416
-10.4034341888777, 0.652897451388469, -8.05658702042932
-10.6333812421645, 0.554084367984383, -8.7493862623863
-10.8687297500471, 0.452950165975595, -9.44002607619803
-11.1260943936985, 0.342355167540557, -10.1211764921919
-11.4639881186432, 0.197155129760407, -10.7566540032809
-11.9227860790665, 0, -11.2958674381183
-3.48537505082103, 2.59027141029792, -0.000985727723856773
-4.05607923278468, 2.41098940875264, -0.472234740968572
-4.61322754346143, 2.23596587212458, -0.960963608419464
-5.15315457167073, 2.06635225903926, -1.47046381890509
-5.67157997772937, 1.90349320282853, -2.0039032981856
-6.16753531701005, 1.74769293236727, -2.56036585338371
-6.65212784809343, 1.59546219418065, -3.12777014296145
-7.13676826163168, 1.4432164141166, -3.69513195291058
-7.66969555133688, 1.27580171102523, -4.15970419105924
-8.15296601977267, 1.12398628789169, -4.7222842845965
-8.59240390264948, 0.985940509208409, -5.32861630676012
-8.9938429452101, 0.859831752126842, -5.96312990736285
-9.34506003063117, 0.749499807765516, -6.62955350080523
-9.65228127171099, 0.652988794251475, -7.31956635535041
-9.9333231320687, 0.564701816802712, -8.02180305247466
-10.2059878570444, 0.479046447192059, -8.72768630392892
-10.4857067288092, 0.391175075674457, -9.43051958570007
-10.7947066232758, 0.294105312900619, -10.1195558095028
-11.1987927775196, 0.167164987563788, -10.7489762424333
-11.7309251536547, 0, -11.2650084311472
-2.19679563593751, 1.99559816998528, -0.0013657073797489
-2.82173439853398, 1.86210525670967, -0.465931797269515
-3.43414470122639, 1.73128854262595, -0.9475982239073
-4.0291909105874, 1.60418096541121, -1.45148262001021
-4.604339089239, 1.48132379839155, -1.97897520700436
-5.16086150277915, 1.36244527343338, -2.52698464139438
-5.70394434509444, 1.24643756978341, -3.08895255240471
-6.24558167679728, 1.13073864106368, -3.65238704351197
-6.82145360938363, 1.00772687326227, -4.13978473183006
-7.36537371244227, 0.891540322687626, -4.69032912060697
-7.85797962494719, 0.78631497535301, -5.29885944102465
-8.31221535561808, 0.689285866854117, -5.93775022122017
-8.71552705242615, 0.603134620384216, -6.61139939064463
-9.07303652769961, 0.526767167708364, -7.31170017839028
-9.40328239795352, 0.456223482541079, -8.02593859103187
-9.72650406147224, 0.387180235299321, -8.74355520618624
-10.0607862068133, 0.315774363062818, -9.45582718521095
-10.4368020561031, 0.235453771408448, -10.1456601393358
-10.9255535642526, 0.131051761810489, -10.7531749952615
-11.5390642282445, 0, -11.230926243088
-0.983716348195536, 1.2769012562053, -0.00193448338393729
-1.64926381634061, 1.19489812329661, -0.471280283937537
-2.30332782690862, 1.1143098849567, -0.956711965143266
-2.94135608852303, 1.03569743604681, -1.46332251080594
-3.56086469906904, 0.959366821988174, -1.99275333395091
-4.16282634990589, 0.885198195974037, -2.54236876497067
-4.75149495101108, 0.812667427176823, -3.10644152403016
-5.33676633769593, 0.740555234422589, -3.67410436735493
-5.95720099722759, 0.664110520436174, -4.16979521568329
-6.53048416578727, 0.59347541457853, -4.74925264473929
-7.0623762185694, 0.527940172112758, -5.36782028404532
-7.55750190864826, 0.466934970059772, -6.01655066107625
-8.00497198918717, 0.411801489364003, -6.69950734174139
-8.41130658035588, 0.361736375935095, -7.40820792805027
-8.79446236190038, 0.314527159489127, -8.12996023681472
-9.17696770349112, 0.267398084755855, -8.85206888124516
-9.58080352548707, 0.217640848541405, -9.56218280791652
-10.0502312889002, 0.159801927778198, -10.2294430158619
-10.6478750744086, 0.0861653126293432, -10.7787711293199
-11.3472033028342, 0, -11.1929741515898
-0.132983219095342, 0.438628582560889, -0.00279283363667739
-0.812001362259818, 0.411607437505539, -0.492683617654245
-1.4784218044454, 0.38508761087436, -0.999576215832076
-2.12729126721272, 0.359266215596597, -1.52875987682563
-2.75615043751354, 0.334241118651626, -2.08161265433225
-3.36637663046699, 0.309957510559029, -2.65502000974595
-3.96526188615848, 0.286125208685425, -3.24032194086236
-4.56008795738058, 0.262454439774464, -3.82975455284184
-5.16250459434415, 0.238481608569561, -4.40092841137206
-5.7186156521231, 0.216351481841137, -5.02696529587327
-6.24906790210741, 0.195242432935664, -5.67496375607418
-6.74956180638747, 0.175325559545737, -6.34635590498793
-7.21591362879232, 0.156767351098904, -7.04195919524454
-7.657490950583, 0.139195029968202, -7.75362909956154
-8.09114147603515, 0.121938151238921, -8.47019035306924
-8.54121396295595, 0.104027769790449, -9.17645504797804
-9.05031817742246, 0.083768253950005, -9.84064847884964
-9.65947547279232, 0.0595271820354855, -10.4136108709303
-10.3799254438258, 0.0308572806957483, -10.8367893932034
-11.155342377424, 0, -11.150512985665
