-21.8314212804342, 3.19000968522723, -0.0157539416290911
-21.8314212804342, 3.18014815680071, -0.330529728024144
-21.8314212804343, 3.17028327721237, -0.64530540779905
-21.8314212804342, 3.15973486930773, -0.960058676501934
-21.8314212804343, 3.14732104237017, -1.27474338601791
-21.8314212804343, 3.13182958835744, -1.58929037416598
-21.8314212804342, 3.11142095056071, -1.90355376842375
-21.8314212804342, 3.0829224499717, -2.2171768036264
-21.8314212804342, 3.03945128574553, -2.52903820248149
-21.8314212804342, 2.96767000480005, -2.8354209134201
-21.8314212804342, 2.79801256383644, -3.09504135734664
-21.8314212804342, 2.50346324413282, -3.19683127758432
-21.8314212804342, 2.19207032339576, -3.24380425842947
-21.8314212804342, 1.87996686299312, -3.28590093202417
-21.8314212804342, 1.56757664446131, -3.3258123899857
-21.8314212804342, 1.25492848713723, -3.36365234285615
-21.8314212804342, 0.942016306872247, -3.39923850542478
-21.8314212804342, 0.628728557185534, -3.43133064624017
-21.8314212804342, 0.314730726685104, -3.45532495389534
-21.8314212804343, 4.41419258016538E-07, -3.46404649608831
-21.4054956026269, 3.20557167286418, -0.0154465881411887
-21.4054956026269, 3.19777210174982, -0.334568464615779
-21.4054956026269, 3.18983512197246, -0.653686759513893
-21.4054956026269, 3.18037688448484, -0.97276353954703
-21.4054956026269, 3.16900794150639, -1.2917773890313
-21.4054956026269, 3.15433325611992, -1.61065469809139
-21.4054956026269, 3.13414779294918, -1.92922714717191
-21.4054956026269, 3.10548402295017, -2.24713974927332
-21.4054956026269, 3.06248523023179, -2.56340165443538
-21.4054956026269, 2.99290897508515, -2.87471873338654
-21.4054956026269, 2.83036759809315, -3.14446908010812
-21.4054956026269, 2.53860683532919, -3.26354597002414
-21.4054956026269, 2.22338215266965, -3.31371386724717
-21.4054956026269, 1.90701692450106, -3.35626275494566
-21.4054956026269, 1.59009505830052, -3.39445989833466
-21.4054956026269, 1.27281992966011, -3.42960989447096
-21.4054956026269, 0.955225491162733, -3.46174080013777
-21.4054956026269, 0.637286651509038, -3.49025713242067
-21.4054956026269, 0.318923117532589, -3.51351085395595
-21.4054956026269, 1.7657194977827E-05, -3.52464787261409
-20.9686487535937, 3.22122836126692, -0.0151313537865949
-20.9686487535937, 3.21525995775345, -0.339232635920778
-20.9686487535937, 3.20875534228934, -0.663321326901334
-20.9686487535937, 3.19895055439608, -0.987329060041421
-20.9686487535937, 3.18746472794726, -1.31128113114611
-20.9686487535937, 3.17302232206245, -1.63511354101291
-20.9686487535937, 3.15356523673685, -1.95868038133271
-20.9686487535937, 3.12606567274541, -2.28165416613685
-20.9686487535937, 3.08440382906593, -2.60307719416681
-20.9686487535937, 3.01625724255313, -2.91977103950944
-20.9686487535937, 2.86030867867285, -3.19997726759867
-20.9686487535937, 2.57482778399732, -3.34367034075737
-20.9686487535937, 2.25650294744717, -3.40452562291063
-20.9686487535937, 1.93597234380281, -3.45281602890791
-20.9686487535937, 1.61451291381955, -3.49451355241337
-20.9686487535937, 1.2924792098563, -3.53152708045677
-20.9686487535937, 0.969951176461322, -3.56394487055522
-20.9686487535937, 0.647016549528648, -3.59203975626376
-20.9686487535937, 0.3237633589315, -3.61618968531084
-20.9686487535937, 3.53151460302262E-05, -3.62942718505296
-20.5318019045605, 3.23657015770843, -0.0148161194236952
-20.5318019045605, 3.23166467160969, -0.350099447349459
-20.5318019045605, 3.22550625500893, -0.68535401700684
-20.5318019045605, 3.21453076474547, -1.02049343960072
-20.5318019045605, 3.20213653395428, -1.35558307901459
-20.5318019045605, 3.18724338567482, -1.69057005460207
-20.5318019045605, 3.16802575025032, -2.02533409659315
-20.5318019045605, 3.14073665068878, -2.35952564002818
-20.5318019045605, 3.09757042383099, -2.69199939397431
-20.5318019045605, 3.02229808935302, -3.01839755535326
-20.5318019045605, 2.84789842487295, -3.30071578798527
-20.5318019045605, 2.55085217014883, -3.44844012637492
-20.5318019045605, 2.22352030070687, -3.52079261103649
-20.5318019045605, 1.89302110422979, -3.57736547377097
-20.5318019045605, 1.56117858093767, -3.62548289100462
-20.5318019045605, 1.22843054762873, -3.66688217797962
-20.5318019045605, 0.894915411725147, -3.70157049789494
-20.5318019045605, 0.560894830886121, -3.73102575344608
-20.5318019045605, 0.226549569270748, -3.75654467019426
-20.5318019045605, 0.108612157871851, -3.76394737004053
-20.0949550555273, 3.25161035089394, -0.01450088505284
-20.0949550555273, 3.24676055859965, -0.357215513879815
-20.0949550555273, 3.24025362171857, -0.69989146913457
-20.0949550555273, 3.22872604401841, -1.04244639597366
-20.0949550555273, 3.2159844825541, -1.38495810556124
-20.0949550555273, 3.20122603825423, -1.72738847085113
-20.0949550555273, 3.18304396083422, -2.06965175858971
-20.0949550555273, 3.15721677744768, -2.41141130769827
-20.0949550555273, 3.11517097837704, -2.75151409912932
-20.0949550555273, 3.03903026340744, -3.08529020211565
-20.0949550555273, 2.86537286886161, -3.37736063659017
-20.0949550555273, 2.57128971789504, -3.54682092171909
-20.0949550555273, 2.240279404872, -3.63512536057571
-20.0949550555273, 1.9042284721534, -3.70244681959535
-20.0949550555273, 1.56619437388825, -3.75904029611766
-20.0949550555273, 1.22682344377326, -3.80697624251292
-20.0949550555273, 0.886341595967177, -3.84626028149518
-20.0949550555273, 0.545122658295267, -3.87856574678134
-20.0949550555273, 0.203482266535001, -3.90608752676263
-20.0949550555273, 0.139100027149589, -3.91085075663863
-19.6581082064941, 3.26635873468124, -0.0141856506742878
-19.6581082064941, 3.26057680549777, -0.362770697140212
-19.6581082064941, 3.25324567277954, -0.711318272251884
-19.6581082064941, 3.2417975556693, -1.05976319020996
-19.6581082064941, 3.22931498677629, -1.40817243369374
-19.6581082064941, 3.21519239369352, -1.75651880877644
-19.6581082064941, 3.19815571302827, -2.10473288400068
-19.6581082064941, 3.17407655871626, -2.45252026726047
-19.6581082064941, 3.13455898575306, -2.79885365779687
-19.6581082064941, 3.06110509114826, -3.13926769506062
-19.6581082064941, 2.89467081289676, -3.44275880543622
-19.6581082064941, 2.60977980771898, -3.63824904715849
-19.6581082064941, 2.27837803813503, -3.74554135423374
-19.6581082064941, 1.93892324760515, -3.82485622635704
-19.6581082064941, 1.59659620946442, -3.89078792018211
-19.6581082064941, 1.25245391357298, -3.94648759424341
-19.6581082064941, 0.906783820386125, -3.99173946786409
-19.6581082064941, 0.560000269871359, -4.02752390390527
-19.6581082064941, 0.212597692181737, -4.05675156376415
-19.6581082064941, 0.135865236228994, -4.06259961114506
-19.2212613574609, 3.28081072213262, -0.0138704162879175
-19.2212613574609, 3.27354457042539, -0.368375706789736
-19.2212613574609, 3.2651723328812, -0.722852947863635
-19.2212613574609, 3.25412837940945, -1.07726061471057
-19.2212613574609, 3.24218508681279, -1.43163900527379
-19.2212613574609, 3.22882815732599, -1.78596674814166
-19.2212613574609, 3.21285171483311, -2.14018446993362
-19.2212613574609, 3.19048867084114, -2.49404767944237
-19.2212613574609, 3.15388742369112, -2.84668624037293
-19.2212613574609, 3.08344418082479, -3.19381635344321
-19.2212613574609, 2.92341383721797, -3.50776719199088
-19.2212613574609, 2.64799825570374, -3.72671674325997
-19.2212613574609, 2.31769995373998, -3.85438698796391
-19.2212613574609, 1.97524482835021, -3.94608809155402
-19.2212613574609, 1.62876571853702, -4.02135590246883
-19.2212613574609, 1.27995518761074, -4.08497317067523
-19.2212613574609, 0.929162467058338, -4.13652413286772
-19.2212613574609, 0.576798330236657, -4.17596817696303
-19.2212613574609, 0.223510303321605, -4.20613045021165
-19.2212613574609, 0.130936165212221, -4.2131457432951
-18.7844145084277, 3.29495909168244, -0.0135551818935385
-18.7844145084277, 3.2861327738601, -0.374056008692391
-18.7844145084277, 3.27673439506804, -0.734541528238544
-18.7844145084277, 3.26607016663816, -1.09499264579705
-18.7844145084277, 3.25472178342459, -1.45542279315609
-18.7844145084277, 3.2421848981816, -1.81581340579756
-18.7844145084277, 3.22726187059395, -2.17611184125954
-18.7844145084277, 3.20673507335436, -2.53612820165979
-18.7844145084277, 3.17330730840746, -2.89514170120907
-18.7844145084277, 3.10562327527094, -3.24896211279835
-18.7844145084277, 2.95107213385454, -3.57260919055785
-18.7844145084277, 2.68460205482015, -3.81208387217182
-18.7844145084277, 2.35676198318405, -3.96073295114856
-18.7844145084277, 2.0115874051068, -4.06475416746258
-18.7844145084277, 1.6609262763297, -4.1487650733159
-18.7844145084277, 1.30738726784013, -4.2197255219157
-18.7844145084277, 0.951411748355291, -4.27719208946138
-18.7844145084277, 0.59340174536708, -4.32020425891639
-18.7844145084277, 0.234060389988307, -4.35023982459232
-18.7844145084277, 0.126499600645469, -4.35740169181456
-18.3475676593945, 3.30879093103039, -0.0132399474908103
-18.3475676593945, 3.29869957643763, -0.379678777965212
-18.3475676593945, 3.28841745739339, -0.746112222379714
-18.3475676593945, 3.27788820462162, -1.11253873087671
-18.3475676593945, 3.26704118784619, -1.47895593223361
-18.3475676593945, 3.25532629957289, -1.84534628083699
-18.3475676593945, 3.2415011660397, -2.21166213847845
-18.3475676593945, 3.2229911701021, -2.57776714360212
-18.3475676593945, 3.19279163144746, -2.94305843399042
-18.3475676593945, 3.12738164937773, -3.3033710279836
-18.3475676593945, 2.97778787575629, -3.63613666146339
-18.3475676593945, 2.71951749290153, -3.89341349834991
-18.3475676593945, 2.39530459860585, -4.06278869181547
-18.3475676593945, 2.04776347247437, -4.17885361577182
-18.3475676593945, 1.69290295625858, -4.27067500313743
-18.3475676593945, 1.33458505417078, -4.3479442422775
-18.3475676593945, 0.973404187658997, -4.4104494712982
-18.3475676593945, 0.609793065189465, -4.45670843097589
-18.3475676593945, 0.244380604631486, -4.48553895951577
-18.3475676593945, 0.122279625495367, -4.4918905491333
-17.9107208103613, 3.3222839744814, -0.0129247130791456
-17.9107208103613, 3.31128072737258, -0.385080735478881
-17.9107208103613, 3.3002962684242, -0.757237286676735
-17.9107208103613, 3.28972628308766, -1.12940592502583
-17.9107208103613, 3.27925323030918, -1.5015772407623
-17.9107208103613, 3.26828481699283, -1.87373414950865
-17.9107208103613, 3.25553946789056, -2.24583371758179
-17.9107208103613, 3.23895668798738, -2.61777994005128
-17.9107208103613, 3.21162513873722, -2.98905392364898
-17.9107208103613, 3.14798823282408, -3.35551364903112
-17.9107208103613, 3.00307150376675, -3.69680519843332
-17.9107208103613, 2.75207064958082, -3.96932371333448
-17.9107208103613, 2.43207813432708, -4.15793192402354
-17.9107208103613, 2.08268881561122, -4.28581732146652
-17.9107208103613, 1.72377104558456, -4.38466620648203
-17.9107208103613, 1.36074528869796, -4.46720107638163
-17.9107208103613, 0.994453078121032, -4.53374669469204
-17.9107208103613, 0.625421545676176, -4.58275109780525
-17.9107208103613, 0.254141500139846, -4.60983613119384
-17.9107208103613, 0.118387925460902, -4.61515281011178
-17.4638739613281, 3.33571320833108, -0.0126022625265886
-17.4638739613281, 3.32414717296406, -0.390201333910874
-17.4638739613281, 3.31268257062401, -0.76780345105711
-17.4638739613281, 3.30199107581247, -1.1454282574239
-17.4638739613281, 3.29173213745355, -1.52306515111929
-17.4638739613281, 3.28128416643969, -1.90069670782188
-17.4638739613281, 3.26937934202865, -2.27828471521362
-17.4638739613281, 3.25451637342676, -2.65576660189525
-17.4638739613281, 3.22933863977516, -3.0326614813197
-17.4638739613281, 3.16710386342486, -3.40491071112867
-17.4638739613281, 3.02686871833023, -3.75423318914472
-17.4638739613281, 2.78236621967046, -4.03996272914121
-17.4638739613281, 2.46652803048078, -4.24556266511355
-17.4638739613281, 2.11590431763857, -4.38521748021347
-17.4638739613281, 1.75319763727457, -4.49067433271759
-17.4638739613281, 1.38558949228223, -4.57757486791822
-17.4638739613281, 1.01431097549444, -4.64716168826768
-17.4638739613281, 0.640065316753838, -4.69826118905285
-17.4638739613281, 0.263212828149798, -4.72354591511212
-17.4638739613281, 0.114859228984866, -4.72807590420319
-16.3817568387451, 3.36645022334937, -0.0118213925576213
-16.3817568387451, 3.35489754068542, -0.400081526922469
-16.3817568387451, 3.34342834164021, -0.788344093637644
-16.3817568387451, 3.33249044113865, -1.17662203350213
-16.3817568387451, 3.32190909048157, -1.56490989767771
-16.3817568387451, 3.31134963628603, -1.95319825552769
-16.3817568387451, 3.29994312937211, -2.34146249240866
-16.3817568387451, 3.28636802813318, -2.72965578052148
-16.3817568387451, 3.26214193724449, -3.11728722869029
-16.3817568387451, 3.20225498178447, -3.50079102775124
-16.3817568387451, 3.07267779446374, -3.86588212637257
-16.3817568387451, 2.84170103009024, -4.17600295349943
-16.3817568387451, 2.53223287941763, -4.40919847269606
-16.3817568387451, 2.18102377189416, -4.5739582068697
-16.3817568387451, 1.81156672117803, -4.69351741604967
-16.3817568387451, 1.43461041440804, -4.78698083313987
-16.3817568387451, 1.05303921650979, -4.85945694145017
-16.3817568387451, 0.668250110206824, -4.91200935593282
-16.3817568387451, 0.280581494721907, -4.93469278180404
-16.3817568387451, 0.108278427971452, -4.93632140987261
-15.2896397161621, 3.39394876005312, -0.0110333063640234
-15.2896397161621, 3.38325452861327, -0.40619753269393
-15.2896397161621, 3.3725468432488, -0.801361394118945
-15.2896397161621, 3.36162310859907, -1.19651932911904
-15.2896397161621, 3.35020924827058, -1.59166338355758
-15.2896397161621, 3.33804672866479, -1.98678506316837
-15.2896397161621, 3.32468302675784, -2.38186775630242
-15.2896397161621, 3.30908565748937, -2.77686735976583
-15.2896397161621, 3.28255870525605, -3.17124095958106
-15.2896397161621, 3.22249901606692, -3.56173048397809
-15.2896397161621, 3.09798113366485, -3.93603049210097
-15.2896397161621, 2.8801338268203, -4.26395468425467
-15.2896397161621, 2.5753510364067, -4.51397892728019
-15.2896397161621, 2.22482131491351, -4.69563439559912
-15.2896397161621, 1.8509623187615, -4.82342060591831
-15.2896397161621, 1.46714204183172, -4.91767903513851
-15.2896397161621, 1.07825744178697, -4.98842089329353
-15.2896397161621, 0.686240578085447, -5.0387768142678
-15.2896397161621, 0.291598822079928, -5.06026803989951
-15.2896397161621, 0.104216130279463, -5.06261833157586
-14.197522593579, 3.41578071554165, -0.0102452200209574
-14.1975225935791, 3.40715923181718, -0.403762956499043
-14.1975225935791, 3.39833780185468, -0.797276168246746
-14.1975225935791, 3.38792780462349, -1.19075027204365
-14.1975225935791, 3.37554965605365, -1.58416732027786
-14.1975225935791, 3.36116171931634, -1.97751609220961
-14.1975225935791, 3.34504704680882, -2.37079786771332
-14.1975225935791, 3.32660988849139, -2.7639768651324
-14.1975225935791, 3.29863428482123, -3.15655930231676
-14.1975225935791, 3.24112382083185, -3.5457692379599
-14.1975225935791, 3.12802305370849, -3.92212404105641
-14.197522593579, 2.93498366524835, -4.26393944567666
-14.1975225935791, 2.65315498891017, -4.53672069398623
-14.1975225935791, 2.31414027305289, -4.73555086220567
-14.1975225935791, 1.94555388982976, -4.87263617248851
-14.197522593579, 1.56407282237136, -4.96918081094797
-14.1975225935791, 1.17688364763604, -5.03971075001141
-14.1975225935791, 0.786591979373567, -5.09035578365248
-14.1975225935791, 0.39385969195422, -5.11554843179805
-14.1975225935791, 0.000309011078570835, -5.12144662663295
-13.1054020588004, 3.43322525652129, -0.00472856431879424
-13.1054053323872, 3.42739054773445, -0.400465272338465
-13.1054054709961, 3.42106481366696, -0.796194009416456
-13.1054054709961, 3.41088959118618, -1.19184027929951
-13.105405470996, 3.39602785798327, -1.58733919439231
-13.1054054709961, 3.37865547320848, -1.98273736708554
-13.1054054709961, 3.36024626245559, -2.37808833483386
-13.1054054709961, 3.33864612327736, -2.77327549721775
-13.1054054709961, 3.30591155307609, -3.16766156015414
-13.105405470996, 3.24447913203408, -3.55848603237517
-13.105405470996, 3.1313949044135, -3.93720978207086
-13.1054054709961, 2.94071035604487, -4.28290038669648
-13.1054054709961, 2.66631809453774, -4.5663197376823
-13.1054054709961, 2.3287753903071, -4.77139663340744
-13.105405470996, 1.95789129789065, -4.90849179255791
-13.1054054709961, 1.57409199536877, -5.00468278480578
-13.1054054709961, 1.18430050887483, -5.07290014964112
-13.1054054709961, 0.791256644959876, -5.11890003589605
-13.1054054709961, 0.396105700020288, -5.1400385021182
-13.1054054709961, 0.000353151764859875, -5.14365334460913
-12.0132883484284, 3.45359014783714, -0.00866904718041257
-12.0132883484136, 3.44433441015256, -0.404535792578237
-12.013288348413, 3.43453524408404, -0.800388943953667
-12.013288348413, 3.42130026665284, -1.19614073319938
-12.013288348413, 3.40416914108772, -1.59174383745187
-12.013288348413, 3.38509310999167, -1.98725898513263
-12.013288348413, 3.36511267367731, -2.38272908949895
-12.013288348413, 3.34165551957774, -2.77800537057792
-12.013288348413, 3.30665005135046, -3.17239180639259
-12.013288348413, 3.24339812713648, -3.56313143085194
-12.013288348413, 3.13009865317154, -3.94203082835341
-12.013288348413, 2.93944857573692, -4.28794321128194
-12.013288348413, 2.66730740175788, -4.57390499994207
-12.013288348413, 2.33056201050129, -4.78045789954835
-12.013288348413, 1.95927813039092, -4.91706953618826
-12.013288348413, 1.57530952027977, -5.01338417208692
-12.013288348413, 1.18522303488776, -5.08101292790132
-12.013288348413, 0.791798047269508, -5.12537655282621
-12.013288348413, 0.396357021564436, -5.14466001718759
-12.013288348413, 0.000397292129490631, -5.14746145261452
-10.9211683823258, 3.45179503860532, -0.00394047805514861
-10.9211711062014, 3.44507962519891, -0.396694175788163
-10.92117122583, 3.431559003789, -0.789207427625956
-10.92117122583, 3.4094505851974, -1.18139565586598
-10.92117122583, 3.38580639949135, -1.57349423553231
-10.92117122583, 3.3605329638196, -1.96549121821791
-10.92117122583, 3.33330179731439, -2.35735639354527
-10.92117122583, 3.3018867957241, -2.74890564921367
-10.92117122583, 3.25915358438399, -3.13934950574923
-10.92117122583, 3.18995881935086, -3.52589231162582
-10.92117122583, 3.07796950860216, -3.90202777979591
-10.92117122583, 2.89702722563697, -4.24971382782591
-10.92117122583, 2.63489454037375, -4.54060673636493
-10.92117122583, 2.30508533032628, -4.7521742951824
-10.92117122583, 1.93977389957251, -4.89562113154586
-10.92117122583, 1.56081014185715, -4.99854339901964
-10.92117122583, 1.1749831200974, -5.07188753959382
-10.92117122583, 0.7853497816878, -5.12123972372983
-10.92117122583, 0.393227578416537, -5.14315900925333
-10.92117122583, 0.000441432412348632, -5.14659224997582
-9.82905154408881, 3.44099473054414, -0.00354643465843149
-9.8290539841135, 3.43648852838802, -0.388881364253551
-9.82905410324704, 3.41698595714607, -0.7733814280937
-9.82905410324704, 3.37899146134619, -1.15686510290165
-9.82905410324704, 3.34054338316452, -1.54030348404491
-9.82905410324704, 3.30044689214904, -1.92357238373934
-9.82905410324704, 3.2569961646718, -2.30647440739886
-9.82905410324704, 3.20857962618421, -2.6887779596808
-9.82905410324704, 3.15019263081285, -3.06966415861263
-9.82905410324704, 3.07003869616967, -3.44651083095678
-9.82905410324704, 2.95795487615905, -3.81502000080617
-9.82905410324704, 2.7926680433778, -4.16249528019446
-9.82905410324704, 2.55362882669806, -4.463371056356
-9.82905410324703, 2.24373307491861, -4.6906064533212
-9.82905410324704, 1.89339430495433, -4.85023926435562
-9.82905410324704, 1.52649215772067, -4.96760692163288
-9.82905410324704, 1.15077760888796, -5.05285521970766
-9.82905410324704, 0.769998957793944, -5.11160608088875
-9.82905410324704, 0.385781085424295, -5.13992006794965
-9.82905410324704, 0.000485572695207521, -5.14572304733711
-8.73693470585119, 3.40906201666596, -0.0031523909830083
-8.73693685854558, 3.40070813391006, -0.377737397058541
-8.73693698066403, 3.37265473580868, -0.750579156361516
-8.73693698066403, 3.31495176238521, -1.12078729998681
-8.73693698066403, 3.25639103918118, -1.49086053280814
-8.73693698066403, 3.19595975737695, -1.86063240136185
-8.73693698066403, 3.1322767254268, -2.22985707897099
-8.73693698066403, 3.06369583858126, -2.59820101444661
-8.73693698066403, 2.98679915842827, -2.96488776130483
-8.73693698066403, 2.89452947456246, -3.327982026699
-8.73693698066403, 2.78023381272683, -3.68471290599084
-8.73693698066403, 2.62872759988529, -4.02703675206492
-8.73693698066403, 2.41956227487617, -4.33709397920895
-8.73693698066403, 2.1457806898785, -4.5914428643402
-8.73693698066403, 1.82246341130891, -4.77982259408812
-8.73693698066403, 1.47518609743844, -4.91991118561056
-8.73693698066403, 1.11524644543006, -5.0234367047946
-8.73693698066403, 0.747412581293352, -5.09418639746006
-8.73693698066403, 0.374974065644352, -5.13401684597024
-8.73693698066403, 0.000529712978065299, -5.1448538446984
-7.64481786761367, 3.34180124259369, -0.00275834684165955
-7.64481973202798, 3.32688275604677, -0.364285321620539
-7.64481985808103, 3.28995514437437, -0.722928615921053
-7.64481985808103, 3.21019299224365, -1.07586226614987
-7.64481985808103, 3.12895126828025, -1.42845812052319
-7.64481985808103, 3.04571048400667, -1.78058717335228
-7.64481985808103, 2.9599341746149, -2.13210675826834
-7.64481985808103, 2.87074249273955, -2.48277425999326
-7.64481985808103, 2.77634491692928, -2.83207264997759
-7.64481985808103, 2.67293167719244, -3.17879764692308
-7.64481985808103, 2.55593915332179, -3.52116124556967
-7.64481985808103, 2.41620375141185, -3.85477781723877
-7.64481985808103, 2.23587059406429, -4.16806590826905
-7.64481985808103, 2.00591064389054, -4.44671933098982
-7.64481985808103, 1.72262712903751, -4.67087346183563
-7.64481985808103, 1.40568261736079, -4.84475920464054
-7.64481985808102, 1.06902170396811, -4.97679316885302
-7.64481985808103, 0.718775818278602, -5.06681761391257
-7.64481985808103, 0.361532897116765, -5.12365621776769
-7.64481985808103, 0.000573853260923522, -5.14398464205969
-6.54270103198033, 3.22749808116279, -0.00236069401216483
-6.54270260689392, 3.20478458675362, -0.349232081308212
-6.54270273549802, 3.16043753993219, -0.692197210103277
-6.54270273549802, 3.05863322683948, -1.02456959680356
-6.54270273549802, 2.95549937018531, -1.35653178786259
-6.54270273549802, 2.85074634575535, -1.68798646973647
-6.54270273549802, 2.74405242079767, -2.01882128319676
-6.54270273549802, 2.63525877988724, -2.34897161847789
-6.54270273549802, 2.52447672649712, -2.67846017971138
-6.54270273549803, 2.41085673684279, -3.00697889561061
-6.54270273549803, 2.29094097583599, -3.33324432430064
-6.54270273549802, 2.15946146214425, -3.65499572349004
-6.54270273549802, 2.00430763360668, -3.96589348803053
-6.54270273549802, 1.81453801198885, -4.25688050943888
-6.54270273549802, 1.58225391988308, -4.51474598831174
-6.54270273549802, 1.30916226048068, -4.7292899297003
-6.54270273549803, 1.00781980236321, -4.90201378399571
-6.54270273549802, 0.683576817745566, -5.02613958837902
-6.54270273549803, 0.345303441860565, -5.10568031218874
-6.54270273549802, 0.000618397715476639, -5.14310748054349
-6.11585429408206, 3.16753131113467, -0.00220668398730565
-6.11585575745351, 3.14095196385688, -0.342957512955003
-6.11585588646482, 3.0939798264373, -0.679603581944854
-6.11585588646482, 2.98430923411592, -1.00331627354703
-6.11585588646482, 2.87358337150343, -1.32666946922539
-6.11585588646482, 2.76152445474899, -1.64956300521277
-6.11585588646482, 2.64778602687926, -1.9718685448765
-6.11585588646482, 2.53222832059753, -2.29352647755746
-6.11585588646482, 2.41543205028516, -2.61473699713784
-6.11585588646482, 2.29764982743467, -2.93558684344031
-6.11585588646482, 2.17625904149947, -3.25508486426321
-6.11585588646482, 2.04677135343221, -3.57137249879427
-6.11585588646482, 1.89939258880824, -3.8796444512756
-6.11585588646482, 1.72334546122537, -4.1724340974081
-6.11585588646482, 1.5123737875272, -4.44084219795931
-6.11585588646482, 1.26050910367893, -4.67141924697467
-6.11585588646482, 0.977264983931073, -4.86215843643969
-6.11585588646482, 0.667143252964732, -5.00465331915563
-6.11585588646482, 0.338048137664904, -5.09626259193979
-6.11585588646482, 0.000635649656925389, -5.1427677583655
-5.67900755878758, 3.09519012495273, -0.00204906573152025
-5.67900890853161, 3.06417902294691, -0.336280835467468
-5.67900903743162, 3.0147193949915, -0.666401129893868
-5.67900903743162, 2.897603754093, -0.980974733161299
-5.67900903743162, 2.77971074460471, -1.29525773595892
-5.67900903743162, 2.66075026871937, -1.60913814882566
-5.67900903743162, 2.54036593224446, -1.92247497722114
-5.67900903743162, 2.41834138339315, -2.23517691803175
-5.67900903743162, 2.29555916757531, -2.54758236655361
-5.67900903743162, 2.17314973879152, -2.86013406285527
-5.67900903743162, 2.04974451237147, -3.1722929151241
-5.67900903743162, 1.92157750409879, -3.48251975184832
-5.67900903743162, 1.78112887894106, -3.78733518288792
-5.67900903743162, 1.61850992480541, -4.08087864525512
-5.67900903743162, 1.42905069339409, -4.35770621041549
-5.67900903743162, 1.20182344260835, -4.60436697539602
-5.67900903743162, 0.940211552612859, -4.81415293515944
-5.67900903743162, 0.647606813179506, -4.97758698083487
-5.67900903743162, 0.329910554473421, -5.08500239630841
-5.67900903743162, 0.000653305770068367, -5.14242007731002
-5.24216082349328, 3.01053001344355, -0.00189144731326629
-5.24216206052785, 2.97508458530243, -0.329477386302418
-5.24216218839842, 2.92367847194361, -0.65317168077715
-5.24216218839842, 2.79984239976293, -0.958513521862199
-5.24216218839842, 2.67534851885905, -1.26358769276956
-5.24216218839842, 2.54991177015369, -1.56827531272811
-5.24216218839842, 2.42321248352799, -1.87243987993024
-5.24216218839842, 2.29501715560544, -2.17597718159727
-5.24216218839842, 2.16639754007512, -2.47933509725661
-5.24216218839842, 2.03891334370501, -2.7831712856508
-5.24216218839842, 1.91263427185941, -3.0875109272612
-5.24216218839842, 1.78478102929793, -3.39119053946634
-5.24216218839842, 1.65029107618036, -3.69197227084857
-5.24216218839842, 1.5011621132715, -3.98574124958551
-5.24216218839842, 1.33284333926834, -4.26888439527371
-5.24216218839842, 1.132705302808, -4.53032423498612
-5.24216218839842, 0.896178776947294, -4.75921840430505
-5.24216218839842, 0.624275608858286, -4.94443238105163
-5.24216218839842, 0.320844738292314, -5.07165306480687
-5.24216218839842, 0.000670961883211567, -5.14207239625454
-4.80531408819921, 2.91216455697734, -0.00173382871425895
-4.80531521393264, 2.87279014336019, -0.322762385297648
-4.80531533936522, 2.82034306551119, -0.640345591692012
-4.80531533936522, 2.69066414495418, -0.936644628935476
-4.80531533936522, 2.56015708445865, -1.23257976958953
-4.80531533936522, 2.42861513236737, -1.52805627213044
-4.80531533936522, 2.29580352670243, -1.82296414352301
-4.80531533936522, 2.16167315665219, -2.11727487090385
-4.80531533936522, 2.02740798872094, -2.41152403958634
-4.80531533936522, 1.89465996387332, -2.70645970007467
-4.80531533936522, 1.76451970434465, -3.00255562576382
-4.80531533936522, 1.6355885580413, -3.2991809036107
-4.80531533936522, 1.50575459046743, -3.59541107107414
-4.80531533936522, 1.37079327635859, -3.88933055888055
-4.80531533936522, 1.22409399470994, -4.17753169786922
-4.80531533936522, 1.0523392864031, -4.45138043651717
-4.80531533936522, 0.844225080202834, -4.69850474974547
-4.80531533936522, 0.596151546754639, -4.90522512235385
-4.80531533936522, 0.310393383558247, -5.05540246613123
-4.80531533936522, 0.00068861799635499, -5.14172471519905
-4.36846735292914, 2.79853215969247, -0.00157620991392021
-4.36846836922346, 2.75627451654991, -0.316396830795715
-4.36846849033202, 2.70405479216168, -0.628404068451882
-4.36846849033202, 2.5696755926225, -0.916223189885743
-4.36846849033202, 2.43385026625504, -1.20336254422571
-4.36846849033202, 2.29644919470545, -1.4897512377994
-4.36846849033202, 2.15762296558089, -1.77545194723332
-4.36846849033202, 2.01781229278442, -2.06067248171857
-4.36846849033202, 1.87826275080604, -2.34602069550623
-4.36846849033202, 1.7405041396717, -2.63223678260789
-4.36846849033202, 1.6061285890882, -2.92005535067589
-4.36846849033202, 1.47491056416858, -3.20932829039511
-4.36846849033202, 1.3480725374407, -3.50054319805759
-4.36846849033202, 1.22748354728432, -3.79440411719914
-4.36846849033202, 1.10347942273568, -4.08682519488409
-4.36846849033202, 0.960806561883242, -4.3704891207674
-4.36846849033202, 0.783655727926598, -4.63375415524409
-4.36846849033202, 0.562603215593122, -4.86108169781187
-4.36846849033202, 0.29774699519081, -5.03526093048742
-4.36846849033202, 0.000706274109498412, -5.14137703414357
-3.93162061761214, 2.66916229889717, -0.00141859090599338
-3.93162152648812, 2.62508401381252, -0.310609934049126
-3.93162164129881, 2.57385092870041, -0.617677115252659
-3.93162164129881, 2.43543589676079, -0.89764674720038
-3.93162164129881, 2.29470279971338, -1.17645817706047
-3.93162164129881, 2.15175729281034, -1.45414213513785
-3.93162164129881, 2.00721833869316, -1.73100049038622
-3.93162164129881, 1.86200005793514, -2.00750335807377
-3.93162164129881, 1.71753285770785, -2.28439899400291
-3.93162164129881, 1.57534433879874, -2.56247037002525
-3.93162164129881, 1.43700942261135, -2.84247648064399
-3.93162164129881, 1.30330409213436, -3.1247225922826
-3.93162164129882, 1.1781394594828, -3.41082870483877
-3.93162164129881, 1.07159000513859, -3.70434829135646
-3.93162164129882, 0.971623479877855, -4.00023132421477
-3.93162164129881, 0.858890486211998, -4.29141268834801
-3.93162164129881, 0.71455287623469, -4.56804863437447
-3.93162164129881, 0.523652759474602, -4.81448934795978
-3.93162164129881, 0.282224243620667, -5.01158653950449
-3.93162164129881, 0.000723930222641612, -5.14102935308809
-3.49477388231938, 2.52511571038102, -0.00126097170451934
-3.49477468552901, 2.47920898149065, -0.305562429584357
-3.49477479226561, 2.42833099367157, -0.608389692583305
-3.49477479226561, 2.28568230662961, -0.881074781034759
-3.49477479226561, 2.14000396774665, -1.15215368717811
-3.49477479226561, 1.99172646603796, -1.42182027678722
-3.49477479226561, 1.84163614739285, -1.69048288823445
-3.49477479226561, 1.69109756298613, -1.95889483890271
-3.49477479226561, 1.54169581674918, -2.22794050335851
-3.49477479226561, 1.39511743423138, -2.49853259302817
-3.49477479226561, 1.25347063012863, -2.77173418903585
-3.49477479226561, 1.11855005140762, -3.04831727105527
-3.49477479226561, 0.995635175731758, -3.33037859053213
-3.49477479226561, 0.903826888045468, -3.62390502989828
-3.49477479226561, 0.829808637323909, -3.92261459391117
-3.49477479226561, 0.748763815367074, -4.21945371920813
-3.49477479226561, 0.639136061552451, -4.50671733083314
-3.49477479226561, 0.480739660103378, -4.76989556588092
-3.49477479226561, 0.26515120280483, -4.98848274335103
-3.49477479226561, 0.000741586335785257, -5.14068167203261
-3.05792714702706, 2.36732404934593, -0.0011033523217681
-3.05792794323241, 2.31825295649389, -0.30149943418618
-3.05792794323241, 2.26530919013542, -0.600924563484656
-3.05792794323241, 2.11721677522412, -0.866844328297248
-3.05792794323241, 1.96566598134969, -1.13080921935516
-3.05792794323241, 1.81145067814159, -1.39322742951675
-3.05792794323241, 1.65566862755184, -1.65471938658652
-3.05792794323241, 1.49947973494969, -1.91596872826547
-3.05792794323241, 1.3444284191706, -2.17789390039225
-3.05792794323241, 1.19247706150777, -2.44162651971121
-3.05792794323241, 1.04683274061107, -2.70888370843101
-3.05792794323241, 0.911810828962953, -2.98164373171057
-3.05792794323241, 0.795995849053546, -3.2629843067158
-3.05792794323241, 0.726944109741854, -3.55898048163027
-3.05792794323241, 0.685643285818156, -3.86053576981043
-3.05792794323241, 0.639855601708845, -4.16141775876858
-3.05792794323241, 0.5648087688661, -4.45608492423817
-3.05792794323241, 0.437906815493363, -4.73214972877169
-3.05792794323241, 0.249229843023121, -4.96992235108738
-3.05792794323241, 0.000759242448928457, -5.14033399097712
-2.62108041173502, 2.19579844594646, -0.000945732757886286
-2.62108100810119, 2.13994386143068, -0.298563784608819
-2.6210810941992, 2.07984426271449, -0.595352630487295
-2.62108109419921, 1.92445376137161, -0.855181834190119
-2.62108109419921, 1.76567967270749, -1.11303354979022
-2.62108109419921, 1.60480478337708, -1.36958068078207
-2.62108109419921, 1.44276205511945, -1.62539227063067
-2.62108109419921, 1.28049199982092, -1.8810598249956
-2.62108109419921, 1.11916986818284, -2.13732592620661
-2.62108109419921, 0.960605487741547, -2.39530451048657
-2.62108109419921, 0.80824196464605, -2.65698003480501
-2.62108109419921, 0.669723968824474, -2.92616988525498
-2.62108109419921, 0.571561895372938, -3.21200877764432
-2.62108109419921, 0.553964618588641, -3.51360541009984
-2.62108109419921, 0.560899378204475, -3.81633584256755
-2.62108109419921, 0.551849966909854, -4.11893035721299
-2.62108109419921, 0.503823029927679, -4.41750468334214
-2.62108109419921, 0.401038227452128, -4.7018258679031
-2.62108109419921, 0.235220119735725, -4.95413325279507
-2.62108109419921, 0.000776898562071657, -5.13998630992164
-1.88532986473279, 1.85884267654151, -0.00136052928329602
-1.90901776789321, 1.79419849479123, -0.29332029699179
-1.93437193657725, 1.7250070818815, -0.584094939916394
-1.98538355667489, 1.58579659884992, -0.844268728470769
-2.03770266757697, 1.44301797926244, -1.10284056327915
-2.08995236544856, 1.30042878752461, -1.36153090679879
-2.14201856660143, 1.15834035751128, -1.62053347876917
-2.19378464349581, 1.01707096525664, -1.88004360949659
-2.24497597487955, 0.877370050929282, -2.14051416549497
-2.29497162376833, 0.740932148781434, -2.40293561502216
-2.34233385250238, 0.611680838454497, -2.6694319008882
-2.38353910469749, 0.499231889557359, -2.9443119030609
-2.40374122823383, 0.444100384806588, -3.23699187273597
-2.39178205514632, 0.476736914659674, -3.5347099722873
-2.37995531113089, 0.509012046167512, -3.83261190818622
-2.37855766443198, 0.512826217756053, -4.13236356846665
-2.39409005144861, 0.470438403076185, -4.42844155312469
-2.42865345334518, 0.37611503392957, -4.71056752200844
-2.4854002746718, 0.221253212402139, -4.95996662212391
-2.56647525381469, 0.000389552787470998, -5.13994284981477
-1.41653025554061, 1.59617491708958, -0.00102223003076948
-1.46396288479514, 1.52807259553643, -0.291325894149849
-1.51428221484232, 1.4558256370804, -0.580137073629976
-1.59981582253878, 1.33301909343117, -0.841831387292642
-1.68717000342211, 1.20759862635976, -1.10222529190799
-1.77398584913878, 1.08295108449194, -1.36316972246432
-1.86018616695563, 0.959187298798247, -1.62473801556873
-1.94563460996577, 0.836503032006601, -1.88706028852213
-2.02992004727405, 0.715488573309524, -2.15053079973623
-2.11191262214347, 0.597766136529494, -2.41620229704744
-2.18868496462151, 0.487538750107974, -2.68657920412225
-2.25333365490241, 0.394718133526219, -2.96632311252381
-2.26892806026504, 0.372328162210546, -3.26360310707421
-2.22641854870273, 0.433362021622987, -3.55616229171596
-2.19588647227075, 0.477199045198002, -3.85309311513294
-2.19097180145107, 0.484255379576892, -4.15451571274617
-2.22076985391192, 0.441472245218971, -4.45136549368085
-2.28413531564921, 0.350494049019057, -4.73156897138905
-2.38662538161944, 0.203341940050928, -4.97312682019231
-2.5282511545555, 0.000390325242419757, -5.13991242772246
-1.10200659559126, 1.38802044389799, -0.000795259888784846
-1.17058452681817, 1.31944251267108, -0.290705173954799
-1.24265153680566, 1.24737550268359, -0.578916904817022
-1.35128819665407, 1.13873884283518, -0.842799833037994
-1.46163333198362, 1.02839370750563, -1.10567527493547
-1.57112174772146, 0.918905291767788, -1.36926615569166
-1.67971300528652, 0.810314034202725, -1.63359818754548
-1.78728447922639, 0.702742560262856, -1.89876265299438
-1.89335867837166, 0.596668361117592, -2.16512969423266
-1.99630459731824, 0.49372244217101, -2.43393302662733
-2.09163039264063, 0.398396646848619, -2.70826359693577
-2.16954295045192, 0.32048408903733, -2.99313816621132
-2.16317258895743, 0.326854450531821, -3.29232205953476
-2.085595309316, 0.404431730173245, -3.57760528705095
-2.03706360267055, 0.452963436818694, -3.87506279663538
-2.03167235744317, 0.458354682046078, -4.17999492913245
-2.07591407838781, 0.414112961101441, -4.47862442984082
-2.16483610288644, 0.325190936602814, -4.7564291054566
-2.3048751191812, 0.185151920308047, -4.98771975454669
-2.49002705529631, 0.000391097697368515, -5.13988200563016
-0.851275423780541, 1.19540042313842, -0.000614323704041722
-0.940434657631504, 1.12880926192512, -0.291000606349553
-1.03317255378765, 1.05954527291598, -0.579635291498664
-1.16033176755533, 0.964572723937878, -0.846795462246647
-1.28875572097145, 0.868655567450443, -1.11328522619732
-1.41619528246074, 0.773473632640737, -1.38051019338352
-1.54262516539432, 0.67904580556135, -1.64848121498868
-1.6679666975733, 0.585430844827109, -1.91724741896641
-1.79157140952425, 0.493113078682903, -2.18726226648747
-1.91120971840534, 0.403757735776926, -2.4600369621841
-2.0205473506331, 0.322095752156358, -2.73941585196123
-2.10603633833453, 0.258245820790816, -3.0310498874748
-2.05746155050666, 0.294525310726257, -3.3267711750959
-1.94196450997035, 0.380787627188836, -3.60203554329674
-1.87688475542764, 0.429394330491377, -3.90142681364031
-1.87622593000206, 0.429886393379672, -4.21143191542899
-1.93702870865795, 0.384474073636554, -4.51234883386462
-2.0533435671239, 0.297600946120048, -4.78622436494883
-2.2298514706699, 0.165770896076087, -5.00386448589279
-2.4518029560385, 0.000391870152317218, -5.13985158353785
-0.640148487524768, 1.00852013765564, -0.00046196663840012
-0.749654702356584, 0.946245787470069, -0.292552719970544
-0.86243380644767, 0.88211019998246, -0.582990612437497
-1.00569188758217, 0.800641728762046, -0.854924819388057
-1.14959482272529, 0.718806539867995, -1.12655494617324
-1.29256061226716, 0.637504289980532, -1.39883919619852
-1.4345917918828, 0.55673353710374, -1.67176992160429
-1.57562538850951, 0.476530092963598, -1.94538435827315
-1.714718503778, 0.397430168069516, -2.22030809235606
-1.84870448997453, 0.321234581936104, -2.49855308195199
-1.96881512762926, 0.252929674111375, -2.78499503357416
-2.05334991579063, 0.204856156010971, -3.08660628462958
-1.93550885473109, 0.271870393640598, -3.36626416097557
-1.78259982918672, 0.358827195297098, -3.63024175001407
-1.70591966442036, 0.402433920634846, -3.93438567768408
-1.71648370994318, 0.396426324889939, -4.25112149989967
-1.79683214815893, 0.350733513883773, -4.55471323376463
-1.9448548227766, 0.266555498154684, -4.82181663831191
-2.15866739562515, 0.144963869258575, -5.02143168741328
-2.41357885677708, 0.000392642607266067, -5.13982116144555
-0.458290188823886, 0.823802944367433, -0.00033073028612066
-0.588182645302009, 0.767985424846854, -0.295912818721203
-0.720906910066405, 0.710951017767265, -0.590000784489095
-0.879222314835008, 0.642919559777492, -0.868637231073051
-1.03746518375986, 0.574919271964835, -1.1473708814088
-1.19491821521041, 0.507258393921118, -1.4266339194152
-1.35159558330536, 0.439930834729522, -1.70641329912411
-1.50748814629032, 0.372940522794111, -1.98671143998782
-1.66107401432822, 0.306941446175416, -2.26851088873464
-1.80748131620163, 0.244027150366014, -2.5547684144817
-1.93510692229539, 0.18918374411583, -2.85140361919389
-1.98377942567793, 0.168268146079328, -3.16463266999826
-1.7817005499668, 0.255105687654364, -3.40582248413442
-1.59691726223743, 0.334510951436158, -3.66219450243435
-1.52007473165467, 0.367531802431735, -3.9764449220252
-1.54767379506568, 0.355671904617323, -4.30163979553974
-1.65175622739106, 0.310945495127567, -4.60804138149202
-1.83759442196668, 0.231086915694659, -4.86364338066384
-2.08985600165025, 0.122684811137868, -5.04015230848046
-2.37535475751876, 0.00039341506221479, -5.13979073935324
-0.301261361529882, 0.639551506859669, -0.000217411238343644
-0.452118577634021, 0.592160959347577, -0.301346955994967
-0.605453567731041, 0.543992039615935, -0.601089542363077
-0.778215602413121, 0.489720274404285, -0.888997875316909
-0.950467986262466, 0.435608611789163, -1.17724151202903
-1.12220618443712, 0.381658476353687, -1.46582204418197
-1.29342563172881, 0.3278713022203, -1.75474104599044
-1.4640199367063, 0.274280511377736, -2.04406574239058
-1.63147800703883, 0.221674942725992, -2.33539079668131
-1.78770168749534, 0.172598564794706, -2.63342064349204
-1.91866905405535, 0.131456249115148, -2.94444453090772
-1.85077766686978, 0.152783767235717, -3.24098601177182
-1.58700854123434, 0.235644657841181, -3.4386631392649
-1.38075852694431, 0.300436395048065, -3.69701293422088
-1.32220000669341, 0.318832070162953, -4.02860827432484
-1.37004755541809, 0.303801158220307, -4.36407726392559
-1.50292335817824, 0.262059323082863, -4.67280492158052
-1.73197360085405, 0.190105082586398, -4.91087522476708
-2.02260783456862, 0.0988047403344087, -5.05976535334196
-2.33713065825952, 0.00039418751716355, -5.13976031726094
-0.169499265427458, 0.454861816952113, -0.000122325003970219
-0.341645816641321, 0.418089662611083, -0.308440807425487
-0.516103518989156, 0.380823824222336, -0.615378291840799
-0.702325412273034, 0.34104504182311, -0.915021847058346
-0.888333182175536, 0.301311998231734, -1.21480448934108
-1.07410693400524, 0.261628943145098, -1.51473879359544
-1.25962767803686, 0.22199993295065, -1.81483679061683
-1.44450186283351, 0.182509034009731, -2.11535076151747
-1.62452545390074, 0.144054268409888, -2.4189153036691
-1.78606963466119, 0.109546882081605, -2.73302941699176
-1.90716367909367, 0.0836800328171144, -3.06463936751164
-1.66519626430319, 0.135366593247372, -3.29355509432735
-1.3572368414832, 0.20114967950068, -3.45639650082327
-1.15302232332388, 0.24477185913473, -3.73462622842892
-1.12729385349718, 0.250267707043123, -4.08674322420967
-1.19461373547514, 0.235887534609473, -4.43419153419581
-1.35846808522945, 0.200886674028019, -4.74474357622729
-1.63075856029815, 0.142722817103699, -4.96119596171923
-1.9570744254373, 0.0730186187203517, -5.08009471478623
-2.29890655900039, 0.000394959972112306, -5.13972989516863
-0.0681871193722036, 0.270140739904642, -4.92118766141192E-05
-0.259606293825531, 0.246555687364789, -0.315054892106825
-0.452396679255705, 0.222801685799717, -0.629204131074269
-0.650269366936312, 0.198421485913906, -0.940135353059506
-0.848127377824345, 0.174043094378407, -1.25107606242458
-1.04595234159442, 0.149668774629424, -1.56203811051916
-1.24376271961209, 0.125296252013554, -1.87300954660057
-1.44047933315464, 0.101058493810317, -2.18468215426093
-1.62933637100213, 0.0777891260843569, -2.50121387210807
-1.79020040958469, 0.0579688190927624, -2.8329064891765
-1.80286365190012, 0.0564085614216728, -3.16124895998719
-1.46585321755213, 0.0979321382695831, -3.3035516121902
-1.13139551185826, 0.13914118947188, -3.45012463414309
-0.964996847351895, 0.159643426283589, -3.76720748267718
-0.970160643114757, 0.159007187021143, -4.13557234254293
-1.05144019300893, 0.148992607968943, -4.49497290993271
-1.23681681168143, 0.126152068072469, -4.81045068295597
-1.54176423651722, 0.0885790242163089, -5.00999347809694
-1.89640048190878, 0.044883743929026, -5.10081555658754
-2.2606824597412, 0.000395732427081363, -5.13970179520156
-0.00849262171250812, 0.0881035205672614, -6.13069448993824E-06
-0.211800004501993, 0.0800130176308071, -0.31748528441734
-0.415327208389814, 0.0719137670373949, -0.634823180930924
-0.619543217543675, 0.0637871058258778, -0.951717697377144
-0.823773653199863, 0.0556598705198156, -1.2686029026657
-1.02801497954375, 0.0475322018249626, -1.58548107709707
-1.23232824018266, 0.0394016705453024, -1.90231272821861
-1.43500497318113, 0.031336263962537, -2.22019137090622
-1.62674970688566, 0.0237058901423565, -2.54471267535826
-1.78261772355317, 0.0175032100957912, -2.88774992961334
-1.69418283013272, 0.0210224269342866, -3.17888309690503
-1.33164007780606, 0.0354496118305985, -3.27998322454166
-0.990669321501676, 0.0490183512795845, -3.42920101216413
-0.86836732550824, 0.0538852904145185, -3.77640639798218
-0.889612841637163, 0.0530398370509014, -4.15233126282937
-0.976100337943863, 0.0495981157851248, -4.51869040425095
-1.16427083314206, 0.0421099767757732, -4.842340279644
-1.47792372127442, 0.0296283365242377, -5.04467175260931
-1.84636201511762, 0.0149665418696875, -5.11903148622502
-2.22245837650813, 0.000793009764108407, -5.13967412921649
