-21.8125558416474, 3.53629578715673, -0.0133359566334743
-21.8125558416474, 3.52440412580965, -0.334652165881195
-21.8125558416474, 3.51247558761225, -0.655966994097037
-21.8125558416474, 3.49935776331736, -0.977234925853776
-21.8125558416474, 3.48342109836064, -1.29837420124526
-21.8125558416474, 3.46269401417748, -1.61923671853738
-21.8125558416474, 3.43405686020815, -1.93948128379369
-21.8125558416474, 3.39084935468841, -2.25804685047056
-21.8125558416474, 3.31975026154254, -2.57142322527965
-21.8125558416474, 3.16760014531088, -2.8503511312145
-21.8125558416474, 2.87968799074076, -2.98124493100355
-21.8125558416474, 2.56145102368254, -3.02684233018671
-21.8125558416474, 2.24210722782704, -3.06431706543739
-21.8125558416474, 1.92254469233206, -3.09988444256634
-21.8125558416474, 1.60278405117379, -3.13362480389426
-21.8125558416474, 1.28286325996348, -3.16581164107542
-21.8125558416474, 0.962741805367023, -3.19593260044198
-21.8125558416474, 0.642334601797183, -3.22281693323476
-21.8125558416474, 0.321408843932238, -3.24243166899922
-21.8125558416474, 9.38007139874313E-07, -3.24931998134434
-21.3869982239264, 3.55356428175236, -0.0130757790822514
-21.3869982239264, 3.54416409764011, -0.33864920587413
-21.3869982239264, 3.53438930549344, -0.664211040053925
-21.3869982239264, 3.52259439291039, -0.989705960891548
-21.3869982239264, 3.50788101917066, -1.31508067337797
-21.3869982239264, 3.48792429659138, -1.64017165627654
-21.3869982239264, 3.45929856584243, -1.96460536811165
-21.3869982239264, 3.41621908175465, -2.28740485333448
-21.3869982239264, 3.34706318705629, -2.60551429264446
-21.3869982239264, 3.201377288277, -2.89309035439383
-21.3869982239264, 2.91753929526756, -3.04170779310766
-21.3869982239264, 2.59582051114976, -3.09188654132908
-21.3869982239264, 2.27244198520998, -3.13075371955468
-21.3869982239264, 1.94859240631822, -3.16549337815859
-21.3869982239264, 1.62444174900876, -3.19730973139021
-21.3869982239264, 1.30007752279416, -3.22687057116389
-21.3869982239264, 0.975488002116004, -3.25384115441787
-21.3869982239264, 0.65066169745401, -3.27778364360207
-21.3869982239264, 0.325537048593198, -3.29722592966863
-21.3869982239264, 3.75210500953732E-05, -3.30621686478933
-20.9505288724177, 3.57093820342032, -0.012808930297314
-20.9505288724177, 3.56375143013672, -0.343154978553452
-20.9505288724177, 3.55532239578064, -0.673466422262201
-20.9505288724177, 3.54317600811054, -1.00366690557094
-20.9505288724177, 3.52846121807712, -1.33376184296983
-20.9505288724177, 3.50904858278102, -1.66361038603737
-20.9505288724177, 3.4816535555895, -1.99288384911232
-20.9505288724177, 3.44026888206699, -2.32066008358168
-20.9505288724177, 3.37303872575395, -2.64400546413736
-20.9505288724177, 3.23259486551403, -2.94002351751439
-20.9505288724177, 2.95624882149243, -3.11177474397357
-20.9505288724177, 2.63205634965218, -3.17453966858569
-20.9505288724177, 2.3047178236352, -3.21952842005685
-20.9505288724177, 1.97655358820531, -3.2580780840607
-20.9505288724177, 1.64790453081952, -3.29226599777262
-20.9505288724177, 1.31890284617974, -3.32287641469823
-20.9505288724177, 0.989575212489929, -3.3497520773814
-20.9505288724177, 0.659996615185601, -3.37336043662931
-20.9505288724177, 0.330206363367059, -3.39379759349332
-20.9505288724177, 7.50434613581333E-05, -3.40457026054207
-20.514059520909, 3.58796306053003, -0.0125420814974229
-20.514059520909, 3.58205412222871, -0.354387013641071
-20.514059520909, 3.57366614771632, -0.696164512170826
-20.514059520909, 3.56015768639422, -1.03779326092147
-20.514059520909, 3.54448251838823, -1.37932872347675
-20.514059520909, 3.52484460100543, -1.72065689641806
-20.514059520909, 3.4978641945665, -2.0614741352598
-20.514059520909, 3.45576502129645, -2.40071127810452
-20.514059520909, 3.38371900938958, -2.73469478357001
-20.514059520909, 3.2247034770435, -3.03375727787968
-20.514059520909, 2.93467177507907, -3.20644796302355
-20.514059520909, 2.6009565510208, -3.27990394799299
-20.514059520909, 2.26323159859121, -3.33305668998082
-20.514059520909, 1.92430195596855, -3.37795390857739
-20.514059520909, 1.58464907949986, -3.4170236654359
-20.514059520909, 1.24442237219636, -3.45072938232576
-20.514059520909, 0.903722067187462, -3.47926805713163
-20.514059520909, 0.562721518089006, -3.50397734412406
-20.514059520909, 0.221515106954277, -3.52566759330822
-20.514059520909, 0.120450249747727, -3.53083069475552
-20.0775901694003, 3.60465358699841, -0.0122752326832095
-20.0775901694003, 3.5988170800795, -0.361363429190923
-20.0775901694003, 3.58993663980608, -0.710367528072231
-20.0775901694003, 3.57583003143588, -1.05921921297525
-20.0775901694003, 3.5598714179722, -1.40799057850592
-20.0775901694003, 3.54086559955965, -1.75660808019222
-20.0775901694003, 3.5155335428022, -2.10481422053525
-20.0775901694003, 3.4752157047215, -2.45155768478687
-20.0775901694003, 3.40377983583363, -2.79304856196616
-20.0775901694003, 3.24452661412075, -3.10056918669997
-20.0775901694003, 2.95740183582835, -3.29222772966539
-20.0775901694003, 2.62053849473972, -3.38281355003576
-20.0775901694003, 2.2772772331741, -3.44646932572785
-20.0775901694003, 1.93220758645637, -3.49954921521727
-20.0775901694003, 1.58607213780265, -3.54518817643179
-20.0775901694003, 1.23909461620444, -3.58390484192698
-20.0775901694003, 0.891432960852131, -3.61592003249932
-20.0775901694003, 0.543336856984309, -3.6428307423019
-20.0775901694003, 0.194983102687068, -3.66618929649108
-20.0775901694003, 0.154271110290031, -3.66871271693756
-19.6411208178916, 3.62102063556783, -0.0120083838551387
-19.6411208178916, 3.61407261198285, -0.366556091752419
-19.6411208178916, 3.6044064764997, -0.721025970399731
-19.6411208178916, 3.59044789275357, -1.07536677397678
-19.6411208178916, 3.57494509529934, -1.42964306424002
-19.6411208178916, 3.5569767271718, -1.78380213860403
-19.6411208178916, 3.5334488966264, -2.13762790993036
-19.6411208178916, 3.49597368374829, -2.49020785407024
-19.6411208178916, 3.42822964427743, -2.83803984677295
-19.6411208178916, 3.27595184952943, -3.15561274271866
-19.6411208178916, 2.99804509308706, -3.37025378357336
-19.6411208178916, 2.6618671347754, -3.48152207102803
-19.6411208178916, 2.31546400142795, -3.55720351750013
-19.6411208178916, 1.96632368082524, -3.61920340822291
-19.6411208178916, 1.61569803635517, -3.67219760351411
-19.6411208178916, 1.2639431529987, -3.71708548403048
-19.6411208178916, 0.911219783673935, -3.75359788461961
-19.6411208178916, 0.557834190882074, -3.78306011845372
-19.6411208178916, 0.204078542270962, -3.80772014174406
-19.6411208178916, 0.15070423744834, -3.8111426139661
-19.2046514663829, 3.63705912051929, -0.0117415350129926
-19.2046514663829, 3.62834087278499, -0.371770972640703
-19.2046514663829, 3.61775326269292, -0.731744310789084
-19.2046514663829, 3.60432903727835, -1.0916288960674
-19.2046514663829, 3.58957329760896, -1.45146112362708
-19.2046514663829, 3.57268334283077, -1.81119886984661
-19.2046514663829, 3.55081045026146, -2.17066221029246
-19.2046514663829, 3.51639030299692, -2.52910825473232
-19.2046514663829, 3.45282000869533, -2.88333928345995
-19.2046514663829, 3.30721885520197, -3.21040274939562
-19.2046514663829, 3.03830034881153, -3.44540573643004
-19.2046514663829, 2.70436961900534, -3.57835660552607
-19.2046514663829, 2.35536797608894, -3.66691116962408
-19.2046514663829, 2.00230450860299, -3.73783017158159
-19.2046514663829, 1.64727919524794, -3.79821934168557
-19.2046514663829, 1.29081745073992, -3.84944972667011
-19.2046514663829, 0.933069768958075, -3.89074613152686
-19.2046514663829, 0.574369646453891, -3.92277272679541
-19.2046514663829, 0.215118877990387, -3.94794368974909
-19.2046514663829, 0.145258177288837, -3.95244461067335
-18.7681821148742, 3.6527610362372, -0.0114746861564282
-18.7681821148742, 3.64218649808215, -0.377061650317273
-18.7681821148742, 3.63067811306197, -0.742619074020177
-18.7681821148742, 3.61778160715733, -1.10813143861339
-18.7681821148742, 3.6038436145431, -1.47360540424427
-18.7681821148742, 3.58805633916377, -1.83900361817749
-18.7681821148742, 3.567833141956, -2.2041788336757
-18.7681821148742, 3.5367184913073, -2.56856187504214
-18.7681821148742, 3.47730135035063, -2.92918904069459
-18.7681821148742, 3.33754188453151, -3.26513132955423
-18.7681821148742, 3.07691801120992, -3.51797951496028
-18.7681821148742, 2.74641304544944, -3.67254327642723
-18.7681821148742, 2.39530673716785, -3.77450654292769
-18.7681821148742, 2.0383040170309, -3.85384583997813
-18.7681821148742, 1.67882015245066, -3.92113369305311
-18.7681821148742, 1.31757265573331, -3.97819821769134
-18.7681821148742, 0.954733782386114, -4.02405050509911
-18.7681821148742, 0.590631136596981, -4.05846643619584
-18.7681821148742, 0.2257282094283, -4.08307923877742
-18.7681821148742, 0.140358081167806, -4.08784522751465
-18.3317127633655, 3.66811206759628, -0.0112078372848319
-18.3317127633655, 3.65603859249359, -0.382311190130956
-18.3317127633655, 3.64367652408749, -0.753404925387369
-18.3317127633655, 3.63105023899455, -1.12448987523325
-18.3317127633655, 3.61785149265582, -1.49555480986579
-18.3317127633655, 3.60317719940654, -1.86656381530145
-18.3317127633655, 3.58468315698967, -2.23739918185456
-18.3317127633655, 3.55705010625474, -2.60764555420659
-18.3317127633655, 3.50143753310399, -2.97448890644985
-18.3317127633655, 3.36678361596994, -3.31872598543249
-18.3317127633655, 3.11391375904494, -3.58738464687717
-18.3317127633655, 2.78763108117404, -3.76254726976831
-18.3317127633655, 2.43502591018645, -3.87820527401681
-18.3317127633655, 2.07410480216066, -3.96521694669543
-18.3317127633655, 1.71013842838792, -4.03856711528166
-18.3317127633655, 1.34406032492435, -4.10052445398468
-18.3317127633655, 0.976133465236481, -4.1503260602213
-18.3317127633655, 0.606654804284855, -4.18682006281558
-18.3317127633655, 0.236083255986675, -4.20979746256587
-18.3317127633655, 0.135698038828862, -4.21408117501965
-17.8952434118568, 3.68308753221419, -0.0109409883971467
-17.8952434118568, 3.66993945131485, -0.387369109851859
-17.8952434118568, 3.65685457759375, -0.763799378858032
-17.8952434118568, 3.64429523586852, -1.14024762482668
-17.8952434118568, 3.63168987612212, -1.51669430475533
-17.8952434118568, 3.61801723920939, -1.89310322212736
-17.8952434118568, 3.60118071534144, -2.26938226645057
-17.8952434118568, 3.57680510226344, -2.64523145146789
-17.8952434118568, 3.52433827750889, -3.01793373359779
-17.8952434118568, 3.39427802392637, -3.36986647914989
-17.8952434118568, 3.14863772675034, -3.6525006992158
-17.8952434118568, 2.82677541531791, -3.84621081586474
-17.8952434118568, 2.47331309848066, -3.97544028095427
-17.8952434118568, 2.10867281184144, -4.06961196918081
-17.8952434118568, 1.74032906883378, -4.14821935524951
-17.8952434118568, 1.36949792234243, -4.21410807232794
-17.8952434118568, 0.99660607770799, -4.2671036164898
-17.8952434118568, 0.621922605614439, -4.30528789728874
-17.8952434118568, 0.245870658118471, -4.32612158509623
-17.8952434118568, 0.131401846597942, -4.32978290243988
-17.4487740603481, 3.69799295819349, -0.0106680256859076
-17.4487740603481, 3.68418777411233, -0.392179044765388
-17.4487740603481, 3.67058732855937, -0.773697300528074
-17.4487740603481, 3.65797260960583, -1.1552495067078
-17.4487740603481, 3.64574548437397, -1.53681436814131
-17.4487740603481, 3.63287223930218, -1.91835763152959
-17.4487740603481, 3.61740287886172, -2.29980344716173
-17.4487740603481, 3.59565023589819, -2.68092746930288
-17.4487740603481, 3.5455151049139, -3.05909046567362
-17.4487740603481, 3.41986669747948, -3.41822594852149
-17.4487740603481, 3.18118310611229, -3.71345103896802
-17.4487740603481, 2.86341854198172, -3.9232326090456
-17.4487740603481, 2.50963124284382, -4.06558041999833
-17.4487740603481, 2.14161965258906, -4.16683287568641
-17.4487740603481, 1.76907106090022, -4.25007748499351
-17.4487740603481, 1.39361168340849, -4.31903206581267
-17.4487740603481, 1.01590777185803, -4.37440545328409
-17.4487740603481, 0.636230869344212, -4.41381680217808
-17.4487740603481, 0.254971731494937, -4.43252754219652
-17.4487740603481, 0.127508338886746, -4.43578603639198
-16.3676006815763, 3.73211020244667, -0.0100070171449616
-16.3676006815763, 3.71834833265046, -0.40151338960469
-16.3676006815763, 3.70474282917903, -0.793025150189226
-16.3676006815763, 3.69181599665956, -1.18455998642806
-16.3676006815763, 3.6792625599578, -1.57610701365129
-16.3676006815763, 3.66648987142957, -1.96764677817103
-16.3676006815763, 3.6520859282093, -2.35912943986318
-16.3676006815763, 3.63209525239216, -2.75035046949015
-16.3676006815763, 3.58388777875548, -3.13886692792031
-16.3676006815763, 3.4679012141614, -3.51204115110512
-16.3676006815763, 3.24506785162048, -3.83175664202943
-16.3676006815763, 2.93395028550782, -4.06806427117578
-16.3676006815763, 2.58017119566109, -4.23518829899516
-16.3676006815763, 2.20671923784312, -4.35301906879166
-16.3676006815763, 1.82587668544037, -4.44460412404957
-16.3676006815763, 1.44096287556487, -4.51728392970282
-16.3676006815763, 1.0534465683643, -4.57456731049529
-16.3676006815763, 0.663793383277828, -4.61447682161865
-16.3676006815764, 0.272423247477138, -4.63038872646966
-16.3676006815763, 0.12025747518734, -4.63128692939739
-15.2764244476888, 3.76263830881072, -0.00466994556928699
-15.2764272288341, 3.75005147695068, -0.402915969496776
-15.2764273028046, 3.73729507453602, -0.801156599608957
-15.2764273028046, 3.72420984428093, -1.19938653728475
-15.2764273028046, 3.71042772301876, -1.59759291277908
-15.2764273028046, 3.69557405502977, -1.99576065025429
-15.2764273028046, 3.67884508845664, -2.39385357728839
-15.2764273028046, 3.65651490709392, -2.79165549261736
-15.2764273028046, 3.60708213579136, -3.18681014049047
-15.2764273028046, 3.49562326680533, -3.56850453201109
-15.2764273028046, 3.28608092417981, -3.90551826386282
-15.2764273028046, 2.9818802783679, -4.16076498076965
-15.2764273028046, 2.62825554563863, -4.34335601728981
-15.2764273028046, 2.25180644978392, -4.47315084228887
-15.2764273028046, 1.86482974717832, -4.56773429930839
-15.2764273028046, 1.47299067599602, -4.63976149865267
-15.2764273028046, 1.07844979014932, -4.69524829104775
-15.2764273028046, 0.681871807778535, -4.73319511716235
-15.2764273028046, 0.283758790795381, -4.74836209730895
-15.2764273028046, 0.115798733454495, -4.7498891842131
-14.1852512728476, 3.78688462118574, -0.004336384301786
-14.1852538525323, 3.77675018546419, -0.400118377069388
-14.1852539240328, 3.76620481453582, -0.795889464007825
-14.1852539240328, 3.75353891579605, -1.19159777682512
-14.1852539240328, 3.73811806909772, -1.58720829732592
-14.1852539240328, 3.72037796870874, -1.98272202713798
-14.1852539240328, 3.70032185924325, -2.37812465844522
-14.1852539240328, 3.67529420124279, -2.77323256495088
-14.1852539240328, 3.62694184562804, -3.1660189020201
-14.1852539240328, 3.52534542325848, -3.54807878343255
-14.1852539240328, 3.33838475216287, -3.89582933482368
-14.1852539240328, 3.06053891661991, -4.17567817501531
-14.1852539240328, 2.7198375522574, -4.37607748498429
-14.1852539240328, 2.35059491082397, -4.51792534502666
-14.1852539240328, 1.96717114937509, -4.6161235909127
-14.1852539240328, 1.57804332732717, -4.68883201493032
-14.1852539240328, 1.1859391010858, -4.74342646340141
-14.1852539240328, 0.791976842455912, -4.78226911349174
-14.1852539240328, 0.396533359073263, -4.80069778888115
-14.1852539240328, 0.000656636681117493, -4.80517586017718
-13.0940780980103, 3.80626730092411, -0.00400282293011024
-13.0940804816844, 3.79932968195944, -0.401637941349576
-13.0940805452611, 3.79150835246144, -0.799255519979138
-13.0940805452611, 3.77838168111043, -1.19673013189004
-13.0940805452611, 3.75970238592823, -1.5939849615143
-13.0940805452611, 3.73877055488245, -1.99112942168953
-13.0940805452611, 3.71584136223958, -2.38816213029975
-13.0940805452611, 3.68605977994527, -2.78472347447853
-13.0940805452611, 3.6320815460877, -3.17858889384481
-13.0940805452611, 3.52810079268391, -3.56194471247358
-13.0940805452611, 3.34306024337403, -3.91274132880237
-13.0940805452611, 3.07083828207617, -4.20090207407234
-13.0940805452611, 2.73360083882049, -4.4101254123398
-13.0940805452611, 2.36274034324162, -4.55256401323262
-13.0940805452611, 1.97736009363201, -4.65032073492937
-13.0940805452611, 1.58623643641971, -4.7220105934853
-13.0940805452611, 1.19195520522474, -4.77376759785714
-13.0940805452611, 0.795806962765377, -4.8083792884868
-13.0940805452611, 0.398432124332049, -4.82349023846184
-13.0940805452611, 0.000750435163612174, -4.82609166277649
-12.0029071664894, 3.82888738205919, -0.00733852599860313
-12.0029071664893, 3.81790224617953, -0.405087675829576
-12.0029071664893, 3.80596843840081, -0.802808324257361
-12.0029071664893, 3.78938652875454, -1.2003603717316
-12.0029071664893, 3.7682240227841, -1.59769683598256
-12.0029071664893, 3.74537802271767, -1.99494131803081
-12.0029071664893, 3.72051739270592, -2.3920631346756
-12.0029071664893, 3.68828594258558, -2.78863711896639
-12.0029071664893, 3.63181964016106, -3.18236667684145
-12.0029071664893, 3.52677860332992, -3.56568087882584
-12.0029071664893, 3.34217410515853, -3.91690801612134
-12.0029071664893, 3.07125606999903, -4.20674624083939
-12.0029071664893, 2.73560036817236, -4.41875218963056
-12.0029071664893, 2.36438909791218, -4.56079942584756
-12.0029071664893, 1.97878664168066, -4.6585331411667
-12.0029071664893, 1.58744887888443, -4.73017710051335
-12.0029071664893, 1.19285818945532, -4.7811207750695
-12.0029071664893, 0.796374848447079, -4.81421072039772
-12.0029071664893, 0.398737695187378, -4.82773251504631
-12.0029071664893, 0.000844233066931989, -4.82973987022955
-10.9117317483341, 3.82694287785461, -0.00333569979928287
-10.9117337319942, 3.81896647321778, -0.39769390975039
-10.9117337877176, 3.80116068281517, -0.791639968739106
-10.9117337877176, 3.77464931800441, -1.18518650425925
-10.9117337877176, 3.74614844088039, -1.578593862497
-10.9117337877176, 3.7155405656815, -1.97184284036398
-10.9117337877176, 3.68180086176014, -2.36483396242842
-10.9117337877176, 3.64027044730436, -2.7570619451079
-10.9117337877176, 3.57574000224628, -3.14605744752663
-10.9117337877176, 3.46846600881209, -3.52529896164777
-10.9117337877176, 3.29260487359717, -3.8773558379727
-10.9117337877176, 3.03304261815693, -4.17275545643237
-10.9117337877176, 2.70518374185394, -4.39027752423753
-10.9117337877176, 2.33977581082397, -4.53769633130816
-10.9117337877176, 1.95937101804134, -4.64155119141883
-10.9117337877176, 1.57257723589917, -4.71850674918323
-10.9117337877176, 1.18211544963185, -4.77411433490759
-10.9117337877176, 0.789459608778817, -4.81107198879111
-10.9117337877176, 0.395364446772629, -4.82655186524784
-10.9117337877176, 0.00093803082295863, -4.82899661619801
-9.82055857349727, 3.81501567213562, -0.00300213775696361
-9.82056035156849, 3.80967199482984, -0.389380433715716
-9.82056040894581, 3.78262524581818, -0.774333644020997
-9.82056040894581, 3.73770598090873, -1.15812915998829
-9.82056040894581, 3.69192686835095, -1.54182277342407
-9.82056040894581, 3.6435469302503, -1.92519575610007
-9.82056040894581, 3.59031339645926, -2.30792289800709
-9.82056040894581, 3.52930457743507, -2.68947783507958
-9.82056040894581, 3.44954523890879, -3.06748480257861
-9.82056040894581, 3.33668845057329, -3.4368753669152
-9.82056040894581, 3.17381807941263, -3.78667897772335
-9.82056040894581, 2.93828696441009, -4.09169519520379
-9.82056040894581, 2.63197029704265, -4.3255111466247
-9.82056040894581, 2.28186905168889, -4.48799061083334
-9.82056040894581, 1.91395188105272, -4.60567113043115
-9.82056040894581, 1.53790673094479, -4.69425293111482
-9.82056040894581, 1.15702823081404, -4.7591441623945
-9.82056040894581, 0.773234263071378, -4.80357596460322
-9.8205604089458, 0.387411733960819, -4.82398051392183
-9.82056040894581, 0.00103182857898438, -4.82825336216646
-8.72938539864952, 3.77966313565177, -0.00266857521287771
-8.72938696868135, 3.76977970857523, -0.377451214821125
-8.72938703017405, 3.73095951703258, -0.749212629417407
-8.72938703017405, 3.66298668985688, -1.11791219203589
-8.72938703017405, 3.59371748616688, -1.48637000023034
-8.72938703017405, 3.52176097655394, -1.85431136673557
-8.72938703017405, 3.44520592829371, -2.22132135975009
-8.72938703017405, 3.36150802925786, -2.58676206939057
-8.72938703017405, 3.26429935223652, -2.94881179775599
-8.72938703017405, 3.14462536162037, -3.30402540272306
-8.72938703017405, 2.99197567530082, -3.64617060581432
-8.72938703017405, 2.78445009234864, -3.95764290693965
-8.72938703017405, 2.51449093528683, -4.21660195157775
-8.72938703017405, 2.19328790034804, -4.40877836740567
-8.72938703017405, 1.84625374447637, -4.55006494997703
-8.72938703017405, 1.48697819605206, -4.65684777248622
-8.72938703017405, 1.1205009606324, -4.73552607068618
-8.72938703017405, 0.749561786634639, -4.78955616619243
-8.72938703017405, 0.375906299336759, -4.8194169924941
-8.72938703017405, 0.00112562633501058, -4.82751010813491
-7.63821222380899, 3.70514878344179, -0.00233501182996747
-7.63821358475336, 3.68755104403769, -0.362978600730191
-7.6382136514023, 3.63690908086123, -0.718512651323439
-7.6382136514023, 3.5435431807922, -1.06730497016717
-7.6382136514023, 3.44831669839182, -1.41559361347321
-7.6382136514023, 3.35054961648411, -1.76317712871334
-7.63821365140229, 3.249490859238, -2.10981719645187
-7.6382136514023, 3.14380386463531, -2.45507193138157
-7.63821365140229, 3.03047132987722, -2.79788335439173
-7.6382136514023, 2.90422685552793, -3.13613328591071
-7.63821365140229, 2.75873709913286, -3.46650315944839
-7.6382136514023, 2.57799798717931, -3.77871801565603
-7.6382136514023, 2.34892361862058, -4.05723594559816
-7.6382136514023, 2.07055825648503, -4.28608878351976
-7.6382136514023, 1.75546096445567, -4.46177320441086
-7.63821365140229, 1.42077512668095, -4.5968211352333
-7.6382136514023, 1.07444189614503, -4.69840694087577
-7.63821365140229, 0.720035760859119, -4.7669639888063
-7.63821365140229, 0.361775250819705, -4.81146027523164
-7.6382136514023, 0.00121942409103678, -4.82676685410337
-6.53703905083825, 3.57848593132676, -0.00199839042092577
-6.53704020113966, 3.55179811556297, -0.346628729723044
-6.53704027263054, 3.49156592595782, -0.684110898139864
-6.53704027263054, 3.37374998200338, -1.00907485953681
-6.53704027263054, 3.25437844761446, -1.33347047490402
-6.53704027263054, 3.13309067376398, -1.65715423859764
-6.53704027263054, 3.00943708389502, -1.97994139645624
-6.53704027263054, 2.8833895709494, -2.30180138705301
-6.53704027263054, 2.75499621202916, -2.62273254776342
-6.53704027263054, 2.62221399338397, -2.9418672913887
-6.53704027263054, 2.48031271256089, -3.25703765145228
-6.53704027263054, 2.32094499538826, -3.56366218358714
-6.53704027263054, 2.1294812211942, -3.85117068788385
-6.53704027263054, 1.90141166093545, -4.11046734370825
-6.53704027263054, 1.63155821422316, -4.32585318533602
-6.53704027263054, 1.3338628780749, -4.50104476680103
-6.53704027263054, 1.01699431161843, -4.63863590677543
-6.53704027263054, 0.684855798520632, -4.73351311290562
-6.53704027263054, 0.345133133150559, -4.7970280501713
-6.53704027263054, 0.00131408145157565, -4.82601678856005
-6.11056977903674, 3.51203045314645, -0.00186802119187678
-6.11057084793901, 3.48086167829385, -0.339724039543826
-6.11057092112183, 3.41752065773416, -0.669930377076279
-6.11057092112184, 3.29133034576181, -0.984881455972823
-6.11057092112183, 3.16388806804454, -1.29932783248764
-6.11057092112183, 3.03486736575464, -1.61312970515288
-6.11057092112183, 2.90383101538806, -1.92609485634408
-6.11057092112184, 2.77085794620705, -2.23824252428159
-6.11057092112183, 2.63672338313971, -2.54989313683824
-6.11057092112183, 2.50083487595259, -2.86078128653626
-6.11057092112183, 2.35935572421369, -3.16915656341358
-6.11057092112184, 2.20571922538668, -3.47161432691229
-6.11057092112183, 2.02694857880331, -3.75979406423666
-6.11057092112184, 1.81745096374041, -4.02642963303268
-6.11057092112184, 1.56999061298289, -4.25795660728158
-6.11057092112184, 1.29115705988442, -4.45081370695969
-6.11057092112184, 0.989567574969618, -4.60575129308927
-6.11057092112184, 0.669083140864849, -4.71616542092862
-6.11057092112184, 0.337829398351681, -4.78921936990306
-6.11057092112183, 0.00135074094947354, -4.8257262984592
-5.67410050909825, 3.43185674025676, -0.00173459475985157
-5.6741014949152, 3.39558055853065, -0.332299467300838
-5.67410156961313, 3.32949972712511, -0.655001978715029
-5.67410156961313, 3.19554437010262, -0.959378592180461
-5.67410156961313, 3.06067322341563, -1.26335042221954
-5.67410156961313, 2.92455245431975, -1.56676458162879
-5.67410156961313, 2.78672765706814, -1.86940811145587
-5.67410156961313, 2.64722888956628, -2.17128420708863
-5.67410156961313, 2.50722218754805, -2.47292525250064
-5.67410156961313, 2.3675808287776, -2.77473561192977
-5.67410156961313, 2.22573792762254, -3.07551429693473
-5.67410156961313, 2.07655772929638, -3.37270292008619
-5.67410156961313, 1.90962445402506, -3.66020646405362
-5.67410156961313, 1.7182279033758, -3.93201767603035
-5.67410156961313, 1.49583007111972, -4.17881730058841
-5.67410156961313, 1.23986204124942, -4.3906808990054
-5.67410156961313, 0.956857154211216, -4.5648208949443
-5.67410156961313, 0.650974931303917, -4.69431595506756
-5.67410156961313, 0.32974857859132, -4.77981949685935
-5.67410156961313, 0.00138826005188411, -4.82542899684658
-5.23763123916313, 3.33802706285618, -0.00160116803532372
-5.23763214239238, 3.29668682538087, -0.324651423236411
-5.23763221810443, 3.22867305112143, -0.63998105667
-5.23763221810443, 3.08790025800417, -0.933670695579495
-5.23763221810443, 2.94636541444124, -1.22699379952047
-5.23763221810443, 2.80374849228817, -1.51979218955202
-5.23763221810443, 2.6596566231317, -1.81186719992425
-5.23763221810443, 2.51406637267478, -2.10319875477007
-5.23763221810443, 2.36832484074024, -2.39445466687126
-5.23763221810443, 2.22418103240487, -2.68650405121217
-5.23763221810443, 2.08077527948186, -2.97891697310507
-5.23763221810443, 1.93438650985579, -3.26984298276966
-5.23763221810443, 1.77810498804629, -3.55553874573505
-5.23763221810443, 1.60476393419631, -3.83119478706528
-5.23763221810443, 1.40828177265638, -4.09069100518828
-5.23763221810443, 1.17914736801755, -4.32175347811146
-5.23763221810443, 0.918370615868349, -4.51635364628652
-5.23763221810443, 0.630095550742378, -4.66700394133016
-5.23763221810443, 0.320945757456049, -4.76866145948364
-5.23763221810443, 0.00142577915429445, -4.82513169523397
-4.80116196922834, 3.22900448077171, -0.00146774098537081
-4.80116279076048, 3.18323941930749, -0.317022803193433
-4.80116286659573, 3.11446637201376, -0.62535912916294
-4.80116286659573, 2.96795806746606, -0.908563713468389
-4.80116286659573, 2.82053211825146, -1.19129161430509
-4.80116286659572, 2.67196072851764, -1.47341922609189
-4.80116286659573, 2.52197891971445, -1.75479929931608
-4.80116286659573, 2.37070666740896, -2.0354881680375
-4.80116286659573, 2.2195724871593, -2.31625131873509
-4.80116286659573, 2.07045379801439, -2.59808846780403
-4.80116286659573, 1.92401302833786, -2.88132727330454
-4.80116286659573, 1.77834920131648, -3.16496721063281
-4.80116286659573, 1.63090787934617, -3.44768420493036
-4.80116286659573, 1.47632146917572, -3.72654073346579
-4.80116286659573, 1.30630283462009, -3.9961767742177
-4.80116286659573, 1.10728124982362, -4.24499173362033
-4.80116286659573, 0.873029188657006, -4.4608010032603
-4.80116286659573, 0.605509654243597, -4.63347482373204
-4.80116286659573, 0.311146657896747, -4.75503144258364
-4.80116286659573, 0.0014632982567048, -4.82483439362135
-4.36469269929399, 3.10305780349016, -0.0013343135729116
-4.36469344043463, 3.05412499971844, -0.30972326293973
-4.36469351508702, 2.98611631747403, -0.611700509005536
-4.36469351508702, 2.83520131168929, -0.88505500773433
-4.36469351508703, 2.68273157238908, -1.1575452035036
-4.36469351508703, 2.52860232470639, -1.42910022195307
-4.36469351508703, 2.37300643214868, -1.69981772412894
-4.36469351508703, 2.21649350445121, -1.97000643564862
-4.36469351508702, 2.06047227585491, -2.24047903162999
-4.36469351508702, 1.90659027713707, -2.51217285896975
-4.36469351508703, 1.75642916424611, -2.78593959158193
-4.36469351508703, 1.60954133245912, -3.06147714041357
-4.36469351508703, 1.46800358805162, -3.33979297324044
-4.36469351508703, 1.332288100689, -3.62100263388836
-4.36469351508703, 1.18948921883216, -3.89864212880776
-4.36469351508703, 1.02298196752255, -4.16257327300597
-4.36469351508702, 0.819586884004857, -4.39899559199586
-4.36469351508702, 0.57634995728799, -4.59394607947655
-4.36469351508702, 0.299799344684194, -4.73792187059928
-4.36469351508703, 0.00150081735911559, -4.82453709200873
-3.92822342936042, 2.95966496476601, -0.00120088578676386
-3.92822409155504, 2.90881183219831, -0.303016706819554
-3.92822416357832, 2.84246925428786, -0.599344145491484
-3.92822416357832, 2.68794012596151, -0.863539186676571
-3.92822416357832, 2.53099359583697, -1.1263051949876
-3.92822416357832, 2.37179966125655, -1.38771619938247
-3.92822416357832, 2.21103660138372, -1.64816571369333
-3.92822416357832, 2.0496909756972, -1.90825505068598
-3.92822416357832, 1.88926808758521, -2.16891388198859
-3.92822416357832, 1.7313493949868, -2.43109574958096
-3.92822416357832, 1.57758860332978, -2.69573467542019
-3.92822416357832, 1.42874019906465, -2.96316673171749
-3.92822416357832, 1.29018641934572, -3.23602603544656
-3.92822416357832, 1.17211031011358, -3.51834482319694
-3.92822416357832, 1.05761884761852, -3.80218418890233
-3.92822416357832, 0.925678758124636, -4.07821635595612
-3.92822416357832, 0.757075394119216, -4.33320882592316
-3.92822416357832, 0.542327926634491, -4.55041616090007
-3.92822416357832, 0.286336383904974, -4.71727252619596
-3.92822416357833, 0.00153833646152571, -4.82423979039611
-3.49175415942763, 2.80000173073765, -0.00106745765211196
-3.49175474401743, 2.74722508692867, -0.297061122347732
-3.49175481206962, 2.68189156735243, -0.588461821476776
-3.49175481206962, 2.5236259938388, -0.84409541318121
-3.49175481206962, 2.36229661014329, -1.09780687199249
-3.49175481206962, 2.19838225239388, -1.349856718638
-3.49175481206962, 2.0327103218813, -1.60075574360626
-3.49175481206962, 1.86668098922136, -1.85141864573394
-3.49175481206962, 1.70187880954733, -2.10288914784061
-3.49175481206962, 1.54002027227667, -2.35626162582082
-3.49175481206962, 1.38328789010248, -2.61283135166894
-3.49175481206962, 1.23355321318664, -2.87354404802122
-3.49175481206962, 1.0972371327099, -3.1414252356383
-3.49175481206962, 0.995685089076005, -3.42417025167625
-3.49175481206962, 0.911310012197762, -3.71274952276004
-3.49175481206962, 0.816480058027273, -3.99798829898741
-3.49175481206962, 0.68638340872333, -4.26861255479074
-3.49175481206962, 0.50439780616559, -4.5070742725506
-3.49175481206962, 0.27158027795357, -4.69635594575383
-3.49175481206962, 0.00157585556393628, -4.82394248878349
-3.05528488949552, 2.62510089238948, -0.000934029191077729
-3.05528546056092, 2.5688572133214, -0.292139429161672
-3.05528546056092, 2.50184407862024, -0.579450787846218
-3.05528546056092, 2.33862531549183, -0.827084560274175
-3.05528546056092, 2.17199981157768, -1.07243995921683
-3.05528546056092, 2.00278733386054, -1.316019675745
-3.05528546056092, 1.83207223428827, -1.55854951931294
-3.05528546056092, 1.66098702108607, -1.80081861024345
-3.05528546056092, 1.49104214263889, -2.04388792880868
-3.05528546056092, 1.3241579263899, -2.28906518655631
-3.05528546056092, 1.16353743159221, -2.53837891437233
-3.05528546056092, 1.0136606966399, -2.79427339252975
-3.05528546056092, 0.883768875522391, -3.06072569475638
-3.05528546056092, 0.805533009721737, -3.34620347794751
-3.05528546056092, 0.758368153315838, -3.63900829276017
-3.05528546056092, 0.704477644174569, -3.93060245817229
-3.05528546056092, 0.613868034793226, -4.21253299421867
-3.05528546056092, 0.465658679343732, -4.46863259395085
-3.05528546056092, 0.257828283709441, -4.67910873493515
-3.05528546056092, 0.00161337466634685, -4.82364518717087
-2.61881561956384, 2.4349751965425, -0.000800600403933963
-2.61881605263252, 2.37112154577766, -0.288474212555584
-2.61881610905222, 2.29709714449884, -0.572622493829821
-2.61881610905222, 2.12658221133641, -0.812952127510347
-2.61881610905222, 1.95315939364718, -1.05119328346945
-2.61881610905222, 1.77773103772083, -1.28796251110258
-2.61881610905222, 1.60118632232552, -1.52390104816772
-2.61881610905222, 1.42441699861779, -1.75967148183987
-2.61881610905222, 1.24853012677496, -1.99610029526589
-2.61881610905222, 1.07521903611625, -2.23442055920605
-2.61881610905222, 0.907713560521634, -2.47684260478395
-2.61881610905222, 0.753250114340293, -2.72770277037086
-2.61881610905222, 0.638671281114989, -2.99843241417893
-2.61881610905222, 0.614838620740986, -3.29097711297107
-2.61881610905222, 0.622675313142878, -3.58554208093785
-2.61881610905222, 0.611196749103276, -3.87986345212574
-2.61881610905222, 0.552251669446771, -4.16798638649579
-2.61881610905222, 0.431356636921815, -4.43601491282417
-2.61881610905222, 0.245855457637234, -4.66376642420662
-2.61881610905222, 0.00165089376875675, -4.82334788555825
-1.82191187915528, 2.02585771476312, -0.00111397093417895
-1.84895795098911, 1.95204910572684, -0.28059666260224
-1.87785622202057, 1.87318585336655, -0.558508098664459
-1.9339882415421, 1.7200018232147, -0.798511304865322
-1.99037805230835, 1.56611428190934, -1.0381589478312
-2.04665442811749, 1.41253630409442, -1.27803168465633
-2.10271761161101, 1.25954012715507, -1.5183257115619
-2.15846530679405, 1.10740491640358, -1.75923875023555
-2.21363932495883, 0.956835267668417, -2.0012637678737
-2.26763534312965, 0.809480375646687, -2.24551876999919
-2.31903606950658, 0.669208023319679, -2.49443632281905
-2.36429338526894, 0.545701011075563, -2.75309517485943
-2.38695623602952, 0.483854192738579, -3.03381665560231
-2.37222217099415, 0.524063390303123, -3.32065646682389
-2.35835220248847, 0.5619144723039, -3.60802935333008
-2.35730543409413, 0.564771098569038, -3.89803625261256
-2.37663129521394, 0.512030910032776, -4.18222592896521
-2.41714272610868, 0.40147539636034, -4.44688738817783
-2.48030005252349, 0.229119335126435, -4.67051107184364
-2.56425751127099, 0.000827791822162438, -4.82331072295361
-1.33289009588144, 1.71312608415616, -0.00081497839406685
-1.38646158340012, 1.63620977725063, -0.277383575018234
-1.44313034087071, 1.55484650466943, -0.552055011321409
-1.53533866831461, 1.42245660210332, -0.795132158912058
-1.6282369232812, 1.28907612265505, -1.03773923337699
-1.72055677378549, 1.15652609868224, -1.28102124663117
-1.81223467414441, 1.02489776713737, -1.52504527775141
-1.90314883286849, 0.894365992524234, -1.7699421837894
-1.9929040392435, 0.765498206325438, -2.01614315579807
-2.08036697501343, 0.639921592306787, -2.26485146456309
-2.16252137620348, 0.521966810234149, -2.51900807439869
-2.23210696653791, 0.422057943217929, -2.78419427469803
-2.24531571399505, 0.403093226718379, -3.07025973526325
-2.19453153544731, 0.476007600465432, -3.34836804846802
-2.16001428410383, 0.52556641656037, -3.63372400431372
-2.15678280520739, 0.530206075342856, -3.92506792510781
-2.19409990594292, 0.476627320935539, -4.20899163792254
-2.26812768659229, 0.37034049263015, -4.46983398803204
-2.38096807609206, 0.20832770500546, -4.68350989678813
-2.52606644315508, 0.000829433282880767, -4.8232847090627
-1.01676040332776, 1.47111490027185, -0.000621692005332727
-1.09308340383414, 1.39479189976546, -0.276191815396988
-1.17295203092145, 1.31492327267815, -0.549744420768283
-1.28838336046347, 1.19949194313614, -0.796336417634625
-1.40449556879979, 1.08337973479981, -1.04256262387456
-1.51975414273447, 0.968121160865136, -1.28958964139664
-1.63412869074579, 0.853746612853811, -1.5374369985312
-1.7475086871119, 0.740366616487703, -1.78619644419216
-1.85942671987228, 0.628448583727322, -2.03627518348519
-1.96814283095162, 0.519732472647986, -2.28915465776343
-2.06892756165178, 0.418947741947822, -2.54847698584024
-2.15090456511802, 0.336970738481582, -2.82039885264114
-2.13209262468069, 0.355782678918917, -3.10638301820866
-2.04304018624207, 0.444835117357537, -3.37408808475286
-1.9901317404276, 0.497743563172002, -3.65978945109102
-1.9894383617732, 0.498436941826405, -3.95474299455539
-2.04447639891963, 0.44339890467997, -4.23953454858319
-2.14782075255775, 0.340054551041857, -4.49575159375766
-2.30002588152438, 0.187849422075224, -4.6971956812176
-2.48787537503916, 0.000831074743599096, -4.82325869517179
-0.77245157405127, 1.25268988657938, -0.000472316614017188
-0.870077221974454, 1.17977533831988, -0.27636654102542
-0.971162279129565, 1.10427702988305, -0.55031297359863
-1.10482759367354, 1.00444521073234, -0.801408599159513
-1.23885243918015, 0.904344865448566, -1.05237445368417
-1.37194600132602, 0.804940076168709, -1.30411119552035
-1.5041032264999, 0.706234617328994, -1.55661519424153
-1.63525259585994, 0.608281904851949, -1.80993639683325
-1.76468067728545, 0.511614786220782, -2.06463110235946
-1.88997434677154, 0.418035573127712, -2.32251458386553
-2.00418534367737, 0.332733775671694, -2.58823298891644
-2.09072351127453, 0.268100233853706, -2.86902566434166
-2.0154626819192, 0.32431096833607, -3.14547987210945
-1.88834779668422, 0.419250409263105, -3.4013813712032
-1.82072750582747, 0.469754585838454, -3.68976852850217
-1.82897043770929, 0.463598112951641, -3.98992587204825
-1.90357786883385, 0.407875387899625, -4.27596455512227
-2.03760449058141, 0.30777371597874, -4.52544590372486
-2.22650936034092, 0.166684631956764, -4.71167730349538
-2.44968430692475, 0.000832716204317296, -4.82323268128088
-0.572075911025188, 1.04604578395126, -0.000349801676865173
-0.690116409482385, 0.978918129614086, -0.278166766071256
-0.811222540066226, 0.910047101634713, -0.554231970619287
-0.96069926078791, 0.825042194241018, -0.81117278179765
-1.1100275686551, 0.740121686751811, -1.06829660139191
-1.25847475300947, 0.655702259445851, -1.3260947680446
-1.40606065632061, 0.571772628243028, -1.58454655298551
-1.55279019403443, 0.488329997811589, -1.84364270270663
-1.69753641773059, 0.406015244842206, -2.10420841429455
-1.83666874672217, 0.326893019760619, -2.36876756234333
-1.96051394973904, 0.25646432716705, -2.64311778676984
-2.03437073515767, 0.214463210373777, -2.93670675847526
-1.87878335780118, 0.302943145844408, -3.18482782784974
-1.71785084100793, 0.394462772583584, -3.43088684420804
-1.64362747911323, 0.436672355278774, -3.72595963870163
-1.6669495704811, 0.423409472554419, -4.03271841317562
-1.76408562838552, 0.368169823417828, -4.32001997909404
-1.93235889328242, 0.272475636186972, -4.55925384392971
-2.1571550435201, 0.144637830803406, -4.72682714059044
-2.41149323880812, 0.000834357665035686, -4.82320666738997
-0.403292009088914, 0.846554754765913, -0.000246601681970786
-0.541440823012999, 0.787189304861969, -0.281845227895534
-0.682232146969864, 0.72668831283851, -0.561887210973519
-0.846347601738497, 0.656164451418431, -0.826463168150232
-1.00978676803243, 0.58593120537481, -1.09153460364504
-1.1725583624281, 0.515984829011481, -1.3570922249748
-1.33467111536539, 0.446321570674875, -1.62312685690097
-1.49608257016168, 0.376959674894156, -1.88966597119326
-1.65497466882284, 0.308680399413839, -2.1579881259702
-1.80550207423191, 0.243995608490527, -2.43191364532656
-1.93510843461947, 0.188301030475196, -2.71813281633678
-1.93399273573149, 0.188780469744784, -3.01241517445862
-1.71117039698898, 0.284531913513006, -3.21926091817969
-1.52388584336647, 0.365012023837873, -3.4620872174732
-1.45724345452422, 0.393649659470907, -3.76984165591422
-1.49967835299361, 0.375414491410413, -4.08454285835402
-1.62344976470926, 0.322227313518433, -4.37252041926263
-1.82999942275299, 0.233468582777465, -4.59680025075604
-2.0900410112955, 0.121723244840322, -4.74243604750438
-2.37330217069143, 0.000835999125754081, -4.82318065349906
-0.260791730373825, 0.651630262641284, -0.000159471218290761
-0.419223422533441, 0.601860256084033, -0.287320007326911
-0.580406355299584, 0.551225970030925, -0.572762049512491
-0.757933028399984, 0.495457433042806, -0.84737722834218
-0.935056941320059, 0.439815419836277, -1.12227798051966
-1.11176958380817, 0.384302603836547, -1.39746937949205
-1.28806240606888, 0.328921670891188, -1.67295645541824
-1.46373727842759, 0.273734861799805, -1.94887634357449
-1.63579877699894, 0.219683164216982, -2.22727834220764
-1.79441744529058, 0.169854420653329, -2.51421537363736
-1.92399976442872, 0.129147206173086, -2.81654456052905
-1.78193892041753, 0.173774446099566, -3.0740122887427
-1.51086131390485, 0.258931235563556, -3.24482620721952
-1.30955566489111, 0.322169741287092, -3.49526078020155
-1.26717008813983, 0.335484819880831, -3.82113679338806
-1.32991012778238, 0.315775555011866, -4.1452156265992
-1.48446421655032, 0.267223665509352, -4.43250673381733
-1.73122535008252, 0.189705695041679, -4.6373196771065
-2.02502572398785, 0.0974107360188511, -4.75866982309778
-2.33511110257547, 0.000837640586472414, -4.82315463960814
-0.144087483847159, 0.459865664518806, -8.81121211576245E-05
-0.322270500092176, 0.421804063353343, -0.293567697561875
-0.502735479977687, 0.383255012868698, -0.585563462274971
-0.692868089607125, 0.342640863951648, -0.871095364469569
-0.882849247955353, 0.302059066480784, -1.15673267790412
-1.07265898487, 0.261513886272182, -1.4424891154371
-1.26228891353079, 0.221007114831086, -1.72837031617935
-1.45113088779683, 0.180668658005722, -2.01479492523205
-1.63432198542826, 0.141537282625237, -2.30501123796753
-1.79616155712877, 0.106966797959158, -2.60805246114111
-1.88523639698451, 0.0879395578780679, -2.93090381132459
-1.59742340478327, 0.149419173333327, -3.10564216859462
-1.29247866611173, 0.21455829413967, -3.25242485318222
-1.10169945922777, 0.255310562431589, -3.52720852516684
-1.08973584553519, 0.257866105055463, -3.87068358326026
-1.16948774573097, 0.240830334299032, -4.20534098738736
-1.35261085523614, 0.201713481834369, -4.49248194907058
-1.63554406214243, 0.14127623531855, -4.67749089435233
-1.95916813521276, 0.072147029537198, -4.77466289479924
-2.29328545950407, 0.000839594476894001, -4.82312367432721
-0.0567292986340623, 0.271311775840204, -3.46948168470509E-05
-0.251564153057827, 0.247305872088385, -0.298270263665714
-0.447612730383578, 0.223150423660628, -0.595691908270205
-0.647741983536321, 0.198492188852913, -0.890347089557995
-0.847870799432776, 0.173834007920222, -1.18500257402363
-1.0479828512842, 0.149177892511447, -1.47966961443988
-1.24811115955529, 0.124519774124062, -1.77432542560565
-1.44693925362594, 0.100021857139269, -2.06987031966942
-1.6369842770345, 0.0766061158749518, -2.371168570868
-1.79717053435981, 0.0568693193603418, -2.68942640184699
-1.75921652793063, 0.0615456911934488, -2.98429628955412
-1.42541922465685, 0.102673373192166, -3.10212531312561
-1.09967462386829, 0.142808869263093, -3.23750848223664
-0.942917786352034, 0.162123121658971, -3.54543173508361
-0.954545421144439, 0.1606904627925, -3.90134376599753
-1.04350846411816, 0.149729188674416, -4.24604828034365
-1.24052161370781, 0.125454893806183, -4.5391740579639
-1.54683028109595, 0.0877141291498005, -4.7135535790963
-1.89241302574232, 0.0451343446917172, -4.79023471639
-2.245069287793, 0.0016830212142683, -4.82309641789501
-0.00681423308239256, 0.0880938851390853, -4.16979258745108E-06
-0.211716656681478, 0.0799399084508332, -0.300095164184015
-0.416801418487923, 0.0717786757161853, -0.600061264013854
-0.622414950852048, 0.0635964008546311, -0.899664697530721
-0.828039393276278, 0.0554136918333721, -1.19926063198276
-1.03367114053416, 0.0472306921203668, -1.49885154449064
-1.23937713326682, 0.0390447378504566, -1.79839136631238
-1.44323671176611, 0.0309322605963434, -2.09918783885345
-1.63528198839948, 0.0232899268393674, -2.40756999886598
-1.79014140447538, 0.0171273834860008, -2.73605239868106
-1.66141378876341, 0.0222500265431832, -2.99217720027967
-1.30928630908382, 0.0362627415231602, -3.08013718439372
-0.980127940348297, 0.0493614136533839, -3.22249572241463
-0.864394586748597, 0.053966957359161, -3.55764105794698
-0.890226635195925, 0.0529389855218856, -3.91959682997592
-0.984630339709871, 0.0491822432034174, -4.26975000185047
-1.18589191769698, 0.0411731519182955, -4.56872817574536
-1.5007248960707, 0.0286445506394096, -4.74378573030839
-1.85783721033284, 0.014433466971264, -4.80616535150491
-2.22053797065505, 0.00168512993741516, -4.8230813793554
