-29.7652551311642, 3.88673894954716, -0.00285183871038698
-29.7652556609693, 3.87112425567942, -0.310026264168759
-29.7652556776304, 3.85505764940514, -0.617177098574941
-29.7652556776304, 3.83602119650964, -0.924155769146472
-29.7652556776304, 3.81071459231441, -1.23067419466673
-29.7652556776304, 3.77390309863, -1.53600150721236
-29.7652556776304, 3.71381811057033, -1.8374854638608
-29.7652556776304, 3.604325397677, -2.12394962611105
-29.7652556776304, 3.3697590024978, -2.31356498072373
-29.7652556776304, 3.06832526698268, -2.37073629418245
-29.7652556776304, 2.76213823139422, -2.39981618603362
-29.7652556776304, 2.45564715012387, -2.42556531722146
-29.7652556776304, 2.14906706996794, -2.45023333979012
-29.7652556776304, 1.84239852864313, -2.47377576504701
-29.7652556776304, 1.53565773094521, -2.49635830346282
-29.7652556776304, 1.2288400518496, -2.51786951735177
-29.7652556776304, 0.921921870283753, -2.53789324272618
-29.7652556776304, 0.614842913349173, -2.55524699489974
-29.7652556776304, 0.30752187578099, -2.5675248775063
-29.7652556776304, 1.4404263959891E-06, -2.57154371016299
-29.1845422997031, 3.90573308630742, -0.00279620092514111
-29.1845428204645, 3.89339857038979, -0.313737021699849
-29.1845428354956, 3.87976292239952, -0.624621571154316
-29.1845428354956, 3.86246594012325, -0.935323029272452
-29.1845428354956, 3.83847365152733, -1.24557042836713
-29.1845428354956, 3.80187680124397, -1.55456017367668
-29.1845428354956, 3.74239618304405, -1.85986887492953
-29.1845428354956, 3.63667735813099, -2.15172385713958
-29.1845428354956, 3.40758104802447, -2.35347154863675
-29.1845428354956, 3.10492546423006, -2.42104092649309
-29.1845428354956, 2.79530544209065, -2.45211139839433
-29.1845428354956, 2.48525340324829, -2.47863266428921
-29.1845428354956, 2.17500118880123, -2.50270587992761
-29.1845428354956, 1.86461244744811, -2.52495321683645
-29.1845428354956, 1.55412711155104, -2.54581148752108
-29.1845428354956, 1.24354815329213, -2.56522392525556
-29.1845428354956, 0.932868709282999, -2.5829544223676
-29.1845428354956, 0.622078704969702, -2.59861843527564
-29.1845428354956, 0.311153862952599, -2.61131362869162
-29.1845428354956, 5.76174237630494E-05, -2.61674802850335
-28.5889393956157, 3.92484346207884, -0.00273913652653409
-28.5889399070553, 3.91542492080643, -0.317725511399764
-28.5889399204855, 3.90264202212458, -0.632580982387434
-28.5889399204855, 3.88513400601791, -0.947219289172749
-28.5889399204855, 3.86170633048358, -1.26146518011462
-28.5889399204855, 3.82681474750993, -1.57462378601394
-28.5889399204855, 3.76990131045146, -1.8844369883196
-28.5889399204854, 3.6674875001479, -2.18169808390918
-28.5889399204855, 3.44519850739224, -2.39744940028544
-28.5889399204855, 3.14290701478089, -2.48133619594176
-28.5889399204855, 2.83008387394975, -2.51917384495926
-28.5889399204854, 2.51643349484572, -2.54961723530836
-28.5889399204855, 2.20243766004549, -2.57627980361473
-28.5889399204855, 1.88822371707939, -2.60024414238537
-28.5889399204855, 1.57385119960684, -2.62203057853478
-28.5889399204855, 1.25933227092739, -2.64158980300188
-28.5889399204855, 0.944688542905106, -2.65902828320831
-28.5889399204854, 0.629944479531184, -2.67455348639209
-28.5889399204855, 0.315113875581465, -2.6882112190637
-28.5889399204855, 0.000115235502559573, -2.69481952362298
-27.9933364915395, 3.94357022385514, -0.00268207212433068
-27.9933369954311, 3.9358150045718, -0.328868779619442
-27.9933370054753, 3.92215823069926, -0.654831392413921
-27.9933370054753, 3.90306015253663, -0.980549396849007
-27.9933370054753, 3.87895160461024, -1.30593003217388
-27.9933370054753, 3.8444741664195, -1.63035313652899
-27.9933370054753, 3.78608324573682, -1.95120024406456
-27.9933370054754, 3.67328497955173, -2.25614422473068
-27.9933370054753, 3.43290496123366, -2.46989176021702
-27.9933370054753, 3.1199620111248, -2.55823170847582
-27.9933370054753, 2.79690290828623, -2.6037391423909
-27.9933370054753, 2.4726213459589, -2.63974521691626
-27.9933370054753, 2.14783324044011, -2.67087689080367
-27.9933370054753, 1.82272135659725, -2.69843187017175
-27.9933370054753, 1.49735034805651, -2.72273633052596
-27.9933370054753, 1.17175219428478, -2.7437836022234
-27.9933370054754, 0.845991487879875, -2.7621526451825
-27.9933370054753, 0.520119760179095, -2.77843868181796
-27.9933370054753, 0.194167841857982, -2.79303564144428
-27.9933370054753, 0.132412930263358, -2.79501445489915
-27.3977335874639, 3.96192959711651, -0.0026250077186812
-27.3977340821291, 3.95427675647182, -0.33517492256545
-27.3977340904652, 3.93976248055502, -0.667460118916997
-27.3977340904652, 3.92006149910172, -0.999513262742582
-27.3977340904652, 3.89648746349024, -1.33131127120879
-27.3977340904652, 3.86421319877983, -1.66235604645195
-27.3977340904652, 3.80841420629012, -1.99011549510151
-27.3977340904652, 3.6961412217967, -2.30194546058035
-27.3977340904652, 3.45713394198928, -2.52730629472486
-27.3977340904652, 3.14249027685623, -2.63157856162235
-27.3977340904652, 2.81463234250032, -2.68742739632548
-27.3977340904652, 2.4847903082266, -2.73040837197271
-27.3977340904652, 2.15419282573412, -2.76716512846963
-27.3977340904652, 1.82311804823805, -2.79935260491339
-27.3977340904652, 1.49166546471634, -2.82738296134605
-27.3977340904652, 1.15988355492635, -2.85120293045388
-27.3977340904652, 0.827864353157919, -2.87146363738076
-27.3977340904652, 0.495692788681003, -2.88905978689694
-27.3977340904652, 0.163424518347229, -2.90473162099188
-27.3977340904652, 0.169621980227859, -2.90442413993502
-26.8021306833884, 3.979933466521, -0.00256794330969702
-26.8021311682024, 3.97084426416262, -0.339426248488551
-26.8021311754551, 3.9558328607329, -0.676048294798636
-26.8021311754551, 3.93657277029499, -1.01247772824845
-26.8021311754551, 3.91415941801305, -1.34871023409816
-26.8021311754551, 3.88435241360414, -1.6843517679728
-26.8021311754551, 3.83293383261346, -2.01724520324204
-26.8021311754551, 3.72689059272461, -2.33593434516614
-26.8021311754551, 3.49641644898877, -2.57642280075274
-26.8021311754551, 3.18450231842541, -2.70051882694692
-26.8021311754551, 2.85457694361611, -2.768599136227
-26.8021311754551, 2.52145834615868, -2.81938802540133
-26.8021311754551, 2.18721217636654, -2.86219209241886
-26.8021311754551, 1.85230229508937, -2.89946683877793
-26.8021311754551, 1.51688603201317, -2.93187138723574
-26.8021311754551, 1.18101961196367, -2.95921536282008
-26.8021311754551, 0.844800189282806, -2.98182267093419
-26.8021311754551, 0.50835257746239, -3.00075293608773
-26.8021311754551, 0.171772249273328, -3.01716887418552
-26.8021311754551, 0.165722324278001, -3.01744068092979
-26.2065277793129, 3.99757623180241, -0.0025108788973256
-26.2065282541613, 3.9862009962938, -0.34364135413225
-26.206528260445, 3.97084776828292, -0.684606081631715
-26.206528260445, 3.95248713115015, -1.02543144661329
-26.206528260445, 3.93138018969665, -1.36609679685653
-26.206528260445, 3.9038229228067, -1.70628841024045
-26.206528260445, 3.85705452228638, -2.04427617810095
-26.206528260445, 3.75777165321071, -2.36975359722137
-26.206528260445, 3.5357140243778, -2.62405779640414
-26.206528260445, 3.22740440194139, -2.76737422591723
-26.206528260445, 2.89610013007667, -2.84875448736422
-26.206528260445, 2.55994336358121, -2.9077680417671
-26.206528260445, 2.22213768337546, -2.95657077855571
-26.206528260445, 1.88345876587151, -2.99891732293122
-26.206528260445, 1.54413667044318, -3.03576006327069
-26.206528260445, 1.20423250768178, -3.06676723034644
-26.206528260445, 0.863840852126086, -3.09187225759691
-26.206528260445, 0.523114773933885, -3.11196146323613
-26.206528260445, 0.18219367868438, -3.12843888699833
-26.206528260445, 0.159753538780063, -3.12956501194275
-25.6109248752374, 4.01484909030353, -0.00245381448148434
-25.6109253400316, 4.00108773929559, -0.347920774910493
-25.6109253454349, 3.9853374440073, -0.693300643003158
-25.6109253454349, 3.96790169812405, -1.03860135284585
-25.6109253454349, 3.94820222908891, -1.38377951225771
-25.6109253454349, 3.92283558019956, -1.72857822599326
-25.6109253454349, 3.88093952624437, -2.07168479763672
-25.6109253454349, 3.78814380974195, -2.40370261770848
-25.6109253454349, 3.57399438761623, -2.67061230354812
-25.6109253454349, 3.26964423465603, -2.83184694261585
-25.6109253454349, 2.93756728202769, -2.92722691767603
-25.6109253454349, 2.59850257891888, -2.99463843638099
-25.6109253454349, 2.25707926174018, -3.04904337978047
-25.6109253454349, 1.9145595715962, -3.09609204852103
-25.6109253454349, 1.5712508752437, -3.13699195414864
-25.6109253454349, 1.22722918556863, -3.17137086061157
-25.6109253454349, 0.882591419777242, -3.19889680503056
-25.6109253454349, 0.537489977858535, -3.21984124274967
-25.6109253454349, 0.192105799145789, -3.23549193963171
-25.6109253454349, 0.154384788556598, -3.237014524429
-25.0153219711619, 4.03173628893389, -0.00239675006202545
-25.0153224258055, 4.0160623195542, -0.35218727497449
-25.0153224304248, 3.99976557985841, -0.701949174336874
-25.0153224304248, 3.98302317464126, -1.05169012423768
-25.0153224304248, 3.96470060891511, -1.40135115146812
-25.0153224304248, 3.94155919471272, -1.7507201275456
-25.0153224304248, 3.90462827024607, -2.09884263669342
-25.0153224304248, 3.81768534358571, -2.43699719505029
-25.0153224304248, 3.61110089976901, -2.71556159613986
-25.0153224304248, 3.31085196954803, -2.89314194813907
-25.0153224304248, 2.97862210599198, -3.00272919607657
-25.0153224304248, 2.63685866814275, -3.07855196181866
-25.0153224304248, 2.29181156698647, -3.13798246843497
-25.0153224304248, 1.94543326909359, -3.1891375219792
-25.0153224304248, 1.59810975112971, -3.23342709288474
-25.0153224304248, 1.24995394779683, -3.27060284133111
-25.0153224304248, 0.901080868345577, -3.30029397926496
-25.0153224304248, 0.551605204682932, -3.3217429934603
-25.0153224304248, 0.201746285104651, -3.33568149889513
-25.0153224304248, 0.149279687976713, -3.33720050347484
-24.4197190670864, 4.04821069571366, -0.00233968563869446
-24.4197195114758, 4.03117869883163, -0.356326586110988
-24.4197195154147, 4.01429276868483, -0.710320384272416
-24.4197195154147, 3.99799979955616, -1.06434207319245
-24.4197195154147, 3.98087480726738, -1.418324042178
-24.4197195154146, 3.95980791066069, -1.77208934681288
-24.4197195154147, 3.92742633462939, -2.12495131094148
-24.4197195154147, 3.84547910328823, -2.46873580338335
-24.4197195154147, 3.64618262291447, -2.75802432329309
-24.4197195154147, 3.34996666654937, -2.9501633594911
-24.4197195154147, 3.01803369905273, -3.07330656282321
-24.4197195154146, 2.67387659268766, -3.15743542183781
-24.4197195154147, 2.3253351119438, -3.22148655137426
-24.4197195154147, 1.97519321304139, -3.27618618149434
-24.4197195154147, 1.62393532042767, -3.32319549345557
-24.4197195154147, 1.27173776299549, -3.3625486663902
-24.4197195154147, 0.918750693292538, -3.39402598628454
-24.4197195154147, 0.565031085607767, -3.41570449856148
-24.4197195154146, 0.210841411696709, -3.42754607346299
-24.4197195154147, 0.14457424476933, -3.42903731116517
-23.8141161631944, 4.06451175163548, -0.00228166311604464
-23.8141165970488, 4.04666616261803, -0.360274361153957
-23.8141166004045, 4.02929883601992, -0.718290210360448
-23.8141166004045, 4.01322070302154, -1.07636654830052
-23.8141166004045, 3.99695504934362, -1.43443436108595
-23.8141166004045, 3.97759323091212, -1.79234566556441
-23.8141166004045, 3.94884463846595, -2.14958418813911
-23.8141166004046, 3.87096451013257, -2.49848651930833
-23.8141166004045, 3.67886297596871, -2.797701475063
-23.8141166004045, 3.38657087206107, -3.00277308528473
-23.8141166004045, 3.055094650445, -3.13811942948815
-23.8141166004045, 2.70888488575019, -3.23037594789889
-23.8141166004045, 2.35708912898726, -3.29892521172608
-23.8141166004045, 2.00335300077641, -3.35672658195575
-23.8141166004045, 1.64830695880541, -3.40585435993428
-23.8141166004045, 1.2922208283729, -3.4467751127699
-23.8141166004045, 0.935296397744278, -3.47956683386463
-23.8141166004045, 0.577534378849282, -3.50125864474976
-23.8141166004045, 0.219245340983615, -3.51110599879359
-23.8141166004045, 0.140335181081296, -3.51272049218022
-22.335108902822, 4.10214337597834, -0.00213996012206868
-22.3351093105251, 4.08441010009341, -0.36814779556302
-22.3351093128793, 4.06699299550453, -0.734170628103307
-22.3351093128793, 4.05050438828798, -1.10023665635729
-22.3351093128793, 4.03419153323569, -1.46631052106102
-22.3351093128793, 4.01607763679276, -1.83229853678459
-22.3351093128793, 3.99007291960516, -2.19777171220771
-22.3351093128793, 3.91775747868294, -2.55624154005269
-22.3351093128793, 3.74169219977246, -2.87493101918304
-22.3351093128793, 3.45878284823778, -3.10510480917555
-22.3351093128793, 3.12758076961748, -3.2608186298698
-22.3351093128793, 2.7779023149145, -3.36973560268738
-22.3351093128793, 2.42016753787281, -3.44888348338472
-22.3351093128793, 2.05927690595292, -3.51228937246244
-22.3351093128793, 1.69653222231277, -3.56408446083875
-22.3351093128792, 1.33253548481404, -3.60622988164273
-22.3351093128793, 0.967651313241572, -3.63981266573088
-22.3351093128793, 0.601840795554633, -3.66081977595835
-22.3351093128793, 0.235494722335794, -3.6682638277473
-22.3351093128793, 0.132381814851256, -3.66846632668855
-20.8461016426332, 4.13573299743175, -0.00199729899248481
-20.8461020235658, 4.11936729129593, -0.373221169634728
-20.846102025354, 4.10280675736377, -0.744436407584128
-20.846102025354, 4.08554650668234, -1.11561964714879
-20.846102025354, 4.06694276068565, -1.48673776705433
-20.846102025354, 4.04591915147793, -1.85772574200353
-20.846102025354, 4.01711245139756, -2.22815338163943
-20.846102025354, 3.94502028238531, -2.59207103777828
-20.846102025354, 3.77743278631877, -2.9214889578439
-20.846102025354, 3.50508336936547, -3.17153455816881
-20.846102025354, 3.17459269471015, -3.34010907629632
-20.846102025354, 2.82299161559343, -3.45976224587832
-20.846102025354, 2.46166938134551, -3.54609755671092
-20.846102025354, 2.09586863161502, -3.61123214634119
-20.846102025354, 1.72785427681646, -3.66249489000669
-20.846102025354, 1.35852210128573, -3.70326114499236
-20.846102025354, 0.988335479114825, -3.73533477389855
-20.846102025354, 0.617290157417926, -3.75493832143394
-20.846102025354, 0.245787576427874, -3.76218061566486
-20.846102025354, 0.127520829096613, -3.76277670299961
-19.3570943824444, 4.16241759766539, -0.00185463779812972
-19.3570947359116, 4.14929763105227, -0.369385749005633
-19.3570947378287, 4.13518063156571, -0.736878989355541
-19.3570947378287, 4.1173487967243, -1.10420960401328
-19.3570947378287, 4.09561641505925, -1.47133090705963
-19.3570947378287, 4.07056066368366, -1.83823997725722
-19.3570947378287, 4.03875339532718, -2.20460253398258
-19.3570947378287, 3.97101021307957, -2.5656334415731
-19.3570947378287, 3.82154939025968, -2.90001891439922
-19.3570947378287, 3.57453283714389, -3.17047437531467
-19.3570947378287, 3.26013076864058, -3.35955131838267
-19.3570947378287, 2.91677373502969, -3.49063836228681
-19.3570947378287, 2.56121141985101, -3.58404148639787
-19.3570947378287, 2.1996497728654, -3.65106954890921
-19.3570947378287, 1.83552668098474, -3.7025584703267
-19.3570947378287, 1.46996533337591, -3.74266122764663
-19.3570947378287, 1.10355129735616, -3.77406721247053
-19.3570947378287, 0.736394254962882, -3.79490936236446
-19.3570947378287, 0.368761824879988, -3.80438621211718
-19.3570947378287, 0.00100831372759338, -3.80688070705062
-17.8680871222558, 4.18376148290626, -0.0017119765536771
-17.8680874486422, 4.17478586761149, -0.370812643017718
-17.8680874503034, 4.16334147407003, -0.739838985270249
-17.8680874503034, 4.14308493453926, -1.10848370107517
-17.8680874503034, 4.11689214125967, -1.47676242243108
-17.8680874503034, 4.08829712909055, -1.8448611649681
-17.8680874503034, 4.05069768255995, -2.21211484118851
-17.8680874503034, 3.97657547270781, -2.573411693793
-17.8680874503034, 3.82681647545737, -2.90951229948124
-17.8680874503034, 3.58239221690347, -3.18431135420438
-17.8680874503034, 3.2722584678146, -3.38301588031472
-17.8680874503034, 2.92940288217273, -3.51910076765995
-17.8680874503034, 2.57228350757893, -3.61220163749336
-17.8680874503034, 2.20916709222409, -3.67877292582985
-17.8680874503034, 1.84349739223604, -3.72962066468344
-17.8680874503034, 1.47631620636441, -3.76814421663255
-17.8680874503034, 1.10823458792496, -3.79686083801741
-17.8680874503034, 0.739484058033752, -3.8149568817702
-17.8680874503034, 0.370358322831865, -3.82240446204209
-17.8680874503034, 0.00115235529347818, -3.82372049170343
-16.3790801627705, 4.20865375010736, -0.00313863080025451
-16.3790801627781, 4.19451950376197, -0.372329322667149
-16.3790801627781, 4.17791152989395, -0.741412065995878
-16.3790801627781, 4.15381128364724, -1.11008012064078
-16.3790801627781, 4.12491260924384, -1.47840885450747
-16.3790801627781, 4.09391261230406, -1.8465655229078
-16.3790801627781, 4.05336988366064, -2.21375499013244
-16.3790801627781, 3.97652867655435, -2.57476147684654
-16.3790801627781, 3.82668233258931, -2.91120073959392
-16.3790801627781, 3.58283987349305, -3.18680403979657
-16.3790801627781, 3.27422949544343, -3.38839806967543
-16.3790801627781, 2.93183950602662, -3.5261978823615
-16.3790801627781, 2.57436336642166, -3.61891802811196
-16.3790801627781, 2.21099185906171, -3.68550101825657
-16.3790801627781, 1.84507515653932, -3.73639144314581
-16.3790801627781, 1.47760447164496, -3.77455122241989
-16.3790801627781, 1.10920492652664, -3.80239738924029
-16.3790801627781, 0.740152722308752, -3.81944332459807
-16.3790801627781, 0.370755542093502, -3.82581112227564
-16.3790801627781, 0.00129639658048168, -3.82686325999894
-14.890072601878, 4.2065551354781, -0.00142665387815905
-14.8900728736771, 4.19626132292553, -0.367057700485707
-14.8900728752528, 4.16860455462818, -0.731671349416389
-14.8900728752528, 4.13353788222924, -1.09576125806027
-14.8900728752528, 4.09533225946982, -1.45953543823163
-14.8900728752528, 4.05333593155413, -1.82288894117144
-14.8900728752528, 4.00120189736431, -2.18489338034794
-14.8900728752528, 3.91554388128217, -2.54017907754886
-14.8900728752528, 3.76766917092183, -2.87386193852418
-14.8900728752528, 3.5355721594905, -3.15483549458424
-14.8900728752528, 3.23581500203821, -3.36283781216383
-14.8900728752528, 2.89915077213534, -3.50473700208157
-14.8900728752528, 2.54654041332495, -3.60143053933846
-14.8900728752528, 2.18771515189462, -3.67217898749424
-14.8900728752528, 1.82604849678278, -3.7266888838539
-14.8900728752528, 1.46263060163565, -3.76801824904106
-14.8900728752528, 1.09816316653414, -3.79879452898666
-14.8900728752528, 0.732902806428594, -3.81784399870174
-14.8900728752528, 0.36721306872943, -3.82529576160801
-14.8900728752528, 0.00144043779645776, -3.82651753703657
-13.4010653416892, 4.19348174149686, -0.00128399231086211
-13.4010655858322, 4.1866030488406, -0.358779753985335
-13.4010655877276, 4.14149494579688, -0.712810143378612
-13.4010655877276, 4.08399936192656, -1.06571904106554
-13.4010655877276, 4.02410984528186, -1.41822783151689
-13.4010655877276, 3.95827952755275, -1.76967043997007
-13.4010655877276, 3.88228745645512, -2.11903813927975
-13.4010655877276, 3.78058221493499, -2.46163225848194
-13.4010655877276, 3.63361354266963, -2.78718489582188
-13.4010655877276, 3.42292195930553, -3.07490244911125
-13.4010655877276, 3.14529406548455, -3.29868863290296
-13.4010655877276, 2.82440629613233, -3.45518764084031
-13.4010655877276, 2.48367924741522, -3.56306396796982
-13.4010655877276, 2.13533236540003, -3.64348218058722
-13.4010655877276, 1.78332434439881, -3.70608781833212
-13.4010655877276, 1.42901834951281, -3.75407937569317
-13.4010655877276, 1.07330910763619, -3.7902973535385
-13.4010655877276, 0.716536739521389, -3.81367528258166
-13.4010655877276, 0.359135788105324, -3.82391602474377
-13.4010655877276, 0.00158447901243472, -3.8261718140742
-11.9120580815002, 4.15465803276707, -0.0011413305020195
-11.9120582977417, 4.14198040607798, -0.346777002449329
-11.9120583002023, 4.07748102198068, -0.684946658279
-11.9120583002023, 3.99140766102329, -1.01993304950098
-11.9120583002023, 3.90267781689121, -1.35422409847422
-11.9120583002023, 3.80864602649502, -1.68705822958212
-11.9120583002023, 3.70584554339338, -2.01727809004974
-11.9120583002023, 3.58609159332968, -2.34167075153092
-11.9120583002023, 3.43757265228955, -2.65385483282502
-11.9120583002023, 3.24781950969888, -2.94244246156048
-11.9120583002023, 3.00217525753577, -3.18488892319445
-11.9120583002023, 2.71048495269747, -3.36964482794477
-11.9120583002023, 2.39078054217956, -3.50091597819569
-11.9120583002023, 2.05906711826231, -3.59852060655646
-11.9120583002023, 1.72159315807169, -3.67406177895108
-11.9120583002023, 1.38072824453092, -3.73248149609499
-11.9120583002023, 1.03758637895142, -3.7756352632934
-11.9120583002023, 0.693028831114946, -3.80544473619727
-11.9120583002023, 0.347554166030237, -3.82150213549489
-11.9120583002023, 0.00172852022840991, -3.82582609111183
-10.4230508213113, 4.07279121889156, -0.000998668289419822
-10.4230510094382, 4.05032414213008, -0.332062939951773
-10.423051012677, 3.96747433123594, -0.650264820745782
-10.423051012677, 3.85135238648346, -0.961108055113014
-10.423051012677, 3.7324498133861, -1.27089746531826
-10.423051012677, 3.60975665466068, -1.57920401251647
-10.423051012677, 3.48183084047677, -1.88537282720335
-10.423051012677, 3.34533629377515, -2.18780338654722
-10.423051012677, 3.1938311770243, -2.48296364169784
-10.423051012677, 3.02005130018031, -2.76547972589825
-10.423051012677, 2.80870278541415, -3.02074616513837
-10.423051012677, 2.55559830474789, -3.2346968095715
-10.423051012677, 2.26868936174717, -3.40051541786458
-10.423051012677, 1.9614002107144, -3.52534189471303
-10.423051012677, 1.64406637698435, -3.62206591837905
-10.423051012677, 1.32102249582242, -3.69767397612039
-10.423051012677, 0.993864464473502, -3.75282515951669
-10.423051012677, 0.664320840476044, -3.79148458273326
-10.423051012677, 0.333524741754681, -3.8173189201642
-10.423051012677, 0.00187256144438644, -3.82548036814946
-8.92404356130618, 3.93402972608443, -0.000855047445438482
-8.92404372096957, 3.90021052842051, -0.315126072312442
-8.92404372515171, 3.8035938430802, -0.611049059444052
-8.92404372515171, 3.66124285825855, -0.893265106965627
-8.92404372515171, 3.51690645530406, -1.17447059864718
-8.92404372515171, 3.37006808770099, -1.4543771711249
-8.92404372515171, 3.22037818495106, -1.73276907401833
-8.92404372515171, 3.06799301498911, -2.00969524559329
-8.9240437251517, 2.91156121650936, -2.2843493812132
-8.92404372515171, 2.74599022264321, -2.55356977328411
-8.92404372515171, 2.56319675180583, -2.81129721081193
-8.92404372515171, 2.35040477363784, -3.04467272792125
-8.92404372515171, 2.10766445580793, -3.24670030683156
-8.92404372515171, 1.83617217063902, -3.40803568567671
-8.92404372515171, 1.54782333244432, -3.5372018943549
-8.9240437251517, 1.24906664153376, -3.64015939362659
-8.92404372515171, 0.942710900905335, -3.71753824212956
-8.92404372515171, 0.631106330121023, -3.77026316790133
-8.92404372515171, 0.317417441419327, -3.80897668756156
-8.9240437251517, 0.00201757002443924, -3.82513232335183
-8.33844065704979, 3.86058191660609, -0.000798940276303595
-8.33844080553544, 3.82118631995325, -0.307689124427103
-8.33844081014159, 3.72081598094471, -0.594693678735851
-8.33844081014159, 3.57018188064059, -0.864958109337999
-8.33844081014158, 3.41810319298316, -1.13441210582974
-8.33844081014159, 3.26405582024365, -1.40274482536328
-8.33844081014159, 3.10760018168311, -1.66968076398433
-8.33844081014159, 2.94945443860238, -1.93561954459187
-8.33844081014159, 2.79001550151281, -2.20078396906576
-8.33844081014159, 2.62575407723045, -2.46297738213226
-8.33844081014159, 2.4503997585054, -2.71783601895331
-8.33844081014159, 2.25224358699041, -2.9552244881055
-8.33844081014159, 2.02739752875191, -3.16751978466514
-8.33844081014159, 1.77515244105587, -3.34614648477826
-8.33844081014159, 1.50196170700053, -3.49108726134422
-8.33844081014159, 1.21561047440313, -3.608004849812
-8.33844081014159, 0.919682672363693, -3.69789893831566
-8.33844081014158, 0.616552373257929, -3.75949839980488
-8.33844081014159, 0.31038813497593, -3.80405808804656
-8.33844081014159, 0.00207421914675268, -3.82499635600214
-7.74283775297152, 3.77247707543692, -0.000741874871987588
-7.74283789006221, 3.72684444293832, -0.299554298382215
-7.74283789513148, 3.62380584004931, -0.577595505931729
-7.74283789513148, 3.46617167199529, -0.835515535610255
-7.74283789513148, 3.30743006790334, -1.09275526337039
-7.74283789513148, 3.14719121465346, -1.34906470587008
-7.74283789513148, 2.98493674998503, -1.6041028408078
-7.74283789513148, 2.82147981406572, -1.85837269947941
-7.74283789513147, 2.65828110092207, -2.11280831604431
-7.74283789513148, 2.49406707477377, -2.36658779493687
-7.74283789513148, 2.32407729097776, -2.61651758250456
-7.74283789513148, 2.13926022204506, -2.85558733435817
-7.74283789513147, 1.93239072067256, -3.07583214239326
-7.74283789513148, 1.70232241476649, -3.27150938872719
-7.74283789513147, 1.44810231707517, -3.43471136085255
-7.74283789513147, 1.17697893659467, -3.56804467941203
-7.74283789513148, 0.893571235037294, -3.67275886846475
-7.74283789513148, 0.600512496921828, -3.74632663812654
-7.74283789513148, 0.302723952768984, -3.79805575769949
-7.74283789513148, 0.00213183563314284, -3.82485806681719
-7.14723484889611, 3.66936353015099, -0.000684809326886003
-7.14723497458718, 3.61767667526954, -0.290988062611363
-7.14723498012136, 3.51334754294097, -0.560373640202314
-7.14723498012136, 3.35001769109272, -0.805875256589199
-7.14723498012136, 3.18580426852469, -1.05078659098469
-7.14723498012136, 3.0203620230707, -1.29486930159398
-7.14723498012136, 2.85323398728223, -1.53780051541129
-7.14723498012136, 2.68511314809471, -1.7800465022347
-7.14723498012136, 2.51775202564214, -2.0228169943034
-7.14723498012137, 2.35199445897729, -2.26668601307506
-7.14723498012136, 2.18497012786985, -2.50968628156127
-7.14723498012136, 2.01101690194427, -2.74774318289511
-7.14723498012136, 1.82215145271546, -2.97410590933016
-7.14723498012136, 1.61557922449154, -3.184344696758
-7.14723498012136, 1.38478786369086, -3.36755248919718
-7.14723498012136, 1.13255264349333, -3.51990636006221
-7.14723498012136, 0.864059169063636, -3.64140100116492
-7.14723498012136, 0.582929742605822, -3.72979657913538
-7.14723498012136, 0.294522547742894, -3.79090866365902
-7.14723498012136, 0.00218945211953345, -3.82471977763224
-6.55163194482075, 3.54955212436694, -0.000627743625153523
-6.55163205916358, 3.49275196924099, -0.282273622972215
-6.55163206511125, 3.38879967368159, -0.543605735853994
-6.55163206511125, 3.22119651140075, -0.776972315993558
-6.55163206511125, 3.05262995728481, -1.00964391397666
-6.55163206511125, 2.88286435609786, -1.24144179419366
-6.55163206511125, 2.71164486167115, -1.4721677251251
-6.55163206511125, 2.53959413610061, -1.70227512194833
-6.55163206511125, 2.36832926077651, -1.93296723399438
-6.55163206511125, 2.19971263589034, -2.16560000194483
-6.55163206511125, 2.03305662369676, -2.39964407191386
-6.55163206511125, 1.86598611041838, -2.63339165346393
-6.55163206511125, 1.69450094239593, -2.86390499352998
-6.55163206511125, 1.51229267798019, -3.08598827045561
-6.55163206511125, 1.30928902107879, -3.28904898765242
-6.55163206511125, 1.08081961527325, -3.462858034533
-6.55163206511125, 0.830444809885456, -3.60334851468018
-6.55163206511125, 0.563378008619421, -3.7087364050687
-6.55163206511125, 0.285723236804529, -3.78217981573812
-6.55163206511125, 0.00224706860592406, -3.82458148844729
-5.95602904074546, 3.4111403147709, -0.000570677748943737
-5.95602914386147, 3.35090784947711, -0.273799556410648
-5.95602915010114, 3.24922965037372, -0.527955533748709
-5.95602915010114, 3.07892225540829, -0.749940182084167
-5.95602915010114, 2.90710206736422, -0.970755815389629
-5.95602915010114, 2.7337492867036, -1.1903704557609
-5.95602915010114, 2.55911696474356, -1.40896929040906
-5.95602915010114, 2.38395034674573, -1.62714056804349
-5.95602915010114, 2.20970462906578, -1.84604716460086
-5.95602915010114, 2.03802382195444, -2.06696817951486
-5.95602915010114, 1.86990485754692, -2.29061266048719
-5.95602915010114, 1.70521841003022, -2.51679292006227
-5.95602915010114, 1.54712490090752, -2.74762050057506
-5.95602915010114, 1.39012470346418, -2.97919443493559
-5.95602915010114, 1.21845054290426, -3.19996131526796
-5.95602915010114, 1.01954273859835, -3.39632239630721
-5.95602915010114, 0.791847485526731, -3.55839718636873
-5.95602915010114, 0.541267079275537, -3.68226546486921
-5.95602915010114, 0.276144293542303, -3.77110804893616
-5.95602915010114, 0.00230468509231467, -3.82444319926235
-5.36042613667028, 3.25355525892904, -0.000513611692883224
-5.36042622871845, 3.19147600380783, -0.265858900723414
-5.36042623509102, 3.09318992270799, -0.513665881585641
-5.36042623509102, 2.92118204710227, -0.725029647254587
-5.36042623509102, 2.74698677110638, -0.934594303506327
-5.36042623509102, 2.57088481856317, -1.14255998187893
-5.36042623509102, 2.39354955188997, -1.34947565123984
-5.36042623509102, 2.2159867040746, -1.55619622776269
-5.36042623509102, 2.03949602658025, -1.76383197740153
-5.36042623509102, 1.86554105344811, -1.97359389899872
-5.36042623509102, 1.69566270059552, -2.18666782912675
-5.36042623509102, 1.53069614010359, -2.40355976120228
-5.36042623509103, 1.37888734358496, -2.62975174356231
-5.36042623509102, 1.24620189847532, -2.86775719732816
-5.36042623509102, 1.10876382380921, -3.10300937195615
-5.36042623509102, 0.945856921189537, -3.32111928583429
-5.36042623509102, 0.746964885735508, -3.50681652511493
-5.36042623509102, 0.516284649581028, -3.65116366918665
-5.36042623509102, 0.265558371128581, -3.75733853915774
-5.36042623509102, 0.00236230157870439, -3.8243049100774
-4.76482323259523, 3.07808922921374, -0.000456545469093875
-4.76482331373209, 3.01419238091079, -0.258529547275025
-4.76482332008091, 2.91877653110199, -0.500672910521941
-4.76482332008091, 2.74518903906712, -0.70204538615206
-4.76482332008091, 2.56901648399694, -0.901160805600244
-4.76482332008091, 2.39074576483928, -1.09840087446668
-4.76482332008091, 2.21113988771691, -1.29442692287483
-4.76482332008091, 2.03141110267008, -1.49034037098156
-4.76482332008091, 1.85286735436632, -1.68733320986069
-4.76482332008091, 1.67699129014944, -1.88670790218258
-4.76482332008091, 1.50574670438076, -2.09006749745904
-4.76482332008091, 1.34089030822579, -2.29863437071623
-4.76482332008091, 1.19048094824445, -2.5176765743293
-4.76482332008091, 1.07751014102541, -2.75805978003603
-4.76482332008091, 0.976930166446214, -3.00415858088852
-4.76482332008091, 0.857343043597694, -3.24136967951807
-4.76482332008091, 0.694858646124567, -3.45111674642545
-4.76482332008091, 0.489094252729364, -3.61854812624672
-4.76482332008091, 0.254477989186949, -3.74293113426168
-4.76482332008091, 0.00241991806509544, -3.82416662089245
-4.16922032852027, 2.88587713633262, -0.000399479088221474
-4.1692204050708, 2.81831041189276, -0.252086151436374
-4.16922040507079, 2.72301504793365, -0.489255264313697
-4.16922040507079, 2.54681457762712, -0.681255723684766
-4.1692204050708, 2.36791038428777, -0.870740539350177
-4.16922040507079, 2.18701566367162, -1.05832738538868
-4.16922040507079, 2.00499436462379, -1.24482214175461
-4.16922040507079, 1.82272926203698, -1.4310788105436
-4.1692204050708, 1.64140125980188, -1.6182467984462
-4.1692204050708, 1.46251101799242, -1.80774234630283
-4.1692204050708, 1.28866532392348, -2.00186301467954
-4.16922040507079, 1.12384921772705, -2.20367915514423
-4.16922040507079, 0.976806360549212, -2.41860585454676
-4.1692204050708, 0.88428977894289, -2.66119486980212
-4.16922040507079, 0.827736939983085, -2.91557448361363
-4.1692204050708, 0.758137016071762, -3.16653137250393
-4.1692204050708, 0.638089543960576, -3.39695965766123
-4.16922040507079, 0.461678752645552, -3.58770343222793
-4.1692204050708, 0.244476943783004, -3.73079721403327
-4.16922040507079, 0.00247753455148561, -3.8240283317075
-3.57361742444538, 2.67693222618687, -0.000342412550390246
-3.57361748427109, 2.60079891370102, -0.246883538377976
-3.57361749006068, 2.49982430059732, -0.479883221352808
-3.57361749006068, 2.31858688738412, -0.663549765189361
-3.57361749006068, 2.13517093262086, -0.845042178023331
-3.57361749006068, 1.95026525508946, -1.02501759055863
-3.57361749006068, 1.76452473230251, -1.20413173641372
-3.57361749006068, 1.57859952573213, -1.3830542205748
-3.57361749006068, 1.39328367557442, -1.56260726828094
-3.57361749006068, 1.20976371877639, -1.74399289384435
-3.57361749006068, 1.03028743331466, -1.92936867063641
-3.57361749006068, 0.859929017053426, -2.12309974001401
-3.57361749006068, 0.719427408699465, -2.3386836689521
-3.57361749006068, 0.676353182696482, -2.59017291361477
-3.57361749006068, 0.685397158715573, -2.84803195099506
-3.57361749006068, 0.668177806808769, -3.1051773313585
-3.57361749006068, 0.586418081962484, -3.34879344412418
-3.57361749006068, 0.437527244431421, -3.55844964323677
-3.57361749006068, 0.23664126302659, -3.71925826394383
-3.57361749006068, 0.00253515103787621, -3.82389004252255
-2.65464272273769, 2.30470331742355, -0.000508724615374543
-2.6859730726813, 2.21920293259258, -0.238010227642596
-2.72277160403427, 2.11877990515896, -0.46665431266007
-2.78387404959679, 1.95203160457785, -0.648764882506081
-2.84504485952704, 1.78509673794307, -0.830681506808565
-2.90619318589395, 1.61822322885205, -1.01266195743998
-2.9672280761064, 1.45165928651906, -1.19496370003352
-3.02805785369058, 1.285655095631, -1.37784356827671
-3.08849619707439, 1.12071912692455, -1.56181549009125
-3.14811040921925, 0.958032208682207, -1.74804171044352
-3.20593519750348, 0.800228620150051, -1.93895569812827
-3.25943879070547, 0.654217553665242, -2.14012513199802
-3.29533318992847, 0.556261898769384, -2.36992331611518
-3.28400562192516, 0.587174781173346, -2.62056702684321
-3.26894410761734, 0.628277586337455, -2.87090402482999
-3.27053148940255, 0.623945628547224, -3.12455379936062
-3.29870388725894, 0.547063280834291, -3.36422766000153
-3.34978597670497, 0.407660487266204, -3.56962657974758
-3.41871809155892, 0.219545054217052, -3.72514932282749
-3.49916724865347, 0.00127117653744184, -3.82387275643153
-2.04769475137708, 2.00915424677476, -0.000392415976232549
-2.11018706680646, 1.9194296873974, -0.234628697522465
-2.17971473118526, 1.81960398870051, -0.46146986574988
-2.28411411997329, 1.66971053229856, -0.644388175762215
-2.38819029897909, 1.52028113063834, -0.827869527324635
-2.49189989180338, 1.3713780622302, -1.0119851873798
-2.59517176300762, 1.22310346116591, -1.19685242438284
-2.69789259636959, 1.07562002341918, -1.38265692484285
-2.7997752720812, 0.929339986848288, -1.56986772074001
-2.90002368649159, 0.785406372779918, -1.75975562610308
-2.99658346407338, 0.646768790901688, -1.95537822846569
-3.08395928503661, 0.52131725366397, -2.16362700517773
-3.12351489093777, 0.464524521853662, -2.40629577040769
-3.07134650962129, 0.539426291693519, -2.64780375401788
-3.03349619524192, 0.593770617978251, -2.89707225686079
-3.03679863014718, 0.589029082723703, -3.1541375010976
-3.09242931186038, 0.509156247635381, -3.39238305668032
-3.18662070548134, 0.373919119170677, -3.59022047121847
-3.30868440253239, 0.198663788037155, -3.73462472461437
-3.44705199383393, 0.00127369725869783, -3.82386065612797
-1.62534026583622, 1.76959634972143, -0.000311480107388546
-1.71609653642348, 1.67884007913417, -0.232853054898685
-1.81406980938024, 1.58086680617741, -0.458680276521445
-1.94881501642697, 1.44612159913068, -0.64372188587478
-2.0829265747506, 1.31201004080704, -0.829681956653866
-2.21640174016945, 1.1785348753882, -1.01655548162549
-2.3491918296995, 1.04574478585815, -1.204402498027
-2.4811938364909, 0.913742779066751, -1.39335694138052
-2.61204978582762, 0.78288682973003, -1.58389759322732
-2.7406179475753, 0.654318667982351, -1.77752155128469
-2.86356347139669, 0.531373144160961, -1.97827046186698
-2.97213237185248, 0.422804243705164, -2.19468044054327
-2.98257715013198, 0.412359465425668, -2.44464236940036
-2.88637507072679, 0.508561544830855, -2.67265646405696
-2.82757290643479, 0.567363709122853, -2.92380144945589
-2.83901108524992, 0.555925530307726, -3.18664281959451
-2.92232835948048, 0.472608256077168, -3.42334863405273
-3.05371778305523, 0.341218832502417, -3.61166199689125
-3.2161276752097, 0.17880894034795, -3.74384120062124
-3.39493673901439, 0.00127621797995382, -3.8238485558244
-1.27766736874122, 1.54242018975848, -0.000244854922877201
-1.39676424891017, 1.45346922859848, -0.231863371700916
-1.52262102788984, 1.35946944083862, -0.457340022181055
-1.68302836640833, 1.23966456502579, -0.646187055826078
-1.84261362026093, 1.12047368700267, -0.836116076042701
-2.00140455728982, 1.00187606755053, -1.0270794420119
-2.15937778473567, 0.883889178230491, -1.21909628805233
-2.3164474213416, 0.766577161951575, -1.41226437006619
-2.47213478525315, 0.650297536148165, -1.60716590053169
-2.62479475634193, 0.53627900652975, -1.8057529268592
-2.76926177953826, 0.428379617805152, -2.01359556547127
-2.89114974558623, 0.337344053158764, -2.24218400123108
-2.83386000439074, 0.38013255892581, -2.48622498436024
-2.69496064885247, 0.483873573485598, -2.69940025882914
-2.61860994305229, 0.540898313819146, -2.95549881922557
-2.64803301445383, 0.518922839081832, -3.22521139106039
-2.76283469406776, 0.433179873103587, -3.45863988697315
-2.93147097202927, 0.307228975062925, -3.63438088677173
-3.12996286463693, 0.158979544810252, -3.75307575472381
-3.34282148419485, 0.00127873870120982, -3.82383645552083
-0.976340676837343, 1.31614085446164, -0.000187110593967467
-1.12444644871073, 1.23191558271508, -0.232030868090617
-1.27862959932263, 1.14423420747381, -0.458213317446071
-1.46271339220872, 1.0395488377961, -0.652988728624577
-1.64593540623883, 0.935353547319293, -0.848836662109438
-1.8283444809238, 0.831620561831632, -1.04568631323538
-2.00992829956608, 0.728356885632715, -1.24354305216408
-2.19062024654271, 0.625600401911519, -1.44247732675337
-2.36968012368138, 0.523772048970602, -1.64335217813828
-2.54457822024021, 0.424310430937123, -1.84900202314448
-2.70712888913424, 0.331870588201698, -2.06752902716863
-2.82176747034832, 0.266677547219804, -2.31828982930707
-2.65743652598068, 0.360129802798108, -2.52719812972642
-2.48054051333191, 0.460727602247564, -2.72888488097085
-2.39581985778364, 0.508906820017688, -2.99540569182523
-2.45446882172968, 0.475554136570396, -3.27181415728669
-2.60631991289018, 0.389198964477994, -3.49851771881949
-2.81346505384318, 0.27139899242382, -3.65819758813328
-3.04625373096211, 0.139015970871991, -3.76232706617635
-3.29070622937531, 0.00128125942246581, -3.82382435521726
-0.710185469296939, 1.08650895163886, -0.000136105746012578
-0.888422438247066, 1.009916778672, -0.234133725399618
-1.07216296039873, 0.930959613182952, -0.462749671278629
-1.27979385665633, 0.841736251648594, -0.666022950650451
-1.48667351962572, 0.752835710852757, -0.870201613281262
-1.69281057786086, 0.664254282924399, -1.07526812718716
-1.89821372127162, 0.575988233626535, -1.28120522492686
-2.1028510712615, 0.488051261862333, -1.48804323617159
-2.30536059134387, 0.401028663346735, -1.69734224436011
-2.50117849184763, 0.316881594454492, -1.91399310846068
-2.67747882364277, 0.241121635190676, -2.14945615322599
-2.67462925483318, 0.242346154819966, -2.40384686194902
-2.43714028785782, 0.344400157103784, -2.56338424480946
-2.22816824394264, 0.434199837984062, -2.76211737320353
-2.1547798050135, 0.465736393174257, -3.04797808971559
-2.2532758743685, 0.423410561305421, -3.32918329569623
-2.44933650185641, 0.339159187524788, -3.54313827628656
-2.69642998073507, 0.232977924542513, -3.68331668601701
-2.96331814816905, 0.118290467707274, -3.77189771773079
-3.23859097455577, 0.0012837801437218, -3.82381225491369
-0.474714324435389, 0.851877388880392, -9.098047040702E-05
-0.684958258609266, 0.785830994754183, -0.238474898377864
-0.900140489724382, 0.718233275461924, -0.47175829733454
-1.13243279162024, 0.645260568859079, -0.686485964104561
-1.36419682435956, 0.572453813645297, -0.901839800711356
-1.59542951097776, 0.499813976423559, -1.11782027150408
-1.82612769418293, 0.427342049031031, -1.33442782611029
-2.05608269566064, 0.355103586035331, -1.55190074603776
-2.28271121278045, 0.283910110605243, -1.7731644349138
-2.49661456794789, 0.216714139621258, -2.00776447179895
-2.67159309065624, 0.16174608301678, -2.27371224990781
-2.44726111357296, 0.232218119376698, -2.46325901170617
-2.1633552459999, 0.321404801019396, -2.59261740080673
-1.93001743508694, 0.394705945638192, -2.80031792489907
-1.89709250933921, 0.405049038917222, -3.11445870265743
-2.04343087349214, 0.35907805139453, -3.39705154791074
-2.28960056191053, 0.281745878520705, -3.59103364222959
-2.57750835077536, 0.191302026382526, -3.70934700465462
-2.87925555153071, 0.096510637390138, -3.78181208117288
-3.18647571973616, 0.0012863008649778, -3.82380015461012
-0.271850640711829, 0.611459525221633, -5.21033131353109E-05
-0.51523277492957, 0.5594707671536, -0.244044693303202
-0.76244418670571, 0.506664038673733, -0.483870359225707
-1.02002974558076, 0.451641292878458, -0.712108925442316
-1.27735700628623, 0.39667372204946, -0.94065197798122
-1.53440726471495, 0.341765321563413, -1.16952071549648
-1.79119012707844, 0.28691403944141, -1.39870310043462
-2.0468430106282, 0.232304131631278, -1.62919903761247
-2.29623366032952, 0.179031897030228, -1.8667069600294
-2.52107841259026, 0.13100290153423, -2.12827796985854
-2.49255808077422, 0.137095117939388, -2.38353514754714
-2.16845071399546, 0.206327559891984, -2.49047489512023
-1.84658909763403, 0.275080288017174, -2.60366289043906
-1.61011046365731, 0.325594392224494, -2.84062240308596
-1.63203133093935, 0.320911884737119, -3.18206046456379
-1.82574230898743, 0.279533362006878, -3.46440104966782
-2.12001647699641, 0.216673577432042, -3.63697014349182
-2.44696537969569, 0.146834156154575, -3.73407334083272
-2.78313999711105, 0.0750240337329501, -3.79095218745403
-3.12228779685487, 0.00257881105106789, -3.8237852720789
-0.111316399399315, 0.366052718314885, -2.13372107883645E-05
-0.385230077938658, 0.332303390337765, -0.248956333491922
-0.661182149786968, 0.298302908768398, -0.495569634743488
-0.941656923889717, 0.263745178059296, -0.736974247087875
-1.22209090398734, 0.229192473642658, -0.97842699982851
-1.50246280971776, 0.19464741750481, -1.21995287630429
-1.78280433198326, 0.160106104960667, -1.46151449642411
-2.06091786083299, 0.125839306931172, -1.70566670062089
-2.32590442060897, 0.0931899030638747, -1.96397518107526
-2.54673230238759, 0.0659813582099565, -2.2602673853231
-2.24653536153809, 0.102969087586906, -2.41573775776974
-1.88436797904602, 0.147592290924246, -2.48612931904315
-1.53171067806502, 0.191043742409988, -2.59144765529017
-1.33199854686608, 0.215650582976639, -2.88084598281166
-1.40287782160932, 0.206917437911209, -3.24189130015442
-1.63381060737767, 0.178463852208125, -3.52626417325473
-1.96612395455054, 0.137519010735738, -3.68370072544556
-2.32650952267179, 0.0931153475028395, -3.76138302293158
-2.69308603459855, 0.0479488885085756, -3.80228121883949
-3.06126723016181, 0.00258471396153355, -3.82377357934575
-0.0139298833819028, 0.120027980249186, -2.67143527201321E-06
-0.304216047098162, 0.10847620565185, -0.247860636374645
-0.594795120145228, 0.096912774892457, -0.495374072471501
-0.885999759264765, 0.0853244500830951, -0.742150549805514
-1.17721558848191, 0.0737356799700932, -0.988913801887189
-1.46843716320286, 0.0621466812179996, -1.23567026168216
-1.75969910294871, 0.0505560761624453, -1.48237880839544
-2.04792904310269, 0.0390861278251312, -1.73261187391203
-2.31742494523115, 0.0283616899930313, -2.00250713990009
-2.47396464116643, 0.0221322808478284, -2.3153948383746
-2.10382681454031, 0.0368617074536113, -2.40319361288981
-1.7256414482607, 0.0519113813731147, -2.45392432994759
-1.35797305544402, 0.0665425382495229, -2.54975047638216
-1.18254021064462, 0.0735237896262608, -2.86388955799926
-1.26303188517388, 0.0703206687154307, -3.23468316513227
-1.49057100970492, 0.0612658772468746, -3.53627723621248
-1.82972613675495, 0.0477693897427632, -3.70648772189795
-2.20324246408829, 0.0329055176018791, -3.78199649083063
-2.58356992629602, 0.0177706001799084, -3.81189722121728
-2.96494403827296, 0.00259403191890357, -3.82364376340137
