-28.1702091981815, 3.44908942277006, -0.000734945227296298
-28.170209235573, 3.4348273925419, -0.269400569209327
-28.1702092365298, 3.42018506359024, -0.538045408532234
-28.1702092365298, 3.40263777895272, -0.806513558350884
-28.1702092365298, 3.37898238415685, -1.07450481647291
-28.1702092365298, 3.3439734731903, -1.34122320594703
-28.1702092365298, 3.28538187340874, -1.60362013694335
-28.1702092365298, 3.17449435807226, -1.84716702017444
-28.1702092365298, 2.95028915334084, -1.98757995764106
-28.1702092365298, 2.68455543091606, -2.02777963880148
-28.1702092365298, 2.41656979485035, -2.05158823859377
-28.1702092365298, 2.1483916043684, -2.07315193317269
-28.1702092365298, 1.88014533501402, -2.09385200038631
-28.1702092365298, 1.6118284476784, -2.11361569834662
-28.1702092365298, 1.34345489135509, -2.13259503910284
-28.1702092365298, 1.07501817254591, -2.1506574373833
-28.1702092365298, 0.806500083398858, -2.16746488958735
-28.1702092365298, 0.537849604617754, -2.18197670514021
-28.1702092365298, 0.269004630985571, -2.1922200896789
-28.1702092365298, 8.12809542815656E-07, -2.19554408427324
-27.6206153218788, 3.4659260939854, -0.000720606762657347
-27.6206153586213, 3.45466312077437, -0.272660137508624
-27.6206153594789, 3.44217579019048, -0.544544209737595
-27.6206153594789, 3.42620013284339, -0.816244488951279
-27.6206153594789, 3.40366970012818, -1.08746996483693
-27.6206153594789, 3.36879864780684, -1.35735896705749
-27.6206153594789, 3.31104108057525, -1.62317135642114
-27.6206153594789, 3.20424205181435, -1.87216657320778
-27.6206153594789, 2.98378364553458, -2.02392143335659
-27.6206153594789, 2.71624537815652, -2.0712857343922
-27.6206153594789, 2.44525192997424, -2.09654834832557
-27.6206153594789, 2.17397613792676, -2.11861537052017
-27.6206153594789, 1.90254732550893, -2.13871731424111
-27.6206153594789, 1.63101349628047, -2.15735014219103
-27.6206153594789, 1.35940388753608, -2.17484495578751
-27.6206153594789, 1.08771845262227, -2.19111786041847
-27.6206153594789, 0.815952632630562, -2.20598790531284
-27.6206153594789, 0.544097426996407, -2.21911326084628
-27.6206153594789, 0.272134025972091, -2.22975341658398
-27.6206153594789, 3.2512438245264E-05, -2.23426385562561
-27.0569292949017, 3.48286542879267, -0.000705900644544403
-27.0569293309735, 3.47426764858063, -0.276143619426512
-27.0569293317344, 3.46244412290322, -0.551450183917856
-27.0569293317344, 3.44631619484356, -0.826547346842714
-27.0569293317344, 3.4243901037452, -1.10123524953836
-27.0569293317344, 3.3911901970406, -1.3747648093693
-27.0569293317344, 3.33585332715629, -1.64456991337768
-27.0569293317344, 3.23246159488504, -1.89880564365712
-27.0569293317344, 3.01749193671334, -2.06439257385652
-27.0569293317344, 2.7491773158886, -2.12407393523087
-27.0569293317344, 2.47530350067597, -2.15452002144946
-27.0569293317344, 2.20088775987117, -2.17971485450309
-27.0569293317344, 1.92621141168569, -2.20190019432179
-27.0569293317344, 1.65136790055919, -2.22191521745744
-27.0569293317344, 1.37639941204704, -2.24013238497572
-27.0569293317344, 1.10131394675267, -2.25648945605366
-27.0569293317344, 0.826130088463832, -2.27109967937366
-27.0569293317344, 0.550866571944419, -2.2841236762592
-27.0569293317344, 0.275534067488423, -2.29559755331417
-27.0569293317344, 6.50249771359127E-05, -2.30108852272569
-26.4932432679245, 3.49946435745928, -0.000691194525878514
-26.4932433034367, 3.49238521127129, -0.285955833591245
-26.49324330399, 3.47965972159707, -0.570996802935621
-26.49324330399, 3.46212489837004, -0.855808362063193
-26.49324330399, 3.43968523221305, -1.14027007465949
-26.49324330399, 3.40685002051129, -1.42369271006509
-26.49324330399, 3.34963489801413, -1.70305751496462
-26.49324330399, 3.23451381686555, -1.96228341533815
-26.49324330399, 3.00532607212303, -2.12628712066167
-26.49324330399, 2.72792382357864, -2.19084549270847
-26.49324330399, 2.44495847607949, -2.2275496191027
-26.49324330399, 2.16116501315414, -2.25730720970576
-26.49324330399, 1.87698994094289, -2.28318430594262
-26.49324330399, 1.59256450812157, -2.30615300248911
-26.49324330399, 1.30793362946965, -2.32641692373619
-26.49324330399, 1.0231237461574, -2.34399023502976
-26.49324330399, 0.738186676283024, -2.35937098490593
-26.49324330399, 0.453162073318377, -2.37303774532143
-26.49324330399, 0.168073903735973, -2.38531015822251
-26.49324330399, 0.117441001845929, -2.38683080251819
-25.9295572409474, 3.51573729237359, -0.000676488406683131
-25.9295572757936, 3.50875278671231, -0.291461898261632
-25.9295572762455, 3.49523001252153, -0.581984370648259
-25.9295572762455, 3.47719543332677, -0.872293019716919
-25.9295572762455, 3.45538094920847, -1.16233913980102
-25.9295572762455, 3.42467351302932, -1.45155386568239
-25.9295572762455, 3.36975657410262, -1.73699709001181
-25.9295572762455, 3.25489484283276, -2.00233179086578
-25.9295572762455, 3.02683620795375, -2.17760548436672
-25.9295572762455, 2.74715356722315, -2.25526446212629
-25.9295572762455, 2.45978844972814, -2.30007018475865
-25.9295572762455, 2.17109377504, -2.33552964615924
-25.9295572762455, 1.88183225227869, -2.36604585976401
-25.9295572762455, 1.5922016722883, -2.3928421632442
-25.9295572762455, 1.30227203883557, -2.41618047845208
-25.9295572762455, 1.01208256284196, -2.43603122467821
-25.9295572762455, 0.721707943475296, -2.45297177694836
-25.9295572762455, 0.431213699476561, -2.46772689833681
-25.9295572762455, 0.140643210949909, -2.48090149624655
-25.9295572762455, 0.150446986836085, -2.48045210440832
-25.3658712139703, 3.53169476119212, -0.000661782286975367
-25.3658712481117, 3.52340255805378, -0.29513544178424
-25.365871248501, 3.5094950254588, -0.589375591455671
-25.365871248501, 3.49189249755518, -0.883438934178276
-25.365871248501, 3.47122529465645, -1.17730097704482
-25.365871248501, 3.44293003123215, -1.47050644938204
-25.365871248501, 3.3922802028961, -1.76054083330147
-25.365871248501, 3.28356031617007, -2.03265840003377
-25.365871248501, 3.06231305325542, -2.22243482238138
-25.365871248501, 2.78385082838818, -2.31631982528555
-25.365871248501, 2.49436823047081, -2.37062140948543
-25.365871248501, 2.20276421917402, -2.41240023626017
-25.365871248501, 1.91032355417511, -2.44789332666923
-25.365871248501, 1.61737229467165, -2.47890327413275
-25.365871248501, 1.32402133869491, -2.50587146219795
-25.365871248501, 1.03031351805299, -2.52862451247307
-25.365871248501, 0.736329154692016, -2.54748276641095
-25.365871248501, 0.442166394354145, -2.56333276631356
-25.365871248501, 0.147899321286148, -2.57712195895323
-25.365871248501, 0.146969003860398, -2.57715757271696
-24.8021851869932, 3.54733178953402, -0.00064707616674713
-24.8021852204227, 3.53695916522987, -0.298770873680947
-24.8021852207566, 3.52284699942876, -0.596732229368997
-24.8021852207566, 3.50607905335662, -0.894564204118153
-24.8021852207566, 3.48665561450822, -1.19223365100119
-24.8021852207566, 3.46056923508087, -1.48937753768624
-24.8021852207566, 3.41452454499159, -1.78396805593185
-24.8021852207566, 3.31233774177229, -2.06271130929518
-24.8021852207566, 3.09790033402994, -2.26571980567377
-24.8021852207566, 2.82149730779981, -2.37574739854245
-24.8021852207566, 2.53038671897547, -2.44042137294036
-24.8021852207566, 2.23604365053009, -2.48877974887127
-24.8021852207566, 1.94049546706931, -2.52919699791175
-24.8021852207566, 1.64428017405011, -2.56441083171264
-24.8021852207566, 1.34755826309727, -2.59506533239876
-24.8021852207566, 1.05037318186953, -2.6208384449844
-24.8021852207566, 0.752804810293235, -2.64173418750268
-24.8021852207566, 0.454974745929505, -2.65851436861322
-24.8021852207566, 0.156991640854945, -2.67233349100026
-24.8021852207566, 0.14165387779622, -2.6731006549539
-24.238499160016, 3.56264056410343, -0.000632370045985717
-24.2384991927282, 3.5500986897685, -0.302461257941486
-24.2384991930121, 3.53572778112091, -0.604206635678013
-24.2384991930121, 3.51982948489054, -0.905876987883109
-24.2384991930121, 3.50172401868397, -1.20742198117849
-24.2384991930121, 3.47779568057448, -1.50854949839228
-24.2384991930121, 3.43656929869374, -1.80770147379726
-24.2384991930121, 3.34052409788929, -2.09270994113042
-24.2384991930121, 3.1326250658068, -2.30781130132867
-24.2384991930121, 2.85870996477917, -2.43318495801136
-24.2384991930121, 2.56640476154881, -2.50888213198794
-24.2384991930121, 2.26938589629525, -2.56385303341053
-24.2384991930121, 1.97067340738565, -2.60884873599838
-24.2384991930121, 1.67112983412716, -2.64795457552475
-24.2384991930121, 1.3709654997739, -2.6819712571161
-24.2384991930121, 1.07023352172852, -2.71052809305091
-24.2384991930121, 0.769015662978451, -2.73339819996855
-24.2384991930121, 0.467433507717737, -2.75083519119125
-24.2384991930121, 0.165629693207984, -2.7639242632586
-24.2384991930121, 0.136871210485325, -2.76504747999258
-23.6748131330389, 3.57760709655135, -0.000617663924668404
-23.674813165028, 3.56332910065986, -0.306142843701851
-23.6748131652676, 3.54853703264565, -0.611643393747576
-23.6748131652676, 3.53331130069239, -0.917122679437873
-23.6748131652676, 3.51650056861808, -1.22251803314518
-23.6748131652676, 3.49476716170865, -1.52759508185736
-23.6748131652676, 3.45839872971418, -1.83119371962755
-23.6748131652676, 3.36781567591244, -2.12199231773042
-23.6748131652676, 3.1663528001297, -2.34832850705719
-23.6748131652676, 2.8951376349448, -2.48784417047463
-23.6748131652676, 2.60212267236461, -2.57488055228961
-23.6748131652676, 2.30255323234039, -2.63636326647768
-23.6748131652676, 2.00066614692585, -2.6854361853833
-23.6748131652676, 1.69777823093125, -2.72792713119656
-23.6748131652676, 1.39414729005611, -2.76473760378774
-23.6748131652676, 1.08985570573427, -2.79560738992325
-23.6748131652676, 0.784996916026418, -2.82024513221725
-23.6748131652676, 0.479662223082703, -2.83802867167354
-23.6748131652676, 0.174027660959825, -2.84963083936951
-23.6748131652676, 0.132322449616426, -2.85078409710288
-23.1111271060618, 3.59220730777838, -0.000602957802756092
-23.1111271373215, 3.5766991418336, -0.30971862756177
-23.1111271375232, 3.56142126477431, -0.618845603353129
-23.1111271375232, 3.54664965539532, -0.927997316763211
-23.1111271375231, 3.53097246325022, -1.23710385740574
-23.1111271375232, 3.51128921869422, -1.54597665144274
-23.1111271375232, 3.47932384624409, -1.85374982722588
-23.1111271375232, 3.39343265079756, -2.14981890700964
-23.1111271375232, 3.19831916726654, -2.38653750822933
-23.1111271375231, 2.92979659943303, -2.53866790082764
-23.1111271375232, 2.63646870353403, -2.63668180001647
-23.1111271375232, 2.33456931736519, -2.70455147846598
-23.1111271375232, 2.02961127587506, -2.75733682669439
-23.1111271375232, 1.72345931547805, -2.80272746325918
-23.1111271375232, 1.41643163594977, -2.84176139383216
-23.1111271375232, 1.10866197839912, -2.87443203898619
-23.1111271375232, 0.800266791725889, -2.9005280858663
-23.1111271375232, 0.491290498189539, -2.91842363764909
-23.1111271375232, 0.181947771086602, -2.92821261774648
-23.1111271375232, 0.12812827130502, -2.92938225124118
-22.5374410790983, 3.60666667046314, -0.00058799078811631
-22.5374411096093, 3.59042386395885, -0.313137209856124
-22.5374411097787, 3.57473563158253, -0.62571436623863
-22.5374411097787, 3.560196344985, -0.938347363863544
-22.5374411097787, 3.54534421573507, -1.25096542720836
-22.5374411097787, 3.52735380662092, -1.56341594130379
-22.5374411097787, 3.49887346572909, -1.87502035507364
-22.5374411097787, 3.41695329670754, -2.17588104497612
-22.5374411097787, 3.22822635767966, -2.42226094827197
-22.5374411097787, 2.96228924852541, -2.58551500146043
-22.5374411097787, 2.66884226485077, -2.69355188913402
-22.5374411097787, 2.36488792798931, -2.76772150964018
-22.5374411097787, 2.0570500768553, -2.82408494223819
-22.5374411097787, 1.74777372340875, -2.87198343289207
-22.5374411097787, 1.4374729507728, -2.91272834261266
-22.5374411097787, 1.12635616590481, -2.94669149948183
-22.5374411097787, 0.814574563317298, -2.97385844308248
-22.5374411097787, 0.502126539760764, -2.99169264453383
-22.5374411097787, 0.189269465364603, -2.99976040109052
-22.5374411097787, 0.124344282896799, -3.0010730100634
-21.1382260116418, 3.63999989155239, -0.000551486370689871
-21.1382260403025, 3.6238724918356, -0.319971696331689
-21.1382260404175, 3.60812947409853, -0.639410895071174
-21.1382260404175, 3.59322291475877, -0.958890394284488
-21.1382260404175, 3.57840329282009, -1.27837380520383
-21.1382260404175, 3.5616996439897, -1.59776304909743
-21.1382260404175, 3.53585259346483, -1.91648091752731
-21.1382260404175, 3.46032190388814, -2.22635759694857
-21.1382260404175, 3.28620262294157, -2.49191998500913
-21.1382260404175, 3.02623015417098, -2.67617009259433
-21.1382260404175, 2.73211917368751, -2.8010208075592
-21.1382260404175, 2.42466588811056, -2.88863572059642
-21.1382260404175, 2.11147203950279, -2.95326871797363
-21.1382260404175, 1.79595886572016, -3.00553466377879
-21.1382260404175, 1.47901787145917, -3.04832799428902
-21.1382260404175, 1.16111026081404, -3.08325496856709
-21.1382260404175, 0.84250110756458, -3.11103311915769
-21.1382260404175, 0.523154403742333, -3.1282069360023
-21.1382260404175, 0.20339575116089, -3.13422110387905
-21.1382260404175, 0.117243299455103, -3.13436498494865
-19.729010944199, 3.6697588376764, -0.000514721054959108
-19.729010970971, 3.65488348876525, -0.324414688709063
-19.7290109710564, 3.63987488083003, -0.648308498299299
-19.7290109710564, 3.62419240670184, -0.972170251427117
-19.7290109710564, 3.607226887474, -1.29596705723055
-19.7290109710564, 3.5878916452791, -1.61963007997669
-19.7290109710564, 3.55959864088217, -1.94257504816856
-19.7290109710564, 3.48538675090946, -2.25749886904695
-19.7290109710564, 3.31976354724608, -2.53401337740762
-19.7290109710564, 3.06749930805525, -2.73539899485964
-19.7290109710564, 2.77312964517122, -2.87041263499643
-19.7290109710564, 2.46376065850103, -2.96703788032485
-19.7290109710564, 2.14722374194881, -3.03701113630633
-19.7290109710564, 1.82743107569569, -3.0904063334472
-19.7290109710564, 1.50596251866037, -3.13262248494345
-19.7290109710564, 1.1834871911877, -3.1663508745
-19.7290109710564, 0.860339154919469, -3.19284091710088
-19.7290109710564, 0.536509931472366, -3.20884448343115
-19.7290109710564, 0.212330343115993, -3.21471845569923
-19.7290109710564, 0.112882744584837, -3.21518831596255
-18.3197958767548, 3.69338968508319, -0.000477955729274444
-18.3197959016006, 3.68147290158236, -0.321028711714558
-18.3197959016952, 3.66860925382853, -0.641541859287447
-18.3197959016952, 3.65226665674804, -0.961895468772999
-18.3197959016952, 3.63237898755836, -1.28204939898758
-18.3197959016952, 3.60937701257006, -1.60199409592006
-18.3197959016952, 3.57885504541552, -1.92127226084054
-18.3197959016952, 3.51015939309393, -2.23408661383611
-18.3197959016952, 3.36232318051987, -2.5170293972189
-18.3197959016952, 3.13175341917035, -2.73814478809949
-18.3197959016952, 2.84948328396016, -2.88923401628726
-18.3197959016952, 2.54680339111271, -2.9949389349169
-18.3197959016952, 2.23507683841407, -3.0701541537236
-18.3197959016952, 1.91902736196355, -3.12481994123877
-18.3197959016952, 1.60107041689911, -3.16711248743783
-18.3197959016952, 1.28201848952196, -3.20020999674166
-18.3197959016952, 0.962305818692888, -3.22618274623499
-18.3197959016952, 0.64200233095253, -3.24326626460372
-18.3197959016952, 0.321332011438295, -3.25101987999879
-18.3197959016952, 0.000568969023364767, -3.25307886401695
-16.9105808093134, 3.71228365364948, -0.000441190395895913
-16.9105808322525, 3.70413274291084, -0.322355105930409
-16.910580832334, 3.69355708234558, -0.644192136623959
-16.910580832334, 3.67481681158104, -0.965655113098695
-16.910580832334, 3.65095633732758, -1.28678643292817
-16.910580832334, 3.62470060721807, -1.60772884177082
-16.910580832334, 3.58864850115933, -1.92766973670327
-16.910580832334, 3.51468158671452, -2.24062265500423
-16.910580832334, 3.36759198538472, -2.52560743710168
-16.910580832334, 3.13940410910687, -2.75111906989526
-16.910580832334, 2.86037965527909, -2.91055670908952
-16.910580832334, 2.55763798893537, -3.01959700742645
-16.910580832334, 2.24453186734338, -3.09437293230473
-16.910580832334, 1.92715460486909, -3.14866793441585
-16.910580832334, 1.60786461353819, -3.19036012672833
-16.910580832334, 1.28742123303615, -3.22205526277567
-16.910580832334, 0.966282557703171, -3.24571998574415
-16.910580832334, 0.644617600063819, -3.26051277446122
-16.910580832334, 0.322664440229619, -3.26657725294927
-16.910580832334, 0.000650249812679498, -3.26765248010989
-15.5013657629731, 3.73432053522925, -0.000808850137446633
-15.5013657629729, 3.72152620846143, -0.322843356658015
-15.5013657629728, 3.7063140467965, -0.644767654142776
-15.5013657629728, 3.68418304985553, -0.966289704011704
-15.5013657629728, 3.65790838410085, -1.28750516111458
-15.5013657629728, 3.6295020785244, -1.60853723845939
-15.5013657629729, 3.5907475540934, -1.92843255920757
-15.5013657629729, 3.51465314644413, -2.24118202534726
-15.5013657629729, 3.36803693566203, -2.52681234684593
-15.5013657629728, 3.14038974726299, -2.75325738586859
-15.5013657629728, 2.86267415395753, -2.91551461817809
-15.5013657629728, 2.56010297766781, -3.02571671309703
-15.5013657629728, 2.24664749252412, -3.10020054631954
-15.5013657629728, 1.92900519534952, -3.15456165504885
-15.5013657629728, 1.60944622129014, -3.19628467364253
-15.5013657629729, 1.28869894573707, -3.22765398958518
-15.5013657629728, 0.967234761312156, -3.25057270674446
-15.5013657629728, 0.645258915095574, -3.26448813467788
-15.5013657629728, 0.323018568536728, -3.26964549026856
-15.5013657629729, 0.000731530559136566, -3.27051215172243
-14.0921506744277, 3.7324106678619, -0.000367659700452658
-14.0921506935321, 3.72307041596187, -0.31922780796318
-14.0921506936117, 3.69747598844059, -0.637097382407143
-14.0921506936117, 3.6655968907942, -0.954496167621686
-14.0921506936117, 3.63084495534968, -1.27159360229484
-14.0921506936117, 3.59236975033126, -1.58825762583671
-14.0921506936117, 3.54326055177994, -1.90340225381574
-14.0921506936117, 3.45996631799802, -2.21097973243848
-14.0921506936117, 3.31706095700105, -2.49520671623094
-14.0921506936117, 3.09970875641712, -2.72711455864371
-14.0921506936117, 2.82908092272623, -2.89464620151791
-14.0921506936117, 2.531240365605, -3.00803899322621
-14.0921506936117, 2.22200466352141, -3.0859374137671
-14.0921506936117, 1.90831853928455, -3.14373626330943
-14.0921506936117, 1.59248898538472, -3.18844335442737
-14.0921506936117, 1.27532067309101, -3.22244123057633
-14.0921506936117, 0.957341854532881, -3.24779189109547
-14.0921506936117, 0.638738925849209, -3.26333717240052
-14.0921506936117, 0.319807195993083, -3.26938942810968
-14.0921506936117, 0.000812811294672741, -3.2703869701264
-12.6829356069849, 3.72075944976336, -0.000330894317460503
-12.6829356241504, 3.71451995675718, -0.312048171537106
-12.6829356242505, 3.6725386719499, -0.62040409439195
-12.6829356242505, 3.62050781033982, -0.927811434121352
-12.6829356242505, 3.5661085288929, -1.23480654293759
-12.6829356242505, 3.50599985219958, -1.54072976270515
-12.6829356242505, 3.43584760630658, -1.84448259421904
-12.6829356242505, 3.33978835978495, -2.14087716133077
-12.6829356242505, 3.20112789478921, -2.41967547883325
-12.6829356242505, 3.00389430684287, -2.65999168241866
-12.6829356242505, 2.75152905916248, -2.84174958469593
-12.6829356242505, 2.4665046187888, -2.96713843015247
-12.6829356242505, 2.16729396491675, -3.05437088679126
-12.6829356242505, 1.86257153953933, -3.12015190052507
-12.6829356242505, 1.55508279138142, -3.17156124409097
-12.6829356242505, 1.24583039697624, -3.21105736774061
-12.6829356242505, 0.935496102177542, -3.24093166385013
-12.6829356242505, 0.624322388968346, -3.26005256710474
-12.6829356242505, 0.312665597490689, -3.26841030873296
-12.6829356242505, 0.000894092030208472, -3.27026178853038
-11.2737205395422, 3.68625450013389, -0.000294128897347757
-11.2737205547529, 3.67475955305767, -0.301591657175612
-11.2737205548893, 3.61477622401087, -0.595642505785067
-11.2737205548893, 3.53701774358147, -0.88695973443769
-11.2737205548893, 3.45672046444184, -1.1775858154277
-11.2737205548893, 3.37138145477819, -1.46676712124702
-11.2737205548893, 3.27765116583719, -1.75332564697553
-11.2737205548893, 3.16734260342891, -2.03385026036395
-11.2737205548893, 3.03018284221123, -2.30218544639393
-11.2737205548893, 2.85418208717097, -2.5463905916249
-11.2737205548893, 2.62986084744031, -2.74693448381371
-11.2737205548893, 2.36883989701266, -2.89692409032858
-11.2737205548893, 2.08691532367925, -3.00333453918616
-11.2737205548893, 1.79621859870557, -3.08312917752644
-11.2737205548893, 1.50120008659397, -3.14523389881483
-11.2737205548893, 1.20356332022632, -3.19328731551939
-11.2737205548893, 0.904169074874708, -3.22885142310826
-11.2737205548893, 0.603671003047358, -3.25338804532314
-11.2737205548893, 0.3024591117441, -3.2665863915743
-11.2737205548893, 0.000975372765744648, -3.27013660693435
-9.86450547209928, 3.6135517273187, -0.000257363415191489
-9.86450548534014, 3.59319296011801, -0.288737802446918
-9.86450548552818, 3.51630617952015, -0.564731188427568
-9.86450548552818, 3.41168016374322, -0.834339065050613
-9.86450548552818, 3.30449602595683, -1.10293936737545
-9.86450548552818, 3.19382670750051, -1.37012132929752
-9.86450548552818, 3.0782843330152, -1.63522858337568
-9.86450548552818, 2.95458852435769, -1.89661415665418
-9.86450548552818, 2.81684185225172, -2.15084037312999
-9.86450548552818, 2.6581517150789, -2.39242623545214
-9.86450548552818, 2.46512416644434, -2.60725029688066
-9.86450548552818, 2.2372864340482, -2.78480256379248
-9.86450548552818, 1.9821572769138, -2.92026894981379
-9.86450548552817, 1.7118309315074, -3.02270866800986
-9.86450548552818, 1.43386223348096, -3.1023039809271
-9.86450548552818, 1.15149592603831, -3.1645997229862
-9.86450548552818, 0.86591368011999, -3.2099374843251
-9.86450548552818, 0.578506643865917, -3.24191891188938
-9.86450548552818, 0.290119373034632, -3.2633192581214
-9.86450548552818, 0.00105665350128038, -3.27001142533833
-8.44529040467008, 3.49030192727934, -0.000220336958434579
-8.44529041591419, 3.45967612746575, -0.273881293215037
-8.44529041616701, 3.37025883021715, -0.529739088845666
-8.44529041616701, 3.24248445499022, -0.773668843202772
-8.44529041616701, 3.11292229081514, -1.01665343906488
-8.44529041616701, 2.98110439693802, -1.25842119651794
-8.44529041616701, 2.8467463298815, -1.49878650118184
-8.44529041616701, 2.70999786645384, -1.73780013951765
-8.44529041616701, 2.56936619451165, -1.97454262536069
-8.44529041616701, 2.42014796719033, -2.20594560220186
-8.44529041616701, 2.25468196402612, -2.42590545035933
-8.44529041616701, 2.06256588169559, -2.62287107355992
-8.44529041616701, 1.8452323167751, -2.79155693515136
-8.44529041616701, 1.60454935818046, -2.92494202296124
-8.44529041616701, 1.3508946645188, -3.03186334598748
-8.44529041616701, 1.0891050100839, -3.11705374021891
-8.44529041616701, 0.821288448398879, -3.18073519214233
-8.44529041616701, 0.549427756158215, -3.22431413235377
-8.44529041616701, 0.275967868016385, -3.25657376103078
-8.445290416167, 0.00113851101702041, -3.26988535543506
-7.89160437767934, 3.4251604339504, -0.000205891599499052
-7.89160438813988, 3.38950569345257, -0.267336023164059
-7.89160438842254, 3.29676581592646, -0.515176216309565
-7.89160438842254, 3.16179266048886, -0.74843988348005
-7.89160438842254, 3.02552519970048, -0.980949617845158
-7.89160438842254, 2.88747896356539, -1.21240705744285
-7.89160438842254, 2.74731754858658, -1.44259008687531
-7.89160438842254, 2.60572606555994, -1.67189683019202
-7.89160438842254, 2.46287600969313, -1.90042023659855
-7.89160438842254, 2.31538743870773, -2.12596637699136
-7.89160438842254, 2.15739929203218, -2.34423229430912
-7.89160438842254, 1.97862013485441, -2.54566894194219
-7.89160438842254, 1.7772223478944, -2.7245077422586
-7.89160438842254, 1.55264453001386, -2.87302983907911
-7.89160438842254, 1.31166409077563, -2.99342055199602
-7.89160438842254, 1.0602945790453, -3.09036061106922
-7.89160438842254, 0.801309749753428, -3.16452725644367
-7.89160438842254, 0.536715852078078, -3.21538665864587
-7.89160438842255, 0.269803690252535, -3.25253343510734
-7.89160438842254, 0.00117044653103107, -3.26983617110389
-7.32791835070222, 3.34695404127581, -0.000191185326843906
-7.32791836036225, 3.30567982611433, -0.260146510420661
-7.32791836067807, 3.21065326498254, -0.499951205693831
-7.32791836067808, 3.06965095120118, -0.722209466928794
-7.32791836067808, 2.92765954578138, -0.943836966089035
-7.32791836067807, 2.78432739734691, -1.16459943977319
-7.32791836067808, 2.63922231819623, -1.38420062962151
-7.32791836067808, 2.49313117673031, -1.60314770572442
-7.32791836067807, 2.347321720052, -1.82228243752871
-7.32791836067807, 2.20037327641694, -2.0406525934585
-7.32791836067808, 2.0478922347123, -2.2551767915016
-7.32791836067807, 1.88158772748189, -2.45907064286032
-7.32791836067808, 1.69625746689589, -2.64583458979318
-7.32791836067807, 1.49081236977014, -2.81001479161321
-7.32791836067808, 1.26573347901791, -2.94618812005843
-7.32791836067808, 1.0271229196623, -3.05703281221834
-7.32791836067808, 0.77872047463083, -3.14372287714694
-7.32791836067807, 0.522715098764742, -3.20448101818286
-7.32791836067808, 0.263076812513901, -3.24757365485196
-7.32791836067807, 0.00120295882524536, -3.26978609846549
-6.7642323237251, 3.25542901004679, -0.000176479032555712
-6.76423233258378, 3.20871620432452, -0.252555088363202
-6.76423233293361, 3.11267912979431, -0.484627864464386
-6.76423233293361, 2.96683732596201, -0.695832384083741
-6.76423233293361, 2.82021071718076, -0.906492676750439
-6.76423233293361, 2.67249524901691, -1.11639069688856
-6.76423233293361, 2.52329319302645, -1.32523440045891
-6.76423233293361, 2.37329473411891, -1.53350750760495
-6.76423233293361, 2.22406440121554, -1.74233068268599
-6.76423233293361, 2.07616522141696, -1.95209965631109
-6.76423233293361, 1.92689334861322, -2.16089078188553
-6.76423233293361, 1.77102801251027, -2.36477290985074
-6.76423233293361, 1.60192065502062, -2.55777861033653
-6.7642323329336, 1.41721744547742, -2.73581806828797
-6.7642323329336, 1.2119371924886, -2.88960815344234
-6.76423233293361, 0.989137378477274, -3.0167219201386
-6.76423233293361, 0.753300992689149, -3.11766154262372
-6.76423233293361, 0.507416273668337, -3.19080719568994
-6.76423233293361, 0.255882004189334, -3.24165397622285
-6.7642323329336, 0.00123547111945943, -3.26973602582707
-6.20054629674798, 3.1490864525583, -0.000161772714199869
-6.20054630480813, 3.09780261277834, -0.244816537195885
-6.20054630518914, 3.00226906069926, -0.469721861806319
-6.20054630518914, 2.85286976270956, -0.670136243091392
-6.20054630518914, 2.70262491155212, -0.869917401332082
-6.20054630518914, 2.55132792978722, -1.06890281985203
-6.20054630518914, 2.39876295947252, -1.26691754372174
-6.20054630518914, 2.24553118304479, -1.4644174209814
-6.20054630518914, 2.09305930274416, -1.66250359556194
-6.20054630518914, 1.94295129871166, -1.8623854326925
-6.20054630518914, 1.79443138420233, -2.06345256285699
-6.20054630518914, 1.64541721918447, -2.26415263734781
-6.20054630518914, 1.49222585723211, -2.46166776484146
-6.20054630518914, 1.32928264845672, -2.65116632374239
-6.20054630518914, 1.14790603988963, -2.82294182095408
-6.20054630518914, 0.945100072274937, -2.96872164621549
-6.20054630518914, 0.72447550994167, -3.08585990307708
-6.20054630518914, 0.490483887464136, -3.17333554403349
-6.20054630518914, 0.248176854366269, -3.23441418993943
-6.20054630518914, 0.00126798341367395, -3.26968595318867
-5.63686026977086, 3.02623823832567, -0.000147066369034396
-5.63686027704024, 2.97191572491042, -0.237282041236086
-5.63686027744467, 2.87858362369375, -0.45582447159569
-5.63686027744467, 2.7270255181119, -0.646124044698127
-5.63686027744467, 2.57415254662852, -0.835368834965759
-5.63686027744467, 2.41995686305367, -1.02353757034642
-5.63686027744467, 2.26466595469748, -1.21080372278997
-5.63686027744467, 2.10895239876052, -1.3977188815263
-5.63686027744467, 1.95408609892262, -1.58533578714737
-5.63686027744467, 1.80150278232702, -1.77481136985512
-5.63686027744467, 1.65199374373126, -1.96672318643892
-5.63686027744467, 1.5055445031634, -2.16097598914856
-5.63686027744467, 1.36492388012264, -2.3594819003313
-5.63686027744467, 1.2245889899772, -2.55818728954708
-5.63686027744467, 1.07071773034511, -2.74646350097748
-5.63686027744467, 0.893112112162, -2.91234774948196
-5.63686027744467, 0.69153770263294, -3.04810250324875
-5.63686027744467, 0.471442470102149, -3.15125404328612
-5.63686027744467, 0.239824340254399, -3.22521316440309
-5.63686027744467, 0.0013004957078889, -3.26963588055026
-5.07317424279375, 2.88637698864012, -0.000132359996235176
-5.0731742492829, 2.83045133407048, -0.23021004304991
-5.0731742497002, 2.74032211779957, -0.443132039794724
-5.07317424970021, 2.58750847537379, -0.623993696858911
-5.07317424970021, 2.43281078408008, -0.803246516984286
-5.07317424970021, 2.27648476596667, -0.98108168308459
-5.07317424970021, 2.119116732266, -1.15799596213508
-5.07317424970021, 1.96158271026951, -1.33476265184253
-5.07317424970021, 1.80500058084583, -1.51237217151373
-5.07317424970021, 1.65063889403686, -1.69191230333338
-5.07317424970021, 1.49982011881002, -1.874436206776
-5.07317424970021, 1.35331559871438, -2.06043332939222
-5.07317424970021, 1.21865067590292, -2.25507449248809
-5.07317424970021, 1.10033772069929, -2.46015847856885
-5.07317424970021, 0.976948384269816, -2.66217876181794
-5.07317424970021, 0.830603108995536, -2.84798315733898
-5.07317424970021, 0.653417340154922, -3.00452008694897
-5.07317424970021, 0.450039419627085, -3.12515568173572
-5.07317424970021, 0.230651274468351, -3.21373159200606
-5.0731742497002, 0.00133300800210298, -3.26958580791185
-4.50948821581664, 2.73064957202073, -0.000117653597665044
-4.50948822153603, 2.67315200641059, -0.223654276350826
-4.50948822195574, 2.58579208312051, -0.431556279836143
-4.50948822195574, 2.43185748684091, -0.603538775170938
-4.50948822195574, 2.27571503167907, -0.773519807647045
-4.50948822195574, 2.11778931752648, -0.941846189296158
-4.50948822195574, 1.95873948211352, -1.10911167930447
-4.50948822195574, 1.79960396831004, -1.27629571035902
-4.50948822195574, 1.64149788225971, -1.44445253946839
-4.50948822195574, 1.48569280277387, -1.61474042712737
-4.50948822195574, 1.33388142417722, -1.78859187909301
-4.50948822195574, 1.18758815079911, -1.9671069645175
-4.50948822195574, 1.05403410341353, -2.1551812637193
-4.50948822195574, 0.953484439075022, -2.36268885491162
-4.50948822195574, 0.863194730048173, -2.57510067186848
-4.50948822195574, 0.75519303094032, -2.77884611895505
-4.50948822195574, 0.609268597088906, -2.95705323042318
-4.50948822195574, 0.426862696651789, -3.09768766408281
-4.50948822195574, 0.221095069215512, -3.20168834159428
-4.50948822195574, 0.00136552029631704, -3.26953573527344
-3.94580218883954, 2.56006298532554, -0.000102947174959649
-3.94580219421127, 2.49932884221119, -0.217847059635338
-3.94580219421127, 2.4123442091777, -0.421321349597504
-3.94580219421127, 2.25640299834612, -0.584976255685906
-3.94580219421127, 2.0981698382055, -0.746417207819343
-3.94580219421127, 1.9382555392871, -0.906194290212491
-3.94580219421127, 1.77739294379632, -1.06501734670124
-3.94580219421127, 1.61632920689315, -1.22363657320621
-3.94580219421127, 1.45606432380521, -1.38306192875361
-3.94580219421127, 1.29786871198803, -1.54453752193052
-3.94580219421127, 1.14395870464113, -1.71009139961891
-3.94580219421127, 0.997757338127926, -1.88246633445525
-3.94580219421127, 0.866819097221916, -2.06653895406
-3.94580219421127, 0.783837034610532, -2.27584602231721
-3.94580219421127, 0.733015259555149, -2.49610709919391
-3.94580219421127, 0.669856423108504, -2.71298313162169
-3.94580219421127, 0.561054501491025, -2.91032473633224
-3.94580219421127, 0.403628641104, -3.07161119203762
-3.94580219421127, 0.212506522361562, -3.1915679129102
-3.94580219421127, 0.00139803259053134, -3.26948566263503
-3.38211616186244, 2.37462818148865, -8.82407281368036E-05
-3.38211616607729, 2.30628087960058, -0.213112770623635
-3.3821161664668, 2.21454918133435, -0.412853126016646
-3.3821161664668, 2.05445690127621, -0.569130416623209
-3.3821161664668, 1.89253039851773, -0.723507595897085
-3.3821161664668, 1.72935066214306, -0.87656026868643
-3.3821161664668, 1.56546797942268, -1.02886045823877
-3.3821161664668, 1.40142819189126, -1.18099152055221
-3.3821161664668, 1.23789676794762, -1.33366843383278
-3.3821161664668, 1.07586458762558, -1.48793331352931
-3.3821161664668, 0.91720528230995, -1.64565500097451
-3.3821161664668, 0.766147241088484, -1.81062308815165
-3.3821161664668, 0.640019081885813, -1.99467751985841
-3.3821161664668, 0.599419320782861, -2.2118634821556
-3.3821161664668, 0.607471558110208, -2.43542818690966
-3.3821161664668, 0.591562542656219, -2.65828068390315
-3.3821161664668, 0.516933259498422, -2.86813937899472
-3.3821161664668, 0.383326929036929, -3.04660136320284
-3.3821161664668, 0.205889641015672, -3.18189438677439
-3.3821161664668, 0.00143054488474585, -3.26943558999662
-2.55587624246562, 2.06251797519364, -0.000133368483073602
-2.58383793753778, 1.98621063443624, -0.205537272456282
-2.61716149362614, 1.89527079895345, -0.40180800235605
-2.67141034840868, 1.74722591694943, -0.556528458241886
-2.72573538925387, 1.59897312352131, -0.711022993928127
-2.78005705906665, 1.45072952962554, -0.865527539704469
-2.83429579031494, 1.30271227470122, -1.02027797024586
-2.88837152832306, 1.15513982760012, -1.17550937773814
-2.94212864674107, 1.00843689193499, -1.33167203156223
-2.99520861663895, 0.863581891551888, -1.48977649718859
-3.04682425611053, 0.72272304235109, -1.65190914748472
-3.09490504651676, 0.591510780435444, -1.82289001326096
-3.12858504386535, 0.499598218348113, -2.019083925578
-3.12011368847693, 0.522716509304122, -2.23678927717309
-3.10688163906385, 0.558826712955097, -2.45411026266919
-3.1086396075103, 0.5540292249295, -2.67431050886879
-3.13446746482999, 0.48354511785227, -2.88098449194482
-3.1804605104783, 0.358030302040902, -3.05581196329456
-3.24145123393608, 0.191586890583823, -3.18660020295655
-3.31165545437145, 0.000717304458375051, -3.26942933092417
-1.99997549949409, 1.81245421079819, -0.000104361603878599
-2.05590472412627, 1.73215273689761, -0.202847939621539
-2.11889397914443, 1.64171468682409, -0.397707437261328
-2.21219781162186, 1.50775189156303, -0.55273338563777
-2.30526245046825, 1.37413252321779, -0.708198904059345
-2.39804460816517, 1.24091873268632, -0.864180408058103
-2.49047974841575, 1.10820317921415, -1.02079127310683
-2.58246877568125, 0.976128141151669, -1.17820402708014
-2.67377440197612, 0.845034309347036, -1.33682923287249
-2.76374779391994, 0.715853258967041, -1.49776427492663
-2.85074771812844, 0.590941422818302, -1.66360479743635
-2.93033356853886, 0.476674487569006, -1.84034084526677
-2.97164439266117, 0.417361667001838, -2.04844158256701
-2.92739196059398, 0.480897958485418, -2.25933025314195
-2.89373719204689, 0.529218448102213, -2.4760594908408
-2.89730663922612, 0.524093544773269, -2.69978501204757
-2.94842971506891, 0.450692592632323, -2.90521338329341
-3.03333485965629, 0.3287883771359, -3.07318615414462
-3.14137083333712, 0.173673623124736, -3.19442149306702
-3.26233292702585, 0.000718726871242199, -3.26942494956832
-1.60558560477769, 1.60742475336578, -8.37822647565009E-05
-1.6872248768324, 1.52578548131106, -0.201393740222765
-1.77620365167876, 1.43680670646471, -0.395411296214447
-1.89741475738455, 1.31559560075891, -0.551855547279013
-2.01812123459116, 1.19488912355231, -0.709078252390959
-2.13831377751252, 1.07469658063094, -0.867086414753139
-2.257946316015, 0.955064042128458, -1.02594220472534
-2.37692834842473, 0.836082009718736, -1.18577190473282
-2.49497115486831, 0.71803920327515, -1.34698726950428
-2.61115463895724, 0.601855719186219, -1.51087654778141
-2.72288522422506, 0.490125133918402, -1.68080836082881
-2.82312343313707, 0.389886925006399, -1.8642984708385
-2.84376815458139, 0.369242203562076, -2.08103771522335
-2.75938455006609, 0.453625808077373, -2.27997129292216
-2.70643321721486, 0.506577140928607, -2.49859073964892
-2.71741873411582, 0.495591624027647, -2.72790620630616
-2.79415981262485, 0.41885054551861, -2.9317623051246
-2.91257057451017, 0.300439783633289, -3.09112684079464
-3.05634161243632, 0.156668745707147, -3.20198971801241
-3.21301039968025, 0.000720149284109346, -3.26942056821247
-1.27514273169604, 1.41051471300929, -6.65396116718664E-05
-1.38301756968639, 1.3299452597154, -0.200399505401687
-1.49777091244931, 1.24423839551707, -0.394037833473676
-1.64304028411467, 1.13573974955413, -0.553379179760919
-1.78763256916802, 1.0277468053765, -0.713677140662382
-1.93156498356719, 0.920246704746464, -0.874897568641942
-2.07480873325613, 0.813260953340399, -1.03707058888127
-2.21728671433433, 0.706847138443969, -1.20029098519989
-2.35863166902957, 0.601279557182208, -1.36503726318309
-2.49755249051734, 0.497522510155083, -1.53295712014566
-2.63003196946165, 0.398576366735085, -1.70873899831167
-2.74491153279624, 0.312775231039877, -1.902383598627
-2.70908154736287, 0.339535895451285, -2.11734996658676
-2.58537326096893, 0.431931019173977, -2.30248395446515
-2.51544893964442, 0.484156027767419, -2.52559301399996
-2.54298776828998, 0.463587854413352, -2.76141619097395
-2.64897651026561, 0.38442708666279, -2.961857633709
-2.80080857653747, 0.271026901782793, -3.1100081568574
-2.97663727294833, 0.139704137298382, -3.20955664286529
-3.16368787233465, 0.000721571696976494, -3.26941618685662
-0.983929414430741, 1.21154320596665, -5.13438912638093E-05
-1.11912559905556, 1.13465940025745, -0.200196503992749
-1.26041755370488, 1.05430903223725, -0.394243727042887
-1.42830558670064, 0.958833919936083, -0.558401375420631
-1.59545553333262, 0.863778544987311, -0.723552906605138
-1.76190403467979, 0.769122070223058, -0.889639364552138
-1.92763740993768, 0.674872275687675, -1.05666949845085
-2.0925970291013, 0.581062503282968, -1.22471013797646
-2.25622654903521, 0.488009136031523, -1.39446071128763
-2.41659121606133, 0.396812435943638, -1.5682708213686
-2.5672611823879, 0.311128949760873, -1.75310364519509
-2.68320552923487, 0.245193341734659, -1.96578803908181
-2.54912203797541, 0.321444377364185, -2.15422270183105
-2.38975352929347, 0.412074578887026, -2.32789461268137
-2.31026767508084, 0.457276852818587, -2.56035969879392
-2.36567183387809, 0.425769435710109, -2.80224454833499
-2.50612332229691, 0.345897026757693, -2.99578108079294
-2.69242818469013, 0.239948572053377, -3.12982149622687
-2.89897726421223, 0.122487570151149, -3.21721391120571
-3.11436534498905, 0.000722994109843641, -3.26941180550078
-0.722774550638249, 1.00652190226147, -3.77165562134852E-05
-0.886740648015344, 0.936062222852758, -0.201523955143878
-1.05604911531189, 0.863306814767026, -0.397376451840189
-1.24672655888316, 0.781368708296109, -0.568770843394641
-1.43674288930191, 0.699714696046648, -0.741032918436073
-1.62613615638485, 0.618328427212409, -0.914105988059338
-1.81489351073996, 0.537215423447299, -1.08799999299632
-2.00294941251568, 0.456403848603505, -1.2627918447719
-2.18930321943215, 0.376323699707053, -1.43972587721851
-2.37052734452282, 0.298447882942033, -1.62281900601301
-2.53616354133246, 0.227270526693534, -1.82245631493521
-2.55882398037845, 0.217532859602702, -2.0472041184732
-2.34784047085426, 0.30819690954597, -2.18716678003316
-2.15770029899706, 0.389904139065284, -2.35682345287745
-2.08612676152121, 0.420660792942933, -2.60694251700893
-2.18056791459516, 0.380077443854151, -2.8523252643884
-2.36177267123101, 0.302209950121386, -3.03327651180116
-2.5838414970783, 0.206782306686754, -3.1505321361171
-2.82127472885318, 0.104752254990406, -3.22505552922553
-3.06504281764345, 0.000724416522710789, -3.26940742414493
-0.488372427185925, 0.793945427971506, -2.54851144789501E-05
-0.683269668184358, 0.732720070656571, -0.204904242444101
-0.882848257711813, 0.67002410639545, -0.404535085253164
-1.09787819268894, 0.60247422967612, -0.58594339838235
-1.31241946316656, 0.535077862870201, -0.767986272432258
-1.52647093947397, 0.467835360854402, -0.950661521273519
-1.74003146660942, 0.400747086462983, -1.13396700379254
-1.95295837127937, 0.333857859331823, -1.31807973449125
-2.16326135092052, 0.267792916560118, -1.50546661531758
-2.36364985870066, 0.204842523174383, -1.70429008961427
-2.53364762034391, 0.151439131489478, -1.93100076793138
-2.34779996475563, 0.209821636348162, -2.10304112079221
-2.09318575149627, 0.289806586901619, -2.214521698996
-1.87755224718674, 0.357546069937855, -2.39049899880729
-1.843312249998, 0.36830228204021, -2.6677003195379
-1.98571139623716, 0.323568767265087, -2.91194781097987
-2.2130126869743, 0.252163945564, -3.07357268172274
-2.47217392721957, 0.170750584066871, -3.17209616300686
-2.7418506496991, 0.0860338707427405, -3.23323247512401
-3.01572029029779, 0.00072583893557794, -3.26940304278909
-0.283168764383146, 0.573163439113279, -1.47771779642768E-05
-0.511200845104891, 0.524453599689374, -0.210028219684664
-0.742899991336638, 0.474960439902898, -0.415677272119878
-0.984029060436233, 0.423452958152517, -0.609793811211299
-1.22490428102374, 0.371999700878898, -0.804239648108709
-1.46551087709437, 0.320603824378373, -0.999032899067324
-1.70585619719742, 0.269263758930336, -1.19416312531242
-1.94524620731989, 0.21812775685622, -1.39051423281287
-2.17949635458554, 0.168089678783078, -1.5931975779329
-2.3930278237399, 0.122477309060631, -1.81824289428083
-2.36783409325826, 0.127858931516409, -2.04013609996938
-2.0746589935354, 0.19048394456452, -2.1321804406624
-1.78340848446401, 0.252697846591355, -2.22988109184629
-1.56241485714641, 0.299904204864608, -2.43486195399142
-1.59106553576115, 0.293784145133133, -2.73973804368258
-1.78639141640405, 0.252060663720629, -2.9773024863702
-2.06059532734967, 0.193488078541855, -3.11575255059395
-2.35735215235399, 0.130097974622456, -3.19470623438474
-2.66065578983422, 0.0653094087698819, -3.24209993318755
-2.96639776295225, 0.000727261348445084, -3.26939866143324
-0.117758076264663, 0.344908191543966, -6.14555489755953E-06
-0.376798354562491, 0.312991438214315, -0.214425426027697
-0.637811683361244, 0.280831582280857, -0.426371046295441
-0.902990598259512, 0.248158478041439, -0.633032485613287
-1.16812245552349, 0.215491171845923, -0.83975525822099
-1.43318869669862, 0.182831950310198, -1.04656336524014
-1.69821208805883, 0.150178008366442, -1.25342714424659
-1.96128087813506, 0.117764895869938, -1.46279869089546
-2.2128190655414, 0.0867724867620175, -1.68585298152365
-2.41996150570738, 0.0612501463355668, -1.94849532075542
-2.12265543122017, 0.0978816875969055, -2.06996693399098
-1.79274392304056, 0.138530594772166, -2.12987878703568
-1.47045730827726, 0.17824002703668, -2.21996724706861
-1.28024296602339, 0.201676630337804, -2.47475635261319
-1.36089196229085, 0.191739742773187, -2.79803018361476
-1.59640860516721, 0.162721372946275, -3.03279108204805
-1.9076574180089, 0.124371925327965, -3.15541971477997
-2.23703843834706, 0.0837883803801194, -3.21719622764331
-2.5705523856901, 0.0426956111040288, -3.25109530631947
-2.90524148064694, 0.00145805007261536, -3.2693950505795
-0.0151593903784469, 0.113517344808071, -7.91357696775909E-07
-0.292237711118085, 0.102491168892496, -0.214035638233439
-0.569610791214608, 0.0914532631941178, -0.42768707599394
-0.847577680935663, 0.0803917271757531, -0.640564806728573
-1.12555604220789, 0.0693297346534623, -0.853427535204262
-1.40354143864431, 0.0582674621707695, -1.06628106004233
-1.68154174695133, 0.0472045962785744, -1.27911488266105
-1.95664436112922, 0.0362570424942773, -1.49566826504225
-2.21360493322805, 0.0260314410695064, -1.73300236040671
-2.30653054023286, 0.0223335188099748, -1.99485358986893
-1.96288008216029, 0.0360088954834774, -2.0598860519697
-1.61542997088715, 0.0498354772187679, -2.10215723276999
-1.27726943943503, 0.063292385350527, -2.18669894203996
-1.12199106632044, 0.0694716008635823, -2.47503153159342
-1.21942505338189, 0.0655942701556888, -2.80841600453901
-1.46168249748146, 0.0559537714390482, -3.05565437787874
-1.78654152106316, 0.0430261893308127, -3.18239373312837
-2.13188611124683, 0.0292833956231809, -3.23759120761115
-2.48112782763981, 0.0153855179699737, -3.26020721717856
-2.83100552389515, 0.00146233185553728, -3.26935921643881
