-23.6679998086036, 3.8494909215696, -0.0127265078721123
-23.6679998086036, 3.83581444526282, -0.346582123752953
-23.6679998086036, 3.82204973761505, -0.680434074760502
-23.6679998086036, 3.80660318007969, -1.01421152656829
-23.6679998086036, 3.78739250344937, -1.34779149303634
-23.6679998086036, 3.76165872104987, -1.68092591583729
-23.6679998086036, 3.72466964993676, -2.01297898805385
-23.6679998086036, 3.6656104741687, -2.34173318674066
-23.6679998086036, 3.56076182419402, -2.65818070279682
-23.6679998086036, 3.32192893051017, -2.88216610931687
-23.6679998086036, 2.99613823405421, -2.95184406343506
-23.6679998086036, 2.66418323109581, -2.98990214996835
-23.6679998086036, 2.33183163287822, -3.02438146607368
-23.6679998086036, 1.99932292154093, -3.05731069041908
-23.6679998086036, 1.66665961637953, -3.08864075742153
-23.6679998086036, 1.33386716645432, -3.11856640564563
-23.6679998086036, 1.00090213424071, -3.14650332348824
-23.6679998086036, 0.667686304961098, -3.17123898823872
-23.6679998086036, 0.334036156408891, -3.18907043809384
-23.6679998086036, 1.3871333967119E-06, -3.19520020885913
-23.2062429338985, 3.86830287742842, -0.0124782216271761
-23.2062429338985, 3.85749515488598, -0.350649529097463
-23.2062429338985, 3.84608876018514, -0.688800267185232
-23.2062429338985, 3.83216601272382, -1.02685669437229
-23.2062429338985, 3.81431604818384, -1.36472609807927
-23.2062429338985, 3.78925483470056, -1.70212971105701
-23.2062429338985, 3.75219461917529, -2.03840844176255
-23.2062429338985, 3.69394036152713, -2.37159748236407
-23.2062429338985, 3.5928570727612, -2.693796559822
-23.2062429338985, 3.36129469179655, -2.93169579651838
-23.2062429338985, 3.03473477944256, -3.01429472291604
-23.2062429338985, 2.69882703779111, -3.05474172806682
-23.2062429338985, 2.36230315764975, -3.0897716195436
-23.2062429338985, 2.0254500560212, -3.12148833415418
-23.2062429338985, 1.68838053569445, -3.15082124754707
-23.2062429338985, 1.351141702258, -3.17813806969801
-23.2062429338985, 1.01371688191264, -3.20304984915695
-23.2062429338985, 0.676096708025096, -3.22514718330572
-23.2062429338985, 0.33823034074756, -3.24306445786901
-23.2062429338985, 5.54863301833607E-05, -3.25116280164015
-22.7326461393291, 3.88722996203411, -0.0122235690494707
-22.7326461393291, 3.87897130146204, -0.355169217319424
-22.7326461393291, 3.86884819146532, -0.6980572098437
-22.7326461393291, 3.85457877532999, -1.04080465971143
-22.7326461393291, 3.83685060613433, -1.38338871559631
-22.7326461393291, 3.81264949338183, -1.72557024924112
-22.7326461393291, 3.77726884097469, -2.06675957065536
-22.7326461393291, 3.72116784750837, -2.40508790871779
-22.7326461393291, 3.62289507601667, -2.73311897342198
-22.7326461393291, 3.39994713991572, -2.98661916919748
-22.7326461393291, 3.07497698711308, -3.08995052667893
-22.7326461393291, 2.73544570264377, -3.1387387969759
-22.7326461393291, 2.39472822188443, -3.17859472417203
-22.7326461393291, 2.05345666692454, -3.21341098584191
-22.7326461393291, 1.71183763947654, -3.24464366037146
-22.7326461393291, 1.36993889531072, -3.27264746182302
-22.7326461393291, 1.02778563119462, -3.2973510551981
-22.7326461393291, 0.685436815280438, -3.31918148877162
-22.7326461393291, 0.34291758872343, -3.33815003425492
-22.7326461393291, 0.000110974430644011, -3.34789516270586
-22.2590493447598, 3.90577707412648, -0.0119689164523167
-22.2590493447598, 3.89898515916969, -0.366927466533607
-22.2590493447598, 3.88864696417089, -0.721778962865807
-22.2590493447598, 3.87285707388039, -1.0764506817033
-22.2590493447598, 3.85414700545371, -1.43097902755615
-22.2590493447598, 3.82993746539256, -1.78516980130097
-22.2590493447598, 3.79490946544649, -2.13843328694396
-22.2590493447598, 3.73677391423505, -2.48854192390904
-22.2590493447598, 3.62730528862984, -2.82522183291995
-22.2590493447598, 3.38478222697744, -3.07778458287951
-22.2590493447598, 3.0485823357405, -3.18696261688442
-22.2590493447598, 2.69844814195879, -3.24544351005502
-22.2590493447598, 2.34654052888755, -3.29232391666655
-22.2590493447598, 1.99382727434701, -3.33272875842829
-22.2590493447598, 1.64058073616681, -3.36817944789871
-22.2590493447598, 1.28688038958019, -3.398768202053
-22.2590493447598, 0.932821250223761, -3.42489566979665
-22.2590493447598, 0.57853381029947, -3.44772942394136
-22.2590493447598, 0.224085231366283, -3.46791485462613
-22.2590493447598, 0.131157611786778, -3.47207128494804
-21.7854525501904, 3.92396025440025, -0.0117142638365353
-21.7854525501904, 3.9172550650632, -0.373997661818877
-21.7854525501904, 3.90627825496382, -0.736149883044639
-21.7854525501904, 3.88977550832908, -1.09811900961724
-21.7854525501904, 3.87096379799742, -1.45997474641061
-21.7854525501904, 3.8478806098093, -1.82158009233381
-21.7854525501904, 3.81498408763432, -2.18240369695015
-21.7854525501904, 3.75877513660555, -2.54023774557263
-21.7854525501904, 3.64892089159044, -2.88443018395497
-21.7854525501904, 3.40868716121174, -3.15000310037119
-21.7854525501904, 3.07203173045211, -3.27953821755592
-21.7854525501904, 2.71686288411707, -3.35091412264885
-21.7854525501904, 2.35885617274635, -3.40674612939963
-21.7854525501904, 1.99965644127381, -3.45434608966232
-21.7854525501904, 1.63966872814859, -3.49557604542027
-21.7854525501904, 1.27901917755885, -3.53054344692225
-21.7854525501904, 0.917850920721328, -3.55969029967341
-21.7854525501904, 0.556355873616055, -3.5844774874003
-21.7854525501904, 0.194662906711587, -3.60620115952065
-21.7854525501904, 0.167992491517175, -3.60767736712616
-21.3118557556211, 3.9417913137898, -0.0114596112027311
-21.3118557556211, 3.93381605615467, -0.379094747886918
-21.3118557556211, 3.92210656313988, -0.746611332980467
-21.3118557556211, 3.90589989835766, -1.11397539667062
-21.3118557556211, 3.8876576093506, -1.48124349957027
-21.3118557556211, 3.86598297671551, -1.84832298811384
-21.3118557556211, 3.83555764226759, -2.21476265306262
-21.3118557556211, 3.783273873358, -2.57863695170238
-21.3118557556211, 3.67863577092774, -2.93016317375236
-21.3118557556211, 3.44821033775594, -3.21189271270925
-21.3118557556211, 3.11654647341922, -3.3664854582817
-21.3118557556211, 2.75932786359965, -3.45315166022988
-21.3118557556211, 2.39755871127846, -3.5189400430976
-21.311855755621, 2.03404453644752, -3.57435370033832
-21.311855755621, 1.66944852907946, -3.62215108690402
-21.3118557556211, 1.30396524544752, -3.66260131016595
-21.3118557556211, 0.937734523719974, -3.69561957294932
-21.3118557556211, 0.57100635750328, -3.7225918628413
-21.3118557556211, 0.203997372750572, -3.74545548081608
-21.3118557556211, 0.164125173155968, -3.74775661385667
-20.8382589610517, 3.959264715566, -0.0112049585506207
-20.8382589610517, 3.9492665128837, -0.384196009415445
-20.8382589610517, 3.93673238967662, -0.757102706478047
-20.8382589610517, 3.92117978738711, -1.12990327654777
-20.8382589610517, 3.90387995434709, -1.5026264929095
-20.8382589610517, 3.8835917543151, -1.87519734077999
-20.8382589610517, 3.85549232320553, -2.24724621431436
-20.8382589610517, 3.80758058505522, -2.61718710643938
-20.8382589610517, 3.70853148152052, -2.97601155784938
-20.8382589610517, 3.48724906167387, -3.27217764451941
-20.8382589610517, 3.16171097149747, -3.45074947896928
-20.8382589610517, 2.80342545447154, -3.55410609034986
-20.8382589610517, 2.43818045204879, -3.63022160370588
-20.8382589610517, 2.0704554808735, -3.69340705388053
-20.8382589610517, 1.70132814839846, -3.74782853743741
-20.8382589610517, 1.33107190130327, -3.79393700583909
-20.8382589610517, 0.959809246302743, -3.831082888862
-20.8382589610517, 0.587825124252292, -3.86016740942342
-20.8382589610517, 0.215424622077161, -3.8833687412152
-20.8382589610517, 0.158211514907899, -3.88672711957121
-20.3646621664823, 3.9763717450124, -0.0109503058797581
-20.3646621664823, 3.96425534324575, -0.389374114217504
-20.3646621664823, 3.95088813834642, -0.767754098165776
-20.3646621664823, 3.93599765057771, -1.14607880476932
-20.3646621664824, 3.91971924257547, -1.52434613051937
-20.3646621664823, 3.90081223319105, -1.9024896331233
-20.3646621664823, 3.87507122745622, -2.28021925805207
-20.3646621664823, 3.83181824593229, -2.65627686273715
-20.3646621664823, 3.73793695987482, -3.0222041366341
-20.3646621664823, 3.52489796954426, -3.33139035776166
-20.3646621664823, 3.2058347784614, -3.53193833582444
-20.3646621664823, 2.84741978003564, -3.65291778193752
-20.3646621664823, 2.47886123431938, -3.73936077366501
-20.3646621664823, 2.10686818445745, -3.80980078980753
-20.3646621664823, 1.73313605477178, -3.87037000075552
-20.3646621664823, 1.35802091557462, -3.921670739329
-20.3646621664823, 0.981653486160768, -3.96278095367707
-20.3646621664823, 0.60431398063169, -3.99373875156907
-20.3646621664823, 0.22636874896689, -4.01620040578075
-20.3646621664823, 0.152892170331682, -4.01989483230406
-19.891065371913, 3.99309681840039, -0.0106956531893455
-19.891065371913, 3.97927426085065, -0.394519190569478
-19.891065371913, 3.96508095637684, -0.778329058349754
-19.891065371913, 3.95058493777801, -1.16212773522451
-19.891065371913, 3.93526227861559, -1.54589415419914
-19.891065371913, 3.91775130582898, -1.9295656952884
-19.891065371913, 3.89449415127311, -2.31292534528312
-19.891065371913, 3.8559564404978, -2.6949873596843
-19.891065371913, 3.76653204381183, -3.06766437562034
-19.891065371913, 3.5611924567829, -3.38883092142712
-19.891065371913, 3.24855984385852, -3.60903066678646
-19.891065371913, 2.89096289682448, -3.74794354902395
-19.891065371913, 2.5193333768173, -3.84452656865034
-19.891065371913, 2.14305924226304, -3.92143980471132
-19.891065371913, 1.76469379295939, -3.98733571911539
-19.891065371913, 1.38468238761025, -4.04295142300077
-19.891065371913, 1.00322118738258, -4.08754240912666
-19.891065371913, 0.620543353045157, -4.12003265843158
-19.891065371913, 0.237037927260688, -4.14067304398243
-19.891065371913, 0.147834105871649, -4.14405012648476
-19.4174685773436, 4.00941306759241, -0.0104410004780078
-19.4174685773436, 3.994371423546, -0.399485029206052
-19.4174685773436, 3.97944135579259, -0.788533277135867
-19.4174685773436, 3.96511253331571, -1.17760424200794
-19.4174685773436, 3.95058370066259, -1.56666770972594
-19.4174685773436, 3.93434334600119, -1.9556625241851
-19.4174685773436, 3.91347329126327, -2.34443279772833
-19.4174685773436, 3.87917435956181, -2.73218703584975
-19.4174685773436, 3.79345259909822, -3.1111547650165
-19.4174685773436, 3.5954209017857, -3.4433198442045
-19.4174685773436, 3.28882479697558, -3.68064711253207
-19.4174685773436, 2.93271036465762, -3.83670034763436
-19.4174685773436, 2.55839990299548, -3.94325910614157
-19.4174685773436, 2.17798992565079, -4.02603628121876
-19.4174685773436, 1.79508923639206, -4.09644431982985
-19.4174685773436, 1.41026945654954, -4.15546907137195
-19.4174685773436, 1.02384961829712, -4.20289987671568
-19.4174685773436, 0.635999799980249, -4.23656344533746
-19.4174685773436, 0.247117615147292, -4.25488683430429
-19.4174685773436, 0.143172072321738, -4.25784615989688
-18.9338717827743, 4.02562530940864, -0.0101809707497329
-18.9338717827743, 4.00984332998413, -0.404208311567431
-18.9338717827743, 3.99437057478062, -0.79824773035775
-18.9338717827743, 3.98004955279912, -1.19233084712638
-18.9338717827743, 3.96605077080204, -1.58642557447497
-18.9338717827743, 3.95085403393436, -1.98047523523098
-18.9338717827743, 3.93195112140179, -2.37436262473698
-18.9338717827743, 3.9009421946712, -2.76742028547289
-18.9338717827743, 3.81829107894864, -3.15223675348377
-18.9338717827743, 3.62744750752093, -3.49460825895926
-18.9338717827743, 3.32643987898854, -3.74686111806859
-18.9338717827743, 2.97202449004832, -3.91842445136734
-18.9338717827743, 2.59550615972405, -4.03492264442169
-18.9338717827743, 2.21122377097149, -4.12329515051107
-18.9338717827743, 1.82395019648134, -4.19753306109748
-18.9338717827743, 1.43446402434, -4.25912942174583
-18.9338717827743, 1.04326051048717, -4.30867122316224
-18.9338717827743, 0.650460637035113, -4.3431200248452
-18.9338717827743, 0.256475552438346, -4.35918505491534
-18.9338717827743, 0.138955558850147, -4.36193430692456
-17.7598772289123, 4.06282831379177, -0.0047748565191729
-17.7598797438765, 4.04728562924327, -0.408909565140725
-17.7598797963509, 4.03178711649297, -0.813045878062684
-17.7598797963509, 4.01708489621685, -1.21721204473397
-17.7598797963509, 4.00276525036996, -1.62139192800079
-17.7598797963509, 3.98792131259851, -2.02555272124481
-17.7598797963509, 3.97066967221874, -2.42961686911605
-17.7598797963509, 3.94193186774779, -2.83296483734171
-17.7598797963509, 3.86472635482137, -3.22938089416341
-17.7598797963509, 3.69041243368903, -3.59224145087838
-17.7598797963509, 3.40185546638571, -3.87292675979538
-17.7598797963509, 3.04984729896708, -4.07072201096596
-17.7598797963509, 2.6700763571443, -4.20892043690143
-17.7598797963509, 2.27852873951387, -4.30992125034787
-17.7598797963509, 1.88223561722223, -4.39049049606822
-17.7598797963509, 1.48298337748941, -4.45487950421691
-17.7598797963509, 1.08181647744868, -4.50605295195674
-17.7598797963509, 0.678904156070423, -4.54055445030949
-17.7598797963509, 0.274725562011537, -4.55377152334855
-17.7598797963509, 0.131091740807412, -4.55439707993955
-16.5758854136463, 4.09609623026365, -0.00445654052951263
-16.5758877671087, 4.08172350164431, -0.414972168727472
-16.5758878099275, 4.06715316968378, -0.825480833469979
-16.5758878099275, 4.05214715004084, -1.23597376307066
-16.5758878099275, 4.0362454829935, -1.64643283566345
-16.5758878099275, 4.0189336543596, -2.05683473093284
-16.5758878099275, 3.9990474349748, -2.46711905993245
-16.5758878099275, 3.96762450993706, -2.87662104551561
-16.5758878099275, 3.89097026581436, -3.27971080423584
-16.5758878099275, 3.72485414451141, -3.65370632102144
-16.5758878099275, 3.44926232028404, -3.95560458550208
-16.5758878099275, 3.09926311381408, -4.1690831615553
-16.5758878099275, 2.71823941365541, -4.32172869181728
-16.5758878099275, 2.32225458257868, -4.43043276897786
-16.5758878099275, 1.91975913666895, -4.51221229448696
-16.5758878099275, 1.51390226391642, -4.57536446947238
-16.5758878099275, 1.10612121764898, -4.62467273743023
-16.5758878099275, 0.696690786292234, -4.65722639738386
-16.5758878099275, 0.286147753844919, -4.66986024388248
-16.5758878099275, 0.126274467543172, -4.67106343110645
-15.3918935983788, 4.12252628588498, -0.0041382243648582
-15.3918957813646, 4.11096860952991, -0.411621932693474
-15.3918958235041, 4.0988369873542, -0.819088648118853
-15.3918958235041, 4.08404162209563, -1.22646656324885
-15.3918958235041, 4.06597867320992, -1.63371273728554
-15.3918958235041, 4.04526678456986, -2.04083323347714
-15.3918958235041, 4.02159440757523, -2.44779162409945
-15.3918958235041, 3.98821608111813, -2.85402585635611
-15.3918958235041, 3.91609870423378, -3.25489687114079
-15.3918958235041, 3.76721968092488, -3.63313189470462
-15.3918958235041, 3.52031446520341, -3.95561410899163
-15.3918958235041, 3.19003760039419, -4.19257235866654
-15.3918958235041, 2.81876896502564, -4.36000754633511
-15.3918958235041, 2.42846335695387, -4.47687958045473
-15.3918958235041, 2.02957085315969, -4.56060904529588
-15.3918958235041, 1.62688847302999, -4.62383109376685
-15.3918958235041, 1.22212216648503, -4.67206892438871
-15.3918958235041, 0.81591035014598, -4.70584608308698
-15.3918958235041, 0.408592715540626, -4.7215491219134
-15.3918958235041, 0.000971034585689004, -4.72546057510012
-14.2079017831156, 4.14366202794044, -0.00381990806471494
-14.2079037997976, 4.13575163635366, -0.413149754707499
-14.2079038370807, 4.1265489690309, -0.822450524061739
-14.2079038370807, 4.1107555013356, -1.23154617489484
-14.2079038370807, 4.08877012701157, -1.64035981120418
-14.2079038370807, 4.0646796539378, -2.04905652906711
-14.2079038370807, 4.03739536102245, -2.45754980301468
-14.2079038370807, 3.99794027479715, -2.8649971758307
-14.2079038370807, 3.92037784233144, -3.2666816950933
-14.2079038370807, 3.77163548793436, -3.64704951821494
-14.2079038370807, 3.52752787698718, -3.97399682094621
-14.2079038370807, 3.20328115256108, -4.22204503779065
-14.2079038370807, 2.83259387522187, -4.39460479186683
-14.2079038370807, 2.44030825578612, -4.51096308568729
-14.2079038370807, 2.0395244188983, -4.59423752644866
-14.2079038370807, 1.6348597723075, -4.65611510115003
-14.2079038370807, 1.22797888867364, -4.70131822691048
-14.2079038370807, 0.819692026106757, -4.73114255711476
-14.2079038370807, 0.410506318387753, -4.743849655669
-14.2079038370807, 0.00110974502330952, -4.74605257425443
-13.0239118506501, 4.16832243897503, -0.00700318573430181
-13.0239118506572, 4.15580621931877, -0.416427660536627
-13.0239118506573, 4.14193524943138, -0.825806518644525
-13.0239118506573, 4.1223464187461, -1.23494945389284
-13.0239118506573, 4.09768264838837, -1.6438208207125
-13.0239118506573, 4.07146118947212, -2.05259627495385
-13.0239118506573, 4.04187425041244, -2.46113865959663
-13.0239118506573, 3.99949372671809, -2.86850087460294
-13.0239118506573, 3.91954515484605, -3.26994726337609
-13.0239118506573, 3.77075759883556, -3.65059248581323
-13.0239118506573, 3.52694635503118, -3.9780100437779
-13.0239118506573, 3.20480438226062, -4.22919652735018
-13.0239118506573, 2.83463421410273, -4.40318277598633
-13.0239118506573, 2.44196971347488, -4.51901865547576
-13.0239118506573, 2.04099072469821, -4.60238825012203
-13.0239118506573, 1.63608810853856, -4.66407798835388
-13.0239118506573, 1.22889775473941, -4.70835992330322
-13.0239118506573, 0.820297631062831, -4.73673234655802
-13.0239118506573, 0.41085922289396, -4.74795393333257
-13.0239118506573, 0.00124845470760207, -4.7496613222258
-11.8399181525825, 4.16624220557483, -0.00318327496048867
-11.8399198311206, 4.15715243788051, -0.408974888650594
-11.8399198642339, 4.13558986856022, -0.814185980717541
-11.8399198642339, 4.10516121952058, -1.2189366801293
-11.8399198642339, 4.07232862251513, -1.62349932534557
-11.8399198642339, 4.03694491288396, -2.02784667809105
-11.8399198642339, 3.99707747021311, -2.43177283183259
-11.8399198642339, 3.9444617133584, -2.83419067474899
-11.8399198642339, 3.85700802187484, -3.23030756693168
-11.8399198642339, 3.71107714423064, -3.60835979440379
-11.8399198642339, 3.47955338545781, -3.94021800816817
-11.8399198642339, 3.16752132106974, -4.19795195289824
-11.8399198642339, 2.80388986892771, -4.37683414042837
-11.8399198642339, 2.41684216310791, -4.498363259946
-11.8399198642339, 2.0208716144459, -4.58725877477976
-11.8399198642339, 1.62049940753275, -4.65370920061329
-11.8399198642339, 1.21754436149474, -4.7022439801594
-11.8399198642339, 0.812932344914288, -4.73396905703919
-11.8399198642339, 0.407272030761019, -4.74688996065712
-11.8399198642339, 0.00138716420026058, -4.74894980472888
-10.6559263373166, 4.15329576463109, -0.00286495778811884
-10.6559278427119, 4.14721156545191, -0.40014867183106
-10.6559278778105, 4.1136181456806, -0.795435468071953
-10.6559278778105, 4.06254455688431, -1.18946953035315
-10.6559278778105, 4.01021251426185, -1.58333791975635
-10.6559278778105, 3.95432934389673, -1.97671582971217
-10.6559278778105, 3.89217618992396, -2.36914854104067
-10.6559278778105, 3.81866619977529, -2.75958485774279
-10.6559278778105, 3.717504561372, -3.14366040107447
-10.6559278778105, 3.57360114439004, -3.51367582955652
-10.6559278778105, 3.36369238595734, -3.84999820165677
-10.6559278778105, 3.0765283209075, -4.12293281233487
-10.6559278778105, 2.73144123608857, -4.31829038115945
-10.6559278778105, 2.35830019753709, -4.45412149032324
-10.6559278778105, 1.97417569030305, -4.55538288491574
-10.6559278778105, 1.58439391945772, -4.63217840023019
-10.6559278778105, 1.19117124516165, -4.68893041028536
-10.6559278778105, 0.795749303421212, -4.72732000526442
-10.6559278778105, 0.398830888772027, -4.74457022026109
-10.6559278778105, 0.00152587369291864, -4.74823828723195
-9.47193452204973, 4.11485012018602, -0.00254663996317768
-9.47193585232468, 4.10361103732728, -0.3874533361026
-9.47193589138713, 4.05544355660771, -0.768097489842356
-9.47193589138713, 3.97836544387899, -1.14537506980309
-9.47193589138713, 3.89957780600727, -1.52229872425974
-9.47193589138713, 3.81731331920125, -1.89847700215213
-9.47193589138713, 3.72918730814641, -2.27332204598467
-9.47193589138714, 3.63148798794164, -2.64577236618964
-9.47193589138713, 3.51512250592674, -3.01276474004166
-9.47193589138713, 3.37050171573375, -3.36950154775878
-9.47193589138713, 3.18137572539855, -3.70437499540709
-9.47193589138714, 2.92928603151179, -3.99441382521987
-9.47193589138714, 2.61888620009573, -4.22090743595069
-9.47193589138714, 2.27051930955606, -4.38417630010838
-9.47193589138714, 1.90536614899153, -4.50598604500523
-9.47193589138713, 1.53178900045368, -4.59905552421273
-9.47193589138714, 1.15291393455082, -4.66751268238902
-9.47193589138714, 0.770793810989145, -4.71471462918485
-9.47193589138714, 0.386638349884778, -4.74053946407643
-9.47193589138714, 0.0016645831855767, -4.74752676973503
-8.28794270678267, 4.03377517406912, -0.00222832104727507
-8.28794386088547, 4.01379524836797, -0.372010401761742
-8.28794390496374, 3.95125822411909, -0.734519223499851
-8.28794390496374, 3.84588445893342, -1.08953197627448
-8.28794390496374, 3.73828973346122, -1.44387750216233
-8.28794390496374, 3.62766045656697, -1.79728670367903
-8.28794390496374, 3.5130550905678, -2.14942533798853
-8.28794390496374, 3.39264613550798, -2.49961780511868
-8.28794390496374, 3.26218246713881, -2.84617311386474
-8.28794390496374, 3.11552907691601, -3.18616578738905
-8.28794390496374, 2.94353290455672, -3.51392899485958
-8.28794390496374, 2.72747276105534, -3.81413736420903
-8.28794390496374, 2.46229927117864, -4.07189715320305
-8.28794390496374, 2.15197825298538, -4.27300496205424
-8.28794390496374, 1.81541197787955, -4.42694058812897
-8.28794390496374, 1.46474031612474, -4.54560883558254
-8.28794390496374, 1.10526428073451, -4.63407528727562
-8.28794390496375, 0.739904516327321, -4.69410943248807
-8.28794390496374, 0.371738497247606, -4.73357915603321
-8.28794390496374, 0.00180329267823432, -4.74681525223811
-7.09395089296256, 3.89605654253484, -0.00190731217672856
-7.09395186931567, 3.86583003401796, -0.354475352534954
-7.09395191854035, 3.791871831396, -0.696753290187428
-7.09395191854035, 3.65997166656229, -1.02511288313225
-7.09395191854035, 3.52629520387648, -1.35275316767633
-7.09395191854035, 3.39041225949525, -1.67948413636519
-7.09395191854035, 3.25187361954491, -2.00509765591585
-7.09395191854035, 3.11064800618363, -2.3295550307902
-7.09395191854035, 2.96667036952395, -2.65279965942416
-7.09395191854035, 2.81675959761302, -2.97332580150962
-7.09395191854035, 2.65519605778583, -3.28811156182565
-7.09395191854035, 2.47058869766636, -3.58980906811836
-7.09395191854035, 2.24994068887976, -3.86612606913702
-7.09395191854035, 1.99145720177618, -4.10711248118154
-7.09395191854036, 1.69639275853066, -4.30195165192794
-7.09395191854035, 1.37950104617278, -4.4589969772054
-7.09395191854035, 1.04744034018661, -4.58074096611417
-7.09395191854035, 0.703558472615028, -4.6635058479914
-7.09395191854035, 0.354378817795684, -4.72065109432266
-7.09395191854035, 0.00194317371169889, -4.7460977252622
-6.63035416541066, 3.82360919476149, -0.00178267209128002
-6.63035507275763, 3.78833753413122, -0.346988358520235
-6.63035512397099, 3.71086190588924, -0.681110356256003
-6.63035512397099, 3.57008802983763, -0.998275478537796
-6.63035512397099, 3.42789516663161, -1.31480680925847
-6.63035512397099, 3.28391609505176, -1.63052945673126
-6.63035512397099, 3.13764998445595, -1.9451987796525
-6.630355123971, 2.98937506655763, -2.25892706323084
-6.63035512397099, 2.83995243469616, -2.57211063251142
-6.63035512397099, 2.6879221751393, -2.88403319885994
-6.63035512397099, 2.52852321222382, -3.19224064127066
-6.63035512397099, 2.35304604008727, -3.49150136543082
-6.63035512397099, 2.14820061944691, -3.77135594844982
-6.63035512397099, 1.9114695719694, -4.02468082751522
-6.63035512397099, 1.6377535360541, -4.23745633145413
-6.63035512397099, 1.33839179672391, -4.41250148482129
-6.63035512397099, 1.02048965517692, -4.55109461503658
-6.63035512397099, 0.687473703654902, -4.64780403185472
-6.63035512397099, 0.346794496827859, -4.71349156381353
-6.63035512397099, 0.00199748596795526, -4.74581912774242
-6.15675743930482, 3.73635127257341, -0.00165534312177261
-6.15675827623419, 3.69536043556487, -0.338898134053519
-6.15675832940164, 3.61494252687046, -0.664648420844689
-6.15675832940164, 3.4661047742481, -0.970034065913986
-6.15675832940164, 3.31623481133825, -1.27491429039867
-6.15675832940164, 3.16496239981899, -1.57910086805175
-6.15675832940164, 3.01176012934786, -1.88231967413116
-6.15675832940164, 2.85688875461703, -2.18469006142904
-6.15675832940164, 2.7017337161601, -2.48691506365569
-6.15675832940164, 2.54672659729064, -2.78921590045882
-6.15675832940164, 2.38842640260798, -3.08979939153003
-6.15675832940164, 2.22033432382773, -3.38498176965825
-6.15675832940164, 2.03068224850202, -3.66669551056566
-6.15675832940164, 1.81551818673145, -3.92940662032861
-6.15675832940164, 1.56736113489793, -4.16095304049608
-6.15675832940164, 1.28952929002022, -4.35601648600495
-6.15675832940164, 0.988867523282542, -4.51369242345696
-6.15675832940164, 0.669320405988057, -4.62814011583355
-6.15675832940163, 0.338458545086486, -4.70484756921638
-6.15675832940164, 0.00205296976501901, -4.74553452074365
-5.68316071319932, 3.63422809615437, -0.00152801377183649
-5.6831614800204, 3.58760074414842, -0.330508281592931
-5.68316153483228, 3.50526965742971, -0.648062033895083
-5.68316153483228, 3.34950050523082, -0.941555199300415
-5.68316153483228, 3.19288244860051, -1.23459617323339
-5.68316153483228, 3.03506647857364, -1.52699360387507
-5.68316153483228, 2.87560350755001, -1.81849566484745
-5.68316153483228, 2.7146700097279, -2.10918918246756
-5.68316153483228, 2.55383222922211, -2.39993548654796
-5.68316153483228, 2.39483246698873, -2.69169072306767
-5.68316153483228, 2.23610386445643, -2.98359353388258
-5.68316153483228, 2.07314585316468, -3.27314694580978
-5.68316153483228, 1.89768758432917, -3.55524805340266
-5.68316153483228, 1.70376759854727, -3.8249681375607
-5.68316153483228, 1.48378585491108, -4.07366052010564
-5.68316153483228, 1.23200422062351, -4.29004071739458
-5.68316153483228, 0.952063260951605, -4.46852477596959
-5.68316153483228, 0.648810126356455, -4.60345368800209
-5.68316153483228, 0.329457781105369, -4.69458348975526
-5.68316153483228, 0.00210845356208189, -4.74524991374488
-5.2095639870942, 3.51556658949441, -0.00140068399865464
-5.2095646844562, 3.46406066302109, -0.322086368261814
-5.20956474026292, 3.38121222978364, -0.631894732935122
-5.20956474026292, 3.21976427925132, -0.913722414544324
-5.20956474026292, 3.05732378365102, -1.19497908632175
-5.20956474026292, 2.89364537112844, -1.47551702312842
-5.20956474026292, 2.72844226266924, -1.75515960098767
-5.20956474026292, 2.56198796803903, -2.03405976064371
-5.20956474026292, 2.39588106696937, -2.31316671624705
-5.20956474026292, 2.23216688796407, -2.59368193167213
-5.20956474026292, 2.07112050871778, -2.87573879077986
-5.20956474026292, 1.91054772238379, -3.15806609747776
-5.20956474026292, 1.74736177135815, -3.4388853110341
-5.20956474026292, 1.57542972067268, -3.71441082860705
-5.20956474026292, 1.38502395006609, -3.97736796335298
-5.20956474026292, 1.16381811358183, -4.21481412572659
-5.20956474026292, 0.909052473508689, -4.41574344645732
-5.20956474026293, 0.625119111846367, -4.5726508175273
-5.20956474026292, 0.319597661123655, -4.68204206282046
-5.20956474026292, 0.0021639373591452, -4.74496530674612
-4.73596726098958, 3.37848217843588, -0.00127335375399744
-4.73596788992528, 3.32354384619703, -0.313983096990542
-4.73596794569357, 3.2419140591982, -0.616778104146733
-4.73596794569357, 3.07627306452424, -0.887644353737981
-4.73596794569357, 2.90898595785303, -1.15749680212799
-4.73596794569357, 2.73996711153599, -1.42626808376397
-4.73596794569356, 2.5694414273893, -1.69408612003115
-4.73596794569357, 2.39805282574085, -1.96135310408408
-4.73596794569357, 2.22732914463853, -2.22904482128504
-4.73596794569357, 2.05902272719571, -2.49826086501175
-4.73596794569357, 1.89467529322689, -2.7699111795206
-4.73596794569357, 1.73377944606851, -3.04361968344335
-4.73596794569357, 1.57902812590529, -3.32083883386118
-4.73596794569357, 1.4293749552655, -3.60085431515886
-4.73596794569357, 1.26972252582268, -3.87522208714553
-4.73596794569357, 1.08292723121603, -4.13166849314741
-4.73596794569357, 0.858491849168311, -4.35569583544868
-4.73596794569357, 0.597358530925097, -4.53545376566651
-4.73596794569357, 0.308448789384444, -4.66622604383643
-4.73596794569357, 0.00221942115620807, -4.74468069974735
-4.26237053488584, 3.22240620690254, -0.00114602302331218
-4.26237109658348, 3.16544921126498, -0.30648957728716
-4.26237115112421, 3.08606157736414, -0.603051871690149
-4.26237115112421, 2.91713088730099, -0.8637059790311
-4.26237115112421, 2.74569362390386, -1.12271821162742
-4.26237115112421, 2.57196812844353, -1.38020181613023
-4.26237115112421, 2.39667849694712, -1.63662374449475
-4.26237115112421, 2.22087347407589, -1.89269295537204
-4.26237115112421, 2.04611989591457, -2.1494800140709
-4.26237115112421, 1.87405261755558, -2.40807278776715
-4.26237115112421, 1.70639358259269, -2.66954199576634
-4.26237115112421, 1.54392873086682, -2.93426792969629
-4.26237115112421, 1.39325280031177, -3.20581113510316
-4.26237115112421, 1.26431580029008, -3.48834383503787
-4.26237115112421, 1.13664156471101, -3.7714818774393
-4.26237115112421, 0.987734389559241, -4.04387354796156
-4.26237115112421, 0.798970230836943, -4.29000654812071
-4.26237115112421, 0.565143488582585, -4.4935329799238
-4.26237115112421, 0.295535198828108, -4.64691966905211
-4.26237115112421, 0.00227490495327138, -4.74439609274858
-3.788773808783, 3.04861848719622, -0.00101869183935157
-3.78877430436632, 2.98964606466232, -0.299756832250991
-3.78877435655485, 2.91183068905643, -0.590836891789868
-3.78877435655485, 2.73955087002159, -0.841915885850596
-3.78877435655485, 2.56415904002274, -1.09083136895489
-3.78877435655485, 2.38617098811229, -1.33789796434611
-3.78877435655485, 2.206449362425, -1.58370738067717
-3.78877435655485, 2.02642834709204, -1.82929783544907
-3.78877435655485, 1.84770568134298, -2.07583368561279
-3.78877435655485, 1.6720344501747, -2.32454998345445
-3.78877435655485, 1.50166975030239, -2.57692447110119
-3.78877435655485, 1.33856360486178, -2.83404626232961
-3.78877435655485, 1.19006329729868, -3.09975259420722
-3.78877435655485, 1.07939935367927, -3.38315593673767
-3.78877435655485, 0.985571599257071, -3.67284172890745
-3.78877435655485, 0.878279520286027, -3.95770170532902
-3.78877435655485, 0.73053926495566, -4.22341572296365
-3.78877435655485, 0.52928505221859, -4.45094113540067
-3.78877435655485, 0.281551635934631, -4.62707505016629
-3.78877435655485, 0.0023303887503347, -4.74411148574981
-3.31517708268096, 2.85824328241224, -0.000891360230887485
-3.3151775619855, 2.79553112755497, -0.294092083689209
-3.3151775619855, 2.71638782021939, -0.58053073925632
-3.3151775619855, 2.53952500804607, -0.822642186502425
-3.3151775619855, 2.35926308148673, -1.06223472922384
-3.3151775619855, 2.17644408329076, -1.29988324626474
-3.3151775619855, 1.99215136871739, -1.53639168004115
-3.3151775619855, 1.80750839632448, -1.77262697416347
-3.3151775619855, 1.62401493226683, -2.00975510439133
-3.3151775619855, 1.44357802917322, -2.24921340734043
-3.3151775619855, 1.26941991977005, -2.49326309347898
-3.3151775619855, 1.10616783500364, -2.7447135830976
-3.3151775619855, 0.963570382586883, -3.00826000283255
-3.3151775619855, 0.87683708070778, -3.29452311120147
-3.3151775619855, 0.824317433249715, -3.5897112165487
-3.3151775619855, 0.763039894378321, -3.88313272249882
-3.3151775619855, 0.658656279181741, -4.16358774494193
-3.3151775619855, 0.492492382788979, -4.41220699510488
-3.3151775619855, 0.268605620807439, -4.61051226428096
-3.3151775619855, 0.00238587254739757, -4.74382687875104
-2.84158035657938, 2.6512947763973, -0.000764028198282737
-2.84158072318261, 2.5802324945718, -0.28977627472034
-2.84158076741614, 2.49393893705579, -0.572518760257943
-2.84158076741614, 2.31000357170268, -0.806498265983745
-2.84158076741614, 2.12321644957819, -1.03820903999783
-2.84158076741614, 1.93446838904453, -1.26832629319552
-2.84158076741614, 1.74462706225494, -1.49754305316841
-2.84158076741614, 1.55455990388567, -1.72657266226071
-2.84158076741614, 1.36533863847654, -1.95630098741822
-2.84158076741614, 1.17859323666426, -2.18804319255381
-2.84158076741614, 0.997431967378144, -2.42416207423862
-2.84158076741614, 0.828847346219992, -2.66934484937176
-2.84158076741614, 0.699807445882363, -2.93668253905917
-2.84158076741614, 0.669875610101913, -3.23115077596695
-2.84158076741614, 0.678533381173233, -3.52863774405007
-2.84158076741614, 0.664864823876665, -3.82576744717528
-2.84158076741614, 0.596156915920468, -4.11457827615216
-2.84158076741614, 0.459594727492619, -4.37815209759367
-2.84158076741614, 0.257570319669175, -4.59541557848595
-2.84158076741614, 0.00244135634446133, -4.74354227175227
-1.97453859791748, 2.20459875990283, -0.00106182439335424
-2.00448050068389, 2.12288744120683, -0.280357844159641
-2.03703820313637, 2.03403761687007, -0.556844184609736
-2.09778531360981, 1.86825902415739, -0.790103198640947
-2.15851476253746, 1.70252862972416, -1.02340103643083
-2.21912871863093, 1.5371134147187, -1.25695240276305
-2.27952903387844, 1.37228122462608, -1.49097081427592
-2.33961528140999, 1.20830612392525, -1.72567093400265
-2.39913613471009, 1.04587398155261, -1.96158378639395
-2.45749716458345, 0.886606992122739, -2.19992767968954
-2.51330533127181, 0.734306754903773, -2.44335767732997
-2.56301793479779, 0.598641282284724, -2.69755750840039
-2.58929371074354, 0.526934807280855, -2.97755061188403
-2.57317020640019, 0.570935778500828, -3.265868169563
-2.55785445079577, 0.61273240702593, -3.55481788074303
-2.55733547450114, 0.614148691012197, -3.84693911604436
-2.58016158745471, 0.55185633088096, -4.13104319129866
-2.62606793716553, 0.426578107895118, -4.39049238888588
-2.69483083027584, 0.238924480227282, -4.60272903414961
-2.78238131150866, 0.00122414589274546, -4.74350669604979
-1.44314113970184, 1.86334207770862, -0.000776073896162494
-1.50228037668891, 1.77843176603079, -0.276457494868875
-1.56479591833073, 1.68867385916642, -0.549847714904014
-1.665180036949, 1.54454540513775, -0.78608962406251
-1.76534792315816, 1.4007274110032, -1.02271844916347
-1.86493483622715, 1.25774356037338, -1.26009675094187
-1.96387670921179, 1.11568583861158, -1.49829934280449
-2.06205166002138, 0.974729240304097, -1.73747109807494
-2.15906881232786, 0.835434973754126, -1.97808354099342
-2.25379796243083, 0.699425750943605, -2.22146503560956
-2.34320321078568, 0.571060423790279, -2.47089924247128
-2.41978957506561, 0.46110005918999, -2.73283545759847
-2.43519306619178, 0.43898419670878, -3.01974045750789
-2.37900366146115, 0.51965922925465, -3.2972275192741
-2.34140630867093, 0.573640361009466, -3.58380094598055
-2.33985661454217, 0.575865364546578, -3.87740873746198
-2.3841512185344, 0.512268523900019, -4.16062928108398
-2.46810790129698, 0.391726080946852, -4.41474411668399
-2.59034357173538, 0.216223835672, -4.61559813864502
-2.74094159226822, 0.00122657330883366, -4.74348179293774
-1.10004580985219, 1.59945591919315, -0.000591577632187296
-1.1841426246466, 1.51535910439874, -0.274896268284124
-1.27206134950157, 1.42744037954377, -0.546793135423175
-1.39759696267124, 1.30190476637409, -0.787206365893096
-1.52300702333783, 1.1764947057075, -1.02790293459006
-1.64755811991985, 1.05194360912549, -1.26948986529884
-1.77121794304987, 0.928283785995464, -1.51199069450098
-1.89387396171203, 0.805627767333302, -1.7555088098722
-2.01505567164103, 0.684446057404302, -2.00049729528152
-2.13300068339218, 0.566501045653155, -2.24861565247149
-2.24283864478359, 0.45666308426174, -2.50401687447652
-2.33289783544, 0.366603893605334, -2.77405613061674
-2.31021812196047, 0.389283607084861, -3.06042569802434
-2.21280431887994, 0.486697410165399, -3.32560829223947
-2.15590780566936, 0.543593923375972, -3.61274276572007
-2.15909066403805, 0.54041106500728, -3.91037357573132
-2.22443467684456, 0.47506705220077, -4.19380214784943
-2.34150153190811, 0.358000197137225, -4.44139242759017
-2.50529045067879, 0.194211278366543, -4.62874721995136
-2.69950187302778, 0.00122900072492186, -4.74345688982569
-0.835171182045266, 1.36147891501138, -0.00044914205666911
-0.942604609809206, 1.28123914175486, -0.274888303419371
-1.0537323010428, 1.19824020061807, -0.547026023510805
-1.19915393891218, 1.08962783022186, -0.792605313642505
-1.3442331013526, 0.981271247538457, -1.03859332731509
-1.48837250816199, 0.873616548619903, -1.28544048186042
-1.63156469836005, 0.766669305915867, -1.53314489247822
-1.7737354129935, 0.660484981880603, -1.78176411843549
-1.91414545392697, 0.555615668093133, -2.03193505168149
-2.05029887931064, 0.453925531156529, -2.28573120498042
-2.17487099844672, 0.360885228881839, -2.54855865577362
-2.26876513200154, 0.29075767041735, -2.82951729804194
-2.17968584835363, 0.357289118501336, -3.10277225114215
-2.04269910115224, 0.459601646020605, -3.3550885076049
-1.97129222365622, 0.512933944714696, -3.6457421983607
-1.98655219752002, 0.501536590388242, -3.94898522648234
-2.07508921477996, 0.435410149692743, -4.23270442040626
-2.22634474848692, 0.322440564889879, -4.47112082553157
-2.42803266189031, 0.171804093757008, -4.64233518633528
-2.65806215378906, 0.00123142814100985, -4.74343198671365
-0.61811568312734, 1.13651723306696, -0.000332419548460216
-0.747928891196143, 1.06269463596227, -0.276660765579601
-0.880993538887813, 0.987022999604492, -0.550934659473898
-1.04379263521765, 0.894441880347388, -0.803080432180629
-1.2058293889422, 0.80229429256095, -1.05589043762818
-1.36702599469528, 0.710624482853716, -1.30941026369118
-1.52737861820163, 0.619434631713801, -1.56363733551153
-1.68681773988113, 0.528764273761987, -1.81862354633723
-1.84417314548398, 0.439278890241481, -2.07531388013173
-1.99558111576371, 0.353175713571853, -2.33666707571172
-2.13064545756915, 0.276366884665718, -2.60951933875298
-2.20228512584693, 0.235626605254546, -2.90560907296035
-2.0263731042657, 0.335664825465385, -3.1431244672653
-1.85543047584105, 0.432877035023607, -3.38613933825829
-1.77921209411749, 0.47622115207961, -3.68503403804213
-1.81306401603418, 0.456970131092972, -3.99510454034724
-1.92833838341936, 0.391415529164768, -4.27851930125144
-2.11675786125521, 0.284264528077269, -4.5037937799372
-2.35464337563264, 0.148983020540817, -4.65615033590306
-2.61662243454876, 0.00123385555709804, -4.74340708360159
-0.435419922175587, 0.91950099820264, -0.000234172717939082
-0.587359709745041, 0.85420927696986, -0.28048441289063
-0.742611222434339, 0.787494437824495, -0.558533347218964
-0.921247779711899, 0.710730553352047, -0.819466566998895
-1.09919701609718, 0.634262025117845, -1.0809555320301
-1.27646688876319, 0.558085433757344, -1.34299058026688
-1.45306535696793, 0.482197359010045, -1.60556215216252
-1.6289285577281, 0.406625244142574, -1.86871740678361
-1.80206866148698, 0.332223301309319, -2.13399789645187
-1.96601245194619, 0.261773207652221, -2.40604681451501
-2.10705083209719, 0.201166050387817, -2.69277533893992
-2.07860715233338, 0.21338889760698, -2.98201432850979
-1.83998951336054, 0.315927913978295, -3.17759270870211
-1.64303422487156, 0.40056374240122, -3.41920563095971
-1.57825250898456, 0.428401807744981, -3.7330696064223
-1.63508457513417, 0.403979874033727, -4.0510801479165
-1.78229241886977, 0.340721568554852, -4.33242555648913
-2.01103271193292, 0.242427055390839, -4.53961156779378
-2.28402173924558, 0.125117930795953, -4.67054922662155
-2.57518271530647, 0.00123628297318645, -4.74338218048954
-0.28130053710565, 0.70758613508164, -0.000151291699022851
-0.455577381018541, 0.652838505070954, -0.286111764942426
-0.633119621780646, 0.597065077630586, -0.569802469393701
-0.826981697380745, 0.536164908969265, -0.841560425362061
-1.02043209217547, 0.475394066430159, -1.11364048494273
-1.21346135262561, 0.41475551976447, -1.38604896418878
-1.406060000497, 0.35425224648112, -1.65879216388876
-1.59796020468275, 0.293968383508551, -1.93207474223319
-1.78582002171075, 0.234953774765321, -2.20841356744284
-1.95845520799973, 0.180721857927883, -2.49532554145179
-2.09616724403882, 0.137460760080283, -2.80172159406183
-1.9043770024433, 0.197710079214041, -3.03968253109911
-1.62048485188653, 0.286892451769447, -3.20223034421477
-1.41077454843099, 0.352771210216275, -3.45434531689898
-1.37445415533749, 0.364180961496369, -3.78819523760996
-1.45540157004277, 0.338752000246523, -4.11532523296646
-1.63906370117909, 0.281056059829727, -4.39191766735005
-1.90859470639469, 0.196385122379609, -4.57716702577192
-2.21493481384151, 0.100150909713281, -4.68528723787252
-2.53374299606598, 0.00123871038927466, -4.74335727737749
-0.155204575436736, 0.499226665912659, -8.34790893919803E-05
-0.350934407394014, 0.457416896625236, -0.292053920323713
-0.549241063162887, 0.415056693058177, -0.582170083324088
-0.757177317417399, 0.370639514900229, -0.865180465668797
-0.964957765050384, 0.32625561853093, -1.14831049482563
-1.17256112985415, 0.281909548752297, -1.43157630567562
-1.37998814625044, 0.2376011486848, -1.71497714098961
-1.58644322093426, 0.193500364688664, -1.99911701671848
-1.78644864296671, 0.150777288355388, -2.28801067985981
-1.96229851818957, 0.113214068488659, -2.59270604686984
-2.01602698707365, 0.101737152242697, -2.91104714528276
-1.70501784093717, 0.168171688645315, -3.06367064494364
-1.38872320968479, 0.235735255360061, -3.20541807841918
-1.18932114251685, 0.278329449307697, -3.48313280237079
-1.18395936904024, 0.279474775545332, -3.83498339391089
-1.28333216938432, 0.258247792339532, -4.17262313175069
-1.49804915092977, 0.212382185800483, -4.4463771974199
-1.8023911171447, 0.14737182297187, -4.61169534271144
-2.13761303151293, 0.0757652070581513, -4.69851005880051
-2.48067613570938, 0.00248363779479848, -4.74332560892878
-0.0609448155503681, 0.294465566585845, -3.27850266147243E-05
-0.274801410877448, 0.268115964717652, -0.296622397481292
-0.489993548723143, 0.241601808590145, -0.592222865138033
-0.709233991452569, 0.214588854556666, -0.884794813221735
-0.928472503530705, 0.187576138401719, -1.1773682322167
-1.14769138716011, 0.160565840698298, -1.4699565787917
-1.36693507121989, 0.133552487295494, -1.76252601560084
-1.58454859945522, 0.106739987913074, -2.05632401469378
-1.7918010762781, 0.0812040896999397, -2.35754470037477
-1.96560287831825, 0.0597897008627465, -2.67934607378585
-1.86858941459301, 0.071742879772683, -2.95195021499939
-1.52032436748805, 0.114653154865148, -3.05675439099768
-1.18323201854981, 0.156186824536414, -3.18931631558193
-1.01982137128669, 0.176320903122214, -3.50302043858245
-1.03965765948532, 0.173876843373777, -3.86793274383548
-1.14993688001855, 0.160289170050253, -4.21593682388795
-1.38207781436716, 0.131686726492032, -4.49359728132888
-1.71088023712359, 0.0911744714471042, -4.64599264646865
-2.06818759116022, 0.0471500797323263, -4.71337900957314
-2.43065834466637, 0.00248949758326393, -4.74329871430475
-0.00723637277160381, 0.0955936931383446, -3.89575556911962E-06
-0.231966147937704, 0.0866506981474898, -0.298299300001185
-0.456892046603079, 0.0776998985323021, -0.596446474719003
-0.682335697753961, 0.0687284952481927, -0.894201856033737
-0.907789424821922, 0.0597566909986309, -1.19194959649772
-1.13324891490136, 0.0507846574132692, -1.48969296598302
-1.35878800404398, 0.0418094562279631, -1.78737591397807
-1.58203442138385, 0.0329254906274054, -2.0867776437513
-1.79120111852126, 0.0246018195723752, -2.39603839059224
-1.95866712778042, 0.0179376039345669, -2.72958595193689
-1.76133243881592, 0.0257904268799334, -2.95447128823391
-1.39668470944963, 0.0403013781534749, -3.03381450676964
-1.05610737258943, 0.0538544616969807, -3.17526084074392
-0.936738742113879, 0.0586046692011665, -3.51861287238281
-0.972117305898571, 0.0571967991560144, -3.88978666838119
-1.08923637409386, 0.0525361117173786, -4.24324755175136
-1.32808169531474, 0.0430313965113555, -4.52571031933244
-1.66733629394641, 0.029530950591619, -4.67592101840789
-2.03646942542211, 0.0148415052642223, -4.72860190298819
-2.40942398431785, 0.00249198527528726, -4.74328727460937
