-25.6028415302519, 2.96197835366137, -0.0128520782398328
-25.6028415302519, 2.95281135492184, -0.304735793842989
-25.6028415302519, 2.94364063265366, -0.596619391031865
-25.6028415302519, 2.93383018426373, -0.888481954890456
-25.6028415302519, 2.92227920163556, -1.18028034043683
-25.6028415302519, 2.90785572476525, -1.47194968856611
-25.6028415302519, 2.88884121297913, -1.76335305654517
-25.6028415302519, 2.86226383991455, -2.0541545191477
-25.6028415302519, 2.82167703661832, -2.34329692938859
-25.6028415302519, 2.75451060762912, -2.62724681094521
-25.6028415302519, 2.59534098525893, -2.8666666165241
-25.6028415302519, 2.32150762176358, -2.95943622065205
-25.6028415302519, 2.03272711849914, -3.0027791430193
-25.6028415302519, 1.74330467937088, -3.04169568681687
-25.6028415302519, 1.45361807527069, -3.07859288280362
-25.6028415302519, 1.16369426893796, -3.11357948349152
-25.6028415302519, 0.873526811306597, -3.14647988429377
-25.6028415302519, 0.5830127995499, -3.17614620962006
-25.6028415302519, 0.291843711075623, -3.19831761027886
-25.6028415302519, 1.1436931738096E-07, -3.20637187614626
-25.1033363678308, 2.97641569183254, -0.0126013377134949
-25.1033363678308, 2.9691655446998, -0.308512363692582
-25.1033363678308, 2.96178470962759, -0.604419974798583
-25.1033363678308, 2.95298632619249, -0.900288785188518
-25.1033363678308, 2.94240546592043, -1.1960986836196
-25.1033363678308, 2.92873925118884, -1.49178062152891
-25.1033363678308, 2.90992944559387, -1.7871766738252
-25.1033363678308, 2.88320029625847, -2.08195301209957
-25.1033363678308, 2.84306631563191, -2.37517598858828
-25.1033363678308, 2.77797738128593, -2.66371358698248
-25.1033363678308, 2.62545563347419, -2.91265631727723
-25.1033363678308, 2.35406768420267, -3.0213194615601
-25.1033363678307, 2.06172735170923, -3.0675791044701
-25.1033363678308, 1.76835276791624, -3.1068899859195
-25.1033363678308, 1.474467208164, -3.14219220372978
-25.1033363678307, 1.18025705557463, -3.17468499846625
-25.1033363678307, 0.885752509032129, -3.20438572064128
-25.1033363678307, 0.590930653167769, -3.23074563724004
-25.1033363678307, 0.295717303552055, -3.2522389643551
-25.1033363678308, 4.57484922129429E-06, -3.26252661352414
-24.5910233807322, 2.99094064166631, -0.0123441679414448
-24.5910233807322, 2.98539240631784, -0.312867754094068
-24.5910233807322, 2.97933803511976, -0.613379423490889
-24.5910233807322, 2.9702173831227, -0.913815639473779
-24.5910233807322, 2.95952885904166, -1.21419976227881
-24.5910233807322, 2.9460812225356, -1.51447177191727
-24.5910233807322, 2.92795319852099, -1.81449478497772
-24.5910233807322, 2.90231088343821, -2.11396070452173
-24.5910233807322, 2.86342315769247, -2.41196705203288
-24.5910233807322, 2.7996725433746, -2.70549344060725
-24.5910233807322, 2.65337642540825, -2.96429281738701
-24.5910233807322, 2.38764942912889, -3.09572003320428
-24.5910233807322, 2.09240855091445, -3.15178113780614
-24.5910233807322, 1.79516837798709, -3.19637807967038
-24.5910233807322, 1.49707630672312, -3.23490444099901
-24.5910233807322, 1.19845641127079, -3.26911031581346
-24.5910233807322, 0.89938123898488, -3.29906903573936
-24.5910233807322, 0.59993204142141, -3.32503809875777
-24.5910233807321, 0.3001894897369, -3.34736299112291
-24.5910233807322, 9.14983470360491E-06, -3.35959189693895
-24.0787103936336, 3.00517322596641, -0.0120869981678976
-24.0787103936336, 3.00061216640447, -0.322979703925892
-24.0787103936336, 2.99487443054484, -0.633845325669419
-24.0787103936336, 2.98466602787246, -0.944603747895906
-24.0787103936336, 2.97313453342172, -1.25531559155543
-24.0787103936336, 2.95927106008784, -1.56593127352402
-24.0787103936336, 2.94136911930379, -1.87633785380504
-24.0787103936336, 2.9159164835329, -2.18620592189775
-24.0787103936336, 2.87560783174931, -2.49445590127339
-24.0787103936336, 2.80511657491264, -2.79693562042474
-24.0787103936336, 2.64169842037057, -3.05760144861145
-24.0787103936336, 2.36532487957728, -3.19289053903682
-24.0787103936336, 2.06171037754551, -3.25956429035844
-24.0787103936336, 1.75521644635871, -3.31180527660273
-24.0787103936336, 1.44749012308311, -3.35625742724655
-24.0787103936336, 1.13893080768343, -3.39450614129722
-24.0787103936336, 0.829665657664778, -3.42655759906231
-24.0787103936336, 0.51993591980622, -3.45378245826804
-24.0787103936336, 0.209907417597206, -3.47737375876974
-24.0787103936336, 0.100803986514514, -3.48419899368588
-23.566397406535, 3.01912579958474, -0.0118298283929167
-23.566397406535, 3.0146154004047, -0.329608418662297
-23.566397406535, 3.00855222493213, -0.647350668005502
-23.566397406535, 2.99783209006713, -0.964980313877608
-23.566397406535, 2.98597950586923, -1.28256951737815
-23.566397406535, 2.97224638735583, -1.60008261460147
-23.566397406535, 2.95531186967316, -1.91743886992302
-23.566397406535, 2.93121914561491, -2.23432069344951
-23.566397406535, 2.89194885715092, -2.54964154941175
-23.566397406535, 2.82062780837556, -2.85895310088694
-23.566397406535, 2.65797956288183, -3.12875680711652
-23.566397406535, 2.38427051575484, -3.28424208579789
-23.566397406535, 2.07719689334926, -3.36558730037779
-23.566397406535, 1.76554395069226, -3.42774673855528
-23.566397406535, 1.45207185755057, -3.4800239019777
-23.566397406535, 1.1373700370935, -3.52430606835468
-23.566397406535, 0.821646116348461, -3.56059821741076
-23.566397406535, 0.505244743719053, -3.590453509266
-23.566397406535, 0.188455807748487, -3.6158955571001
-23.566397406535, 0.129108251920547, -3.62027358130472
-23.0540844194364, 3.03280743446799, -0.0115726586165486
-23.0540844194364, 3.02742987861446, -0.334786735926575
-23.0540844194364, 3.02060272379282, -0.657965650750862
-23.0540844194364, 3.00995749361549, -0.981049072954487
-23.0540844194364, 2.99834749089162, -1.3040991239177
-23.0540844194364, 2.98520849302128, -1.62709037064047
-23.0540844194364, 2.96934292616906, -1.94995734365817
-23.0540844194364, 2.94688184678807, -2.2724224375304
-23.0540844194364, 2.9099714863175, -2.59351729302606
-23.0540844194364, 2.84116689543355, -2.90899195181883
-23.0540844194364, 2.68530796885858, -3.18951104651785
-23.0540844194364, 2.42002270550656, -3.36919949009514
-23.0540844194364, 2.11251189410099, -3.46800262566994
-23.0540844194364, 1.79768767547037, -3.54122286041929
-23.0540844194364, 1.48023083845266, -3.60212248499537
-23.0540844194364, 1.16110465490721, -3.65357534851164
-23.0540844194364, 0.840572264450922, -3.69537507871648
-23.0540844194364, 0.519016263725297, -3.72843904589591
-23.0540844194364, 0.196891237605433, -3.7554554954086
-23.0540844194364, 0.126094526723615, -3.76083575673608
-22.5417714323378, 3.0462138661374, -0.0113154888387713
-22.5417714323378, 3.03945647378578, -0.34001077971793
-22.5417714323378, 3.03166536280025, -0.668679781579669
-22.5417714323378, 3.02139652040908, -0.99728406830725
-22.5417714323378, 3.01028901546073, -1.32586097338989
-22.5417714323378, 2.99786353973313, -1.6543905074402
-22.5417714323378, 2.98298690067168, -1.98281668405347
-22.5417714323378, 2.96213021034695, -2.31090912978184
-22.5417714323378, 2.92794221735172, -2.63784688694166
-22.5417714323378, 2.86195158623121, -2.95955560742559
-22.5417714323378, 2.71210541898529, -3.24986784435573
-22.5417714323378, 2.45555205393786, -3.45141629253496
-22.5417714323378, 2.14897253226655, -3.56897487422542
-22.5417714323378, 1.83134443522379, -3.65360971573986
-22.5417714323378, 1.51003243307918, -3.72313056858016
-22.5417714323378, 1.18657695657293, -3.78189740074024
-22.5417714323378, 0.861296444963404, -3.82951152844772
-22.5417714323378, 0.53457082256246, -3.86594919153869
-22.5417714323378, 0.206995960099611, -3.8938247711339
-22.5417714323378, 0.121506225661402, -3.90028538555668
-22.0294584452392, 3.05933838722443, -0.0110583190595506
-22.0294584452392, 3.05113108285665, -0.345304665038728
-22.0294584452392, 3.04238980021663, -0.679536682487798
-22.0294584452392, 3.03247457934258, -1.01373670347091
-22.0294584452392, 3.02192120017243, -1.34791710726551
-22.0294584452392, 3.01025933137239, -1.6820605216033
-22.0294584452392, 2.99636514912526, -2.01611736856315
-22.0294584452392, 2.97722617175655, -2.34990884551389
-22.0294584452392, 2.94599744950141, -2.68275382823811
-22.0294584452392, 2.88258022423417, -3.01066974166738
-22.0294584452392, 2.73788082816081, -3.31004678321127
-22.0294584452392, 2.48960110571417, -3.53074529852353
-22.0294584452392, 2.18520079272491, -3.66764116093571
-22.0294584452392, 1.86502085612837, -3.76361755191025
-22.0294584452392, 1.53982535935617, -3.84121172254682
-22.0294584452392, 1.21198440339868, -3.90676117769213
-22.0294584452392, 0.881899924679873, -3.95983705419743
-22.0294584452392, 0.54994377898154, -3.99956293402326
-22.0294584452392, 0.216763613955346, -4.02731364823857
-22.0294584452392, 0.117375211101142, -4.03391241879916
-21.5171454581406, 3.07216899820744, -0.0108011492788248
-21.5171454581406, 3.06278632852557, -0.350545512954068
-21.5171454581406, 3.05322602587909, -0.690284847410066
-21.5171454581407, 3.04343726748007, -1.03001775249642
-21.5171454581406, 3.03335137873231, -1.36974193028976
-21.5171454581406, 3.02245498482962, -1.70944095264566
-21.5171454581406, 3.00958482094674, -2.04907004241674
-21.5171454581406, 2.99233179723361, -2.38850089732771
-21.5171454581406, 2.9641091386429, -2.72716260251514
-21.5171454581406, 2.90281024102678, -3.06109966323166
-21.5171454581407, 2.76277222169952, -3.36899465786213
-21.5171454581406, 2.52209037352306, -3.60630782343333
-21.5171454581406, 2.22095656603777, -3.76234122705279
-21.5171454581406, 1.89854258113284, -3.86939166917056
-21.5171454581407, 1.56944728081257, -3.95419623169478
-21.5171454581407, 1.23717413794321, -4.02557072115261
-21.5171454581406, 0.902265311891788, -4.08329987348157
-21.5171454581406, 0.565119888820098, -4.12601711955577
-21.5171454581406, 0.226317916041854, -4.15264313020926
-21.5171454581406, 0.113445226751155, -4.15849607740026
-21.0048324710421, 3.0846850227018, -0.0105439794964883
-21.0048324710421, 3.07445525925392, -0.355582171200561
-21.0048324710421, 3.0642435635669, -0.700620873476961
-21.0048324710421, 3.05441809606071, -1.04567086959134
-21.0048324710421, 3.04468131703668, -1.39072332061939
-21.0048324710421, 3.03448055950706, -1.73576223720227
-21.0048324710421, 3.02261669926947, -2.0807472920254
-21.0048324710421, 3.00716551113953, -2.42558832541375
-21.0048324710421, 2.98161011071702, -2.76979260898524
-21.0048324710421, 2.92196564590532, -3.10943025532046
-21.0048324710421, 2.78632663086026, -3.42528506656452
-21.0048324710421, 2.55238349749712, -3.67681768081692
-21.0048324710421, 2.25508054225189, -3.85064017428535
-21.0048324710421, 1.930905812336, -3.96855523249972
-21.0048324710421, 1.59804144082985, -4.0598434446011
-21.0048324710421, 1.26140196732281, -4.13607696007768
-21.0048324710421, 0.921756495688737, -4.19753787463164
-21.0048324710421, 0.579589238861765, -4.2427842175958
-21.0048324710421, 0.235353829626179, -4.26778480156494
-21.0048324710421, 0.109819952182276, -4.2726848819571
-20.4825194839435, 3.09710104027695, -0.0102817899336829
-20.4825194839435, 3.08634982862461, -0.360344431790196
-20.4825194839435, 3.07569368963557, -0.710409935990528
-20.4825194839435, 3.06575660126113, -1.06049659780856
-20.4825194839435, 3.05621967941571, -1.41059447145903
-20.4825194839435, 3.04650261276841, -1.76068724662912
-20.4825194839435, 3.03542143653381, -2.11073909506551
-20.4825194839435, 3.02157161745896, -2.46069109224333
-20.4825194839435, 2.99801194521397, -2.81008605535497
-20.4825194839435, 2.93967999979091, -3.15507641319471
-20.4825194839435, 2.80842698397426, -3.47840274787434
-20.4825194839435, 2.5804829817077, -3.74221133852923
-20.4825194839435, 2.28695664512907, -3.9317258909445
-20.4825194839435, 1.9615898365987, -4.06043137865716
-20.4825194839435, 1.62521366977811, -4.15779059120947
-20.4825194839435, 1.28433746587641, -4.2380372672077
-20.4825194839435, 0.940086460898956, -4.30229906201008
-20.4825194839435, 0.593104025512585, -4.34946996152797
-20.4825194839435, 0.243724535373541, -4.37280050946376
-20.4825194839435, 0.10654142728777, -4.3769802048791
-19.2117345956891, 3.12565034995685, -0.00482194140684067
-19.2117369075255, 3.11504092391206, -0.365031081964339
-19.211737016197, 3.10437508076904, -0.725238520470417
-19.211737016197, 3.09419569053503, -1.08546007325402
-19.211737016197, 3.08435057655909, -1.44569095841504
-19.211737016197, 3.07452866136421, -1.8059223825496
-19.211737016197, 3.06392243948931, -2.16613141747685
-19.211737016197, 3.05130066802639, -2.52627436701437
-19.211737016197, 3.02876694316857, -2.88589305582814
-19.211737016197, 2.97299188059141, -3.24164996006183
-19.211737016197, 2.85223753907011, -3.58015871491729
-19.211737016197, 2.63720404756849, -3.86731006303846
-19.211737016197, 2.34957797746959, -4.08297198872225
-19.211737016197, 2.02346771785594, -4.23524160009806
-19.211737016197, 1.68058116568449, -4.34577827208469
-19.211737016197, 1.33079030723376, -4.43219925679479
-19.211737016197, 0.976748347907225, -4.49922034594071
-19.211737016197, 0.619739075036523, -4.54780442867873
-19.211737016197, 0.260075963012419, -4.56875866953776
-19.211737016197, 0.100391371887767, -4.57026038335596
-17.9309522893094, 3.15115138772124, -0.00450047924510196
-17.9309544568913, 3.14132124651422, -0.371086226184956
-17.9309545484505, 3.13136701567666, -0.737668624556569
-17.9309545484505, 3.12120867453595, -1.10424541390603
-17.9309545484505, 3.11059529852916, -1.47080928545052
-17.9309545484505, 3.09928572967022, -1.83735230088068
-17.9309545484505, 3.08685958365608, -2.20385899030121
-17.9309545484505, 3.0723560268881, -2.57028822220426
-17.9309545484505, 3.04767446088823, -2.93613276142387
-17.9309545484505, 2.99173006135967, -3.29834197596746
-17.9309545484505, 2.8756784005129, -3.64538211653006
-17.9309545484505, 2.67279582788125, -3.94905088796062
-17.9309545484505, 2.38945227145515, -4.18026133984189
-17.9309545484505, 2.06394545863684, -4.3481460551937
-17.9309545484505, 1.71696820705227, -4.46623301365398
-17.9309545484505, 1.36083131646933, -4.55336238137538
-17.9309545484505, 1.00003303392944, -4.61876702311958
-17.9309545484505, 0.636347529141585, -4.66531174902882
-17.9309545484505, 0.270243577177574, -4.68516175294142
-17.9309545484505, 0.0965893896451845, -4.68732961656101
-16.6501699829297, 3.1713902988724, -0.00417901706989171
-16.6501719938821, 3.16346030029322, -0.369209442366136
-16.6501720807041, 3.15526666049031, -0.734233959083032
-16.6501720807041, 3.14559751123327, -1.09922210133368
-16.6501720807041, 3.13409550746103, -1.46415702772981
-16.6501720807041, 3.12072059517207, -1.82902820185751
-16.6501720807041, 3.10573743187826, -2.19383683792599
-16.6501720807041, 3.08859277359023, -2.55854958926294
-16.6501720807041, 3.0625629748583, -2.92270496948993
-16.6501720807041, 3.00899745121546, -3.28370391839986
-16.6501720807041, 2.90358970274057, -3.6326569937303
-16.6501720807041, 2.72378639190004, -3.94929787924016
-16.6501720807041, 2.46163659065343, -4.20158531431015
-16.6501720807041, 2.14676049071767, -4.38533631479486
-16.6501720807041, 1.80465545666756, -4.51196232403119
-16.6501720807041, 1.45070586722276, -4.60118117264619
-16.6501720807041, 1.09150497079581, -4.66637464131624
-16.6501720807041, 0.729446960445211, -4.71318804803197
-16.6501720807041, 0.365140008392075, -4.73646235889616
-16.6501720807041, 8.00616939251862E-05, -4.74191314774283
-15.3693876765502, 3.18755806180711, -0.00385755488425898
-15.3693895353336, 3.18212726412771, -0.370694222988882
-15.3693896129576, 3.17624184050542, -0.737523475603238
-15.3693896129576, 3.16676704911671, -1.10427551911251
-15.3693896129576, 3.15293713155095, -1.47089007238566
-15.3693896129576, 3.13678561941832, -1.83741115462007
-15.3693896129576, 3.11966456960575, -2.20388795007868
-15.3693896129576, 3.09955241610506, -2.57021056932654
-15.3693896129576, 3.06898216794056, -2.93577586496107
-15.3693896129576, 3.01156231540913, -3.29798225589287
-15.3693896129576, 2.90586043296627, -3.64877765835307
-15.3693896129576, 2.72793251833669, -3.96856710972275
-15.3693896129576, 2.47247775930649, -4.23021968391222
-15.3693896129576, 2.1589411563517, -4.41927025413187
-15.3693896129576, 1.81486428021932, -4.54561950040934
-15.3693896129576, 1.45898415717722, -4.63435570273695
-15.3693896129576, 1.09760729282009, -4.6973036775641
-15.3693896129576, 0.73324369379459, -4.73975147684998
-15.3693896129576, 0.366943442736868, -4.75924034947541
-15.3693896129576, 9.14984022703593E-05, -4.76257381749122
-14.0886071452835, 3.20643249642981, -0.00707218719323875
-14.0886071452139, 3.19782877394002, -0.374056835806627
-14.0886071452111, 3.18871742197271, -0.741028742430006
-14.0886071452111, 3.17640625167498, -1.10790594985265
-14.0886071452111, 3.16047389599505, -1.47464451767381
-14.0886071452111, 3.14274157044675, -1.84130144264293
-14.0886071452111, 3.12416131926607, -2.2079160098161
-14.0886071452111, 3.10232437557776, -2.57434827063812
-14.0886071452111, 3.06965659588295, -2.93994112837276
-14.0886071452111, 3.01057859895706, -3.30209957792412
-14.0886071452111, 2.90473201508877, -3.65310338680514
-14.0886071452111, 2.72687237838025, -3.97315255150266
-14.0886071452111, 2.47354273192109, -4.23725158104874
-14.0886071452111, 2.16071496404405, -4.4276843023298
-14.0886071452111, 1.81625240631522, -4.55362076885916
-14.0886071452111, 1.46019064468309, -4.64248678065584
-14.0886071452111, 1.09851371093985, -4.70489493004927
-14.0886071452111, 0.73377048141107, -4.7458324091621
-14.0886071452111, 0.367174490066842, -4.7636084652962
-14.0886071452111, 0.000102935052627477, -4.76619170010685
-12.8078230637908, 3.20473387858846, -0.00321463047418223
-12.8078246103705, 3.19848660257643, -0.367287713879749
-12.8078246774647, 3.18588403488604, -0.731135505347547
-12.8078246774647, 3.16533079176141, -1.09468144647267
-12.8078246774647, 3.14334975912672, -1.45814379995362
-12.8078246774647, 3.11985487087769, -1.82151148072672
-12.8078246774647, 3.09453193336352, -2.18475570406279
-12.8078246774647, 3.06529796617704, -2.54770351885747
-12.8078246774647, 3.02544959171705, -2.90960922188526
-12.8078246774647, 2.96087061550867, -3.26784534768886
-12.8078246774647, 2.85631379052557, -3.61628500573584
-12.8078246774647, 2.68749125492619, -3.93800175760983
-12.8078246774647, 2.44340002773889, -4.20665352166251
-12.8078246774647, 2.13697350814591, -4.40169188509408
-12.8078246774647, 1.79804819638403, -4.53393873586649
-12.8078246774647, 1.44663403681086, -4.62889342544739
-12.8078246774647, 1.08892156904999, -4.69657038631014
-12.8078246774647, 0.727713468362162, -4.74210633231946
-12.8078246774647, 0.364218182813416, -4.76230913301351
-12.8078246774647, 0.0001143716882322, -4.76547362387002
-11.5270407574112, 3.19467264841674, -0.00289316822139949
-11.5270421428199, 3.19048088552538, -0.360083981051937
-11.5270422097182, 3.17227693842477, -0.716492498921796
-11.5270422097182, 3.13696640084094, -1.07195840571492
-11.5270422097182, 3.10123164631378, -1.42738182467057
-11.5270422097182, 3.06395891798175, -1.78264670471192
-11.5270422097182, 3.02355977088322, -2.13756859950781
-11.5270422097182, 2.97853085780525, -2.4919307050793
-11.5270422097182, 2.92416784373275, -2.84496046059505
-11.5270422097182, 2.84947643433247, -3.19419877048565
-11.5270422097182, 2.74499486863798, -3.53561140361225
-11.5270422097182, 2.59085940213537, -3.85726098244798
-11.5270422097182, 2.36820872375862, -4.13530212673587
-11.5270422097182, 2.0801661818165, -4.34488579339797
-11.5270422097182, 1.75507148274724, -4.49211587981135
-11.5270422097182, 1.41480764192846, -4.60041662552832
-11.5270422097182, 1.06645315132552, -4.67908421499931
-11.5270422097182, 0.713447797970627, -4.73330033472924
-11.5270422097182, 0.357280897643075, -4.75940440176461
-11.5270422097182, 0.000125808323836035, -4.76475554763319
-10.2462584510316, 3.16498681444354, -0.00257170591837535
-10.2462596733014, 3.15721650319033, -0.349787760048587
-10.2462597419717, 3.13103628059446, -0.69537000044937
-10.2462597419717, 3.07741339410114, -1.03850837194783
-10.2462597419717, 3.02299143422757, -1.3815207317311
-10.2462597419717, 2.96682743461169, -1.72425167905151
-10.2462597419717, 2.9076342942773, -2.06647151020709
-10.2462597419717, 2.84387741051334, -2.40786818579507
-10.2462597419717, 2.77235549131624, -2.74771225375003
-10.2462597419717, 2.68649055323649, -3.08419151247101
-10.2462597419717, 2.58009433684898, -3.41471226323748
-10.2462597419717, 2.43894512860666, -3.73170411151346
-10.2462597419717, 2.24416487255001, -4.01849547732687
-10.2462597419717, 1.98954592234567, -4.25335227154313
-10.2462597419717, 1.68938573579131, -4.42717823192228
-10.2462597419717, 1.36725057664137, -4.55646373142823
-10.2462597419717, 1.03348699316657, -4.65200323672852
-10.2462597419717, 0.692472246904126, -4.71729685137153
-10.2462597419717, 0.347225619595813, -4.75404188313569
-10.2462597419717, 0.000137244959440091, -4.76403747139636
-8.9654761446518, 3.10249715917779, -0.0022502435313692
-8.96547720324084, 3.08862366683571, -0.337348027391643
-8.96547727422527, 3.0541739426768, -0.669741932086978
-8.96547727422527, 2.98005908702574, -0.996834972396328
-8.96547727422527, 2.90456930298684, -1.32361328453569
-8.96547727422527, 2.82722143317839, -1.64995657330281
-8.96547727422527, 2.74751603874621, -1.97573168579439
-8.96547727422527, 2.66463183249697, -2.30071159006905
-8.96547727422527, 2.57689511455315, -2.62441167004159
-8.96547727422527, 2.48075158778389, -2.94570463980322
-8.96547727422527, 2.37195610388775, -3.26291979227928
-8.96547727422527, 2.24192106418881, -3.5719311661839
-8.96547727422527, 2.07407967679581, -3.86191707035418
-8.96547727422527, 1.86018224177091, -4.11957702691238
-8.96547727422527, 1.59700440561235, -4.32659193142707
-8.96547727422528, 1.30288021394948, -4.48713628664628
-8.96547727422527, 0.990632588519397, -4.60901986739451
-8.96547727422526, 0.665892089956353, -4.69209290071309
-8.96547727422527, 0.334729110339997, -4.74456584874329
-8.96547727422527, 0.000148681595044592, -4.76331939515953
-7.67469383953207, 2.99650386152283, -0.00192627114364227
-7.67469473395766, 2.97539657728881, -0.323439854392805
-7.6746948064788, 2.93404701700588, -0.641288688862498
-7.6746948064788, 2.83949358971601, -0.949308216903026
-7.6746948064788, 2.74370529726029, -1.25694591439422
-7.6746948064788, 2.64641276430536, -1.56411107878982
-7.6746948064788, 2.54731678670633, -1.870699042815
-7.6746948064788, 2.44627095353166, -2.17664989958842
-7.6746948064788, 2.34337662959176, -2.4819840994989
-7.6746948064788, 2.23782814896952, -2.78640913793407
-7.6746948064788, 2.12639813710634, -3.0887235125095
-7.6746948064788, 2.00416790255999, -3.38680829260697
-7.6746948064788, 1.85983746817664, -3.67472049535447
-7.6746948064788, 1.68334322260717, -3.94404712957809
-7.6746948064788, 1.46735217758858, -4.18244324604241
-7.6746948064788, 1.21371776407724, -4.38066353760087
-7.6746948064788, 0.934052206908562, -4.54015390870313
-7.6746948064788, 0.633297307459686, -4.65466013732349
-7.6746948064788, 0.319675587902235, -4.7280775859571
-7.6746948064788, 0.000160207524778752, -4.7625957123794
-7.17238091572032, 2.94063258306884, -0.00180019599914074
-7.17238174658911, 2.91592127122981, -0.317612193107188
-7.17238181938021, 2.87212384044109, -0.629570374830848
-7.17238181938021, 2.77024516457488, -0.929517974145541
-7.17238181938022, 2.66738739539088, -1.22913117650688
-7.17238181938021, 2.56329230710465, -1.5283166447229
-7.17238181938022, 2.45763734405179, -1.82695460931903
-7.17238181938022, 2.35029563437948, -2.12499062480266
-7.17238181938021, 2.24180834943023, -2.42261178346346
-7.17238181938021, 2.13240053167302, -2.7198953472039
-7.17238181938021, 2.01962243414667, -3.01591300520606
-7.17238181938021, 1.89928988905591, -3.30892647729692
-7.17238181938021, 1.76226494496126, -3.59443495734791
-7.17238181938021, 1.59860701300128, -3.86550390572461
-7.17238181938021, 1.40249264544872, -4.11381228659195
-7.17238181938021, 1.16857216774266, -4.32698818552331
-7.17238181938021, 0.905690907652458, -4.5032340281181
-7.17238181938021, 0.618022294353129, -4.63478726400571
-7.17238181938021, 0.312917914994887, -4.71938071357087
-7.17238181938021, 0.000164692884889871, -4.76231408842798
-6.66006799316851, 2.87344763498573, -0.00167161093632886
-6.6600687595135, 2.84461851672815, -0.311430122530314
-6.66006883228163, 2.79851326108705, -0.61732578397402
-6.66006883228163, 2.68972854415173, -0.908783130978246
-6.66006883228163, 2.58022295220911, -1.19997031757926
-6.66006883228163, 2.46972691985713, -1.49078302041277
-6.66006883228163, 2.35790860881903, -1.78108964287166
-6.66006883228163, 2.2445704706568, -2.07080649876383
-6.66006883228163, 2.13053429312461, -2.36024951913743
-6.66006883228163, 2.01684752219341, -2.6498299502746
-6.66006883228163, 1.90222257696772, -2.93903935686579
-6.66006883228163, 1.78315124819022, -3.22643980729803
-6.66006883228163, 1.65261741217338, -3.50877385357674
-6.66006883228163, 1.50147695500171, -3.78059438088769
-6.66006883228162, 1.32538234314047, -4.03681063961981
-6.66006883228163, 1.11428808500562, -4.26495533994141
-6.66006883228163, 0.871414882618229, -4.4588734019245
-6.66006883228163, 0.599935029276049, -4.60982078844776
-6.66006883228163, 0.305366704010907, -4.70900872168488
-6.66006883228162, 0.000169267539132427, -4.76202685793324
-6.14775507061671, 2.7948245081458, -0.0015430258442338
-6.14775577295732, 2.76187641521928, -0.305129195208639
-6.14775584518304, 2.71396912573029, -0.605055185179135
-6.14775584518304, 2.5989528151851, -0.887935770896619
-6.14775584518304, 2.48332668242039, -1.17056769887023
-6.14775584518304, 2.36682605008133, -1.45284014718801
-6.14775584518304, 2.24915351393607, -1.73462586948149
-6.14775584518304, 2.13009516067975, -2.01582909227914
-6.14775584518304, 2.01064878983013, -2.29686785939321
-6.14775584518304, 1.89226351248886, -2.57835466533931
-6.14775584518304, 1.77499104384213, -2.86030747174536
-6.14775584518304, 1.65624025838653, -3.14163888825912
-6.14775584518304, 1.53129226889567, -3.42025673054458
-6.14775584518304, 1.39272445543615, -3.69232997370393
-6.14775584518304, 1.23630795840099, -3.95448478412946
-6.14775584518304, 1.05034108357469, -4.19640665744876
-6.14775584518304, 0.830686308623033, -4.40807425336061
-6.14775584518304, 0.578347964970312, -4.57921619494692
-6.14775584518304, 0.296959320054892, -4.69670602165946
-6.14775584518304, 0.00017384219337365, -4.76173962743851
-5.63544214807819, 2.70347595581871, -0.0014144407195667
-5.63544278720079, 2.66687998457306, -0.29890935820185
-5.63544285808445, 2.61801434066326, -0.59315847251101
-5.63544285808445, 2.49758239069553, -0.867637407326797
-5.63544285808445, 2.37638271821651, -1.14177814568346
-5.63544285808445, 2.25422345470468, -1.41549255013427
-5.63544285808445, 2.13088657470079, -1.68867821842098
-5.63544285808445, 2.00632871698253, -1.96130965473839
-5.63544285808445, 1.88165135579476, -2.23388637062989
-5.63544285808445, 1.75838917429572, -2.5071049699731
-5.63544285808445, 1.63754737118574, -2.78140299413539
-5.63544285808445, 1.5178201049707, -3.05619012832805
-5.63544285808446, 1.39724215317044, -3.33060404049504
-5.63544285808446, 1.27187508411788, -3.6028538662427
-5.63544285808445, 1.13557065273748, -3.86975884870151
-5.63544285808445, 0.975958658926466, -4.12326539549881
-5.63544285808445, 0.782626995122865, -4.35189054592376
-5.63544285808445, 0.552334101716748, -4.5429910653811
-5.63544285808445, 0.287275317676776, -4.68172139485718
-5.63544285808445, 0.000178416847615317, -4.76145239694378
-5.12312922551322, 2.59795218408471, -0.00128585555859597
-5.12312980251056, 2.55868159728798, -0.293013290077051
-5.12312987098587, 2.51003733829593, -0.582082988608083
-5.12312987098587, 2.38525127441664, -0.848682707470001
-5.12312987098587, 2.25912398163899, -1.11465037917218
-5.12312987098587, 2.13153590124166, -1.3799204061078
-5.12312987098586, 2.00262743507503, -1.64455143057598
-5.12312987098587, 1.87280864574616, -1.90873734044399
-5.12312987098587, 1.74323684156054, -2.17304430537744
-5.12312987098587, 1.61533181618177, -2.43816091079948
-5.12312987098587, 1.49056972388448, -2.70476973696165
-5.12312987098587, 1.36873605396696, -2.97273056497057
-5.12312987098587, 1.25097378999052, -3.24250066115686
-5.12312987098587, 1.13899434115288, -3.51472514326692
-5.12312987098587, 1.02378987857323, -3.78558626858121
-5.12312987098587, 0.891196330170241, -4.04826364354574
-5.12312987098587, 0.726581268871028, -4.29192455134021
-5.12312987098587, 0.521302237141732, -4.50216705062267
-5.12312987098587, 0.275568702914914, -4.66313602670004
-5.12312987098587, 0.000182991501857206, -4.76116516644905
-4.61081630296156, 2.47781719112746, -0.00115727036022535
-4.61081681894575, 2.43685981920219, -0.287653837132674
-4.61081688388728, 2.38914294281302, -0.572134650109698
-4.61081688388728, 2.26062032052501, -0.831440108760805
-4.61081688388728, 2.12994800117608, -1.08966877970976
-4.61081688388728, 1.99722524874708, -1.34684989958741
-4.61081688388728, 1.86302703639711, -1.6032646428992
-4.61081688388728, 1.72820195236113, -1.85935053447362
-4.61081688388728, 1.59407729453958, -2.11580360056544
-4.61081688388728, 1.46206995304992, -2.37335176905141
-4.61081688388728, 1.33364102641272, -2.63270074406194
-4.61081688388728, 1.2095081775899, -2.89413318863892
-4.61081688388728, 1.09331637407934, -3.15916256430334
-4.61081688388728, 0.99440188402156, -3.43108744201002
-4.61081688388728, 0.901536776056619, -3.70518963181171
-4.61081688388728, 0.796764788617861, -3.97489313386881
-4.61081688388728, 0.66260749105968, -4.23102391333437
-4.61081688388728, 0.485266086304055, -4.45904237780201
-4.61081688388728, 0.261206952828652, -4.64126964918919
-4.61081688388728, 0.000187566156098873, -4.76087793595432
-4.09850338040995, 2.34405596610034, -0.00102868512696986
-4.09850383638944, 2.30140439725758, -0.282979835811924
-4.09850389678869, 2.25402947651531, -0.563521075703793
-4.09850389678869, 2.12158797905013, -0.816056154238916
-4.09850389678869, 1.98633799820989, -1.06709855437981
-4.09850389678869, 1.84867966508194, -1.31682904089547
-4.09850389678869, 1.70934284409414, -1.56562763505743
-4.09850389678869, 1.56959343655795, -1.81419495214463
-4.09850389678869, 1.43090109820883, -2.06335294879228
-4.09850389678869, 1.29482992321002, -2.3139500665665
-4.09850389678869, 1.16333505898681, -2.5669744494599
-4.09850389678869, 1.03807966994794, -2.82314299246429
-4.09850389678869, 0.923975026329118, -3.08441110654113
-4.09850389678869, 0.838750885022606, -3.35634665519492
-4.09850389678869, 0.769992785596148, -3.63309077982442
-4.09850389678869, 0.694666333149508, -3.90808121491283
-4.09850389678869, 0.592743327407256, -4.17412988634939
-4.09850389678869, 0.445549214763576, -4.41773559890143
-4.09850389678869, 0.245407155676621, -4.6199105937198
-4.09850389678869, 0.00019214081034054, -4.76059070545959
-3.58619045785841, 2.1975334353561, -0.000900099861043784
-3.58619090969011, 2.15194355139917, -0.279218410128602
-3.58619090969011, 2.10266571151148, -0.556597265676494
-3.58619090969011, 1.96518383953473, -0.802843662475055
-3.58619090969011, 1.82449733826806, -1.04727407398238
-3.58619090969011, 1.6813428136025, -1.29026829202437
-3.58619090969011, 1.5367380478228, -1.53240301778723
-3.58619090969011, 1.39175816330795, -1.77431349792972
-3.58619090969011, 1.24783497069768, -2.01685328164559
-3.58619090969011, 1.10678771509533, -2.26107393480568
-3.58619090969011, 0.971590042550254, -2.50857134053221
-3.58619090969011, 0.846243160245975, -2.7611840219598
-3.58619090969011, 0.738711929606536, -3.0217746489686
-3.58619090969011, 0.674586684663616, -3.29600091190443
-3.58619090969011, 0.63620668574099, -3.57539789802449
-3.58619090969011, 0.593632138547494, -3.85416335043002
-3.58619090969011, 0.523835683262788, -4.12712489723389
-3.58619090969011, 0.405881456342884, -4.38274508477071
-3.58619090969011, 0.230668068313175, -4.60274736159781
-3.58619090969011, 0.000196715464582207, -4.76030347496485
-3.0738775353069, 2.03825920075557, -0.000771514562471666
-3.07387787383492, 1.98637330437781, -0.27650413607175
-3.07387792259152, 1.9305580424594, -0.551467216947885
-3.07387792259152, 1.78622027826371, -0.792015577375814
-3.07387792259152, 1.6388440373596, -1.03076498132123
-3.07387792259152, 1.48952256387477, -1.26830342362839
-3.07387792259152, 1.33912024986276, -1.50515944900527
-3.07387792259152, 1.18850845370806, -1.74188242170628
-3.07387792259152, 1.03877628192605, -1.97916216449142
-3.07387792259152, 0.891601096733932, -2.21803356444641
-3.07387792259152, 0.750173918769423, -2.460340207717
-3.07387792259152, 0.621578384701802, -2.70962802793894
-3.07387792259152, 0.530389217439249, -2.97438894557396
-3.07387792259152, 0.513979299327778, -3.25382276488092
-3.07387792259152, 0.520380505575718, -3.53431794816951
-3.07387792259152, 0.511932654094858, -3.81468427091846
-3.07387792259152, 0.467253530604785, -4.09129679229993
-3.07387792259152, 0.371713806771506, -4.35462151633286
-3.07387792259152, 0.217698267025844, -4.5881466499946
-3.07387792259152, 0.000201290118823652, -4.76001624447012
-2.3563766729453, 1.78329521911343, -0.00118285836908825
-2.37802932637426, 1.72420522477507, -0.273093463267591
-2.40130030046991, 1.6606988405773, -0.543871793234538
-2.45004457148529, 1.52767594304757, -0.783873244866082
-2.49985802112187, 1.39173526184385, -1.02248668145918
-2.5496936115444, 1.25573415853433, -1.26106107215117
-2.59942529091599, 1.12001662801794, -1.49981849910055
-2.64892534984083, 0.984931188664535, -1.73898206588789
-2.69793091099354, 0.851195231518994, -1.97900345810782
-2.74587513113704, 0.720355669239358, -2.22082558487103
-2.7914731146732, 0.595918976164628, -2.46643365643539
-2.83156382405526, 0.486511609618072, -2.71991944040169
-2.85314080752619, 0.427628118256637, -2.9906459243143
-2.84440695828596, 0.45146275375987, -3.26829302474175
-2.83440834792685, 0.478748916698295, -3.54580703189319
-2.83358546213697, 0.48099456833745, -3.82473358274729
-2.84829714513587, 0.440846451250332, -4.10008724021534
-2.88096832757162, 0.351686940546891, -4.36203899737757
-2.93429201281687, 0.206166842071153, -4.59307838575745
-3.00983880010546, 0.000100930975294057, -4.75998034065929
-1.8662645087349, 1.57754727377394, -0.00093683179375897
-1.9101561565152, 1.51452898535922, -0.27234306419536
-1.95690003762226, 1.44741554737726, -0.542286488930993
-2.0411703117352, 1.32642285953331, -0.782282270727049
-2.12681839434431, 1.20345195629798, -1.02124601651341
-2.21206775673355, 1.08105352338637, -1.26064578445235
-2.29681181823986, 0.959380586061877, -1.5005940739611
-2.38093884428428, 0.83859356942312, -1.74120605060392
-2.46405278627873, 0.719261107946413, -1.98289239229677
-2.54513032585025, 0.602852450922404, -2.22668301589638
-2.62163192619468, 0.493013787793933, -2.47493550724855
-2.68736469199335, 0.398636688667149, -2.7323099363422
-2.71105437238936, 0.364623768507008, -3.0085902245179
-2.67665981281586, 0.414006427502862, -3.28403429737823
-2.64992447716284, 0.452392206534905, -3.56199516068802
-2.64586768240521, 0.458216828644219, -3.8436375602355
-2.6743307713934, 0.417350394100445, -4.12071189635724
-2.73512870847368, 0.330058571448346, -4.38132652855783
-2.83236697700698, 0.190446832967859, -4.6050491692546
-2.96501141373611, 0.000101131116417116, -4.75995520799101
-1.51291875972993, 1.40726526673201, -0.000759459131006768
-1.57778153532563, 1.34240249113632, -0.272466466700384
-1.64636908610004, 1.2738149403619, -0.542337001427298
-1.75629900482369, 1.16388502163826, -0.782941582182752
-1.86737029191408, 1.05281373454786, -1.02287422545211
-1.97771633574193, 0.942467690720017, -1.26347516125889
-2.08726791145155, 0.832916115010396, -1.50480106985479
-2.1958870456133, 0.724296980848641, -1.74696820450898
-2.30310377375764, 0.6170802527043, -1.99038086730628
-2.40752540543327, 0.51265862102868, -2.23620629912522
-2.50537808834685, 0.414805938115095, -2.48734523235745
-2.58778855920404, 0.332395467257906, -2.74913204379118
-2.59876715074468, 0.321416875717262, -3.02994717316212
-2.53225650878575, 0.387927517676197, -3.30080446484163
-2.48800741431804, 0.432176612143906, -3.58028906972078
-2.4825230425637, 0.437660983898243, -3.86634651023574
-2.52549161117548, 0.394692415286468, -4.14595546435273
-2.61207850863804, 0.308105517823907, -4.40445725999035
-2.74598251093121, 0.174201515530737, -4.61837159260163
-2.92018402736677, 0.000101331257540174, -4.75993007532272
-1.21239323387795, 1.24203247932854, -0.000608601083856484
-1.29930739920261, 1.17711811269627, -0.272956779861861
-1.39037457975337, 1.10910194612137, -0.543182137146263
-1.52226343905706, 1.01059692411982, -0.785492817355962
-1.65484739528047, 0.911572748811979, -1.02748349517971
-1.78646868826595, 0.813267566479989, -1.27029143771912
-1.91709008808137, 0.71570918337908, -1.51393902036599
-2.0465867141268, 0.618990870209357, -1.75851998240353
-2.17444969556556, 0.523492691922685, -2.00443497676506
-2.29876093298825, 0.430647236726457, -2.25316250794593
-2.41422270088177, 0.344411264660763, -2.50840253255161
-2.50891144878462, 0.273690225410649, -2.77632695979279
-2.48847239583111, 0.288955725252753, -3.0586820283183
-2.38449971789125, 0.366610737071788, -3.32143399475126
-2.32227564453448, 0.413084592008393, -3.60344051491133
-2.31968297416901, 0.415021003110453, -3.89556475443927
-2.38045156467299, 0.369634217780732, -4.17799117630157
-2.49554220846866, 0.283675430517584, -4.43243568142511
-2.66551190946927, 0.156728626784077, -4.63312775011502
-2.87535664099743, 0.000101531398663232, -4.75990494265443
-0.943653118607194, 1.07303485354922, -0.000473698594124928
-1.0541390140399, 1.01020337541522, -0.274077026847344
-1.16871876980324, 0.945043787481861, -0.54544263820413
-1.32074687235292, 0.858587951977306, -0.791109594546014
-1.4728722965413, 0.772076771286923, -1.03685212223225
-1.62394894516807, 0.686162011691814, -1.28344945002205
-1.77396753200348, 0.600848954115304, -1.53090016216715
-1.92284440806964, 0.516185168330025, -1.77926148616429
-2.06984561665984, 0.432588043221577, -2.02909515230016
-2.21243471634831, 0.351500010544322, -2.28227851407483
-2.34310612730004, 0.277189367834698, -2.54376817016815
-2.44440292963883, 0.219583573029243, -2.82128188507097
-2.36358728337925, 0.265542077424369, -3.09598465540809
-2.21937100496858, 0.347555459386287, -3.34735704233664
-2.14094041894672, 0.39215761997312, -3.63396432461285
-2.14862397743613, 0.387788108957004, -3.9340953231736
-2.23204961185466, 0.340345348012229, -4.21920864117405
-2.38095601170305, 0.255664772546511, -4.46602622256973
-2.58813825352851, 0.137843701847595, -4.64918680550325
-2.8305292546281, 0.00010173153978629, -4.75987980998614
-0.699324344353142, 0.896560287446, -0.000351050022144641
-0.834999571230609, 0.838257789902833, -0.276566461519624
-0.974292543947131, 0.778400670909988, -0.550640277706921
-1.14589823237777, 0.70465809860416, -0.80202820009974
-1.31689834423268, 0.631175755285092, -1.05394630808692
-1.48695079686893, 0.558100641056697, -1.30662323466965
-1.65605149738605, 0.485434514724352, -1.56005564726427
-1.82412975743167, 0.413207752559284, -1.8142924714317
-1.99004868769037, 0.341908899803288, -2.0702010701043
-2.14999606112666, 0.273176150565082, -2.33055059662368
-2.29328609457183, 0.211601410539461, -2.60205425962909
-2.38083451037858, 0.173980015573294, -2.89602123600637
-2.20434836306908, 0.249819823670377, -3.13889196377108
-2.02207346628058, 0.32814717912629, -3.37951792879041
-1.93533112410379, 0.365422187306068, -3.67563345094431
-1.9629083691945, 0.353571665282616, -3.98578956723931
-2.07603751050383, 0.30495769473658, -4.27257230857038
-2.26621750848342, 0.223233351095137, -4.50564210586958
-2.51221544065742, 0.117522867565581, -4.66630657229308
-2.78570186825876, 0.000101931680909348, -4.75985467731786
-0.477172811501078, 0.711123168589225, -0.000239533891461819
-0.640066111291705, 0.659951584872603, -0.281390874117833
-0.806521649867591, 0.607660953285671, -0.560196787231127
-0.997809312597838, 0.547569515148319, -0.82096094114295
-1.18834222474473, 0.487715175668255, -1.08233145692877
-1.37812548897018, 0.42809633188641, -1.34430051362905
-1.5671641850662, 0.368711388028118, -1.60686037698011
-1.7553975790186, 0.309579423181928, -1.87005485332059
-1.94078712301631, 0.251340830292849, -2.13545233623636
-2.11664562808145, 0.19609633450458, -2.40781666442666
-2.26833116502071, 0.148445576848712, -2.69557441310836
-2.24327331851062, 0.15631729221145, -2.98670636345763
-1.98976095353395, 0.23595610623435, -3.18008144742814
-1.77636818470699, 0.302991680739784, -3.41803925603796
-1.70084710782258, 0.3267160028152, -3.73315343314786
-1.75772204452791, 0.308849211555305, -4.05507820895544
-1.91093895574748, 0.260717385327022, -4.34024822367646
-2.15015856832442, 0.185568521332168, -4.55076664407621
-2.43620628755324, 0.0957089946955296, -4.68429110283419
-2.74087448188935, 0.000102131822032407, -4.75982954464957
-0.279877897785365, 0.516116913136196, -0.000140495187635715
-0.472530105417262, 0.474964553921173, -0.288956203504346
-0.668649929744294, 0.433071478523283, -0.575261844880572
-0.880456208185936, 0.387827626082817, -0.849696942776436
-1.09186451601874, 0.342668783981206, -1.12445269179035
-1.30285787031293, 0.297598579935127, -1.39954175823392
-1.51341932919456, 0.25262063289134, -1.67497662072153
-1.72319894092324, 0.207809695897868, -1.95103346914608
-1.92835452282237, 0.163986496023556, -2.23068620427662
-2.11582973561368, 0.12393999255736, -2.52286904309245
-2.25935774894896, 0.0932810323783138, -2.83860039863169
-2.01542308045475, 0.145387817066978, -3.05669317651803
-1.70894341396186, 0.210854813176955, -3.2109452445717
-1.48093944967493, 0.259558646660726, -3.46394432263653
-1.44481609519384, 0.267274941625265, -3.80788080818139
-1.53692304489906, 0.247600013800345, -4.1429367527025
-1.74142271568377, 0.203916922830704, -4.41986243532437
-2.03302329127488, 0.141628243237885, -4.59963601894739
-2.35912362756426, 0.0719700838839263, -4.70314142280392
-2.69604709552008, 0.000102331963155464, -4.75980441198128
-0.118134622174144, 0.312105331209831, -5.93025777399992E-05
-0.340800970575949, 0.284670266039835, -0.297599329818236
-0.565735161841661, 0.256955776443054, -0.593380681577651
-0.797769193421792, 0.228366504540277, -0.883563587332563
-1.02972452578118, 0.199786929290206, -1.17381043357744
-1.26157641382779, 0.171220099573903, -1.46414110154552
-1.49335043382183, 0.142662864100791, -1.75453478792997
-1.72368095506368, 0.114283484341501, -2.04608835510082
-1.94495762163861, 0.0870196440187243, -2.34460863636344
-2.13489751130104, 0.0636168564458704, -2.66407294904322
-2.08194933605533, 0.0701406830093573, -2.95764042881169
-1.7327124354678, 0.113170701672512, -3.07877188713465
-1.38959394763571, 0.155446861237122, -3.21446239239474
-1.19275917949422, 0.179699177451237, -3.51519128959788
-1.20575225415652, 0.17809828062656, -3.88573553799969
-1.32999196235735, 0.162790514025743, -4.23486584035831
-1.5831597146304, 0.131597323710254, -4.50169598144227
-1.92106982092287, 0.0899628968906021, -4.64965103221906
-2.28337924822658, 0.0453221919923451, -4.72312442283047
-2.65121970915074, 0.000102532104282109, -4.75978138743132
-0.0156740611803576, 0.103096175888957, -7.86856051446998E-06
-0.259107107029395, 0.0934088947619794, -0.301568441304234
-0.50294110867195, 0.0837056578247391, -0.602803760504049
-0.747812760050919, 0.0739611281999226, -0.903195459571957
-0.992704519476154, 0.0642157983867158, -1.20357074207513
-1.23761127599363, 0.0544698717726593, -1.50393377600127
-1.48260702126496, 0.0447204039011999, -1.8042239849145
-1.72506558534222, 0.0350719017281783, -2.10656132366783
-1.95214069998054, 0.0260355752722947, -2.42044178795606
-2.13520208254919, 0.0187507505261284, -2.76170972256318
-1.89617513868357, 0.0282626933031353, -2.97451543879205
-1.51685405839614, 0.0433575623227336, -3.05265413980585
-1.15881670499083, 0.0576054574032848, -3.19028348448352
-1.02362463506778, 0.0629853497795022, -3.54042929946011
-1.06543949116667, 0.0613213511021606, -3.92489108225407
-1.20363105805281, 0.0558220954315329, -4.28529342996402
-1.47471534096737, 0.0450344488795238, -4.55678908960587
-1.83564181953199, 0.0306715826885849, -4.69245952311002
-2.21948273559918, 0.0153968493468936, -4.74246814438851
-2.6063923227814, 0.000102732245409616, -4.75975886981537
