-35.5001770621661, 3.9234764034249, -0.000681356848636694
-35.5001770880064, 3.90580261647016, -0.291991936426789
-35.5001770883204, 3.88737559490552, -0.583254833830184
-35.5001770883204, 3.86432666664688, -0.874182863919056
-35.5001770883204, 3.83153818730361, -1.16415575378219
-35.5001770883204, 3.77924717231729, -1.45116096130137
-35.5001770883204, 3.68413474748039, -1.72647190930286
-35.5001770883204, 3.48568616845763, -1.93231397143898
-35.5001770883204, 3.20442609370132, -2.00395159814644
-35.5001770883204, 2.91379567655234, -2.03036257325384
-35.5001770883204, 2.62273051590179, -2.05169172862975
-35.5001770883204, 2.33158103624371, -2.0718446789161
-35.5001770883204, 2.04037781386147, -2.09120410547932
-35.5001770883204, 1.74912099977597, -2.10974240075253
-35.5001770883204, 1.45782112175435, -2.12758905168914
-35.5001770883204, 1.16646681471762, -2.14452327885946
-35.5001770883204, 0.875045159042558, -2.16025390793554
-35.5001770883204, 0.583508767782889, -2.17366331018091
-35.5001770883204, 0.291817066036215, -2.18306592493744
-35.5001770883204, 1.49305051380387E-06, -2.18602529209493
-34.8075773095776, 3.94265096168975, -0.000668063928120247
-34.8075773349492, 3.92869774112176, -0.295442667763551
-34.8075773352216, 3.91275188998647, -0.590113002879706
-34.8075773352216, 3.89160566435309, -0.884451965090458
-34.8075773352216, 3.85984203169913, -1.17781063326755
-34.8075773352216, 3.80771226113921, -1.46816107362148
-34.8075773352216, 3.71522250307136, -1.74788258553772
-34.8075773352216, 3.52210017242909, -1.96339740845612
-34.8075773352216, 3.24046346897249, -2.0455403083585
-34.8075773352216, 2.94682628002069, -2.07457743160419
-34.8075773352216, 2.65256923677079, -2.09691411891649
-34.8075773352216, 2.35815438601726, -2.1170717629373
-34.8075773352216, 2.06363341446732, -2.13561907605719
-34.8075773352216, 1.76903929686345, -2.15296701227815
-34.8075773352216, 1.47438770322145, -2.16930997021466
-34.8075773352216, 1.17967388050592, -2.18448794853836
-34.8075773352216, 0.884896528293723, -2.19837697725796
-34.8075773352216, 0.590045662603896, -2.21059757090274
-34.8075773352216, 0.295108717582634, -2.22051790957736
-34.8075773352216, 5.97220969592238E-05, -2.22458080818142
-34.097218588974, 3.96194287647159, -0.00065443016276565
-34.0972186138613, 3.95129713971018, -0.299063152553577
-34.0972186140946, 3.93577775995945, -0.597243336699292
-34.0972186140946, 3.91463497294491, -0.895087057838809
-34.0972186140946, 3.88406128790578, -1.19209112575485
-34.0972186140946, 3.83451157865158, -1.48644727875347
-34.0972186140946, 3.74535849646584, -1.77093637914014
-34.0972186140946, 3.5578006239643, -1.99663703763648
-34.0972186140946, 3.27746701955133, -2.09389634999245
-34.0972186140946, 2.981138691232, -2.13009592724054
-34.0972186140946, 2.68368903068607, -2.15623229353147
-34.0972186140946, 2.38595212276258, -2.17888548977339
-34.0972186140946, 2.08804147076282, -2.19913322254324
-34.0972186140946, 1.79001444999787, -2.21759254069131
-34.0972186140946, 1.49189179246583, -2.2344369430044
-34.0972186140946, 1.19367806978984, -2.24958376925161
-34.0972186140946, 0.89539010003358, -2.26319228348334
-34.0972186140946, 0.597040414596909, -2.27537325673111
-34.0972186140946, 0.298636899961675, -2.28615569854378
-34.0972186140946, 0.000119444329922836, -2.29112053132292
-33.3868598683703, 3.98084756704887, -0.000640796396663814
-33.38685989282, 3.97207918910295, -0.309808885775644
-33.3868598929677, 3.95504379492653, -0.618599954415173
-33.3868598929677, 3.93233401066509, -0.927053803366075
-33.3868598929677, 3.90157307564182, -1.2347943817833
-33.3868598929677, 3.85188894454729, -1.53995116986562
-33.3868598929677, 3.75683148823149, -1.83360514975838
-33.3868598929677, 3.55092952350376, -2.05754157154549
-33.3868598929677, 3.25970308400035, -2.15683701589327
-33.3868598929677, 2.95345427717944, -2.19966450739156
-33.3868598929677, 2.64574799029002, -2.23089522545795
-33.3868598929677, 2.33760783371308, -2.25754750254921
-33.3868598929677, 2.02921301259369, -2.28108085602821
-33.3868598929677, 1.72063702442606, -2.30210793006912
-33.3868598929677, 1.41190289635943, -2.32066777887134
-33.3868598929677, 1.10303536480091, -2.33686165118187
-33.3868598929677, 0.794074305392411, -2.35116588080967
-33.3868598929677, 0.485047120560856, -2.36396500883443
-33.3868598929676, 0.175971150748106, -2.37552868043302
-33.3868598929677, 0.133660927454592, -2.37649606691137
-32.6765011477667, 3.99938142586293, -0.000627162629846422
-32.6765011717298, 3.99073543997489, -0.315602999976772
-32.6765011718407, 3.97265105293614, -0.630142628392015
-32.6765011718407, 3.94955824020426, -0.944387499955819
-32.6765011718407, 3.92022706374093, -1.25810237312094
-32.6765011718407, 3.87355028335908, -1.56960755303871
-32.6765011718407, 3.78058329006869, -1.86996601577491
-32.6765011718407, 3.57503278797346, -2.10261208513541
-32.6765011718407, 3.28249075312914, -2.21529751685914
-32.6765011718407, 2.97197689253345, -2.26824854870765
-32.6765011718407, 2.65913486118896, -2.30577983498346
-32.6765011718407, 2.34563098635277, -2.33737201354705
-32.6765011718407, 2.031752337856, -2.36500765906727
-32.6765011718407, 1.71760747026902, -2.38943557920537
-32.6765011718407, 1.40323325069759, -2.41070729051525
-32.6765011718407, 1.08866453136743, -2.42888278739058
-32.6765011718407, 0.773961211181714, -2.44456572761786
-32.6765011718407, 0.459168842505337, -2.45835183148775
-32.6765011718407, 0.144316853583389, -2.47064738690499
-32.6765011718407, 0.171230396738612, -2.46971717211788
-31.9661424271631, 4.01755643124713, -0.00061352886233661
-31.9661424506232, 4.00730181036282, -0.319278635012603
-31.9661424507137, 3.98899576826136, -0.637559414156478
-31.9661424507137, 3.96659722654432, -0.9556001615168
-31.9661424507137, 3.93915677199377, -1.27323952823095
-31.9661424507137, 3.89638451626299, -1.58909533013856
-31.9661424507137, 3.80977394362965, -1.89527941676189
-31.9661424507137, 3.61225717645041, -2.14001444448371
-31.9661424507137, 3.32265239253933, -2.26943726188988
-31.9661424507137, 3.01068818509569, -2.33447428635012
-31.9661424507137, 2.69502614357824, -2.37919323394192
-31.9661424507137, 2.37834529336869, -2.41611113880525
-31.9661424507137, 2.06113026222351, -2.44813907133789
-31.9661424507137, 1.74355211700152, -2.47634566295389
-31.9661424507137, 1.42566913394066, -2.50087711268902
-31.9661424507137, 1.10751444172038, -2.52159022514469
-31.9661424507137, 0.789156503726711, -2.53891169337108
-31.9661424507137, 0.470667840934987, -2.55364903076241
-31.9661424507137, 0.152101331472028, -2.56660289559191
-31.9661424507137, 0.167296993763892, -2.56600943070989
-31.2557837065594, 4.03536692542203, -0.000599895094123456
-31.2557837295135, 4.02255271385801, -0.322888084537496
-31.2557837295868, 4.00439458852905, -0.644910061209895
-31.2557837295868, 3.98311982755865, -0.966749282615267
-31.2557837295868, 3.95752804403495, -1.28826959732442
-31.2557837295868, 3.91853141132757, -1.60837678766218
-31.2557837295868, 3.83897053548054, -1.92034833292432
-31.2557837295867, 3.64976726241724, -2.17650131345525
-31.2557837295868, 3.36358444610954, -2.32177739631074
-31.2557837295868, 3.05081960112264, -2.39965240728739
-31.2557837295868, 2.73260374656713, -2.45213931445448
-31.2557837295867, 2.41285007046534, -2.49440965580819
-31.2557837295867, 2.09236612933185, -2.53076896845111
-31.2557837295868, 1.77141536969757, -2.56275429161987
-31.2557837295867, 1.45007961388387, -2.59060455496764
-31.2557837295867, 1.12838654825729, -2.61396531473772
-31.2557837295868, 0.806408570026859, -2.6330092635307
-31.2557837295868, 0.484238591358314, -2.64848801729315
-31.2557837295867, 0.161955006639473, -2.66140320573755
-31.2557837295868, 0.161273576185022, -2.66154266218147
-30.5454249859558, 4.05280402084344, -0.000586261325189808
-30.5454250084014, 4.03732562385743, -0.326551528456301
-30.5454250084598, 4.01924083576065, -0.652380556180571
-30.5454250084598, 3.9991810226598, -0.978095225413799
-30.5454250084598, 3.9754429218607, -1.30355890526997
-30.5454250084598, 3.9402427075928, -1.62793928933509
-30.5454250084598, 3.86785127699294, -1.94557022781003
-30.5454250084598, 3.68653901565542, -2.21226237634021
-30.5454250084598, 3.40394556259469, -2.37229075958401
-30.5454250084598, 3.09085626992105, -2.46326011106158
-30.5454250084598, 2.77026218799477, -2.52394744363561
-30.5454250084598, 2.44739933208583, -2.57132947184414
-30.5454250084598, 2.12357569769214, -2.61168747961214
-30.5454250084598, 1.799178268277, -2.64714834615213
-30.5454250084598, 1.4743108415641, -2.67800490387234
-30.5454250084598, 1.14900439695467, -2.70381994663213
-30.5454250084598, 0.823332508055237, -2.72452156636633
-30.5454250084598, 0.49739025955986, -2.74042628054743
-30.5454250084598, 0.171284147244159, -2.75254701523083
-30.5454250084598, 0.155855851721418, -2.7530969242393
-29.8350662653522, 4.0698518069154, -0.000572627555504963
-29.8350662872871, 4.05224770476593, -0.330214709062215
-29.8350662873328, 4.03394262884189, -0.659818454461459
-29.8350662873328, 4.01490909934355, -0.989380782808492
-29.8350662873328, 3.99300789796227, -1.3187620368661
-29.8350662873328, 3.96167957595746, -1.64735362620284
-29.8350662873328, 3.89617633199316, -1.97034447270301
-29.8350662873328, 3.72224036740925, -2.24672028055904
-29.8350662873328, 3.44343303876369, -2.42048456010545
-29.8350662873328, 3.13042964341225, -2.52428423801194
-29.8350662873328, 2.80771416082766, -2.59343459712157
-29.8350662873328, 2.48175989895439, -2.64554986403917
-29.8350662873328, 2.15458018865521, -2.68941664032008
-29.8350662873328, 1.82671666985907, -2.72784979487292
-29.8350662873328, 1.49829378891581, -2.76116439723083
-29.8350662873328, 1.16936454470598, -2.78903517878583
-29.8350662873328, 0.840003420171756, -2.8112151061551
-29.8350662873328, 0.510283667706365, -2.82720244434193
-29.8350662873328, 0.180344071130807, -2.83777919494904
-29.8350662873328, 0.150704198316016, -2.83846770985827
-29.1247075447485, 4.08648289338842, -0.000558993785016071
-29.1247075661704, 4.06737884653214, -0.333783809140487
-29.1247075662058, 4.04867808572782, -0.667031288287661
-29.1247075662058, 4.03041342782598, -1.00030314894633
-29.1247075662058, 4.01015376466037, -1.33345739128382
-29.1247075662058, 3.98242968520767, -1.66605831072642
-29.1247075662058, 3.9229675958385, -1.99393907857644
-29.1247075662058, 3.75593001943891, -2.27914336482763
-29.1247075662058, 3.48105968741184, -2.46555652472063
-29.1247075662058, 3.16838560041378, -2.5812534355425
-29.1247075662058, 2.84384621599776, -2.65877707211265
-29.1247075662058, 2.51493304415505, -2.71536846622925
-29.1247075662058, 2.18448834841475, -2.76234092514048
-29.1247075662058, 1.85323699561428, -2.8032493816194
-29.1247075662058, 1.52133287555028, -2.83847190474855
-29.1247075662058, 1.18886917451043, -2.86794841899301
-29.1247075662058, 0.855923925931355, -2.89133927948858
-29.1247075662058, 0.522535549023624, -2.90717609195891
-29.1247075662058, 0.188882206498376, -2.91589435065041
-29.1247075662058, 0.145955888036618, -2.91673075281261
-28.4043488241523, 4.10289573794708, -0.00054516808568774
-28.4043488450516, 4.0829045449175, -0.337195689586343
-28.4043488450789, 4.06381468314638, -0.673897924712179
-28.4043488450789, 4.04600658322641, -1.01067095113175
-28.4043488450789, 4.02699587642592, -1.34737679946321
-28.4043488450789, 4.00222312521626, -1.68369912849061
-28.4043488450789, 3.94750156215721, -2.01592986002959
-28.4043488450789, 3.78705494134062, -2.30920626569742
-28.4043488450789, 3.51631856276417, -2.50731418983691
-28.4043488450789, 3.20400732378729, -2.63350563232864
-28.4043488450789, 2.8779056546684, -2.71895788935572
-28.4043488450789, 2.54626359842117, -2.77997093010857
-28.4043488450789, 2.21272837777765, -2.82979818334934
-28.4043488450789, 1.87823633726885, -2.87274854014246
-28.4043488450789, 1.542992300294, -2.90937413831013
-28.4043488450789, 1.20714552566883, -2.93998926366067
-28.4043488450789, 0.870783075204892, -2.964250393236
-28.4043488450789, 0.533908962842632, -2.97980069210337
-28.4043488450789, 0.196744366980383, -2.98677489015266
-28.4043488450789, 0.141688888847501, -2.98787630488837
-26.6384520226358, 4.14092860093485, -0.000511275581043879
-26.6384520422466, 4.12110574154212, -0.344088584148532
-26.6384520422614, 4.10190392136009, -0.687700893168737
-26.6384520422614, 4.0836914425584, -1.03136728633883
-26.6384520422614, 4.06513294331067, -1.37501481454776
-26.6384520422614, 4.04275571698562, -1.71842966539756
-26.6384520422614, 3.99251641361576, -2.05842175602628
-26.6384520422614, 3.84616746296743, -2.36734036036897
-26.6384520422614, 3.58625134894416, -2.5896760321311
-26.6384520422614, 3.27425735807365, -2.73378692567145
-26.6384520422614, 2.9451117449876, -2.83375053515092
-26.6384520422614, 2.60853473416964, -2.90525688192951
-26.6384520422614, 2.26895823809674, -2.96107348450183
-26.6384520422614, 1.92792012668714, -3.00717025292582
-26.6384520422614, 1.58588521366394, -3.04519465301032
-26.6384520422614, 1.24317195882123, -3.07654450028705
-26.6384520422614, 0.899915198232563, -3.10118150056401
-26.6384520422614, 0.55609309893705, -3.1158437892323
-26.6384520422614, 0.211987842185272, -3.12077980346939
-26.6384520422614, 0.13365332690189, -3.12084213004601
-24.8625552211267, 4.17483767714526, -0.000477191140024603
-24.8625552394349, 4.15656931403819, -0.348582792449681
-24.862555239444, 4.1380789897639, -0.696676620293418
-24.862555239444, 4.11856553658997, -1.044714383832
-24.862555239444, 4.09711062568577, -1.39263730751071
-24.862555239444, 4.07158192996241, -1.74028080902934
-24.862555239444, 4.01960987297998, -2.08456998150983
-24.862555239444, 3.87994512912122, -2.40182681624624
-24.862555239444, 3.63014360697106, -2.64214261354136
-24.862555239444, 3.31971753655764, -2.79926113396112
-24.862555239444, 2.98859309303471, -2.90768576708529
-24.862555239444, 2.64918337199714, -2.98677900528234
-24.862555239444, 2.30561561300902, -3.04553442798048
-24.862555239444, 1.96013680447537, -3.09186625190325
-24.862555239444, 1.61354360593486, -3.12900093755741
-24.862555239444, 1.26626734966208, -3.1591211580871
-24.862555239444, 0.918475230935829, -3.1824781781078
-24.862555239444, 0.570168277661877, -3.19607848779253
-24.862555239444, 0.221623631826868, -3.20097295637838
-24.862555239444, 0.128749811767116, -3.20132465482697
-23.0866584196176, 4.2017759878424, -0.000443106685554954
-23.0866584366141, 4.18716181993694, -0.344459904837026
-23.0866584366266, 4.17098213207362, -0.688404603690546
-23.0866584366266, 4.15003409107075, -1.0320907527592
-23.0866584366266, 4.12465466983251, -1.37547949016288
-23.0866584366266, 4.09478520896708, -1.71850455337375
-23.0866584366266, 4.0438481582581, -2.0587786361952
-23.0866584366266, 3.91907181670303, -2.37822662418247
-23.0866584366266, 3.69218937574792, -2.6350751375528
-23.0866584366266, 3.39845984381052, -2.81290934215873
-23.0866584366266, 3.07572119200876, -2.93221041375603
-23.0866584366266, 2.74243809632324, -3.01830081278719
-23.0866584366266, 2.40370219560633, -3.07983731681389
-23.0866584366266, 2.06258392465313, -3.12661913762353
-23.0866584366266, 1.7202453442002, -3.16348392932774
-23.0866584366266, 1.37717390968341, -3.19280148245763
-23.0866584366266, 1.03362503731512, -3.21585268120886
-23.0866584366266, 0.689622747405696, -3.23057617479836
-23.0866584366266, 0.345365478756414, -3.23723571287612
-23.0866584366266, 0.00104513852660295, -3.2390584894172
-21.3107616181086, 4.22332536996252, -0.00040902222068725
-21.310761633799, 4.21333071880492, -0.345856775353589
-21.3107616338092, 4.19933592433357, -0.691153084205959
-21.3107616338092, 4.174646706761, -1.03585169030857
-21.3107616338092, 4.14470406170957, -1.380143954069
-21.3107616338092, 4.11030219290663, -1.72401057859088
-21.3107616338092, 4.0519374160222, -2.06437148225134
-21.3107616338092, 3.92429547773393, -2.38428990795565
-21.3107616338092, 3.69993150723933, -2.64498412775655
-21.3107616338092, 3.40937167894027, -2.83052272411608
-21.3107616338092, 3.08776052332127, -2.9561362241272
-21.3107616338091, 2.75338523565478, -3.04293916484048
-21.3107616338091, 2.41325676800771, -3.10389445528786
-21.3107616338091, 2.0708110290997, -3.15030459561863
-21.3107616338092, 1.72711767230382, -3.1863798026273
-21.3107616338092, 1.38264909533781, -3.21414478310316
-21.3107616338092, 1.03768739601686, -3.23490832681817
-21.3107616338091, 0.692334643653164, -3.24753511621103
-21.3107616338091, 0.346784745783276, -3.25265632387447
-21.3107616338092, 0.00119444335509105, -3.25357499570966
-19.5348648309833, 4.24845177689617, -0.000749875526545692
-19.5348648309917, 4.23276870030928, -0.346271867083493
-19.5348648309917, 4.21321262577206, -0.691586905757661
-19.5348648309917, 4.18468553180419, -1.03627896187873
-19.5348648309917, 4.15199908223376, -1.38060851933248
-19.5348648309917, 4.1147718325657, -1.72446622427943
-19.5348648309917, 4.05314566642652, -2.06454905703622
-19.5348648309917, 3.92448073943243, -2.38446185529877
-19.5348648309917, 3.70116132182051, -2.64636775707718
-19.5348648309917, 3.41153999016042, -2.83401765959586
-19.5348648309917, 3.0906080329265, -2.9620456256727
-19.5348648309917, 2.75596992648216, -3.04892126835192
-19.5348648309917, 2.41551968010626, -3.10971225819377
-19.5348648309917, 2.07279979467777, -3.1562255121929
-19.5348648309917, 1.7288138486425, -3.1922402271765
-19.5348648309917, 1.38402701013265, -3.2195975639129
-19.5348648309917, 1.03873481534536, -3.2395997813426
-19.5348648309917, 0.69306723250011, -3.25140009935945
-19.5348648309917, 0.347220351066731, -3.25566214332446
-19.5348648309917, 0.00134374812566224, -3.25642763634806
-17.7589680150904, 4.24633612920834, -0.000340853252190718
-17.7589680281628, 4.23488731933283, -0.342387442716008
-17.7589680281743, 4.20124649508385, -0.682881560643076
-17.7589680281743, 4.1615345443607, -1.02280592686487
-17.7589680281743, 4.11808810198467, -1.36227338118631
-17.7589680281743, 4.06818799351015, -1.70084083202479
-17.7589680281743, 3.99534252776337, -2.03501416337219
-17.7589680281743, 3.86392917777793, -2.35022093027221
-17.7589680281743, 3.65094991536087, -2.6162737884363
-17.7589680281743, 3.37041655497642, -2.81075143658399
-17.7589680281743, 3.05522472172378, -2.94306376373087
-17.7589680281743, 2.72510319825858, -3.03277545226048
-17.7589680281743, 2.38898245328215, -3.09696295266531
-17.7589680281743, 2.0503730627981, -3.1465477479251
-17.7589680281743, 1.71034189771871, -3.18524053247278
-17.7589680281743, 1.36940806354317, -3.21500314094605
-17.7589680281743, 1.02789816978511, -3.23720003110921
-17.7589680281743, 0.685925042645081, -3.25039014195015
-17.7589680281743, 0.343729474256321, -3.25545635390051
-17.7589680281743, 0.00149305288147514, -3.25630803283974
-15.9830712135813, 4.23314034454896, -0.000306768720280471
-15.9830712253383, 4.22549646527247, -0.334535495868997
-15.9830712253569, 4.16947684286044, -0.663579603761687
-15.9830712253569, 4.10569690940424, -0.991754869844222
-15.9830712253569, 4.03796041808245, -1.31913144890973
-15.9830712253569, 3.96159834406679, -1.64459365904344
-15.9830712253569, 3.86714960831887, -1.96516483135739
-15.9830712253569, 3.73001493584824, -2.26963195138872
-15.9830712253569, 3.53461019940771, -2.53980482217837
-15.9830712253569, 3.27563523872294, -2.74974300028824
-15.9830712253569, 2.97581511098375, -2.89651286144956
-15.9830712253569, 2.65690945450605, -2.99624622678012
-15.9830712253569, 2.33063150152294, -3.06887682341452
-15.9830712253569, 2.00117022763266, -3.12551379546204
-15.9830712253569, 1.66986669216274, -3.17017599425848
-15.9830712253569, 1.33735913846736, -3.20480733089905
-15.9830712253569, 1.00408752129034, -3.23109948143529
-15.9830712253569, 0.670185827627298, -3.24746264120188
-15.9830712253569, 0.335952682825517, -3.2545804207248
-15.9830712253569, 0.0016423576372876, -3.25618842933142
-14.2071744120723, 4.19394870778185, -0.000272684138210098
-14.2071744225063, 4.17987703819128, -0.323080321126218
-14.2071744225394, 4.10003989317635, -0.634697937374478
-14.2071744225394, 4.00542235243009, -0.943647392410432
-14.2071744225394, 3.90701529932937, -1.25140727836252
-14.2071744225394, 3.80127863605537, -1.55671777009783
-14.2071744225394, 3.68260864377319, -1.85719756300716
-14.2071744225394, 3.53830110833891, -2.14611174153211
-14.2071744225394, 3.358052917093, -2.4138630283274
-14.2071744225394, 3.12818541935964, -2.63996256162373
-14.2071744225394, 2.85546318717987, -2.81228901586851
-14.2071744225394, 2.55685923325819, -2.93494924114811
-14.2071744225394, 2.24634604653099, -3.02398841408101
-14.2071744225394, 1.93061907721454, -3.09250970937671
-14.2071744225394, 1.61210652690041, -3.14671910381854
-14.2071744225394, 1.2917482284759, -3.18869164145509
-14.2071744225394, 0.970166461016295, -3.22000162854154
-14.2071744225394, 0.647780163109009, -3.24147154836592
-14.2071744225394, 0.324882254496311, -3.25298561359512
-14.2071744225394, 0.00179166239310051, -3.2560688258231
-12.4312776105631, 4.1113064075568, -0.000238599472299576
-12.4312776196647, 4.08640941509519, -0.308933943188796
-12.431277619722, 3.9848350931811, -0.598381218034179
-12.431277619722, 3.85890557215625, -0.881318817114821
-12.431277619722, 3.72966295848395, -1.16275703821821
-12.431277619722, 3.59590541726206, -1.44207541727778
-12.431277619722, 3.45548659206986, -1.71809672589478
-12.431277619722, 3.30318240446452, -1.98770552033192
-12.431277619722, 3.13213800726743, -2.24577378829097
-12.431277619722, 2.93208049894775, -2.48176185510165
-12.431277619722, 2.69407866836067, -2.67929328431231
-12.431277619722, 2.42670831224398, -2.83489490610153
-12.431277619722, 2.13929956899631, -2.94981707808235
-12.431277619722, 1.84264002067431, -3.03847945172238
-12.431277619722, 1.54094158657555, -3.10825410769911
-12.431277619722, 1.23612826699964, -3.16285298603434
-12.431277619722, 0.928999627480971, -3.2024646182514
-12.431277619722, 0.620632179929396, -3.23101204776935
-12.431277619722, 0.311541240039799, -3.25017165675235
-12.431277619722, 0.00194096714891341, -3.25594922231477
-10.6453808090614, 3.97141946224325, -0.000204322767514378
-10.6453808168117, 3.9340555668567, -0.292425843388392
-10.6453808169046, 3.81715047677911, -0.557374286119582
-10.6453808169046, 3.66565708508245, -0.810037831325989
-10.6453808169046, 3.51202100644909, -1.06140379609035
-10.6453808169046, 3.35568764319053, -1.3111003910227
-10.6453808169046, 3.19646040489778, -1.55896182671114
-10.6453808169046, 3.03441215194976, -1.80498723561355
-10.6453808169046, 2.86652554486055, -2.04704956822103
-10.6453808169046, 2.68687199799141, -2.28046274138908
-10.6453808169046, 2.48515996938803, -2.49488245477146
-10.6453808169046, 2.25610069296043, -2.67981432095732
-10.6453808169046, 2.0037908981305, -2.8313216320501
-10.6453808169046, 1.73410100100009, -2.94960337943426
-10.6453808169046, 1.45532335322654, -3.04463480110191
-10.6453808169046, 1.17065475342803, -3.12028213764206
-10.6453808169046, 0.881411170894763, -3.1758828656196
-10.6453808169046, 0.589404039153217, -3.21471970539719
-10.6453808169046, 0.296289312011429, -3.24416823452567
-10.6453808169046, 0.00209111263350966, -3.25582894532414
-9.94502208845043, 3.89708905480579, -0.000190880749929298
-9.94502209566633, 3.85361833576856, -0.285001500805376
-9.9450220957776, 3.73302787377894, -0.540319197973535
-9.9450220957776, 3.57397784583529, -0.78054784893511
-9.94502209577761, 3.41340605563263, -1.01976165276172
-9.94502209577761, 3.25069771036694, -1.2575264936023
-9.94502209577761, 3.08572736547442, -1.49372825001801
-9.9450220957776, 2.91940964568511, -1.7289839616293
-9.9450220957776, 2.75097945503764, -1.96272753066245
-9.9450220957776, 2.57579130823549, -2.19142753977264
-9.9450220957776, 2.38589831148554, -2.40795207170263
-9.9450220957776, 2.17238246898279, -2.60113347670272
-9.9450220957776, 1.93749294934924, -2.76760636897876
-9.9450220957776, 1.68233678325061, -2.90107070520601
-9.9450220957776, 1.41539919211171, -3.00923248612423
-9.9450220957776, 1.14073414223849, -3.09600357830501
-9.9450220957776, 0.860192565894068, -3.16124900739232
-9.9450220957776, 0.575685358653386, -3.20642592313081
-9.9450220957776, 0.289601439537104, -3.24043583679604
-9.9450220957776, 0.00214999380705174, -3.25578177740312
-9.2346633678468, 3.80815084376433, -0.000177246775739433
-9.23466337451765, 3.75792155738962, -0.2767879051942
-9.23466337465063, 3.63515051877386, -0.522640564428207
-9.23466337465063, 3.4700534141396, -0.750191641734833
-9.23466337465063, 3.30381136927808, -0.976907357883698
-9.23466337465063, 3.13599695377718, -1.202461130237
-9.23466337465063, 2.96629657749254, -1.4265998444875
-9.23466337465063, 2.79582626948489, -1.65015414187131
-9.23466337465063, 2.62569958981943, -1.87397005885301
-9.23466337465063, 2.45324501443695, -2.09599040626829
-9.23466337465063, 2.27273881180625, -2.31147106509601
-9.23466337465063, 2.07482151870809, -2.51096013745427
-9.23466337465063, 1.85828502830532, -2.69007631526481
-9.23466337465063, 1.62162106014768, -2.84144890448076
-9.23466337465063, 1.36941931669718, -2.96540018861829
-9.23466337465063, 1.1067676694575, -3.06541710830899
-9.23466337465063, 0.836513001366848, -3.14251951923575
-9.23466337465063, 0.560659200963577, -3.19642907900668
-9.23466337465063, 0.282314215559398, -3.23582925133705
-9.23466337465063, 0.00220971570937673, -3.25573393599979
-8.52430464724317, 3.70406223193635, -0.000163612772316153
-8.52430465336675, 3.64735747855339, -0.268038733642501
-8.52430465352366, 3.52406253264157, -0.504919407974414
-8.52430465352366, 3.3543943698015, -0.719827419869556
-8.52430465352366, 3.18383643719021, -0.934029775439808
-8.52430465352366, 3.01204891157089, -1.14724697785364
-8.52430465352366, 2.8386593794617, -1.35916353689782
-8.52430465352366, 2.66470014721922, -1.57061325888038
-8.52430465352366, 2.4919304779128, -1.78303471590001
-8.52430465352366, 2.32016391989295, -1.99626932992131
-8.52430465352366, 2.14583899903132, -2.20740935475351
-8.52430465352366, 1.96235763314949, -2.41058258213304
-8.52430465352366, 1.76460292585174, -2.59987360359943
-8.52430465352366, 1.54987512682651, -2.76949485846849
-8.52430465352366, 1.3163470759132, -2.91215913941475
-8.52430465352366, 1.06838810313155, -3.02801785199749
-8.52430465352366, 0.810194185462668, -3.1188300923577
-8.52430465352366, 0.544355726022301, -3.18404200348221
-8.52430465352366, 0.274512091455393, -3.23032569775964
-8.52430465352366, 0.00226943761170171, -3.25568609459646
-7.81394592663954, 3.58311814965926, -0.00014997873636945
-7.81394593221576, 3.52106068991538, -0.259061044778115
-7.81394593239669, 3.39908067717835, -0.487749255330928
-7.81394593239668, 3.2263705596597, -0.690375634844922
-7.81394593239669, 3.05274273204231, -0.892216055132744
-7.81394593239669, 2.8779757607849, -1.09307074197435
-7.81394593239669, 2.70187859579927, -1.29276018725743
-7.81394593239669, 2.52530281547864, -1.49202715439309
-7.81394593239669, 2.34981656993655, -1.69225276201038
-7.81394593239669, 2.17695406571642, -1.89474707132355
-7.81394593239669, 2.00529488296249, -2.09826479240092
-7.81394593239669, 1.83254121915314, -2.30085121056459
-7.81394593239669, 1.65413773936057, -2.49845625557193
-7.81394593239669, 1.46385369268703, -2.6845528398272
-7.81394593239669, 1.25389311208913, -2.84798729352331
-7.81394593239669, 1.02458466238149, -2.98292564344305
-7.81394593239669, 0.780753367615489, -3.08947597500105
-7.81394593239669, 0.526523956980447, -3.16814792666562
-7.81394593239669, 0.266178063709644, -3.22361193325965
-7.81394593239668, 0.0023291595140267, -3.25563825319314
-7.10358720603593, 3.44339820226214, -0.00013634466419384
-7.10358721106803, 3.37790007620946, -0.250282219839394
-7.10358721126972, 3.25919641913682, -0.471803349365618
-7.10358721126972, 3.08505175114825, -0.662948330589821
-7.10358721126972, 2.90953458348167, -0.852833770308412
-7.10358721126972, 2.73267104076679, -1.04146603897912
-7.10358721126972, 2.55472758581773, -1.22908020120166
-7.10358721126972, 2.37649768763877, -1.41642251888905
-7.10358721126972, 2.19931842387766, -1.6047575841766
-7.10358721126972, 2.02471222430231, -1.79547727104245
-7.10358721126972, 1.85321458186929, -1.98899901527882
-7.10358721126972, 1.68527840863467, -2.18561164398591
-7.10358721126972, 1.52360681045851, -2.38740614548535
-7.10358721126972, 1.35956528807585, -2.58725468162667
-7.10358721126972, 1.17869757626045, -2.771823366089
-7.10358721126971, 0.973656445755138, -2.92895067805979
-7.10358721126972, 0.747642238605093, -3.05411352054135
-7.10358721126972, 0.506797325689959, -3.14779633838864
-7.10358721126972, 0.257229345568723, -3.21508749615835
-7.10358721126971, 0.00238888141635212, -3.25559041178981
-6.3932284854323, 3.28432478860994, -0.000122710554674818
-6.3932284899257, 3.21713921968714, -0.24198674231757
-6.39322849014274, 3.1028764107008, -0.457220026445758
-6.39322849014274, 2.92837220225104, -0.637663461020082
-6.39322849014274, 2.75196680669315, -0.816248827627967
-6.39322849014274, 2.57396677556899, -0.993245587092392
-6.39322849014274, 2.39498528987324, -1.1692504531827
-6.39322849014274, 2.21593986525894, -1.34519033628394
-6.39322849014274, 2.03795315085214, -1.52220005133228
-6.39322849014274, 1.862336855485, -1.7015585770199
-6.39322849014274, 1.69040312834206, -1.88444779286877
-6.39322849014274, 1.52319715130239, -2.071654955415
-6.39322849014274, 1.36994716601762, -2.27030961711215
-6.39322849014274, 1.23242697343517, -2.48030413885822
-6.39322849014274, 1.08597899027126, -2.68405612028155
-6.39322849014275, 0.912909802956946, -2.86542120699396
-6.39322849014275, 0.710044707038827, -3.01268973786906
-6.39322849014274, 0.484994832111885, -3.12335126503413
-6.39322849014274, 0.247564025605699, -3.20439878818012
-6.39322849014274, 0.00244860331867711, -3.25554257038648
-5.68286976482869, 3.1072024403497, -0.000109076410329543
-5.68286976878885, 3.03839240698221, -0.234164404818382
-5.68286976901577, 2.92820822201361, -0.443767442401359
-5.68286976901577, 2.75360616025091, -0.614149457547793
-5.68286976901577, 2.57684208005522, -0.782288072189371
-5.68286976901577, 2.39836079464752, -0.948603678978294
-5.68286976901577, 2.21883312840196, -1.11379018652245
-5.68286976901577, 2.03928362929666, -1.27895295659798
-5.68286976901577, 1.86079737316704, -1.44526293521248
-5.68286976901577, 1.68463800906607, -1.61403196292663
-5.68286976901577, 1.51251975873863, -1.78691318332844
-5.68286976901577, 1.34603293743197, -1.9652174910521
-5.68286976901577, 1.1935281283605, -2.15539714630236
-5.68286976901577, 1.07739595821164, -2.36966541064437
-5.68286976901577, 0.969976089390055, -2.58868058511655
-5.68286976901577, 0.839152565270126, -2.79419455425661
-5.68286976901577, 0.667177970810954, -2.96649215337175
-5.68286976901577, 0.461801443737026, -3.09740239705593
-5.68286976901577, 0.237627442364275, -3.19312399884042
-5.68286976901578, 0.00250832522100209, -3.25549472898315
-4.97251104422508, 2.91317668648145, -9.54422333683717E-05
-4.9725110478888, 2.84079175484145, -0.2270269924815
-4.9725110478888, 2.73216283502534, -0.431599777016782
-4.9725110478888, 2.55657762286226, -0.592556228404912
-4.9725110478888, 2.37880767675562, -0.751097597163726
-4.9725110478888, 2.19945430697344, -0.907846710016
-4.9725110478888, 2.01921628533027, -1.06357857879396
-4.9725110478888, 1.83880090529408, -1.2191050918229
-4.9725110478888, 1.65915553882495, -1.37551935907585
-4.9725110478888, 1.48148189245354, -1.53416632167723
-4.9725110478888, 1.30790515359144, -1.69727306049707
-4.9725110478888, 1.14183460059854, -1.8679885560557
-4.9725110478888, 0.990910246474707, -2.0520451835985
-4.9725110478888, 0.892224713992341, -2.26750126187364
-4.9725110478888, 0.831483536545953, -2.49781377558829
-4.9725110478888, 0.75330955230094, -2.72249532484149
-4.9725110478888, 0.620464284085235, -2.91917145533999
-4.9725110478888, 0.439096143293595, -3.07257192229368
-4.9725110478888, 0.228811137728935, -3.18373080318628
-4.9725110478888, 0.00256804712332708, -3.25544688757982
-4.26215232362147, 2.7022603600012, -8.18080238160708E-05
-4.26215232653552, 2.62116183869317, -0.22096270111964
-4.26215232676183, 2.50842960668845, -0.421234771515457
-4.26215232676183, 2.329420961251, -0.573955464715192
-4.26215232676183, 2.14870470993165, -0.724652910249909
-4.26215232676183, 1.96682361040923, -0.873943209549702
-4.26215232676183, 1.78428549396418, -1.0224299018051
-4.26215232676183, 1.60159226123261, -1.17072580825922
-4.26215232676183, 1.41935098296272, -1.31957628000421
-4.26215232676183, 1.23845199156598, -1.4700531024996
-4.26215232676183, 1.06056334725367, -1.62406749213428
-4.26215232676183, 0.88943860712864, -1.78551992284984
-4.26215232676183, 0.740277828292997, -1.96680871175968
-4.26215232676183, 0.682672521771725, -2.19068522238593
-4.26215232676183, 0.692042326603306, -2.42578025120899
-4.26215232676183, 0.671168580326737, -2.65965669747082
-4.26215232676183, 0.577358312783682, -2.87401692481784
-4.26215232676183, 0.420092258089698, -3.04786997363828
-4.26215232676183, 0.222452877007616, -3.17460956787981
-4.26215232676183, 0.0026277690256525, -3.25539904617649
-3.30213630829606, 2.37755869799502, -0.00012676392356466
-3.3349269433887, 2.28807320152536, -0.212561321006832
-3.3753521299674, 2.17775304820557, -0.409786806363846
-3.43638997423754, 2.01118104426237, -0.560598555183985
-3.49752440256385, 1.84434546286197, -0.711079556798612
-3.55867672566284, 1.67746104670699, -0.86149914026885
-3.6197694682033, 1.51073922562967, -1.01212304692736
-3.68072492037247, 1.34439206936143, -1.1632159652962
-3.74140370545142, 1.17879993634464, -1.31524594476803
-3.80148452967623, 1.01483963582362, -1.46926641059577
-3.86029144632846, 0.854355823369018, -1.62737142925192
-3.91602386368781, 0.702262305730033, -1.79454473501756
-3.95919030698918, 0.584461275077853, -1.98887701716746
-3.95401634189219, 0.598581002680352, -2.21726987560658
-3.93871436535939, 0.640340028180641, -2.4455497827304
-3.94217567082857, 0.630894141040395, -2.6771516032852
-3.97510047506652, 0.541042497573406, -2.88797119734848
-4.02956854920288, 0.392399366933571, -3.05748785906234
-4.09762833029109, 0.206664528828469, -3.179319069436
-4.17335759739682, 0.00131761712240837, -3.255393066016
-2.63877594811677, 2.1140630960549, -0.000101299365731918
-2.70444363823826, 2.01977943059946, -0.209553181687528
-2.78030417970766, 1.91086118024018, -0.405495569654728
-2.886302083126, 1.75867262531486, -0.556093434053931
-2.99212800140681, 1.60673100140144, -0.70706108458477
-3.09771321875579, 1.45513496854033, -0.858543748154931
-3.2029883042158, 1.30398421358091, -1.01068569329108
-3.30788262683153, 1.15338014629334, -1.1636305395249
-3.41219389763692, 1.00361320700171, -1.31779036754396
-3.51534396395352, 0.855513489677895, -1.47432052188007
-3.61596823476858, 0.71104023245395, -1.63578423036836
-3.71026076871919, 0.575657889790506, -1.80843659185471
-3.77212127967158, 0.486840456000052, -2.01689695465053
-3.72667832953036, 0.552086057002551, -2.24032385615143
-3.6872926719563, 0.608634782191231, -2.46828099973727
-3.69490334579745, 0.597707608949685, -2.70473043785816
-3.76005556954658, 0.504164034380885, -2.91314203325232
-3.86021223541725, 0.360362150065911, -3.07419262786477
-3.98044931670814, 0.187729418096868, -3.18642995351274
-4.11120120951788, 0.00132022995561662, -3.25538887989323
-2.15465701695266, 1.89438769347107, -8.27152818063711E-05
-2.25095871781217, 1.79808599261157, -0.207732476325957
-2.35782202482722, 1.69122268559652, -0.402826388079076
-2.49692100916383, 1.55212370125991, -0.554400139271135
-2.63559854545816, 1.41344616496557, -0.706744327844334
-2.77383505151687, 1.27520965890687, -0.859888027981123
-2.91158022460804, 1.1374644858157, -1.01391457809435
-3.04874399100367, 1.00030071942007, -1.16897501838034
-3.18508262409216, 0.863962086331576, -1.32548308164237
-3.31981947753923, 0.729225232884509, -1.48473670928355
-3.45085292696162, 0.598191783462123, -1.65002262692266
-3.57220167981228, 0.476843030611455, -1.8293057974433
-3.62256925238572, 0.426475458038015, -2.05241623632577
-3.52753557975682, 0.521509130666922, -2.26096450659033
-3.46473559633553, 0.584309114088207, -2.4913861502679
-3.4833314298689, 0.565713280554837, -2.73477106793642
-3.58063188534404, 0.468412825079702, -2.93983296593356
-3.71930883331439, 0.329735877109354, -3.09082069040965
-3.87901319621018, 0.170031514213563, -3.19314350957069
-4.04904482163894, 0.00132284278882488, -3.25538469377047
-1.73814566151774, 1.67953871500702, -6.67263795289043E-05
-1.86636180025968, 1.5837767709398, -0.206037594398695
-2.00428503573093, 1.48076479997919, -0.400642956327892
-2.1729145983522, 1.35481891748526, -0.554721833856296
-2.34094547927051, 1.229320177795, -0.709816350893959
-2.50838289115822, 1.1042646876728, -0.865907513971738
-2.67519234709792, 0.979678204673721, -1.02304248781855
-2.84129160221162, 0.855622155771647, -1.1813448504031
-3.00639338019018, 0.732311101614867, -1.34126345996764
-3.16946695328789, 0.610514871132101, -1.50438407196235
-3.32721709045163, 0.492694603263367, -1.67541280774362
-3.47045954687541, 0.385709817769918, -1.8649450042267
-3.46332976934162, 0.391034899028034, -2.09285708957131
-3.32090787603817, 0.497406823142227, -2.28344809738201
-3.23654416031229, 0.560416312477292, -2.51932951358825
-3.27766031343525, 0.529707520321698, -2.77010176295049
-3.41102838833205, 0.430097703227411, -2.96908150149146
-3.58732675269106, 0.298424153606109, -3.1078628228286
-3.78264942723997, 0.152541745831698, -3.19978286652924
-3.98688843376, 0.00132545562203313, -3.25538050764771
-1.36141969188676, 1.4577127376705, -5.22646395594148E-05
-1.52359802718587, 1.36548463481405, -0.204770100283902
-1.69403034878212, 1.26856262820169, -0.399514156814217
-1.89139433749407, 1.15632503359626, -0.558168911456859
-2.08807027582161, 1.04447872171985, -0.717950452725737
-2.28408990598585, 0.933005641302979, -0.878795767018931
-2.47941256958422, 0.821928914098187, -1.04075920638729
-2.67399249873072, 0.711274567535646, -1.20390143588055
-2.8674106928587, 0.601280880219494, -1.36885955122426
-3.05812851966076, 0.492822846571423, -1.53791547637102
-3.24090911596105, 0.388878582963981, -1.71810232166598
-3.3972630365893, 0.299962727174024, -1.9271044309419
-3.27343811206376, 0.370379887729232, -2.13382314933653
-3.08789082714134, 0.475897520815048, -2.30909140966632
-2.98947850631532, 0.531862959298211, -2.55613986033924
-3.06814054268401, 0.487129176775847, -2.81237785554974
-3.24287976659086, 0.387757906958492, -3.00084079809411
-3.45742868576529, 0.265747530240383, -3.12539583401737
-3.68746738392576, 0.134928375661086, -3.20644505424339
-3.92473204588106, 0.00132806845524139, -3.25537632152495
-1.01514742625359, 1.22359972991424, -3.89718384247387E-05
-1.21384006368671, 1.13821732612248, -0.204824107273552
-1.41929038779088, 1.0499310022887, -0.400953070125889
-1.64650798616715, 0.952290823046092, -0.56692614872237
-1.87307019837455, 0.854932277019656, -0.73395732646963
-2.09901034126793, 0.757841047256381, -0.901983804001937
-2.32431464857662, 0.661023049412209, -1.07101858322404
-2.54892771889599, 0.564502090635517, -1.24113949398464
-2.77208703531592, 0.468605840474396, -1.41350822592154
-2.9911617494539, 0.374464829792059, -1.59194263574656
-3.19696349284123, 0.286027493703756, -1.78801093026535
-3.27143902373123, 0.254023792242013, -2.02601295124268
-3.0324702045923, 0.356713718114218, -2.1704136862243
-2.80852089261163, 0.452949445977341, -2.33907133578079
-2.71725269471134, 0.492169309517033, -2.60769167204123
-2.84898835373961, 0.435559727107562, -2.86353555940892
-3.07098801644255, 0.340161804530202, -3.03533853860808
-3.3254896833108, 0.230797087412614, -3.14377149660623
-3.59141571378508, 0.116523081057764, -3.21339992975927
-3.86257565800211, 0.00133068128844965, -3.25537213540219
-0.697078711112545, 0.974888750394848, -2.6761593525648E-05
-0.935759982724424, 0.899909001764452, -0.20715954073313
-1.17997824966716, 0.823189851817516, -0.406684783989534
-1.44006061843723, 0.741487125408012, -0.583258179062822
-1.6996269291719, 0.659946514364796, -0.760663922179403
-1.95867698051862, 0.578568081941104, -0.938896806225715
-2.21721056337295, 0.497351893825367, -1.11795170648375
-2.47513588299636, 0.416326786575959, -1.29796711762177
-2.73085451833218, 0.335994890955904, -1.48139945562793
-2.97844564200564, 0.25821618594573, -1.67655986128356
-3.19950772268766, 0.188771360512577, -1.90318173893939
-3.01209325395105, 0.247646066771143, -2.08999095225217
-2.72101169337768, 0.3390869330584, -2.20121512863788
-2.46176881744138, 0.420525939733097, -2.37468129674078
-2.41924761630727, 0.43388362360568, -2.67738697188886
-2.61561791500573, 0.372195517390004, -2.92357365935511
-2.88995837507543, 0.286013729450553, -3.0723291814294
-3.18723610305689, 0.192626388387152, -3.16312152148383
-3.49210646780603, 0.0968538832409688, -3.22078001043964
-3.80041927012309, 0.00133329412165791, -3.25536794927942
-0.411494398754746, 0.710629630039811, -1.57982246360358E-05
-0.693733230210939, 0.650340708779662, -0.211348198890636
-0.980113845649211, 0.589167062738433, -0.416572086593497
-1.27629192218565, 0.525900585042364, -0.606918209529388
-1.57217797501342, 0.46269648641117, -0.797738702608651
-1.867759171871, 0.399557507938983, -0.989052525478111
-2.16303783998088, 0.336483152508762, -1.18085417168714
-2.45747753984493, 0.273588008742122, -1.37399659505267
-2.74758507072288, 0.21161825781934, -1.5738342531496
-3.0189686670808, 0.15364811888522, -1.79912731995293
-3.00943073429433, 0.155685512803632, -2.03134931074963
-2.67156511435666, 0.227856849581914, -2.12339563660648
-2.33451806187408, 0.299853332501175, -2.21823784872649
-2.05266177922596, 0.360060537667017, -2.41700888654231
-2.09715407485187, 0.350556556610146, -2.75472470975944
-2.36079305741569, 0.294240741458526, -2.98418854466262
-2.68791869471671, 0.224363567975121, -3.10896381854563
-3.03017651007393, 0.151254016131101, -3.18213153880775
-3.37709324145456, 0.077149275142373, -3.22775213767285
-3.72574991452971, 0.00267286592038693, -3.25536292042285
-0.174544291364359, 0.43143288080252, -6.70165530880248E-06
-0.50013689267204, 0.391316112822719, -0.215920145750849
-0.827971779638117, 0.350923069358952, -0.428310093468152
-1.16018250790318, 0.30999087172091, -0.633734944886957
-1.49232318318017, 0.269067305419875, -0.839274742003858
-1.82437428283864, 0.22815477586934, -1.04496147050017
-2.1563510918655, 0.187251399782423, -1.25076971085928
-2.48645619798854, 0.146578639105128, -1.45960030105061
-2.80537219707004, 0.107284505611877, -1.68508804874906
-3.04826605936396, 0.077357177170666, -1.96721471695729
-2.67329503868844, 0.123557936571135, -2.06670852300618
-2.28786640231939, 0.171047194975312, -2.12519359478385
-1.90812973977767, 0.217835136480819, -2.21149152246882
-1.65432291741566, 0.249107067610377, -2.47576084191715
-1.79225412203444, 0.232112350560166, -2.83266872715968
-2.11559040709261, 0.192273586795164, -3.0454150788153
-2.49080689564583, 0.146042582917834, -3.14968500108047
-2.87660985913741, 0.0985072030899451, -3.20486687141927
-3.26505154559849, 0.0506467021244435, -3.23714230763266
-3.65436436509594, 0.00267886750900812, -3.25536012273709
-0.0228348779079145, 0.142906406009945, -8.77072293540718E-07
-0.373884050705977, 0.128936601645764, -0.214729339207623
-0.72526715609602, 0.114953508621924, -0.428908889243745
-1.07728789593788, 0.100945041293748, -0.642038271946029
-1.42931850553527, 0.0869361812042027, -0.855151327663034
-1.78135329226475, 0.0729271548880351, -1.06825747085865
-2.13338118964565, 0.058918402729619, -1.28137471309054
-2.48249743355431, 0.0450255181833076, -1.49921122869627
-2.8124037503061, 0.031897081882502, -1.74450109925693
-2.8590016440481, 0.0300427449126408, -1.99713248206682
-2.45173992666785, 0.0462494958685676, -2.05459849289262
-2.04223465715186, 0.0625455277197242, -2.09428141146914
-1.63867068707063, 0.0786051289018924, -2.16996697499717
-1.41911484910306, 0.087342229972303, -2.47482277942044
-1.58028738465833, 0.0809284595804232, -2.8465836469995
-1.91859229044273, 0.0674658061533227, -3.07377482108967
-2.31559015187425, 0.0516674995713934, -3.17896957908325
-2.72420466572057, 0.0354069148413904, -3.22565515189872
-3.1350908645485, 0.0190559296850341, -3.24624212779835
-3.54640427142208, 0.00268794402449762, -3.25528647986974
