-41.3566963245703, 2.93853789787191, -0.00467974833344161
-41.3566972849965, 2.92915293454127, -0.281232329885029
-41.3566973836506, 2.9196236015088, -0.557779973050947
-41.3566973836506, 2.90927816044366, -0.834297958075618
-41.3566973836506, 2.89689895356526, -1.11073166782611
-41.3566973836506, 2.8811061983642, -1.38698953620247
-41.3566973836506, 2.85977466182272, -1.66287044176841
-41.3566973836506, 2.82877478313404, -1.93781410227597
-41.3566973836506, 2.77941799511828, -2.20999724389181
-41.3566973836506, 2.68686302541854, -2.4695591532274
-41.3566973836506, 2.47437726867202, -2.63693141244492
-41.3566973836506, 2.20264628401803, -2.6877585563944
-41.3566973836506, 1.92821606525424, -2.72320006855412
-41.3566973836506, 1.65350131896498, -2.75638158538062
-41.3566973836506, 1.3785837182487, -2.78783732252061
-41.3566973836506, 1.10349703288884, -2.81778012136392
-41.3566973836506, 0.828214403660783, -2.84585955995104
-41.3566973836506, 0.552653958910758, -2.87104627068318
-41.3566973836506, 0.276577270794998, -2.88960724078668
-41.3566973836506, 8.07229555791759E-08, -2.89622397187641
-40.5498373167546, 2.95285888119648, -0.00458844764940853
-40.5498382631726, 2.94543570097495, -0.284859603152123
-40.5498383551552, 2.93770034634689, -0.565121995793774
-40.5498383551552, 2.92840953247879, -0.845337131882424
-40.5498383551552, 2.91702544009141, -1.12547423738417
-40.5498383551552, 2.90193980749568, -1.40543399610762
-40.5498383551552, 2.88070154389504, -1.68498937474578
-40.5498383551551, 2.84961999482288, -1.96360602743451
-40.5498383551551, 2.80127433331006, -2.23969766000757
-40.5498383551551, 2.71246383436138, -2.5046162908162
-40.5498383551552, 2.5062800883901, -2.68620088526912
-40.5498383551551, 2.23273847287279, -2.74513666709505
-40.5498383551552, 1.95485248254581, -2.78233663741786
-40.5498383551551, 1.67641496214377, -2.81517709366603
-40.5498383551551, 1.39763806068653, -2.84500878400618
-40.5498383551551, 1.11863385636644, -2.87263754899864
-40.5498383551552, 0.839402521883807, -2.89786257938018
-40.5498383551552, 0.559930517000859, -2.92025808544672
-40.5498383551552, 0.280157146513343, -2.93847237543077
-40.5498383551552, 3.22894256313778E-06, -2.94702705340206
-39.7222896163957, 2.96726672566118, -0.00449480592195675
-39.7222905485836, 2.96158625935546, -0.288974853910488
-39.7222906336214, 2.95508595077324, -0.573434107258744
-39.7222906336214, 2.94548437998178, -0.857808578269941
-39.7222906336214, 2.93404178675221, -1.14211430528091
-39.7222906336214, 2.91928498110671, -1.42626528051107
-39.7222906336214, 2.898904084841, -1.71006389273335
-39.7222906336213, 2.869078814298, -1.99300990724195
-39.7222906336214, 2.82214263581492, -2.27357282219332
-39.7222906336214, 2.73568338311809, -2.54376875056934
-39.7222906336214, 2.53779960445134, -2.74166775934153
-39.7222906336214, 2.26428421542128, -2.81659503978993
-39.7222906336214, 1.9831506131687, -2.86038305639889
-39.7222906336214, 1.70100380210892, -2.89715061039632
-39.7222906336214, 1.41830492753669, -2.92942063041279
-39.7222906336214, 1.13523166759413, -2.95822652730195
-39.7222906336214, 0.851820400700543, -2.98348714744185
-39.7222906336214, 0.56814156962912, -3.00555103708816
-39.7222906336214, 0.284244281083762, -3.02459471373613
-39.7222906336214, 6.45792848139424E-06, -3.0348086109788
-38.8947419160541, 2.98138453946894, -0.00440116419427067
-38.8947428396215, 2.97671032021204, -0.298728723784263
-38.8947429120876, 2.97039589711241, -0.593015343736278
-38.8947429120876, 2.95968105897478, -0.887184778988442
-38.8947429120876, 2.94741280741833, -1.18129308942608
-38.8947429120876, 2.93234757370825, -1.47527006620133
-38.8947429120876, 2.91227715521141, -1.76894317516554
-38.8947429120876, 2.88229632964465, -2.06174879343716
-38.8947429120876, 2.83284388271155, -2.3518299817929
-38.8947429120876, 2.73436863659894, -2.62789553426816
-38.8947429120876, 2.52180878139313, -2.82532867723928
-38.8947429120876, 2.24004143633425, -2.90812113933177
-38.8947429120876, 1.95033488654992, -2.96014518213673
-38.8947429120876, 1.6591245169439, -3.0030752038505
-38.8947429120876, 1.36710317353526, -3.04011389780008
-38.8947429120876, 1.07447998848721, -3.07205002531436
-38.8947429120876, 0.781349617203632, -3.09894630606024
-38.8947429120876, 0.487894631980099, -3.12205119056571
-38.8947429120876, 0.194222779921656, -3.14222159532519
-38.8947429120876, 0.0999910432129391, -3.14748445141798
-38.0671942157125, 2.99522459644545, -0.00430752246635657
-38.0671951259542, 2.99060138726262, -0.304981080633309
-38.0671951905538, 2.98392069902672, -0.605602324483356
-38.0671951905538, 2.97270127746877, -0.90610193731645
-38.0671951905538, 2.9601504083849, -1.20654857037303
-38.0671951905538, 2.9454094470839, -1.50689516129983
-38.0671951905538, 2.92651692549398, -1.8070048996184
-38.0671951905538, 2.89796759165425, -2.10632708701611
-38.0671951905538, 2.84938402119453, -2.40297869007835
-38.0671951905538, 2.74977787420299, -2.68541165239616
-38.0671951905538, 2.54006989946837, -2.89581956253218
-38.0671951905538, 2.25761290871622, -2.99651762694841
-38.0671951905538, 1.96355506322116, -3.05920849545615
-38.0671951905538, 1.66719381959619, -3.11009424510083
-38.0671951905538, 1.36963892610159, -3.15349140564099
-38.0671951905538, 1.07119758080729, -3.19030026292228
-38.0671951905538, 0.772023358001339, -3.22059448368604
-38.0671951905538, 0.472377221184919, -3.24582637511874
-38.0671951905538, 0.17245558875338, -3.26755926431215
-38.0671951905538, 0.128079882160338, -3.27052633416431
-37.2396465153709, 3.00879587363052, -0.00421388073822186
-37.2396474103385, 3.00328577220441, -0.309769021316032
-37.23964746902, 2.99588936732781, -0.61527445928604
-37.23964746902, 2.98476872019919, -0.92067678768179
-37.23964746902, 2.97252650106272, -1.22603601715548
-37.23964746902, 2.95851217700792, -1.53131870476848
-37.23964746902, 2.94089794777852, -1.83641126294847
-37.23964746902, 2.91433204997752, -2.14083437304843
-37.23964746902, 2.86850986953012, -2.44288254637561
-37.23964746902, 2.77282936446778, -2.73199833327963
-37.23964746902, 2.57169894931298, -2.95800383733646
-37.23964746902, 2.29286368699278, -3.08039807837501
-37.23964746902, 1.9967254560935, -3.15555640705703
-37.23964746902, 1.69701020772215, -3.2151757005956
-37.23964746902, 1.39560824570212, -3.26563155150006
-37.23964746902, 1.09301292454565, -3.30835342038358
-37.23964746902, 0.789393736504487, -3.34305918853505
-37.23964746902, 0.485056827712428, -3.37081581355738
-37.23964746902, 0.18032053872048, -3.39381460445763
-37.23964746902, 0.125090818178815, -3.39762536348685
-36.4120988150293, 3.02209413466439, -0.00412023900986298
-36.4120996943325, 3.01517375163067, -0.314586853156544
-36.4120997474863, 3.00690093357104, -0.625016134952279
-36.4120997474863, 2.99619058333922, -0.935375052937285
-36.4120997474863, 2.98450948319869, -1.24569880890904
-36.4120997474863, 2.97129914292376, -1.55596096195729
-36.4120997474863, 2.95485395830942, -1.86606559230777
-36.4120997474863, 2.93034314253995, -2.17562076992424
-36.4120997474863, 2.88769150181153, -2.48312470593685
-36.4120997474863, 2.79599962116248, -2.77883122800768
-36.4120997474863, 2.60256004872679, -3.01840041739686
-36.4120997474863, 2.32871751591224, -3.16217910471951
-36.4120997474863, 2.03124903156293, -3.25087536088592
-36.4120997474863, 1.72836752660127, -3.31931143370849
-36.4120997474863, 1.42321173730122, -3.37684594960564
-36.4120997474863, 1.11653378879997, -3.4256251263122
-36.4120997474863, 0.808510470645774, -3.46500967560978
-36.4120997474863, 0.499462631243802, -3.49536220678928
-36.4120997474863, 0.189819505902661, -3.51894394905323
-36.4120997474863, 0.120537817285228, -3.52372021991083
-35.5845511146877, 3.0351127232431, -0.00402659728127441
-35.584551977978, 3.02671189112039, -0.319470690553281
-35.5845520259525, 3.01757042007837, -0.634893221186745
-35.5845520259525, 3.00725546923872, -0.950280495785065
-35.5845520259525, 2.99619111963556, -1.26564226531789
-35.5845520259525, 2.98382021481777, -1.58095521477881
-35.5845520259525, 2.96853505332855, -1.89613819189245
-35.5845520259525, 2.94625031597655, -2.21089180614284
-35.5845520259525, 2.90689688189641, -2.52388878210547
-35.5845520259525, 2.81867623912386, -2.82597010160332
-35.5845520259525, 2.6319914578996, -3.07751233124166
-35.5845520259525, 2.36379647616656, -3.24130609014201
-35.5845520259525, 2.06574571122234, -3.34429250406071
-35.5845520259525, 1.7597460702884, -3.42119294296147
-35.5845520259525, 1.45079468177435, -3.48534534693545
-35.5845520259525, 1.13997090169285, -3.53971339147659
-35.5845520259525, 0.82748765597424, -3.58352472362343
-35.5845520259525, 0.513660018955928, -3.61635645135843
-35.5845520259525, 0.198969526890857, -3.6395915520637
-35.5845520259525, 0.116438466973935, -3.64455485622803
-34.7570034143461, 3.04783972436516, -0.0039329555524463
-34.757004261207, 3.03824021013821, -0.324312992294993
-34.7570043044187, 3.02832723611571, -0.644683393157526
-34.7570043044187, 3.01818632079437, -0.965046751244041
-34.7570043044187, 3.00766273952357, -1.28539771209449
-34.7570043044187, 2.99613680962907, -1.6057139346096
-34.7570043044187, 2.98206466113199, -1.92592690667404
-34.7570043044187, 2.96217876367976, -2.24582322649334
-34.7570043044187, 2.92599215133951, -2.56419901734352
-34.7570043044187, 2.8406511303896, -2.8723450129243
-34.7570043044187, 2.66021297222662, -3.13475184444552
-34.7570043044187, 2.39780512211773, -3.31659934952791
-34.7570043044187, 2.0999987736102, -3.43425667132969
-34.7570043044187, 1.79096469590399, -3.51906828458392
-34.7570043044187, 1.47819895058705, -3.58908142939405
-34.7570043044187, 1.16318688832959, -3.64818080773823
-34.7570043044187, 0.846238482188528, -3.69579565260576
-34.7570043044187, 0.527660959261765, -3.73084146842892
-34.7570043044187, 0.207907955123911, -3.75278987507165
-34.7570043044187, 0.112538460148019, -3.75721687348739
-33.9294557140045, 3.06025462321575, -0.00383931382336185
-33.9294565439568, 3.04979231223837, -0.328978378813993
-33.9294565828849, 3.0392493886102, -0.654114807994473
-33.9294565828849, 3.02911649417111, -0.979264321118042
-33.9294565828849, 3.01901382623678, -1.30441475371109
-33.9294565828849, 3.00824181427025, -1.62954349422567
-33.9294565828849, 2.99532792857056, -1.95459324439716
-33.9294565828849, 2.97774417216808, -2.2794180719674
-33.9294565828849, 2.94423674855148, -2.60288996096857
-33.9294565828849, 2.86134539865389, -2.91672874849365
-33.9294565828849, 2.68679652709175, -3.1890080961902
-33.9294565828849, 2.429801606289, -3.38649469382035
-33.9294565828849, 2.13293006246813, -3.51846436891224
-33.9294565828849, 1.82111134502618, -3.61083943764248
-33.9294565828849, 1.50463169281996, -3.68601481137021
-33.9294565828849, 1.18549471882303, -3.74897436994372
-33.9294565828849, 0.864178971896883, -3.79964886263843
-33.9294565828849, 0.541004441283812, -3.83653823225278
-33.9294565828849, 0.216357700393536, -3.85674528942379
-33.9294565828849, 0.108940627664417, -3.86048478260005
-33.091908013919, 3.07248173933868, -0.00374454053715259
-33.0919088262288, 3.0614918794497, -0.333375161915434
-33.0919088613512, 3.05051392312389, -0.663006117088281
-33.0919088613511, 3.04030221624441, -0.992661734815172
-33.0919088613511, 3.03045485785981, -1.32232850686583
-33.0919088613511, 3.02026229931101, -1.65198453533782
-33.0919088613511, 3.00830509634889, -1.98158073750484
-33.0919088613511, 2.99259395619028, -2.31101490669023
-33.0919088613511, 2.961014848978, -2.63920173002835
-33.0919088613511, 2.88037706689181, -2.95835072296176
-33.0919088613511, 2.7115545225089, -3.23965670642998
-33.0919088613511, 2.45929866188842, -3.45034793405326
-33.0919088613511, 2.16372829614081, -3.59553685800139
-33.0919088613511, 1.84954047359308, -3.6954176259664
-33.0919088613512, 1.52955618177072, -3.77522205040843
-33.0919088613511, 1.20644167484836, -3.84124177910791
-33.0919088613511, 0.88092559825442, -3.89418043561274
-33.0919088613511, 0.553381792994108, -3.93243615000246
-33.0919088613511, 0.224133369660817, -3.95091087956553
-33.0919088613511, 0.10570870410126, -3.95417092782469
-31.0330387628089, 3.10088826644952, -0.0035115677692518
-31.0330395295062, 3.08991186758184, -0.342092482005367
-31.0330395575167, 3.07892956140794, -0.680673156523547
-31.0330395575167, 3.06847402108463, -1.01927056105583
-31.0330395575167, 3.05834150648032, -1.35787782949574
-31.0330395575167, 3.04813844109451, -1.69648287362388
-31.0330395575167, 3.03686339675231, -2.03505363264669
-31.0330395575167, 3.0225232974495, -2.37350370696163
-31.0330395575167, 2.99193830505877, -2.71076899019681
-31.0330395575167, 2.91635243468709, -3.04049575529282
-31.0330395575167, 2.76070347192921, -3.33977442658628
-31.0330395575167, 2.51718069347986, -3.57349979630133
-31.0330395575167, 2.22391815453335, -3.74195407311844
-31.0330395575167, 1.90646180216596, -3.85953026349205
-31.0330395575167, 1.57963792800072, -3.94843869187301
-31.0330395575167, 1.24826659793805, -4.01861785348415
-31.0330395575167, 0.914012706575862, -4.07353567985377
-31.0330395575167, 0.577566560054078, -4.11257572147522
-31.0330395575167, 0.23925091801847, -4.12864734140245
-31.0330395575167, 0.0995815980097921, -4.12966065045947
-28.964169511955, 3.12618182919756, -0.00327746344182419
-28.9641702302693, 3.11602067078652, -0.34762925134663
-28.9641702536823, 3.10575008423206, -0.691977793501753
-28.9641702536822, 3.0952399602365, -1.03631909217351
-28.9641702536822, 3.08421069650343, -1.38064411924609
-28.9641702536822, 3.07238884283356, -1.72494281141498
-28.9641702536822, 3.05922735609294, -2.06919261029876
-28.9641702536822, 3.04293558152832, -2.41330346478187
-28.9641702536822, 3.0104641789476, -2.75617144626576
-28.9641702536823, 2.93652254430092, -3.09223536403077
-28.9641702536823, 2.78913796476984, -3.40243488939128
-28.9641702536822, 2.55498202811651, -3.65313531070513
-28.9641702536822, 2.26313863257152, -3.83508168134035
-28.9641702536822, 1.94454055640137, -3.96532293346026
-28.9641702536823, 1.61292158868168, -4.0582804657481
-28.9641702536823, 1.27565004234318, -4.12825143464226
-28.9641702536823, 0.935323219463861, -4.18156255326773
-28.9641702536823, 0.592892793985614, -4.21877774474839
-28.9641702536823, 0.248778363123092, -4.2340303269622
-28.9641702536823, 0.0958057715081013, -4.23562049288532
-26.895300261101, 3.14625437956665, -0.00304335911010916
-26.8953009274011, 3.13806856342, -0.345558642696177
-26.8953009498478, 3.12957007538026, -0.688066173915294
-26.8953009498478, 3.11943397856939, -1.03052885129113
-26.8953009498478, 3.10732287432938, -1.37292730280558
-26.8953009498478, 3.09325861634927, -1.7152512385116
-26.8953009498478, 3.07743262433454, -2.05749812162384
-26.8953009498478, 3.05865525339565, -2.39959253213054
-26.8953009498478, 3.02590569019754, -2.74056104692301
-26.8953009498478, 2.95713733723304, -3.0759077072205
-26.8953009498478, 2.82473835881191, -3.39103078794327
-26.8953009498478, 2.61527280909339, -3.66048921724225
-26.8953009498478, 2.3379778887186, -3.86027878085508
-26.8953009498478, 2.02700113065403, -4.00314152651195
-26.8953009498478, 1.69880629260268, -4.10092525481899
-26.8953009498478, 1.36370140458132, -4.17197790865913
-26.8953009498478, 1.02520102381681, -4.22471425322154
-26.8953009498478, 0.684713570155371, -4.26248176489866
-26.8953009498478, 0.342631142999399, -4.28073110322587
-26.8953009498478, 5.65070780671077E-05, -4.28509262842455
-24.826431010247, 3.16229068042359, -0.00280925477507955
-24.8264316259828, 3.15668567019959, -0.346971167622638
-24.8264316460134, 3.15049221988453, -0.691122333113686
-24.8264316460134, 3.14027581054852, -1.03517518277334
-24.8264316460134, 3.12556363357554, -1.37906662962221
-24.8264316460134, 3.10878932562141, -1.72286513372912
-24.8264316460134, 3.09072996460225, -2.06659794600834
-24.8264316460134, 3.06847216868461, -2.41007825020514
-24.8264316460134, 3.03100084850448, -2.7521653104603
-24.8264316460134, 2.95922850768232, -3.08854980938142
-24.8264316460134, 2.82794945244484, -3.40593356473162
-24.8264316460134, 2.62192987973875, -3.68034671143825
-24.8264316460134, 2.34957155087418, -3.88925998239471
-24.8264316460134, 2.03790810093092, -4.03416543627842
-24.8264316460134, 1.70792424177265, -4.13154129719068
-24.8264316460134, 1.37105075914819, -4.20190359278269
-24.8264316460134, 1.03059007488977, -4.25230184590769
-24.8264316460134, 0.688093861195589, -4.28619756137974
-24.8264316460134, 0.344256123031336, -4.30129989448207
-24.8264316460134, 6.45793025279066E-05, -4.30389110671245
-22.7575623422313, 3.18100672294899, -0.00515030114830391
-22.7575623421805, 3.17214742343133, -0.349467749132649
-22.7575623421789, 3.16263816783785, -0.693767133945099
-22.7575623421789, 3.1495831415185, -1.03794882371109
-22.7575623421789, 3.13280325137837, -1.38197027626236
-22.7575623421789, 3.11445380214186, -1.7259124982375
-22.7575623421789, 3.09487180001569, -2.06978605422487
-22.7575623421789, 3.07073559695672, -2.41336294650605
-22.7575623421789, 3.03117308659019, -2.755441455636
-22.7575623421789, 2.9581398448315, -3.09179864166266
-22.7575623421789, 2.82727119159252, -3.4096117391474
-22.7575623421789, 2.62174468838126, -3.68476672555245
-22.7575623421789, 2.35134577187305, -3.89653933505693
-22.7575623421789, 2.03959811147487, -4.04167521901476
-22.7575623421789, 1.70933182984988, -4.13891289724151
-22.7575623421789, 1.37224482019322, -4.2093365777475
-22.7575623421789, 1.03147024746138, -4.25911403409919
-22.7575623421789, 0.68861833317488, -4.29164541227169
-22.7575623421789, 0.344495424109426, -4.30527903752211
-22.7575623421789, 7.26515085312651E-05, -4.30727932177222
-20.688692508539, 3.17931691600202, -0.00234104609266423
-20.688693020868, 3.1728762098772, -0.343778169395923
-20.6886930383445, 3.15910379730978, -0.684929184789427
-20.6886930383445, 3.13782242392343, -1.02576304353353
-20.6886930383445, 3.11500059547691, -1.36649715356553
-20.6886930383445, 3.09053514602499, -1.70711720681848
-20.6886930383445, 3.06386940356169, -2.04757120442943
-20.6886930383445, 3.03217517914045, -2.38758716285479
-20.6886930383445, 2.98561498198717, -2.72582928233971
-20.6886930383445, 2.90865694106813, -3.05836153412822
-20.6886930383445, 2.78253156251354, -3.37511004680794
-20.6886930383445, 2.58684893631772, -3.65380431016403
-20.6886930383445, 2.32418196302627, -3.87042564202154
-20.6886930383445, 2.01775723224289, -4.0199432812321
-20.6886930383445, 1.69229414275711, -4.12285218661177
-20.6886930383445, 1.35931252043854, -4.1983164993662
-20.6886930383445, 1.02218107010743, -4.25248076633954
-20.6886930383445, 0.682662160684503, -4.28875125123948
-20.6886930383445, 0.341564149569838, -4.30429931531982
-20.6886930383445, 8.07237098338408E-05, -4.30674314794168
-18.6198232576966, 3.16932902656049, -0.00210694173626636
-18.6198237167684, 3.16501168893866, -0.336829171547034
-18.61982373451, 3.14449860102115, -0.670559652638181
-18.61982373451, 3.10822255419235, -1.00333834341937
-18.61982373451, 3.07137421741852, -1.33605398143258
-18.61982373451, 3.03267423323109, -1.66855852386827
-18.61982373451, 2.99038080558918, -2.00062375345187
-18.61982373451, 2.94261757076069, -2.33194209171423
-18.61982373451, 2.88244143826922, -2.66119334841836
-18.61982373451, 2.79794726855566, -2.98499454225603
-18.61982373451, 2.67785080940422, -3.29712610244617
-18.61982373451, 2.50074666583692, -3.58031156923703
-18.61982373451, 2.25817371410208, -3.80954332797825
-18.61982373451, 1.96654266951041, -3.97264882659492
-18.61982373451, 1.65270126633736, -4.08858952323346
-18.61982373451, 1.32942610749704, -4.17515016579755
-18.61982373451, 1.00073640001256, -4.23826243369459
-18.61982373451, 0.668871131205074, -4.2816807342285
-18.61982373451, 0.334799155164338, -4.30199542034481
-18.61982373451, 8.87959111364165E-05, -4.30620697411115
-16.550954006831, 3.13986961828892, -0.00187283736387364
-16.5509544120239, 3.13187750760541, -0.326844611091825
-16.5509544306756, 3.10241902278143, -0.649726415495357
-16.5509544306756, 3.04743729282248, -0.970112931864035
-16.5509544306756, 2.99151490982814, -1.29033634435167
-16.5509544306756, 2.9336038528914, -1.6102054264548
-16.5509544306756, 2.87225760412026, -1.92943210198828
-16.5509544306756, 2.80567970806003, -2.24760520872705
-16.5509544306756, 2.7296032710856, -2.56362393230548
-16.5509544306756, 2.63681581661465, -2.87511355042762
-16.5509544306756, 2.52024677563901, -3.17841726673516
-16.5509544306756, 2.36233931449721, -3.46206150485669
-16.5509544306756, 2.1502253435329, -3.70748904957312
-16.5509544306756, 1.88688214713228, -3.89682049335433
-16.5509544306756, 1.59312744938629, -4.03540046841414
-16.5509544306756, 1.28523629107527, -4.1393030309611
-16.5509544306756, 0.969435789183286, -4.21598108997136
-16.5509544306756, 0.648700168176218, -4.26849421963103
-16.5509544306756, 0.32502126567925, -4.29773612053558
-16.5509544306756, 9.68681124392143E-05, -4.30567080028062
-14.4820847559771, 3.07786548347757, -0.00163873296475828
-14.4820851070497, 3.06362221929528, -0.314737988969801
-14.4820851268411, 3.02506970068633, -0.624332116070542
-14.4820851268411, 2.94934324006551, -0.928469290514402
-14.4820851268411, 2.87214352228725, -1.23223557496254
-14.4820851268411, 2.79295661402913, -1.53548952939272
-14.4820851268411, 2.71123075713611, -1.83806870533954
-14.4820851268411, 2.62599192236464, -2.13967563762858
-14.4820851268411, 2.53515172989424, -2.43963743689706
-14.4820851268411, 2.43465826576837, -2.73649091261598
-14.4820851268411, 2.31989336373183, -3.02809484101013
-14.4820851268411, 2.17950685727732, -3.30809547665404
-14.4820851268411, 1.99907122088901, -3.56392533361106
-14.4820851268411, 1.77480407968619, -3.78201001172531
-14.4820851268411, 1.51158509479364, -3.95151814542177
-14.4820851268411, 1.22686622484064, -4.08208080679777
-14.4820851268411, 0.929526734195373, -4.1807219309576
-14.4820851268411, 0.62339253299244, -4.24737960426147
-14.4820851268411, 0.312968040478246, -4.29016669346361
-14.4820851268411, 0.000104940313741346, -4.30513462645008
-12.4032155053792, 2.97308811668764, -0.00140349697354747
-12.4032158022387, 2.95149431926551, -0.301168135093511
-12.4032158230067, 2.90549955257786, -0.596088593742848
-12.4032158230067, 2.8095438316661, -0.880900043306618
-12.4032158230067, 2.71230742119945, -1.16527662760656
-12.4032158230067, 2.61351091651498, -1.44911483837987
-12.4032158230067, 2.51284184890633, -1.73229405926079
-12.4032158230067, 2.41020297614713, -2.01476541176267
-12.4032158230067, 2.30567331706033, -2.29654251283514
-12.4032158230067, 2.19797512616535, -2.57712067902174
-12.4032158230067, 2.08346373222131, -2.8549778833963
-12.4032158230067, 1.95623934854213, -3.12720202387198
-12.4032158230067, 1.80398104540803, -3.3861113237679
-12.4032158230067, 1.62037822974788, -3.62375704390923
-12.4032158230067, 1.39901444012874, -3.82640093587444
-12.4032158230067, 1.14879752579373, -3.9924434120077
-12.4032158230067, 0.878846562650902, -4.12408407923357
-12.4032158230067, 0.593055823487123, -4.21620751011786
-12.4032158230067, 0.298718378817934, -4.27664538155889
-12.4032158230067, 0.000113051532498476, -4.30459586099218
-11.5856678047835, 2.91726998334015, -0.001310986745402
-11.5856680803969, 2.89198825314338, -0.295379190211725
-11.5856681014729, 2.84345110070058, -0.58428989502668
-11.5856681014729, 2.74030888527953, -0.860834529870184
-11.5856681014729, 2.63615948791337, -1.13700131405277
-11.5856681014729, 2.53073805622621, -1.41268491303324
-11.5856681014729, 2.42369882857254, -1.68774412937754
-11.5856681014729, 2.31501738712848, -1.96215891804715
-11.5856681014729, 2.20529817474889, -2.23616068592533
-11.5856681014729, 2.09440464314515, -2.50968836713489
-11.5856681014729, 1.97946628885874, -2.78153565646385
-11.5856681014729, 1.85568072208111, -3.04944578510538
-11.5856681014729, 1.71273765652435, -3.30753919154768
-11.5856681014729, 1.54356569210534, -3.54922015296729
-11.5856681014729, 1.34202037745554, -3.76432092385423
-11.5856681014729, 1.10934181343839, -3.94551026333078
-11.5856681014729, 0.853794796609069, -4.09274599083491
-11.5856681014729, 0.579046239667504, -4.19963931211743
-11.5856681014729, 0.292327991548237, -4.26929502358776
-11.5856681014729, 0.000116241395565707, -4.30438398308733
-10.7581201044399, 2.85061352873067, -0.00121734495138477
-10.7581203586272, 2.82116086050515, -0.289247097984386
-10.7581203799391, 2.77034102536173, -0.572022013460371
-10.7581203799391, 2.66056402393354, -0.839935500845187
-10.7581203799391, 2.55004846702384, -1.1075451117058
-10.7581203799391, 2.43852103565064, -1.3747345013622
-10.7581203799391, 2.32562449121163, -1.64134800248491
-10.7581203799391, 2.21127902127762, -1.9073436270865
-10.7581203799391, 2.09638527213837, -2.17310308242512
-10.7581203799391, 1.98185474869662, -2.43901926544985
-10.7581203799391, 1.86591069466474, -2.70432040798106
-10.7581203799391, 1.74466835142943, -2.96723159419767
-10.7581203799391, 1.61011329378951, -3.2235226215929
-10.7581203799391, 1.45492808633522, -3.46784966287708
-10.7581203799391, 1.27422552631156, -3.69374114107059
-10.7581203799391, 1.06226134176243, -3.89060640576236
-10.7581203799391, 0.823971429340608, -4.05462113163902
-10.7581203799391, 0.562912999830127, -4.17892948754617
-10.7581203799391, 0.285299728165991, -4.26055212129536
-10.7581203799391, 0.000119470276086604, -4.30416951355512
-9.93057240409832, 2.77260966713211, -0.00112370314804966
-9.93057263700733, 2.7390061882126, -0.282958820901025
-9.93057265840534, 2.68649980324942, -0.559696626490339
-9.93057265840534, 2.57082266027591, -0.81888591960221
-9.93057265840534, 2.45452646738257, -1.07779798775004
-9.93057265840534, 2.3373464140762, -1.33631114315577
-9.93057265840534, 2.21896940031707, -1.59427813299839
-9.93057265840534, 2.09928402544118, -1.85164106452798
-9.93057265840535, 1.97935864526163, -2.10889234708179
-9.93057265840535, 1.86065528211571, -2.36670916730409
-9.93057265840534, 1.74280550150981, -2.62491786414767
-9.93057265840535, 1.62293816137863, -2.88219308745065
-9.93057265840534, 1.49577712685819, -3.13591820923913
-9.93057265840534, 1.35458590900699, -3.38208938686335
-9.93057265840534, 1.19481997440477, -3.61652402537328
-9.93057265840534, 1.00652215408583, -3.82859586589865
-9.93057265840534, 0.788687499243535, -4.01010860737178
-9.93057265840534, 0.544028120352342, -4.15319616004525
-9.93057265840534, 0.2775818853011, -4.25016749616095
-9.93057265840534, 0.000122699156607279, -4.30395504402291
-9.10302470375673, 2.68198139483518, -0.00103006133434755
-9.10302491563461, 2.6447304439317, -0.276714801244064
-9.10302493687156, 2.59145257224993, -0.547717462580892
-9.10302493687156, 2.47073450222861, -0.798350458007349
-9.10302493687156, 2.34925523810392, -1.04861533754834
-9.10302493687156, 2.22682491656389, -1.2984162683964
-9.10302493687156, 2.10322451014967, -1.54764016464144
-9.10302493687156, 1.97848687155662, -1.7962970949894
-9.10302493687156, 1.85376409620548, -2.04496147239412
-9.10302493687156, 1.73060407418949, -2.29440230706204
-9.10302493687156, 1.60976545627866, -2.54497654493775
-9.10302493687156, 1.48977021013787, -2.79595650371065
-9.10302493687156, 1.36859330544206, -3.04636633453015
-9.10302493687156, 1.24198300897585, -3.29406111114168
-9.10302493687156, 1.10342992441693, -3.53522413773639
-9.10302493687156, 0.940913550144615, -3.76078020020337
-9.10302493687156, 0.747005761315134, -3.95982099321942
-9.10302493687156, 0.521527484955183, -4.12203722563536
-9.10302493687156, 0.268875400048589, -4.23748247736883
-9.10302493687156, 0.00012592803712862, -4.30374057449069
-8.27547700341516, 2.57729052389803, -0.000936419509097435
-8.27547719460887, 2.5374019372534, -0.270765368846546
-8.27547721533778, 2.48457765970269, -0.536543204993723
-8.27547721533778, 2.35990055598027, -0.779142149734221
-8.27547721533778, 2.23391391908261, -1.02106347431529
-8.27547721533779, 2.10651692075588, -1.26224510474006
-8.27547721533779, 1.97786138023792, -1.5027578947454
-8.27547721533778, 1.84838139778261, -1.74282808346831
-8.27547721533778, 1.71924214195982, -1.98308152134951
-8.27547721533778, 1.5918312275861, -2.22425489163202
-8.27547721533778, 1.46753736847564, -2.46704822859591
-8.27547721533778, 1.34603867109267, -2.71125319592143
-8.27547721533779, 1.22880412894029, -2.95752796723286
-8.27547721533778, 1.11686547927889, -3.20626018220883
-8.27547721533779, 1.00021369765953, -3.45279355309371
-8.27547721533779, 0.864822617416872, -3.68942607217487
-8.27547721533778, 0.697994767158518, -3.9048266758949
-8.27547721533778, 0.494713017320799, -4.08597330568991
-8.27547721533779, 0.258611409468612, -4.22161744694821
-8.27547721533779, 0.000129156917649739, -4.30352610495848
-7.4479293030736, 2.4581051435476, -0.000842777671944637
-7.44792947395848, 2.41658987440823, -0.265326412309192
-7.44792949380401, 2.36494702804021, -0.526466541758929
-7.44792949380401, 2.23694879437883, -0.761607236759174
-7.44792949380401, 2.10688521086685, -0.995611703131989
-7.44792949380401, 1.97487979540398, -1.22852661151895
-7.44792949380401, 1.84150100602655, -1.46065820666841
-7.44792949380401, 1.70757958653414, -1.6924774925539
-7.44792949380401, 1.57439829918215, -1.92472225689945
-7.44792949380401, 1.44331305874659, -2.15815518118792
-7.44792949380401, 1.31573329588486, -2.39351999290279
-7.44792949380401, 1.19231596658099, -2.63109373579846
-7.44792949380401, 1.07715318911306, -2.87274239884176
-7.44792949380401, 0.979115729328241, -3.12181584146211
-7.44792949380401, 0.885379344494664, -3.37258601446093
-7.44792949380401, 0.778313872786973, -3.61787159817227
-7.44792949380401, 0.641168162923133, -3.84745222703226
-7.44792949380401, 0.463425760237141, -4.04693663563953
-7.44792949380401, 0.246237915860714, -4.20263490678905
-7.44792949380401, 0.000132385798170858, -4.30331163542627
-6.62038160273204, 2.32540246894575, -0.000749135823691611
-6.62038175365168, 2.28225501447233, -0.260537143985588
-6.62038177227023, 2.2312305527216, -0.517659629334747
-6.62038177227023, 2.0997737446682, -0.745847758839837
-6.62038177227023, 1.96566316630966, -0.972486616394374
-6.62038177227023, 1.82929783337649, -1.19777661511757
-6.62038177227023, 1.69138297763539, -1.42212213917709
-6.62038177227023, 1.5531252624696, -1.64625674788569
-6.62038177227023, 1.41590511992144, -1.87102735712554
-6.62038177227023, 1.28120583984462, -2.09731552672201
-6.62038177227023, 1.15089838848525, -2.32615663749552
-6.62038177227023, 1.0265776864734, -2.55830238782507
-6.62038177227023, 0.913383751255015, -2.79600448354463
-6.62038177227023, 0.828993918963964, -3.04526512985948
-6.62038177227023, 0.759768865517941, -3.2993498212335
-6.62038177227023, 0.682831968812122, -3.5511557794348
-6.62038177227023, 0.57781441366368, -3.79233621881602
-6.62038177227023, 0.428642801717533, -4.00867711865957
-6.62038177227023, 0.232618578312136, -4.18367046903956
-6.62038177227023, 0.000135614678691755, -4.30309716589405
-5.79283390239049, 2.18004045484118, -0.000655493965042876
-5.79283405073645, 2.13399558382897, -0.256628975609922
-5.79283405073645, 2.08135834534687, -0.510464818199928
-5.79283405073645, 1.94538710325705, -0.732170702772282
-5.79283405073645, 1.80643052102101, -0.952018550135131
-5.79283405073645, 1.6651933522257, -1.17040932355705
-5.79283405073645, 1.52262574159191, -1.38793466562978
-5.79283405073645, 1.3797248787359, -1.60524136491017
-5.79283405073645, 1.23782024261621, -1.82319905917678
-5.79283405073645, 1.098601634141, -2.04287926142621
-5.79283405073645, 0.964861974923302, -2.26592764590829
-5.79283405073645, 0.840436536257777, -2.49428530035321
-5.79283405073645, 0.73311792067643, -2.73105164545212
-5.79283405073645, 0.668801031060952, -2.98259661464026
-5.79283405073645, 0.630110657355418, -3.23977769969731
-5.79283405073645, 0.586480888286983, -3.49613567127993
-5.79283405073645, 0.513917709600664, -3.74554257790981
-5.79283405073645, 0.393379760727881, -3.97538909261457
-5.79283405073645, 0.219893336072962, -4.16819489469195
-5.79283405073645, 0.000138843559212874, -4.30288269636184
-4.96528620204895, 2.02202810807342, -0.000561852096005802
-4.96528631395167, 1.96969996167998, -0.253766389452186
-4.96528632920267, 1.91103745084421, -0.505113385315728
-4.96528632920267, 1.76857076540246, -0.72087728604231
-4.96528632920267, 1.62352698009468, -0.934918362903451
-4.96528632920267, 1.47670239077514, -1.14774260061932
-4.96528632920267, 1.32888823512494, -1.35988117373314
-4.96528632920267, 1.18087981061583, -1.57188450164796
-4.96528632920267, 1.0336682517721, -1.78444127050712
-4.96528632920267, 0.888774916237093, -1.99858233341335
-4.96528632920267, 0.749099301970649, -2.2161507587115
-4.96528632920267, 0.621110425286502, -2.44072969767043
-4.96528632920267, 0.528096824013671, -2.68136854828441
-4.96528632920267, 0.509968839196071, -2.93847745242686
-4.96528632920267, 0.516343110151644, -3.19694968277001
-4.96528632920267, 0.507295439068317, -3.45525324466121
-4.96528632920267, 0.460431604189333, -3.70908632765232
-4.96528632920267, 0.362481375839741, -3.94783327379074
-4.96528632920267, 0.208726156387911, -4.15469874555489
-4.96528632920267, 0.000142072439733771, -4.30266822682962
-4.18167694454967, 1.8561697512958, -0.000946364235795693
-4.20280387022825, 1.7985144656362, -0.252508387207667
-4.22593494799394, 1.73538985789703, -0.502397201445627
-4.27630730517089, 1.59792392051609, -0.71598869463503
-4.32704655940489, 1.45945672270785, -0.928845704610313
-4.37795093140749, 1.32053891924783, -1.14136957149006
-4.42887047114776, 1.18157972309954, -1.35386275539779
-4.4796515577745, 1.04299836487867, -1.56663552759827
-4.53004396266613, 0.905477717374066, -1.78018673064002
-4.5795471074948, 0.770383856602908, -1.99548494689575
-4.62706380743702, 0.640710995039942, -2.2145157881356
-4.66987544772066, 0.523878220235837, -2.44150178557257
-4.69667176253615, 0.450751196985219, -2.6873564473211
-4.69230826278492, 0.462659168285001, -2.94540349534386
-4.68394704923283, 0.485476882662391, -3.20315795606614
-4.68421727348595, 0.484739441884546, -3.46193599117865
-4.70025953684119, 0.440960176957688, -3.71612591350629
-4.73468724080699, 0.347007126857056, -3.95438296510717
-4.78885629889046, 0.199180009687837, -4.15889551335792
-4.86184286428891, 7.12380248984374E-05, -4.30264141813824
-3.59348591306239, 1.71710352361594, -0.000813249668235824
-3.63679106688289, 1.6549273053303, -0.253916391048165
-3.68402581296754, 1.58710909839354, -0.504572659147954
-3.77456052241703, 1.45712212546899, -0.716024251560292
-3.86519211760028, 1.32699604696459, -0.9273487680178
-3.95575533134871, 1.1969681484375, -1.13876299299157
-4.046084668484, 1.06727604281419, -1.35048318752131
-4.1360126701317, 0.938160162436168, -1.56272574237877
-4.22516751802539, 0.810154352623342, -1.7759635405471
-4.3126836908312, 0.68450130249324, -1.99126606048787
-4.39654154283856, 0.564100757722355, -2.2109602837653
-4.47157679602942, 0.456367431087558, -2.44009158446423
-4.51262760889479, 0.397427926748173, -2.69226440059575
-4.48901341358528, 0.431332467724757, -2.95274228407677
-4.46564335345554, 0.464886486860633, -3.21360013048981
-4.46365698574627, 0.467738452998415, -3.4774460449843
-4.49525570088066, 0.422369982125746, -3.73509985622724
-4.56079652451528, 0.328268467700487, -3.97237833362193
-4.66063728350179, 0.184920152849076, -4.16936786432916
-4.78943243865525, 7.13792884212317E-05, -4.30262265205418
-3.12243540815823, 1.59458660458431, -0.000706645365091727
-3.18789466673532, 1.52912734600722, -0.256134640077714
-3.25939025553902, 1.45763175720352, -0.507823353290127
-3.38167732069377, 1.33534469204877, -0.717366371771767
-3.50371975991627, 1.21330225282627, -0.927194343042706
-3.62538317449895, 1.09163883824359, -1.13746200641217
-3.74653228203417, 0.970489730708369, -1.348322653018
-3.8670285010957, 0.849993511646836, -1.55993005157701
-3.98645091766021, 0.730571095082331, -1.77275030986298
-4.10368456617864, 0.613337446563899, -1.98798649751685
-4.21596014294221, 0.501061869800327, -2.20841947821296
-4.31612230644207, 0.400899706300467, -2.44007824793628
-4.36239276283695, 0.35462924990559, -2.69968537397259
-4.31001407178457, 0.407007940957965, -2.96075081383266
-4.26860300452951, 0.448419008213031, -3.22569140109324
-4.26473551229392, 0.452286500448617, -3.49667860807585
-4.31334130302534, 0.403680709717196, -3.75862452249689
-4.40853093746827, 0.308491075274269, -3.99364431453429
-4.54694483054357, 0.17007718219897, -4.18071011045644
-4.71702201302159, 7.1520551944026E-05, -4.30260388597011
-2.67875651994166, 1.46825590626439, -0.000606235564734838
-2.76996235872827, 1.40013617876217, -0.258409874743805
-2.86918791463665, 1.32602669279441, -0.510917349828176
-3.02134836542288, 1.2123812444101, -0.719142302857738
-3.17291556223032, 1.09917888497614, -0.928040257530172
-3.32383974936066, 0.986456775979748, -1.13766213754416
-3.4740240355019, 0.874287283509084, -1.34811011369684
-3.62330662058141, 0.762791252643837, -1.5595549478873
-3.77124179902765, 0.652301571524559, -1.7724686733949
-3.91651376033712, 0.543800991410759, -1.98821492189193
-4.05555613055415, 0.439953162187828, -2.21022728318672
-4.17916277330102, 0.347633953972661, -2.4458350331207
-4.21943714805341, 0.317553868421632, -2.71435725465553
-4.12783680771953, 0.385968240852902, -2.97178943640113
-4.06471409069819, 0.433113273889148, -3.24167542676552
-4.0616075726904, 0.435433467014791, -3.52222360188116
-4.13252940089944, 0.382463441456863, -3.78864605223089
-4.26142188192603, 0.286196351526823, -4.01875771350682
-4.43805277114661, 0.154274446062742, -4.19289417470125
-4.64461158738794, 7.16618154668202E-05, -4.30258511988604
-2.23608435395414, 1.32851049932943, -0.000506053575068884
-2.35863191569364, 1.25881975359528, -0.260327532014018
-2.49042558285992, 1.18387090257383, -0.513396211316697
-2.67289017162575, 1.08010634715822, -0.721546456637134
-2.85447664316636, 0.976841162300455, -0.930710565138778
-3.03518072649898, 0.874077776836891, -1.14088352240263
-3.21493706852242, 0.77185335598154, -1.35212920199407
-3.39360299901423, 0.670249033900225, -1.56459531895383
-3.5707204070025, 0.569525330629487, -1.77876919943183
-3.7447503114483, 0.470557438908784, -1.99625880809838
-3.91090017659678, 0.376070793548678, -2.2217055639416
-4.05741126495217, 0.292752391608432, -2.46421827898456
-4.06701366183225, 0.287291669339385, -2.74066462964802
-3.92647040139709, 0.367216267500349, -2.98802326392898
-3.83801179906354, 0.417521192998007, -3.26426650512819
-3.84262795334249, 0.414896063378473, -3.55750185779371
-3.94457657290169, 0.35691959103747, -3.82742697389864
-4.11403326198558, 0.260552410293398, -4.04801941663227
-4.33054506900897, 0.137425772133245, -4.20579145586481
-4.57220116175428, 7.18030789896145E-05, -4.30256635380197
-1.78345925245936, 1.16726474892322, -0.000403619087264689
-1.94451479263413, 1.09805579713843, -0.261756652725207
-2.1148522795039, 1.02485819770707, -0.515413659212344
-2.32976533038807, 0.93250554122333, -0.725943159370765
-2.54362115025076, 0.840607199137655, -0.937744321117293
-2.75644987222919, 0.749150222607448, -1.15076759204757
-2.96821980196032, 0.658148231366874, -1.36503713944916
-3.17882213452426, 0.567647981177618, -1.58066555478476
-3.38769884384189, 0.477889267578305, -1.79827119903944
-3.59281673955181, 0.389745795214792, -2.02006132364933
-3.78763262034005, 0.306029315261639, -2.2525070942419
-3.95490591043073, 0.234148465610601, -2.50848775677553
-3.88100530035172, 0.265905111512228, -2.78139222787362
-3.68525592710253, 0.350022732802405, -3.01240570577317
-3.57002113289641, 0.399541546669266, -3.29841925106146
-3.59765392254615, 0.387667155980982, -3.60783552740659
-3.74366513456848, 0.324923068308328, -3.87761239734512
-3.96248858065028, 0.23089003279261, -4.08144056357901
-4.2217922533886, 0.119461792791112, -4.21931172467457
-4.49979073612063, 7.19443425124087E-05, -4.30254758771791
-1.31901270923662, 0.976467989287894, -0.000298509223834045
-1.52713774248769, 0.911087230372576, -0.26346423643919
-1.74349606972317, 0.843120050205256, -0.518721947525341
-1.99522440088422, 0.764041675659402, -0.736047552648435
-2.24590306342096, 0.685293045835725, -0.954702263903243
-2.49558577636074, 0.606857285345801, -1.17460544364438
-2.74425566094287, 0.528739696512788, -1.39576585105464
-2.99183718806658, 0.450964006179397, -1.61826366938186
-3.23745320252884, 0.373805765402441, -1.84313855777461
-3.47800122536188, 0.298239592305756, -2.07392888626765
-3.70287842472845, 0.227596278872136, -2.32130789941011
-3.86136788785859, 0.177808124042007, -2.61160776585479
-3.62024421417969, 0.253555133093813, -2.83339767994736
-3.36853623366489, 0.332627114652357, -3.04864911460727
-3.23633853601409, 0.374155928674649, -3.35474925883382
-3.31499271620528, 0.349447368092421, -3.6815173347628
-3.52402997051415, 0.283780042471856, -3.94133761855548
-3.80171806195599, 0.196546623807068, -4.11880025023804
-4.10852517483913, 0.100165705242989, -4.23353729484316
-4.42738031048688, 7.20856060352034E-05, -4.30252882163383
-0.850259812409816, 0.748639683951519, -0.000192424722643297
-1.11611863268535, 0.691849690174932, -0.26796986657699
-1.38883903750138, 0.633593996133266, -0.528053100783715
-1.68561089231605, 0.570200681702231, -0.759399215310306
-1.9815902539624, 0.506976651412494, -0.991804489424013
-2.27677649043293, 0.443922040266919, -1.22526214064295
-2.57116893230544, 0.381036991260507, -1.45976551994483
-2.8646880210493, 0.318338498858421, -1.69541026846063
-3.15535539133912, 0.256249160868027, -1.93471346090882
-3.43614589829375, 0.196269615611822, -2.18591947370049
-3.68754255421337, 0.142568878843587, -2.46739670784889
-3.56085423168114, 0.169630719563091, -2.73390684268178
-3.21893538333512, 0.242667864802596, -2.88661767697619
-2.91318186560481, 0.307979748572628, -3.10121950944853
-2.81285097572163, 0.329411388892703, -3.45385408545214
-2.98200959335729, 0.293277485820282, -3.78867345551215
-3.27771271348567, 0.230112463368126, -4.01801783810824
-3.62351463678982, 0.156245856076251, -4.15997872046616
-3.98621716762618, 0.0787691169272723, -4.24889577998121
-4.35496988513513, 0.000144453739115994, -4.30251005554976
-0.4027670263086, 0.478035226244191, -9.11515567427611E-05
-0.739928609191724, 0.436493026151496, -0.277414901470606
-1.08188812443658, 0.394359665391866, -0.548539540177491
-1.43570382403782, 0.350765485820505, -0.803935697549608
-1.78918508636558, 0.307212512782861, -1.05980159111287
-2.14230643838096, 0.263703884851455, -1.31617145630717
-2.49507276084687, 0.22023900065994, -1.57303702990957
-2.84654115000974, 0.176934036838121, -1.83169774996076
-3.19104151960969, 0.134487613483626, -2.09963480381924
-3.50667210344529, 0.095598281084159, -2.40104629916981
-3.44289591010643, 0.103456244503888, -2.68830547852189
-3.02283873779472, 0.155212138379239, -2.8023412113779
-2.60495289351095, 0.206700499570018, -2.92356646111676
-2.26910499655773, 0.248080838387497, -3.18494282527734
-2.30593242641894, 0.243543273795732, -3.60792603115849
-2.59864247621196, 0.207478015845334, -3.92559219519884
-2.99485656729785, 0.158659864884343, -4.10390179115305
-3.41802562853216, 0.106520550361884, -4.20520926298997
-3.84894821374326, 0.0534259121584077, -4.26631502870628
-4.28255945921967, 7.23681330819037E-05, -4.30249314687079
-0.0618073749639689, 0.165080922825915, -1.39879847713473E-05
-0.46563039402979, 0.149011012935123, -0.284885628657357
-0.870496246250423, 0.132899604085534, -0.568264187571742
-1.27735938653502, 0.116708714280927, -0.848769841969441
-1.68423732427057, 0.100517235620082, -1.12925399989043
-2.09111705850768, 0.0843256854684688, -1.40973554578531
-2.49798635132352, 0.0681345508273414, -1.69023195072382
-2.90109435070932, 0.0520930947425114, -1.97608918390268
-3.28069912487104, 0.0369869362847656, -2.29184843105151
-3.39351096039158, 0.0324976527475764, -2.63525354553283
-2.90775516853278, 0.0518280312439779, -2.72384345068846
-2.41731923195495, 0.0713446534668626, -2.78356125736589
-1.93798570989728, 0.0904194613490943, -2.89679558039876
-1.70437651710548, 0.0997158077696366, -3.29010704911576
-1.87653005519943, 0.0928650545586117, -3.74692123461468
-2.2622027202502, 0.0775174277961616, -4.04729443246485
-2.73382069276759, 0.0587496558678415, -4.19066898320674
-3.22332249232714, 0.0392702071020564, -4.25603210565892
-3.71634110837922, 0.0196508086023124, -4.28759301312942
-4.21014903358601, 7.25093966061224E-05, -4.30247675956558
