-42.8557781203614, 4.1140851307758, -0.0104683747394986
-42.8557781203614, 4.09833455541931, -0.347863417117802
-42.8557781203614, 4.08237298127561, -0.685248410971115
-42.8557781203614, 4.06391108634542, -1.0225040755313
-42.8557781203614, 4.04010621624336, -1.35942047472288
-42.8557781203614, 4.00675838870244, -1.69551352239366
-42.8557781203614, 3.95549552380085, -2.0292818542426
-42.8557781203614, 3.86756794016771, -2.35505581520999
-42.8557781203614, 3.68075823077524, -2.63008139622753
-42.8557781203614, 3.36708280246253, -2.74489890414779
-42.8557781203614, 3.03168216487026, -2.78442833313873
-42.8557781203614, 2.69541786772202, -2.81619542800725
-42.8557781203614, 2.35899809452835, -2.84627999299768
-42.8557781203614, 2.02245848390161, -2.87499260565574
-42.8557781203614, 1.68581351422575, -2.90244354282612
-42.8557781203614, 1.3490690685688, -2.92864402608611
-42.8557781203614, 1.0121902690131, -2.95305378903107
-42.8557781203614, 0.675105979940914, -2.97440506021581
-42.8557781203614, 0.337692762147162, -2.98961165744622
-42.8557781203614, 1.76645283105654E-06, -2.99469288995478
-42.0196723941512, 4.13419989866476, -0.0102641420936747
-42.0196723941512, 4.12175797259844, -0.351889918577013
-42.0196723941512, 4.10833766189356, -0.693477154046715
-42.0196723941512, 4.09162455409692, -1.03491869722194
-42.0196723941512, 4.06926954268183, -1.37603204252997
-42.0196723941512, 4.03634824044346, -1.71627289118513
-42.0196723941512, 3.98518255485953, -2.05419931417855
-42.0196723941512, 3.89966609168745, -2.38488875989684
-42.0196723941513, 3.71988377960483, -2.67000267795556
-42.0196723941513, 3.40820734834342, -2.80075067675399
-42.0196723941512, 3.06924394448797, -2.84446374626941
-42.0196723941512, 2.72900899410708, -2.87765497841667
-42.0196723941512, 2.38845817397977, -2.90744466040797
-42.0196723941512, 2.04769927061337, -2.93475715117842
-42.0196723941512, 1.70679891957207, -2.96024647538009
-42.0196723941512, 1.36577308357424, -2.98399544513599
-42.0196723941512, 1.02460874571499, -3.00566363554432
-42.0196723941512, 0.683296230482677, -3.02484450440023
-42.0196723941512, 0.341799455828472, -3.04038595880667
-42.0196723941512, 7.06586884114279E-05, -3.04719407899089
-41.1621280595767, 4.15443794954356, -0.0100546727024674
-41.1621280595767, 4.14493583293628, -0.356280815644331
-41.1621280595767, 4.13260879122793, -0.702406864880358
-41.1621280595767, 4.11559889615588, -1.04834404030783
-41.1621280595767, 4.09361143395318, -1.39399625421985
-41.1621280595767, 4.06208493233174, -1.73889628722478
-41.1621280595767, 4.01323945214857, -2.08172119802793
-41.1621280595767, 3.93055784975283, -2.41778363069372
-41.1621280595767, 3.75716677475076, -2.71288581876862
-41.1621280595767, 3.4504813340186, -2.8653080171035
-41.1621280595767, 3.10865415406179, -2.92012009938466
-41.1621280595767, 2.76447468482452, -2.95883988625765
-41.1621280595767, 2.41972682719198, -2.99215902607083
-41.1621280595767, 2.07464165846419, -3.02179465204553
-41.1621280595767, 1.72932690874828, -3.04862675217649
-41.1621280595767, 1.3838098991347, -3.07271263587615
-41.1621280595767, 1.03811427470105, -3.09408650617723
-41.1621280595767, 0.692277908078715, -3.11304880646942
-41.1621280595767, 0.346320946921621, -3.12966704567638
-41.1621280595767, 0.000141318400839224, -3.13792077755561
-40.3045825225753, 4.17426999725264, -0.00492260135629192
-40.3045836882069, 4.16654942152714, -0.363645994897028
-40.3045837250022, 4.15370673147841, -0.722193715300191
-40.3045837250022, 4.13505421235741, -1.08051405096414
-40.3045837250022, 4.11221643492401, -1.43858908896872
-40.3045837250022, 4.08110582444438, -1.79602878039057
-40.3045837250022, 4.0320803090672, -2.15138633868625
-40.3045837250022, 3.94437807457422, -2.49893032838364
-40.3045837250022, 3.75148117595536, -2.79613954698898
-40.3045837250022, 3.43153122437406, -2.95098100584083
-40.3045837250022, 3.07872322898089, -3.01549040883343
-40.3045837250022, 2.72290454853435, -3.06161658056789
-40.3045837250022, 2.36623657001263, -3.10069815717706
-40.3045837250022, 2.00907093998876, -3.13495192189259
-40.3045837250022, 1.65154069188163, -3.16516511780089
-40.3045837250022, 1.29368613365641, -3.19125769495302
-40.3045837250022, 0.935590252057006, -3.2138117680941
-40.3045837250022, 0.577336520217577, -3.23370807615488
-40.3045837250022, 0.218969359352422, -3.25144939068728
-40.3045837250022, 0.140190349001771, -3.25437933826123
-39.4470382135839, 4.19371310153288, -0.00481786665592446
-39.4470393590319, 4.18608996954721, -0.370694658300053
-39.4470393904277, 4.17244257038322, -0.736361206744798
-39.4470393904277, 4.15307897468676, -1.10180418110555
-39.4470393904277, 4.13044153969027, -1.467057294591
-39.4470393904277, 4.10115948597747, -1.83182846577711
-39.4470393904277, 4.05474171286381, -2.19474607862846
-39.4470393904277, 3.96863268083366, -2.55002211234042
-39.4470393904277, 3.77604768643018, -2.85644840215805
-39.4470393904277, 3.45716632001859, -3.02943516780458
-39.4470393904277, 3.10023755523195, -3.10917296220846
-39.4470393904277, 2.73851746270109, -3.16457377283174
-39.4470393904277, 2.37550686002835, -3.21086571512871
-39.4470393904277, 2.01176523318644, -3.25103440534713
-39.4470393904277, 1.64748431626648, -3.28597827058213
-39.4470393904277, 1.28273427544826, -3.31562701892457
-39.4470393904277, 0.917634530762204, -3.34062266347969
-39.4470393904277, 0.552313330992228, -3.36215550923283
-39.4470393904277, 0.186854922838456, -3.38122725401838
-39.4470393904277, 0.179582614299963, -3.38155498304438
-38.5894939045925, 4.21277990317155, -0.00471313195034393
-38.5894950280705, 4.20371799274563, -0.375595321014745
-38.5894950558532, 4.18943110320219, -0.746289233463398
-38.5894950558532, 4.17047066285007, -1.11679679952745
-38.5894950558532, 4.1487086902783, -1.48714945837378
-38.5894950558532, 4.12149298079174, -1.85713397468245
-38.5894950558532, 4.07870458550185, -2.22558122099807
-38.5894950558532, 3.99799649324546, -2.58730748378849
-38.5894950558532, 3.8142239019999, -2.90550572956516
-38.5894950558532, 3.50245174962569, -3.10099338687142
-38.5894950558532, 3.14506038360805, -3.19914808562406
-38.5894950558532, 2.78002990205536, -3.26521187286709
-38.5894950558532, 2.41301482372852, -3.31932982420181
-38.5894950558532, 2.0449662065102, -3.36593908168714
-38.5894950558532, 1.67618836404353, -3.40638082782563
-38.5894950558532, 1.3067760256164, -3.44053830879047
-38.5894950558532, 0.936850231438842, -3.46861014812037
-38.5894950558532, 0.566589795830266, -3.4918825440892
-38.5894950558532, 0.196137343441402, -3.51188585627033
-38.5894950558532, 0.17546392457079, -3.51292536573095
-37.7319495956011, 4.2314644751287, -0.0046083972394682
-37.7319506967802, 4.22011288793787, -0.380475309713268
-37.7319507212787, 4.20518689276409, -0.75620742898607
-37.7319507212787, 4.18704706744087, -1.13180758581595
-37.7319507212787, 4.16651547015015, -1.50728395035406
-37.7319507212787, 4.14120111131724, -1.88246243257397
-37.7319507212787, 4.10207836791034, -2.25640602711801
-37.7319507212787, 4.02740755715588, -2.62459649973433
-37.7319507212787, 3.85237876236675, -2.95384295899349
-37.7319507212787, 3.54797433807667, -3.16985549498973
-37.7319507212787, 3.19133671496905, -3.28743137364151
-37.7319507212787, 2.82344928905913, -3.36502822711441
-37.7319507212787, 2.45256765295883, -3.42700247480085
-37.7319507212787, 2.08029210282224, -3.4800216076775
-37.7319507212787, 1.70708400873621, -3.52602846938386
-37.7319507212787, 1.33306252424044, -3.56485963114974
-37.7319507212787, 0.958338923160716, -3.59620709537122
-37.7319507212786, 0.583126529641919, -3.62106290904932
-37.7319507212787, 0.207630841832477, -3.6412274265193
-37.7319507212787, 0.169155605627829, -3.64325772694942
-36.8744052866098, 4.24975750007601, -0.00450366252316816
-36.8744063652268, 4.23601219127985, -0.385429539477511
-36.8744063867041, 4.22042949271069, -0.766282540646477
-36.8744063867041, 4.20313944342187, -1.14706379679612
-36.8744063867041, 4.18391504095615, -1.52775179338627
-36.8744063867041, 4.16045395970903, -1.90819770323955
-36.8744063867042, 4.12515244479137, -2.28769489074923
-36.8744063867041, 4.05660022194505, -2.66230359418303
-36.8744063867041, 3.88948397513257, -3.00173246436488
-36.8744063867042, 3.59225461424751, -3.23621951700699
-36.8744063867042, 3.23728748243587, -3.3733220507309
-36.8744063867041, 2.86693176887555, -3.46308752541004
-36.8744063867041, 2.49216134700465, -3.53254185251955
-36.8744063867041, 2.11558584580136, -3.59151991386791
-36.8744063867041, 1.73786281681617, -3.64264660670553
-36.8744063867041, 1.35914419381439, -3.68576883415944
-36.8744063867041, 0.979544594096107, -3.72028544589351
-36.8744063867041, 0.59927478524378, -3.74642276816733
-36.8744063867042, 0.218593404223216, -3.76572097643602
-36.8744063867042, 0.163482423456613, -3.76815233447098
-36.0168609776184, 4.26764230481068, -0.0043989278012128
-36.0168620333785, 4.2519730159388, -0.390361688222815
-36.0168620521296, 4.23565496454349, -0.77629741123018
-36.0168620521296, 4.21894838292407, -1.16221662999412
-36.0168620521296, 4.20098521757956, -1.54807904728935
-36.0168620521296, 4.17940089758381, -1.93375254923791
-36.0168620521296, 4.14808030874941, -2.31873589468787
-36.0168620521296, 4.08533101607054, -2.69953191930149
-36.0168620521296, 3.92525916965359, -3.04830595855287
-36.0168620521296, 3.63510593331059, -3.29954950988072
-36.0168620521296, 3.28248217585206, -3.45544364075764
-36.0168620521296, 2.91015801464448, -3.55776990697517
-36.0168620521296, 2.53153331646461, -3.63412868930777
-36.0168620521296, 2.15063948348354, -3.69835761889918
-36.0168620521296, 1.76837012100974, -3.75382692169514
-36.0168620521296, 1.38492900671217, -3.80050177048566
-36.0168620521296, 1.00046687021355, -3.83783725711811
-36.0168620521296, 0.615146445032459, -3.86488569532978
-36.0168620521296, 0.22926564574945, -3.88229019277167
-36.0168620521296, 0.158088338259844, -3.88459855025732
-35.159316668627, 4.28509017038271, -0.00429419307320426
-35.159317701205, 4.26804964252131, -0.395136838995299
-35.1593177175551, 4.25102029730067, -0.785979881499924
-35.1593177175551, 4.23464527601149, -1.1768510151244
-35.1593177175551, 4.21776017426752, -1.56770024640128
-35.1593177175551, 4.19791102187084, -1.95840789656638
-35.1593177175551, 4.17033342125262, -2.34863212180667
-35.1593177175551, 4.11256807803307, -2.73519435798531
-35.1593177175551, 3.95882885549307, -3.09249553358012
-35.1593177175551, 3.67560966697686, -3.35884695980775
-35.1593177175551, 3.32559297620359, -3.53185230604926
-35.1593177175551, 2.95182615510731, -3.64663692897637
-35.1593177175551, 2.56954348629008, -3.72952700691992
-35.1593177175551, 2.1844474862263, -3.79837667972281
-35.1593177175551, 1.79772293862353, -3.85740895896712
-35.1593177175551, 1.40965691159404, -3.90685730733606
-35.1593177175551, 1.02046918092078, -3.94651204952057
-35.1593177175551, 0.630251482865966, -3.97414768732315
-35.1593177175551, 0.239340746076745, -3.989202389649
-35.1593177175551, 0.153117320742257, -3.99133367123918
-34.2917723599339, 4.3022688760428, -0.00418823700554875
-34.2917733687128, 4.28440408948892, -0.399657787085383
-34.2917733829806, 4.26682871303763, -0.79514003618694
-34.2917733829806, 4.25057377370071, -1.19067900451456
-34.2917733829806, 4.23443469444694, -1.5862226952152
-34.2917733829806, 4.21598117447356, -1.98166374091157
-34.2917733829806, 4.1914592037941, -2.37676503202794
-34.2917733829806, 4.13748227406989, -2.76857170985898
-34.2917733829806, 3.98963681674205, -3.13366529246643
-34.2917733829806, 3.71330511821517, -3.41371393265741
-34.2917733829806, 3.3657481978247, -3.60157139704446
-34.2917733829806, 2.99096180407997, -3.72816974210209
-34.2917733829806, 2.6053722866522, -3.81751765185993
-34.2917733829806, 2.2163054781727, -3.89052739356539
-34.2917733829806, 1.82531312514018, -3.95241894694995
-34.2917733829806, 1.43281097424474, -4.00388356262912
-34.2917733829806, 1.03911701865277, -4.04524622297403
-34.2917733829806, 0.644256258560312, -4.07317315827067
-34.2917733829806, 0.248610367816326, -4.08598611738932
-34.2917733829806, 0.148661131981052, -4.08812573313656
-32.1579115871572, 4.34221190035865, -0.00392762147051112
-32.1579125359938, 4.32443228645375, -0.408694072839359
-32.1579125465443, 4.30682568310485, -0.813467969971633
-32.1579125465443, 4.29015165081314, -1.21828141059826
-32.1579125465443, 4.27379916139515, -1.62310808437193
-32.1579125465443, 4.25623343550065, -2.0278832504646
-32.1579125465443, 4.23408765906932, -2.43242544766847
-32.1579125465443, 4.18332124530581, -2.83405914230763
-32.1579125465443, 4.04798820768473, -3.21436274968
-32.1579125465443, 3.78826307370387, -3.5220437022207
-32.1579125465443, 3.44485932375097, -3.73532646721343
-32.1579125465443, 3.06825765684835, -3.88382880009054
-32.1579125465443, 2.67702098497412, -3.98865951008876
-32.1579125465443, 2.28014029448402, -4.06997320049625
-32.1579125465443, 1.88041108708864, -4.13594125412788
-32.1579125465443, 1.47878420558467, -4.18920375423524
-32.1579125465443, 1.07587759117886, -4.2317218979628
-32.1579125465443, 0.671684348839915, -4.25915051972803
-32.1579125465443, 0.266675724456077, -4.26917545124466
-32.1579125465443, 0.140245715442666, -4.26953182490351
-30.0140508146612, 4.37779084018484, -0.00366578453909294
-30.014051701768, 4.36136726969479, -0.414453428327818
-30.014051710108, 4.34471847932298, -0.825231971062112
-30.014051710108, 4.32746249369052, -1.23598545014506
-30.014051710108, 4.30901024351786, -1.64668675790276
-30.014051710108, 4.28853860960139, -2.05729179182387
-30.014051710108, 4.26344696207946, -2.46763248092549
-30.014051710108, 4.21069556290993, -2.87506553901591
-30.014051710108, 4.08073043718682, -3.26378842113722
-30.014051710108, 3.83434409963632, -3.59031528691946
-30.014051710108, 3.49620707577145, -3.82201478657687
-30.014051710108, 3.11846200509082, -3.98341034349305
-30.014051710108, 2.72422979801847, -4.09940737642743
-30.014051710108, 2.322044559903, -4.18435992144988
-30.014051710108, 1.91627315343225, -4.2502627278295
-30.014051710108, 1.50844567821476, -4.30203854443304
-30.014051710108, 1.09936861011043, -4.34280052727981
-30.014051710108, 0.689088530191908, -4.36850452605058
-30.014051710108, 0.278104338445348, -4.37817546882631
-30.014051710108, 0.135124757987833, -4.37902470581365
-27.8701900421979, 4.40606087155378, -0.00340394750642821
-27.8701908651558, 4.39287743551734, -0.410536077315063
-27.8701908736717, 4.37884620355965, -0.81763924431322
-27.8701908736717, 4.36138118005915, -1.22460847107138
-27.8701908736717, 4.34004791395891, -1.6313938188766
-27.8701908736717, 4.31557916360665, -2.0380026231513
-27.8701908736717, 4.28661580496414, -2.44431156013498
-27.8701908736717, 4.23476566827936, -2.84814112325141
-27.8701908736717, 4.1173439230194, -3.23729129508711
-27.8701908736717, 3.896618954637, -3.57780776008333
-27.8701908736717, 3.58356894462125, -3.8360499979329
-27.8701908736717, 3.21770197731363, -4.01398666204516
-27.8701908736717, 2.83085911896707, -4.14085587661258
-27.8701908736717, 2.43341657442209, -4.22971798830376
-27.8701908736717, 2.03159566923468, -4.29638071753266
-27.8701908736717, 1.62750917147982, -4.34766357714613
-27.8701908736717, 1.22212673128053, -4.38749820058598
-27.8701908736717, 0.81570535318836, -4.41455501847932
-27.8701908736717, 0.408564847758063, -4.42693908942781
-27.8701908736717, 0.00123654082202587, -4.43012500469411
-25.726329269722, 4.42867751038256, -0.00314211039544059
-25.7263300297751, 4.41965543067034, -0.412049779116428
-25.7263300372354, 4.40862598394791, -0.820904093424202
-25.7263300372354, 4.38927712521185, -1.22944516508349
-25.7263300372354, 4.36335832694665, -1.63762889991704
-25.7263300372354, 4.33531503326247, -2.04567268167997
-25.7263300372354, 4.30133276685647, -2.45325413046425
-25.7263300372354, 4.24231331976136, -2.85778276608042
-25.7263300372354, 4.12154156432565, -3.2477830052411
-25.7263300372354, 3.90330531388607, -3.59188986543456
-25.7263300372355, 3.59507051320657, -3.85878377761185
-25.7263300372354, 3.23197372799721, -4.04565911349367
-25.7263300372354, 2.84377254662075, -4.17353275736312
-25.7263300372354, 2.44448360367302, -4.26176483898999
-25.7263300372354, 2.0408851611181, -4.3278488321391
-25.7263300372355, 1.63492520756073, -4.37750495979463
-25.7263300372355, 1.22758899858767, -4.41428397546276
-25.7263300372355, 0.819288836720946, -4.43793837786903
-25.7263300372355, 0.410414411168257, -4.44779055440731
-25.7263300372354, 0.00141318442655423, -4.44951721547493
-23.5824692007769, 4.45505087532754, -0.00576054701667324
-23.582469200799, 4.4408004666837, -0.414744491006844
-23.5824692007992, 4.42450354073421, -0.823648401845613
-23.5824692007992, 4.40107513831278, -1.23220364074026
-23.5824692007992, 4.3723287772999, -1.64042410574268
-23.5824692007992, 4.34188639378709, -2.04852145267992
-23.5824692007992, 4.30504801741556, -2.4560786135545
-23.5824692007992, 4.24280295571126, -2.8603562506791
-23.5824692007992, 4.12055485369783, -3.25018529645746
-23.5824692007992, 3.90307883692991, -3.59501325633767
-23.5824692007992, 3.59597704162469, -3.86372684524509
-23.5824692007992, 3.23424921794372, -4.05361692864724
-23.5824692007992, 2.84579697279148, -4.18137403135531
-23.5824692007992, 2.44622905262772, -4.2694082186655
-23.5824692007992, 2.04241801962528, -4.33558238414034
-23.5824692007992, 1.63619228775965, -4.38490248260773
-23.5824692007991, 1.22854529175241, -4.42070887777341
-23.5824692007992, 0.819947567401366, -4.44308056202718
-23.5824692007992, 0.41081887449082, -4.4516219766314
-23.5824692007992, 0.00158982759513729, -4.45297970779081
-21.4386077247647, 4.4528533171913, -0.00261843588174348
-21.4386083575521, 4.44249775916421, -0.407800009427369
-21.4386083643629, 4.4160791641576, -0.812128169725164
-21.4386083643629, 4.38107515352616, -1.21592670891018
-21.4386083643629, 4.34299594018386, -1.61944700102302
-21.4386083643629, 4.30169797041178, -2.02264946514272
-21.4386083643629, 4.25307031529758, -2.42502122365666
-21.4386083643629, 4.18037211760193, -2.8235923246113
-21.4386083643629, 4.05457311032846, -3.20838310003418
-21.4386083643629, 3.84733877339366, -3.55524547476946
-21.4386083643629, 3.5522053443343, -3.83121605811515
-21.4386083643629, 3.19815803246293, -4.02693043006671
-21.4386083643629, 2.81531204365222, -4.15908475777332
-21.4386083643629, 2.42095568937819, -4.25232642553923
-21.4386083643629, 2.02190577871158, -4.32309137632478
-21.4386083643629, 1.62013750074197, -4.37639284090637
-21.4386083643629, 1.21676465182272, -4.41584467173012
-21.4386083643629, 0.812251239463099, -4.44085672551697
-21.4386083643629, 0.407075182142279, -4.45077933479834
-21.4386083643629, 0.0017664706527089, -4.45238577542645
-19.2947469522985, 4.43903942797436, -0.0023565982660659
-19.2947475202862, 4.43211434420745, -0.398714817422336
-19.2947475279266, 4.38970756619544, -0.79214233939459
-19.2947475279266, 4.33168016203534, -1.18429098733514
-19.2947475279266, 4.27172034382941, -1.57614775880575
-19.2947475279266, 4.20664695906224, -1.96718389773208
-19.2947475279266, 4.13301591205565, -2.35669135253969
-19.2947475279266, 4.04013293377822, -2.74196889210455
-19.2947475279266, 3.90673716907509, -3.11498892159418
-19.2947475279266, 3.71514204889279, -3.46118809818348
-19.2947475279266, 3.44615359234474, -3.750807771014
-19.2947475279266, 3.11309832608461, -3.96417264527854
-19.2947475279266, 2.74496564776534, -4.11027582544429
-19.2947475279266, 2.36294873466691, -4.21577661702312
-19.2947475279266, 1.97494330035605, -4.29678444170686
-19.2947475279266, 1.5834067816959, -4.35859590424665
-19.2947475279266, 1.18971849350936, -4.40486850222218
-19.2947475279266, 0.79451295180446, -4.43539762495018
-19.2947475279266, 0.398345731226393, -4.4488680586647
-19.2947475279266, 0.00194311371028096, -4.45179184306208
-17.1508861798074, 4.39796881690213, -0.00209476027277969
-17.1508866823593, 4.38519343029236, -0.385601928054412
-17.1508866914903, 4.32447638032964, -0.762813755828484
-17.1508866914903, 4.23727763894948, -1.13649433308345
-17.1508866914903, 4.14773693367492, -1.50961956425877
-17.1508866914903, 4.05349469642348, -1.88158180509935
-17.1508866914903, 3.95145712214236, -2.25147475672896
-17.1508866914903, 3.83540536134032, -2.6171752128277
-17.1508866914903, 3.69322892471097, -2.97345083901611
-17.1508866914903, 3.51403497256114, -3.31241577723842
-17.1508866914903, 3.27685075311075, -3.61311038809478
-17.1508866914903, 2.97963423110608, -3.85460829673329
-17.1508866914903, 2.63918074379009, -4.03046906065333
-17.1508866914903, 2.2776096214265, -4.15845225755612
-17.1508866914903, 1.9065671291706, -4.25599027893243
-17.1508866914903, 1.5303418947268, -4.33120781863772
-17.1508866914903, 1.15067617741157, -4.38658355506789
-17.1508866914903, 0.768904821123539, -4.42487322034926
-17.1508866914903, 0.385776382325253, -4.44560308301504
-17.1508866914903, 0.00211975676785301, -4.45119791069772
-15.0070254073287, 4.3113369812951, -0.00183292164831151
-15.0070258439674, 4.28866909327099, -0.369590036167517
-15.007025855054, 4.21031343543676, -0.726527622304458
-15.007025855054, 4.09195597936446, -1.07545479322912
-15.007025855054, 3.97091446204113, -1.4234593581908
-15.007025855054, 3.84620813999194, -1.77016651356443
-15.007025855054, 3.71657572658117, -2.11505964523636
-15.007025855054, 3.57929074189719, -2.45696934202358
-15.007025855054, 3.42836014391426, -2.79304837630297
-15.007025855054, 3.2568553583696, -3.11905306113637
-15.007025855054, 3.05047776952253, -3.42386972479702
-15.007025855054, 2.79551698264325, -3.68919255325847
-15.007025855054, 2.49694161260264, -3.90410431403116
-15.007025855054, 2.16609001249638, -4.06567570517001
-15.007025855054, 1.81945475552942, -4.19019578140529
-15.007025855054, 1.46402524578964, -4.28701855669523
-15.007025855054, 1.10259471242262, -4.35820969927034
-15.007025855054, 0.737466480207241, -4.40734584428376
-15.007025855054, 0.370494745151351, -4.44001733291331
-15.007025855054, 0.00229639982542462, -4.45060397833335
-12.8531646351485, 4.16485417024021, -0.00156986085877617
-12.8531650053344, 4.1307000779602, -0.351331379592089
-12.8531650186177, 4.0387805118984, -0.685683652633779
-12.8531650186177, 3.89240727175349, -1.00517423458542
-12.8531650186177, 3.74401580708724, -1.32373217899281
-12.8531650186177, 3.59309321460237, -1.64109823975043
-12.8531650186177, 3.43920842912255, -1.95703845434517
-12.8531650186177, 3.28245006241309, -2.27156305701978
-12.8531650186177, 3.12211524514779, -2.58427615174185
-12.8531650186177, 2.95352863720089, -2.89260127897716
-12.8531650186177, 2.76940058520332, -3.19183902365611
-12.8531650186177, 2.5553584388886, -3.47023073944946
-12.8531650186177, 2.30564952276659, -3.7171269363031
-12.8531650186177, 2.02010695816204, -3.92121512033648
-12.8531650186177, 1.70902932693064, -4.08431439054421
-12.8531650186177, 1.38279852571722, -4.21463931718098
-12.8531650186177, 1.04584287198836, -4.31391550670222
-12.8531650186177, 0.70099424275961, -4.38112410153012
-12.8531650186177, 0.352915546855144, -4.42933155906586
-12.8531650186177, 0.00247386683133573, -4.45000727558224
-12.0056203258589, 4.08674709994437, -0.00146634614290981
-12.0056206698221, 4.04688958814131, -0.343335847485774
-12.0056206840432, 3.95101729217807, -0.668510640288664
-12.0056206840432, 3.79543596188138, -0.975524916098103
-12.0056206840432, 3.63836921481857, -1.28178174858921
-12.0056206840432, 3.47932150098994, -1.58701399826317
-12.0056206840432, 3.31770117288584, -1.89089184997304
-12.0056206840432, 3.15411907451631, -2.19371881971648
-12.0056206840432, 2.98934107180689, -2.49589647918855
-12.0056206840432, 2.82050807364777, -2.79581993081397
-12.0056206840432, 2.64172956199567, -3.08989313888977
-12.0056206840432, 2.4413824321453, -3.36956101165644
-12.0056206840432, 2.21024550201432, -3.62433385309104
-12.0056206840432, 1.94745829015209, -3.8460145870312
-12.0056206840432, 1.65510512924563, -4.02725674529711
-12.0056206840432, 1.3441430374068, -4.17442414082851
-12.0056206840432, 1.01975606793204, -4.28897167200278
-12.0056206840432, 0.684830886099095, -4.36768145503551
-12.0056206840432, 0.345173871857289, -4.4231529543957
-12.0056206840432, 0.00254370010602549, -4.44977247302324
-11.1480760168676, 3.99349770869392, -0.00136160988135019
-11.1480763342696, 3.94726549681513, -0.334697065281406
-11.1480763494687, 3.84839646341133, -0.650624091559151
-11.1480763494687, 3.68489395021452, -0.944761793934799
-11.1480763494687, 3.52024614758325, -1.23825976516531
-11.1480763494687, 3.35405065640523, -1.53088389058329
-11.1480763494687, 3.18572235064426, -1.8222860108877
-11.1480763494687, 3.01588998049819, -2.11281491956522
-11.1480763494687, 2.84612113059444, -2.40338090457539
-11.1480763494687, 2.67590504282403, -2.69368429534907
-11.1480763494687, 2.50072339742361, -2.98100695154199
-11.1480763494687, 2.31208504013135, -3.259602268063
-11.1480763494687, 2.09926445163463, -3.52012481858254
-11.1480763494687, 1.86073351371243, -3.75719604990823
-11.1480763494687, 1.59149748527916, -3.95868740842665
-11.1480763494687, 1.2992613018791, -4.12516390237462
-11.1480763494687, 0.98998867818958, -4.25736254833489
-11.1480763494687, 0.666997824605467, -4.35114706615426
-11.1480763494687, 0.33677016828701, -4.41570397356611
-11.1480763494687, 0.00261435732905387, -4.4495349000775
-10.2905317078765, 3.88436160862959, -0.00125687339970309
-10.2905319987674, 3.83190012933503, -0.325659190901794
-10.2905320148942, 3.73133332009512, -0.632589285751731
-10.2905320148942, 3.56118822258488, -0.913729725446982
-10.2905320148942, 3.39011712547407, -1.19430750417865
-10.2905320148942, 3.21774961300237, -1.47409050596175
-10.2905320148942, 3.04359260133931, -1.75276270924988
-10.2905320148942, 2.86814776081611, -2.03062675634726
-10.2905320148942, 2.69321287511368, -2.30881151079039
-10.2905320148942, 2.52016811510401, -2.58817636029647
-10.2905320148942, 2.34652697072643, -2.86716917540226
-10.2905320148942, 2.16679769740092, -3.14225858032605
-10.2905320148942, 1.97185705821823, -3.40672635387637
-10.2905320148942, 1.75778138241388, -3.65590953573625
-10.2905320148942, 1.51618637074528, -3.87830722487453
-10.2905320148942, 1.24708864493695, -4.06648433397416
-10.2905320148942, 0.955934652767433, -4.21839247537201
-10.2905320148942, 0.647254296974742, -4.33038069196885
-10.2905320148942, 0.327757225591348, -4.40685195080465
-10.2905320148942, 0.00268501455208224, -4.44929732713175
-9.43298739888539, 3.75755084260746, -0.00115213667319897
-9.43298766344397, 3.69977079882434, -0.316514574534484
-9.43298768031966, 3.59916055463085, -0.615008122820016
-9.43298768031966, 3.42381208613974, -0.883420253819479
-9.43298768031967, 3.2474228911734, -1.15114949707947
-9.43298768031966, 3.06973692651909, -1.41801970392251
-9.43298768031966, 2.89046225774947, -1.68382505596367
-9.43298768031966, 2.71010492006178, -1.94889763834596
-9.43298768031966, 2.53038955300635, -2.21440537527746
-9.43298768031966, 2.35338117654348, -2.48172305109672
-9.43298768031966, 2.17888830324333, -2.7506921236707
-9.43298768031966, 2.00432000820173, -3.01961222308798
-9.43298768031966, 1.82587753577186, -3.2859660816059
-9.43298768031966, 1.63684560574368, -3.54487161630169
-9.43298768031966, 1.42632336737087, -3.78643119090524
-9.43298768031966, 1.18572923943275, -3.99790161114326
-9.43298768031966, 0.916704604229781, -4.17179309772311
-9.43298768031966, 0.624986510265311, -4.30409776770162
-9.43298768031966, 0.318025100575634, -4.39604267563536
-9.43298768031966, 0.00275567177511107, -4.44905975418601
-8.57544308989446, 3.61105159995201, -0.0010473996739394
-8.57544332845654, 3.54962509329548, -0.307657915167903
-8.57544334574515, 3.45092391397271, -0.598573963428301
-8.57544334574515, 3.27200700162616, -0.855034113455764
-8.57544334574515, 3.09141503030336, -1.11031727384829
-8.57544334574515, 2.90909766918122, -1.36437114599243
-8.57544334574515, 2.72531280342425, -1.61736573714572
-8.57544334574515, 2.54081049613143, -1.86983799174451
-8.57544334574515, 2.35718330697195, -2.12294669906282
-8.57544334574515, 2.17623390026294, -2.37797388839554
-8.57544334574515, 1.9992868904154, -2.63579458914407
-8.57544334574515, 1.8259615861284, -2.89606171386893
-8.57544334574515, 1.65953690654546, -3.16078324734911
-8.57544334574515, 1.49622980439633, -3.42744844275054
-8.57544334574515, 1.3192188887397, -3.68509883935331
-8.57544334574515, 1.11268883294943, -3.91950483530189
-8.57544334574515, 0.871129306659292, -4.1175054764451
-8.57544334574515, 0.599421878832366, -4.27154295971838
-8.57544334574515, 0.307290610574461, -4.38236250311675
-8.57544334574515, 0.00282632899814033, -4.44882218124026
-7.71789878090376, 3.44425764885624, -0.000942662393525972
-7.71789899388122, 3.38078580672365, -0.299401624675073
-7.71789901117063, 3.28514270490289, -0.583594487535112
-7.71789901117063, 3.10367983046877, -0.82890434624326
-7.71789901117063, 2.91973932768226, -1.07236183269139
-7.71789901117063, 2.7335951652763, -1.31413927872309
-7.71789901117063, 2.54599005207662, -1.55478556806875
-7.71789901117063, 2.35799849538975, -1.79513033124886
-7.71789901117063, 2.17117582986846, -2.03638377336086
-7.71789901117063, 1.98713669358852, -2.27976486688428
-7.71789901117063, 1.80759040913289, -2.52647559107146
-7.71789901117063, 1.63338722414283, -2.77698302754003
-7.71789901117063, 1.4725794439419, -3.03620062278019
-7.71789901117064, 1.33355704324488, -3.3077883122328
-7.71789901117063, 1.19214695849047, -3.57813483833504
-7.71789901117063, 1.02526178705833, -3.83329031166362
-7.71789901117063, 0.817648055728166, -4.05628694850626
-7.71789901117063, 0.570168077271063, -4.23389165507137
-7.71789901117063, 0.295213257113186, -4.3654672421583
-7.71789901117063, 0.0028969862211696, -4.44858460829451
-6.86035447191329, 3.25853689167813, -0.000837924850908993
-6.86035465970479, 3.19303642343536, -0.29186652374977
-6.86035467659612, 3.09982071120606, -0.570090577611636
-6.86035467659612, 2.91585798851204, -0.804919047430253
-6.86035467659612, 2.72890457681837, -1.03737420497276
-6.86035467659612, 2.53949506920752, -1.26783347056433
-6.86035467659612, 2.34848883400783, -1.49697215501161
-6.86035467659612, 2.15727885934937, -1.72594097985562
-6.86035467659612, 1.96738722695097, -1.95600316475457
-6.86035467659612, 1.78051496776543, -2.18852095451414
-6.86035467659612, 1.59888627685591, -2.42515027990529
-6.86035467659612, 1.4244590366382, -2.66713246659232
-6.86035467659612, 1.26551947780281, -2.9194006025486
-6.86035467659612, 1.14669142073124, -3.19271615370462
-6.86035467659612, 1.04307785195952, -3.47244846924964
-6.86035467659612, 0.921836062724415, -3.74481949936922
-6.86035467659612, 0.755494557100084, -3.99176735642335
-6.86035467659612, 0.537952090164383, -4.19483776758488
-6.86035467659611, 0.282397752319142, -4.34789711004811
-6.86035467659612, 0.00296764344419753, -4.44834703534877
-6.00281016292303, 3.05509063384236, -0.000733187062730811
-6.0028103420216, 2.98565283418323, -0.28536631822951
-6.0028103420216, 2.89185081903, -0.558418957207212
-6.0028103420216, 2.70419998891409, -0.783416542484629
-6.0028103420216, 2.51336234022034, -1.00571868160463
-6.0028103420216, 2.32015722886968, -1.22596786687865
-6.00281034202161, 2.12560219360391, -1.44502647795986
-6.0028103420216, 1.93074312340499, -1.66381489096089
-6.00281034202161, 1.73697797460481, -1.88357149766007
-6.00281034202161, 1.54608411771234, -2.10582276812308
-6.0028103420216, 1.36111419366856, -2.33301382881542
-6.0028103420216, 1.18661129051832, -2.56831159385699
-6.0028103420216, 1.03238819229997, -2.81718338540368
-6.0028103420216, 0.936928256564923, -3.09321873230041
-6.0028103420216, 0.878788884559409, -3.38036408692969
-6.0028103420216, 0.80888988384488, -3.66474996622164
-6.0028103420216, 0.688534034617944, -3.93105308127827
-6.0028103420216, 0.505089236454233, -4.15838687488855
-6.0028103420216, 0.270691212320243, -4.33309173312471
-6.0028103420216, 0.00303830066722679, -4.44810946240302
-5.1452658539329, 2.83393278926079, -0.000628449029184161
-5.14526599258557, 2.7554819977774, -0.280247746419866
-5.14526600744709, 2.65489834969803, -0.549045689582751
-5.14526600744709, 2.46096488397508, -0.765223091905296
-5.14526600744709, 2.26441942632699, -0.979030016273066
-5.14526600744709, 2.06608426099644, -1.19117884030837
-5.14526600744709, 1.86674883738732, -1.40238864499718
-5.14526600744709, 1.66719914969941, -1.61339612778758
-5.14526600744709, 1.46840013263646, -1.8251103821118
-5.14526600744709, 1.27180575706697, -2.03887028153834
-5.14526600744709, 1.08018104845875, -2.25708260484004
-5.14526600744709, 0.899764548136151, -2.48458038346107
-5.14526600744709, 0.755615312220117, -2.73577699690286
-5.14526600744709, 0.716460041566868, -3.02108761440869
-5.14526600744709, 0.725867923268559, -3.31134130486224
-5.14526600744709, 0.709291251389089, -3.60102695671734
-5.14526600744709, 0.628615016680289, -3.87899210271068
-5.14526600744709, 0.475747763183324, -4.12485780987723
-5.14526600744709, 0.261141521968062, -4.31923858057353
-5.14526600744709, 0.00310895789025517, -4.44787188945728
-4.10997158099452, 2.53278452653406, -0.00100400132054542
-4.14195515092702, 2.4455015072758, -0.27490577038508
-4.17980989987458, 2.3421960667518, -0.54019314808088
-4.24691463579494, 2.15906754263708, -0.753801921727339
-4.31423477108922, 1.9753511945946, -0.966837528561316
-4.38162992523293, 1.79143012044765, -1.17967287882409
-4.4489713760352, 1.60765560247921, -1.39265165867831
-4.51612984686484, 1.42438043603751, -1.60611780107016
-4.58287314229364, 1.24223828140725, -1.82068011467014
-4.6487006449901, 1.06259532104651, -2.03761572908242
-4.71252196447951, 0.88842722568259, -2.25953809842559
-4.77152653207389, 0.727404024691086, -2.49233873029158
-4.81202431378999, 0.616885759566109, -2.75462187789405
-4.8046048080614, 0.637133557506176, -3.04132823921302
-4.79062404649199, 0.675286993282227, -3.3275526684171
-4.79209735115686, 0.67126635144302, -3.61625895243446
-4.820152177518, 0.594704855814658, -3.89264742762741
-4.87351124227843, 0.449088206800272, -4.13566804362096
-4.94825612510045, 0.245109755971295, -4.32527886731018
-5.03807309407017, 0.00155889501098366, -4.44784219291023
-3.37159882851791, 2.28493956052933, -0.000823634209994917
-3.43658717884805, 2.19163127041449, -0.274047276108093
-3.51043543319265, 2.08560220049879, -0.538510530165406
-3.62830098783333, 1.9163744341208, -0.750773984847056
-3.74602450857136, 1.7473505956857, -0.963278567414587
-3.86348350849097, 1.57870654816916, -1.17623072061442
-3.9805547136353, 1.41061928455638, -1.38983551690716
-4.09711254503001, 1.24326910730637, -1.60429792743557
-4.21281839568812, 1.07714217799756, -1.82016686878166
-4.32679281755966, 0.913501181301419, -2.03883307696126
-4.43693865900225, 0.755357143546056, -2.26339842251432
-4.53766642647195, 0.610735288983845, -2.50096094852979
-4.59558878481377, 0.52757213452865, -2.77479551843134
-4.55269462709148, 0.589158257159102, -3.06010837344187
-4.51510488671011, 0.643128459249614, -3.3481812893239
-4.51619409684549, 0.641564604577327, -3.64305846167801
-4.57217886072237, 0.561183389124131, -3.92098297839633
-4.67238353016837, 0.417312582740643, -4.15802825781245
-4.80688668389291, 0.224197059337817, -4.33604303203573
-4.9630379650496, 0.00156198626447018, -4.44782140527761
-2.81389505734478, 2.07410764972996, -0.000687399630836004
-2.91074045350623, 1.9772622535685, -0.27421150817919
-3.01812817552495, 1.86987453154978, -0.538232859409411
-3.17411871172677, 1.71388399534797, -0.750160792948538
-3.32958872619819, 1.55841398087654, -0.962852385942696
-3.48449013860008, 1.40351256847466, -1.17637203132697
-3.63873314150991, 1.24926956556482, -1.3908426928043
-3.79216918522263, 1.0958335218521, -1.60646764970319
-3.94440693018192, 0.943595776892811, -1.82378332610853
-4.09430158165123, 0.793701125423502, -2.04432688470136
-4.23881233638445, 0.649190370690284, -2.2719057522727
-4.36974934745696, 0.518253359617773, -2.51514377661604
-4.42317671530327, 0.464825991771465, -2.8012641051498
-4.3326217787989, 0.55538092827583, -3.07876099534532
-4.26969421439513, 0.618308492679608, -3.37049390161854
-4.27441336799659, 0.613589339078137, -3.67432241036187
-4.36014911047725, 0.527853596597482, -3.95362366596904
-4.5026241828572, 0.38537852421753, -4.18216853756111
-4.68428028257411, 0.203722424500626, -4.34680112058245
-4.88800283602904, 0.0015650775179567, -4.44780061764501
-2.31787459202995, 1.86353260432109, -0.000566232267092128
-2.44954226679847, 1.76519278040844, -0.274161474685346
-2.59218557198726, 1.65865548840228, -0.537829471718178
-2.78254600812185, 1.51647927239237, -0.75094173354383
-2.97208757960119, 1.37491464921378, -0.965188077750464
-3.16080536351237, 1.23396529568688, -1.18056427069226
-3.34863719009653, 1.09367764510026, -1.39714349481489
-3.53544913410986, 0.954151723408775, -1.61509225530053
-3.72080898327149, 0.815710340897248, -1.83496254556505
-3.90330603359837, 0.679407122774223, -2.05852405678963
-4.07852676245124, 0.548538436503789, -2.29092220774272
-4.23513401089265, 0.4315717682441, -2.54284163655496
-4.2508402303081, 0.419841122477291, -2.83807534440314
-4.10602498970594, 0.528000587476752, -3.10097157734429
-4.01644521385944, 0.594905842683598, -3.3982074956236
-4.03376326496233, 0.581971353645474, -3.71324804892432
-4.15561783022336, 0.490960735346104, -3.99204603343708
-4.34239705170025, 0.351459253430572, -4.20820811170297
-4.56777931149906, 0.183125972079497, -4.35758848694931
-4.81296770700847, 0.00156816877144322, -4.44777983001239
-1.85356731869872, 1.64029013726448, -0.00045281104492281
-2.02417235618104, 1.54326991002064, -0.273972773626948
-2.20508918442871, 1.44038554008729, -0.53766555180075
-2.42906599207212, 1.31301368111058, -0.75434300924694
-2.65203651005629, 1.1862140822081, -0.972389714460939
-2.87402847305435, 1.05997097113577, -1.19175383728479
-3.09500974408492, 0.934302623656631, -1.41246416941114
-3.31487437839931, 0.809269288774727, -1.63464532087927
-3.53307438617471, 0.685182599123654, -1.85898537734388
-3.74765474925132, 0.563154340785054, -2.08788755260386
-3.95232409086309, 0.446762314347503, -2.32840757103464
-4.12939838977325, 0.346063126487424, -2.59557964629921
-4.05179910235411, 0.390192541482833, -2.88470075050896
-3.85130777589507, 0.504208600683265, -3.12918650706958
-3.73706196468161, 0.569178279944561, -3.43581782975082
-3.78257460430393, 0.543296004111514, -3.76355512522838
-3.94976210152523, 0.448219274771553, -4.03769857462216
-4.18479519584785, 0.31455989074916, -4.23640992504204
-4.45341524699255, 0.161800166951364, -4.3687085300807
-4.7379325779879, 0.00157126002492974, -4.44775904237978
-1.41169324719096, 1.3971107459042, -0.000344868965712463
-1.6259031794211, 1.30506023428907, -0.27445232230904
-1.84909461609282, 1.20915018138043, -0.539272387484731
-2.10804710712627, 1.09787285154106, -0.763012887606123
-2.36596683413953, 0.987039322114899, -0.988162296500622
-2.62290524934817, 0.876627483003128, -1.21463702790422
-2.87884387411048, 0.766645274866612, -1.44244882908942
-3.13370420230451, 0.657126433436532, -1.67168814373711
-3.38664060135301, 0.548434344810645, -1.90343439266333
-3.63468944610381, 0.441842541026668, -2.14133192746748
-3.8677121956717, 0.341707766264477, -2.39642670114809
-4.0362005820553, 0.269304764189132, -2.69779305410667
-3.79654252468675, 0.372290870219747, -2.93539689680303
-3.54367773869239, 0.480952185210617, -3.16497160022864
-3.41717899974768, 0.535311352954618, -3.49016732009571
-3.51278066694859, 0.494229306545824, -3.82916923973706
-3.73717104198337, 0.397804044615055, -4.09073497999387
-4.02475218459336, 0.274224381279591, -4.26656541782502
-4.33811800240591, 0.139564500890153, -4.38020245567959
-4.66289744896734, 0.00157435127841626, -4.44773825474717
-0.991983101935212, 1.12961569337056, -0.000242340132953952
-1.25493233168243, 1.04701236628144, -0.27688377097974
-1.52540757610087, 0.962044803890464, -0.544963363177519
-1.82277209017869, 0.86863019969223, -0.780223314995069
-2.11927135209788, 0.775487407307795, -1.0166800746587
-2.41490981372257, 0.682615028220835, -1.25431806892466
-2.70969195752187, 0.59001165430073, -1.4931219666572
-3.00357399741503, 0.497691040582831, -1.73314123918563
-3.29489733843374, 0.406174220967133, -1.9765560072517
-3.57794362318776, 0.317257570162062, -2.23038172184839
-3.8355302354433, 0.236338865032646, -2.512080459299
-3.79042909732837, 0.250507014783001, -2.80879456184535
-3.45563360367252, 0.355680251825766, -2.97982052482258
-3.15372810101777, 0.450521370051399, -3.20477766501229
-3.04620411612428, 0.484299141154285, -3.56400928701174
-3.21219219801893, 0.432155357219951, -3.90802811550148
-3.50483474237531, 0.340224120779743, -4.14634650630563
-3.84840654993824, 0.232293877264664, -4.29586415891742
-4.20967408412566, 0.118804667496491, -4.39039944659633
-4.57781668363816, 0.00315571278304998, -4.44771468404878
-0.601383557250394, 0.835521845722715, -0.000146921328060803
-0.920335386652789, 0.767390675998797, -0.283055530163963
-1.2453513139056, 0.697964156815235, -0.558365639045674
-1.58746312531856, 0.624885792813986, -0.811407669240825
-1.92903690397363, 0.551922357769919, -1.06520848996229
-2.27005929474798, 0.479076704465356, -1.31978343422354
-2.61051878247146, 0.406351292651078, -1.57514496126125
-2.95002873276179, 0.333828711139228, -1.83182268942644
-3.28494013080766, 0.262288424490019, -2.09471594958917
-3.6009158047297, 0.19479299012005, -2.38074443406633
-3.77974662242747, 0.156593012351424, -2.72260997131615
-3.38822787031162, 0.240225172732758, -2.88132067563928
-2.98765311582259, 0.325791782074186, -3.01706573927848
-2.64604681196065, 0.398762164814379, -3.26113357344126
-2.62624922999699, 0.402991118194006, -3.67465907449992
-2.88501758306687, 0.347715716214919, -4.00948024692919
-3.25682030598367, 0.268295088760545, -4.21071859142301
-3.66230332675455, 0.181680026667724, -4.32979067746547
-4.07825479393211, 0.09282880402302, -4.40332431797947
-4.49802300925296, 0.00316228736959904, -4.447692578115
-0.263277505691885, 0.514348378841492, -6.43242113578337E-05
-0.642416968318605, 0.467634019261162, -0.29118439930797
-1.02519243089288, 0.42047166250373, -0.577344702524774
-1.41581774519979, 0.372342113373472, -0.852618918666349
-1.80628214941703, 0.324232390224229, -1.12812476704188
-2.19655575561272, 0.276146175594317, -1.40390492271852
-2.58666651492637, 0.228080025580605, -1.67991885376488
-2.97468764828147, 0.180271341613134, -1.95889680605231
-3.35067366777947, 0.133945522637915, -2.25389591365196
-3.6821454751237, 0.0931043685893699, -2.59789669098946
-3.34328818151349, 0.134855499823393, -2.81093747360193
-2.87529188210702, 0.192518047692388, -2.90195712354808
-2.41436473943234, 0.249309593827058, -3.02195573319022
-2.08852472689549, 0.28945684572706, -3.34105480087599
-2.19542937944617, 0.27628495814389, -3.79821663203484
-2.54753649995485, 0.232901295245069, -4.11380162262175
-2.99418162819827, 0.177869458197527, -4.27832271442057
-3.46250232995469, 0.120166940213263, -4.36661216346107
-3.93638494152665, 0.0617791307183869, -4.41814635058005
-4.41206894013292, 0.00316936954092482, -4.44767153185476
-0.035797694802378, 0.17218890373571, -8.74887505193687E-06
-0.456174021452975, 0.155460264280918, -0.292124673159375
-0.877151339735116, 0.13870770870221, -0.58337007393901
-1.29931535142133, 0.121907929327009, -0.872892237150264
-1.72149348516176, 0.105107587972605, -1.16239377637498
-2.14367526700218, 0.0883071014441135, -1.45188998557857
-2.56586435823053, 0.0715063240426412, -1.74137521219474
-2.98422890651121, 0.0548577421764424, -2.03634182301253
-3.37820787042297, 0.0391795709231636, -2.36246126386568
-3.50100741194844, 0.0342928322436545, -2.71960633315243
-2.99689162395383, 0.0543538364586698, -2.80621697094041
-2.48830907774627, 0.0745925928041904, -2.86326416793751
-1.9890179744931, 0.0944616014038348, -2.96953273334648
-1.72383746659595, 0.105014310549936, -3.36191238479952
-1.88469633180236, 0.0986130224931472, -3.84170014173164
-2.26938435930805, 0.0833045788279388, -4.17059435007414
-2.75403265672304, 0.0640182724499565, -4.33062072466729
-3.26053196798216, 0.0438624172677485, -4.40188487213467
-3.77129014113352, 0.0235370830718502, -4.43340196681929
-4.28284571242957, 0.00318001686485919, -4.44754616038512
