-23.1826768538717, 4.06119958876818, -0.00278163679368672
-23.1826775049243, 4.04437568931118, -0.317851975743315
-23.1826775213802, 4.02699229511326, -0.632891540586958
-23.1826775213802, 4.00610328315002, -0.94771488077481
-23.1826775213802, 3.97783438165825, -1.26195178005705
-23.1826775213802, 3.93577667889406, -1.57460701113293
-23.1826775213802, 3.86486925286082, -1.88181347745876
-23.1826775213802, 3.72901730097844, -2.16435678226136
-23.1826775213802, 3.46057992118171, -2.32048593802467
-23.1826775213802, 3.14848255716826, -2.36502128214633
-23.1826775213802, 2.83415902087979, -2.39243233723477
-23.1826775213802, 2.51962864373886, -2.41739036470243
-23.1826775213802, 2.2050212400283, -2.4413581704845
-23.1826775213802, 1.89033336790706, -2.46424541490345
-23.1826775213802, 1.57558112634041, -2.4862304202537
-23.1826775213802, 1.26075625924945, -2.50714763758088
-23.1826775213802, 0.945838192153996, -2.52660916618017
-23.1826775213802, 0.630767822876793, -2.54339446551756
-23.1826775213802, 0.315475276288375, -2.55523527670893
-23.1826775213802, 1.69062635987763E-06, -2.55906901917969
-22.7303885110495, 4.081053850838, -0.00272736904828914
-22.730389150808, 4.06776567115747, -0.321622965935566
-22.7303891655354, 4.05293374339238, -0.640448205871635
-22.7303891655354, 4.03390987459627, -0.959049262693281
-22.7303891655354, 4.0069534955948, -1.27706492924788
-22.7303891655354, 3.9650407532163, -1.59342225859043
-22.7303891655354, 3.89521753182488, -1.90465822342884
-22.7303891655354, 3.76441670751782, -2.19389609224228
-22.7303891655354, 3.49992277005893, -2.36340962631425
-22.7303891655354, 3.18551735805811, -2.41569708679123
-22.7303891655354, 2.86767266208844, -2.44473454097405
-22.7303891655354, 2.54952079544487, -2.47022605078441
-22.7303891655354, 2.23119649242344, -2.49347027004358
-22.7303891655354, 1.91275369051978, -2.51503398327764
-22.7303891655354, 1.59422491633612, -2.5352884331337
-22.7303891655354, 1.27560920784013, -2.55412560215384
-22.7303891655354, 0.95690186859122, -2.57134127057229
-22.7303891655354, 0.638092120459474, -2.58653332588259
-22.7303891655354, 0.319158852854186, -2.59885031421214
-22.7303891655354, 6.76255951975033E-05, -2.6040587840045
-22.2665030312323, 4.10102977170707, -0.00267170981712821
-22.2665036593142, 4.0908853693795, -0.325649155034659
-22.2665036723612, 4.07682689556917, -0.648466185618464
-22.2665036723612, 4.0576339626858, -0.971029530720357
-22.2665036723612, 4.03142109808638, -1.29308844792473
-22.2665036723612, 3.99152524931905, -1.61370848124775
-22.2665036723612, 3.92459595731663, -1.92964226900751
-22.2665036723612, 3.79799304589992, -2.2252607880957
-22.2665036723612, 3.53962994472535, -2.4113759133903
-22.2665036723612, 3.22401056937168, -2.47740801387331
-22.2665036723612, 2.90277413226756, -2.51230254178777
-22.2665036723612, 2.58094901496706, -2.54136366826334
-22.2665036723612, 2.25883123192357, -2.5669909764846
-22.2665036723612, 1.93652504320414, -2.59013567121448
-22.2665036723612, 1.61407667733636, -2.61120817731653
-22.2665036723612, 1.29149509239823, -2.63013092691082
-22.2665036723612, 0.968801640510272, -2.6470420508697
-22.2665036723612, 0.646017454542736, -2.66212304802932
-22.2665036723612, 0.32315463286098, -2.67541510018846
-22.2665036723612, 0.000135252153215117, -2.68175853022189
-21.802617551414, 4.12060485429161, -0.00261605058067779
-21.8026181697457, 4.11225160735214, -0.337121412533527
-21.802618179187, 4.09710624205011, -0.671355261464876
-21.802618179187, 4.07625235527844, -1.00531244255368
-21.802618179187, 4.04945793060546, -1.33883876081137
-21.802618179187, 4.00997670942736, -1.67106700775533
-21.802618179187, 3.94061058549626, -1.99816135085155
-21.802618179187, 3.79935286699405, -2.29892760756605
-21.802618179187, 3.52489027968951, -2.48335161369465
-21.802618179187, 3.19865827469922, -2.55536257456537
-21.802618179187, 2.86672117284224, -2.59743274469758
-21.802618179187, 2.53387869280367, -2.63174352900369
-21.802618179187, 2.20060782833866, -2.66162596916221
-21.802618179187, 1.86705392684635, -2.68817006307487
-21.802618179187, 1.53326622414183, -2.7115906920026
-21.802618179187, 1.19927520677295, -2.7319115218842
-21.802618179187, 0.865139975106244, -2.74971209788394
-21.802618179187, 0.530905264706767, -2.7655395276585
-21.802618179187, 0.196598203564031, -2.77976040334975
-21.802618179187, 0.138380819007724, -2.78147465595778
-21.3387320715963, 4.13979604208455, -0.00256039133916187
-21.3387326783245, 4.13155595215546, -0.34351796141217
-21.3387326860128, 4.11546140110829, -0.684156701646135
-21.3387326860128, 4.09402614701633, -1.02453836967673
-21.3387326860128, 4.06801499063891, -1.36459720678949
-21.3387326860128, 4.03109413828342, -1.70361245851081
-21.3387326860128, 3.9644221677426, -2.03783985619195
-21.3387326860128, 3.82342197118783, -2.34582701946409
-21.3387326860128, 3.55015861718657, -2.54375628712022
-21.3387326860128, 3.22101508846772, -2.63077906757699
-21.3387326860128, 2.88386747621805, -2.68205055590825
-21.3387326860128, 2.54527289158228, -2.72291492040328
-21.3387326860128, 2.20604259621105, -2.75814105755666
-21.3387326860128, 1.86639513075472, -2.78909643073194
-21.3387326860128, 1.52640747508513, -2.81605861385759
-21.3387326860128, 1.18612459116144, -2.83899967875313
-21.3387326860128, 0.845631969121619, -2.85859711900825
-21.3387326860128, 0.50500356466592, -2.87568110556165
-21.3387326860128, 0.164288456669737, -2.8909466556672
-21.3387326860128, 0.177265919193145, -2.89036203630436
-20.8748465917786, 4.15861576670751, -0.00250473209274438
-20.8748471862284, 4.14883323204187, -0.347754414287902
-20.8748471928386, 4.13229261103111, -0.692720513463564
-20.8748471928386, 4.1113781619541, -1.03747414624974
-20.8748471928386, 4.08675695385045, -1.38198062156599
-20.8748471928386, 4.05275481070374, -1.72566152260134
-20.8748471928386, 3.99123606256913, -2.06530919120606
-20.8748471928386, 3.85767314271851, -2.38157599335131
-20.8748471928386, 3.59205822724683, -2.59682861558692
-20.8748471928386, 3.26398476097736, -2.70240709945545
-20.8748471928386, 2.92427396163426, -2.76443619092577
-20.8748471928386, 2.58226190500923, -2.81254319817489
-20.8748471928386, 2.23931463513518, -2.85349907315489
-20.8748471928386, 1.89579101175954, -2.8893136375637
-20.8748471928386, 1.5518130561663, -2.92046361964606
-20.8748471928386, 1.20742908674395, -2.94674566855511
-20.8748471928386, 0.862731507695532, -2.96854593342592
-20.8748471928386, 0.517831699916288, -2.98688913373965
-20.8748471928386, 0.172813449400749, -3.00286264574772
-20.8748471928386, 0.173198244221505, -3.00283927978806
-20.4109611119609, 4.17705818003359, -0.00244907284134814
-20.4109616940083, 4.16481986726662, -0.351944307091571
-20.4109616996644, 4.14805366860888, -0.701241142637668
-20.4109616996644, 4.12813434829151, -1.05038214239622
-20.4109616996644, 4.10500689230472, -1.39932390033532
-20.4109616996644, 4.07368292122191, -1.74760505706889
-20.4109616996644, 4.01774940035972, -2.09263246605253
-20.4109616996644, 3.89205857417213, -2.41695465131939
-20.4109616996644, 3.63413591070252, -2.64802995496336
-20.4109616996644, 3.30811833469721, -2.77220049507265
-20.4109616996644, 2.96638345187876, -2.84598633446677
-20.4109616996644, 2.6211422966091, -2.9016080387434
-20.4109616996644, 2.27456016756133, -2.94822922372929
-20.4109616996644, 1.92722639193136, -2.98889235156755
-20.4109616996644, 1.57931706864297, -3.02429594646249
-20.4109616996644, 1.23088022164177, -3.05405509575562
-20.4109616996644, 0.882008288730922, -3.07819391794202
-20.4109616996644, 0.532839651105219, -3.09759942435583
-20.4109616996644, 0.183497324282686, -3.11359980874258
-20.4109616996644, 0.166968876191897, -3.11442842691114
-19.9470756321432, 4.19511408575326, -0.00239341358485183
-19.9470762016933, 4.18031380602763, -0.35619825086448
-19.9470762064902, 4.16325830107508, -0.709899279028905
-19.9470762064902, 4.14437937525274, -1.06350952798077
-19.9470762064902, 4.12282825448386, -1.4169657860638
-19.9470762064902, 4.09412444987838, -1.76989847231945
-19.9470762064902, 4.04403096357427, -2.12030556922432
-19.9470762064902, 3.92570942371122, -2.45220489712466
-19.9470762064902, 3.67522359546539, -2.69775730696155
-19.9470762064902, 3.35179049824024, -2.8397085917932
-19.9470762064902, 3.00850636996844, -2.92601018748354
-19.9470762064902, 2.6600952070003, -2.98914775079923
-19.9470762064902, 2.30980999663411, -3.04103052773816
-19.9470762064902, 1.95859019989317, -3.08618002076347
-19.9470762064902, 1.60666545900441, -3.12546024439006
-19.9470762064902, 1.25409409509735, -3.15842528451357
-19.9470762064902, 0.900970694291641, -3.18482931134648
-19.9470762064902, 0.547433842731377, -3.20497404480216
-19.9470762064902, 0.193645513078901, -3.22011631970396
-19.9470762064902, 0.161366483522667, -3.22136476794086
-19.4831901523255, 4.21276703068484, -0.00233775432303832
-19.483190709277, 4.19591540207719, -0.360442625342082
-19.483190713316, 4.17837456853214, -0.718514268030757
-19.483190713316, 4.16030597031219, -1.07655967420808
-19.483190713316, 4.1403049787666, -1.43450128885708
-19.4831907133161, 4.11426760900593, -1.79204485716226
-19.483190713316, 4.07004446884857, -2.14768737787929
-19.4831907133161, 3.95826211272574, -2.48655977787842
-19.483190713316, 3.71515841957098, -2.74558228156802
-19.4831907133161, 3.39458505065534, -2.9039807746081
-19.483190713316, 3.05029580293048, -3.00319366909308
-19.4831907133161, 2.69884412189246, -3.07369249320047
-19.4831907133161, 2.34484248975149, -3.13025166971494
-19.4831907133161, 1.98971756242161, -3.17929774673239
-19.4831907133161, 1.63374911719109, -3.22179371900064
-19.4831907133161, 1.27702879667536, -3.25742340605385
-19.4831907133161, 0.919663552783626, -3.28585526837353
-19.4831907133161, 0.561757413413742, -3.30637428509933
-19.4831907133161, 0.203511300504383, -3.31977763193116
-19.483190713316, 0.156039597040525, -3.32107212953445
-19.0193046725078, 4.22998866703004, -0.00228209505553358
-19.0193052167536, 4.21168273680773, -0.364564699830713
-19.0193052201419, 4.19357591933128, -0.726857182079388
-19.0193052201419, 4.17605946869306, -1.08917881775769
-19.0193052201419, 4.15741810475488, -1.45144356981097
-19.0193052201419, 4.13387279553957, -1.81341691486173
-19.0193052201419, 4.09495469963021, -2.17396416910302
-19.0193052201419, 3.98880575827649, -2.51916903262304
-19.0193052201419, 3.75303496016303, -2.79065525613356
-19.0193052201419, 3.43533365912949, -2.96374290362656
-19.0193052201419, 3.09049853041647, -3.07549941526984
-19.0193052201419, 2.73625037090712, -3.15319946119245
-19.0193052201419, 2.37865088684308, -3.21400447964583
-19.0193052201419, 2.01971391466216, -3.26638019194775
-19.0193052201419, 1.65978342154848, -3.31142887350642
-19.0193052201419, 1.29900978913063, -3.3491329056682
-19.0193052201419, 0.937524478341881, -3.37923699748988
-19.0193052201419, 0.5753779544333, -3.3998572323616
-19.0193052201419, 0.212816480330788, -3.41114294098428
-19.0193052201419, 0.151130336437417, -3.41247005678559
-18.545419192978, 4.24710805217909, -0.00222523593250077
-18.545419724133, 4.22793051906262, -0.368517995289201
-18.5454197269677, 4.20934182588755, -0.734840696863559
-18.5454197269677, 4.19211272604129, -1.1012302014764
-18.5454197269677, 4.1744675912466, -1.46759956253579
-18.5454197269677, 4.15298836900286, -1.83376082400494
-18.5454197269677, 4.11827162681606, -2.19881469285554
-18.5454197269677, 4.01695919654764, -2.54979509314682
-18.5454197269677, 3.7886309857986, -2.83293560864063
-18.5454197269677, 3.47368614866052, -3.01899541280253
-18.5454197269677, 3.12854384879646, -3.14228690425319
-18.5454197269677, 2.77180488324122, -3.22712671325198
-18.5454197269677, 2.41081440520143, -3.29202439544549
-18.5454197269677, 2.04821415616622, -3.34727841861531
-18.5454197269677, 1.68445231844776, -3.39428952049282
-18.5454197269677, 1.31976472818886, -3.43348452949082
-18.5454197269677, 0.954320399708582, -3.46481826709056
-18.5454197269677, 0.588116909468337, -3.48534087437981
-18.5454197269677, 0.221450797417856, -3.494611336487
-18.5454197269677, 0.14668930584519, -3.49611745414854
-17.3957054931458, 4.28636948937598, -0.00208728756787267
-17.3957059921218, 4.26732536037987, -0.376363405294175
-17.3957059940322, 4.2486717443352, -0.750659011723186
-17.3957059940322, 4.23101026493105, -1.12500294263987
-17.3957059940322, 4.21342769479426, -1.49935039661646
-17.3957059940322, 4.19352351466342, -1.8735800839154
-17.3957059940322, 4.16196528383553, -2.24692198974001
-17.3957059940322, 4.06870235280787, -2.60873604183827
-17.3957059940322, 3.85746435553145, -2.9149991885238
-17.3957059940322, 3.54873857367165, -3.12518355186203
-17.3957059940322, 3.20253657371853, -3.26777810537904
-17.3957059940322, 2.84156379774455, -3.36794905243715
-17.3957059940322, 2.47426824732832, -3.4421924052476
-17.3957059940322, 2.10438829500462, -3.50237735624244
-17.3957059940322, 1.73289760470388, -3.55168678315231
-17.3957059940322, 1.36031593480015, -3.59196836393678
-17.3957059940322, 0.986936364029872, -3.62398329299799
-17.3957059940322, 0.612717080634315, -3.64370969817554
-17.3957059940322, 0.238033375493968, -3.65059559289963
-17.3957059940322, 0.138416683263123, -3.65075393837683
-16.2359917936015, 4.3214867234027, -0.0019481392943819
-16.2359922596916, 4.30391706511393, -0.381437918025417
-16.2359922610967, 4.2861246814244, -0.760917350529844
-16.2359922610967, 4.26752154455746, -1.14035772209813
-16.2359922610967, 4.24737450073197, -1.51971891423714
-16.2359922610967, 4.22435399610494, -1.89891540158247
-16.2359922610967, 4.18993215078914, -2.27716688252645
-16.2359922610967, 4.0986317104271, -2.64502093611616
-16.2359922610967, 3.89767415111542, -2.9647173637762
-16.2359922610967, 3.59733829973891, -3.19470151466726
-16.2359922610967, 3.25057898835167, -3.34885509597708
-16.2359922610967, 2.88728597316851, -3.45942552010485
-16.2359922610967, 2.51601739624726, -3.53960677397644
-16.2359922610967, 2.14113750475782, -3.60099080462969
-16.2359922610967, 1.76437628190969, -3.64958513868608
-16.2359922610967, 1.38648235980762, -3.6884623250082
-16.2359922610967, 1.00782438156032, -3.71897526831804
-16.2359922610967, 0.628391782743392, -3.73734720383907
-16.2359922610967, 0.248564745147776, -3.74407903508944
-16.2359922610967, 0.133356198620738, -3.74461389767913
-15.0762780940559, 4.34938954676999, -0.00180899092569471
-15.0762785265998, 4.33531155694959, -0.377321191950485
-15.0762785281612, 4.32004436830192, -0.752785718943553
-15.0762785281612, 4.30061797332513, -1.12805683652575
-15.0762785281612, 4.27698106693547, -1.50308732310711
-15.0762785281612, 4.24960987629102, -1.87786304926478
-15.0762785281612, 4.21274197259033, -2.25177270428887
-15.0762785281612, 4.12856402004595, -2.61734167535072
-15.0762785281612, 3.94902552998811, -2.94533280194559
-15.0762785281612, 3.67381102374842, -3.19893284221419
-15.0762785281612, 3.34061613365712, -3.37124951580141
-15.0762785281612, 2.98501520279829, -3.49215554793869
-15.0762785281612, 2.61932553106862, -3.57815689221641
-15.0762785281612, 2.24885923687883, -3.64090823289856
-15.0762785281612, 1.87626140919894, -3.68954973712301
-15.0762785281612, 1.50243303746702, -3.72766956105386
-15.0762785281612, 1.12785792496532, -3.75759755787503
-15.0762785281612, 0.752610413406692, -3.77723065806845
-15.0762785281612, 0.376949128851338, -3.78613744436639
-15.0762785281612, 0.00118346086763259, -3.78850918641773
-13.9165643945132, 4.37170993099285, -0.00166984248334626
-13.9165647938864, 4.36208016935029, -0.378768703874566
-13.9165647952258, 4.34949146240991, -0.755772600775037
-13.9165647952258, 4.32716420736004, -1.13232307848905
-13.9165647952258, 4.29878061716956, -1.50847481194129
-13.9165647952258, 4.26757680647911, -1.8844011716579
-13.9165647952258, 4.22406849336707, -2.25903561996375
-13.9165647952258, 4.13383853702234, -2.6247309886292
-13.9165647952258, 3.95547251161043, -2.95529452400134
-13.9165647952258, 3.68309593044666, -3.21427635807027
-13.9165647952257, 3.35349175846601, -3.39624535144202
-13.9165647952258, 2.99767152651847, -3.52070804689335
-13.9165647952258, 2.63037091262081, -3.60614750211778
-13.9165647952258, 2.2583650867602, -3.66846808253661
-13.9165647952258, 1.88421835606252, -3.71638963214917
-13.9165647952258, 1.50877481510928, -3.75285813588147
-13.9165647952258, 1.13254649604704, -3.78009692452701
-13.9165647952258, 0.755721092003301, -3.79708241215101
-13.9165647952258, 0.378571013172402, -3.80403793899151
-13.9165647952257, 0.00135252192536806, -3.80527226566064
-12.7568510622585, 4.39774323855125, -0.00306138835624219
-12.7568510622902, 4.38258215610981, -0.380234849605128
-12.7568510622903, 4.36448889679713, -0.757272802886333
-12.7568510622903, 4.33814688523366, -1.13382372393594
-12.7568510622903, 4.30697047276904, -1.51001179094795
-12.7568510622903, 4.27316388854779, -1.8859700465766
-12.7568510622903, 4.22637270251989, -2.26046345193177
-12.7568510622903, 4.133598441422, -2.62582093450278
-12.7568510622903, 3.95575827534627, -2.95706773018528
-12.7568510622903, 3.68392522785209, -3.21701887308221
-12.7568510622903, 3.35580378998925, -3.40217086570426
-12.7568510622903, 3.00015066787759, -3.52776275345324
-12.7568510622903, 2.63249478106623, -3.61281220513093
-12.7568510622903, 2.2602376561885, -3.67518948775549
-12.7568510622903, 1.88583442857674, -3.72311842355718
-12.7568510622903, 1.51009568751833, -3.75918495408827
-12.7568510622903, 1.13354862058002, -3.78554319308977
-12.7568510622903, 0.756421957685542, -3.80150595929795
-12.7568510622903, 0.378997927422343, -3.8074079063813
-12.7568510622903, 0.0015215825732119, -3.80840482454493
-11.5971369954243, 4.39556978597944, -0.00139154532443828
-11.5971373280515, 4.38452634463171, -0.374890429819942
-11.5971373293548, 4.35407005410694, -0.747193033020124
-11.5971373293548, 4.31625067563583, -1.11893485234599
-11.5971373293548, 4.27500956396419, -1.49031306076782
-11.5971373293548, 4.22924093355159, -1.8611562794321
-11.5971373293548, 4.17028805725577, -2.23007290522171
-11.5971373293548, 4.06943063585915, -2.58942361409185
-11.5971373293548, 3.89680633790137, -2.91960229857516
-11.5971373293548, 3.63705903774067, -3.18635411346414
-11.5971373293548, 3.31704204298183, -3.37771131143794
-11.5971373293548, 2.9668182767692, -3.50701901613873
-11.5971373293548, 2.60404260383399, -3.59610222854578
-11.5971373293548, 2.23635547445774, -3.66246853813581
-11.5971373293548, 1.86626501824573, -3.71385538836521
-11.5971373293548, 1.49466887938053, -3.75296974040733
-11.5971373293548, 1.12215795684492, -3.78214439705008
-11.5971373293548, 0.748938932732174, -3.79998468447329
-11.5971373293548, 0.375349915719861, -3.80692128143298
-11.5971373293548, 0.00169064311667724, -3.80806642962037
-10.4374232958878, 4.38193128584525, -0.00125239640760368
-10.4374235947719, 4.37455412712979, -0.366361754138128
-10.4374235964193, 4.32453825260326, -0.727416610770037
-10.4374235964193, 4.26288635991211, -1.0873584864832
-10.4374235964193, 4.19835281660901, -1.44679241416831
-10.4374235964193, 4.12693057388948, -1.80491462504431
-10.4374235964193, 4.04326284527235, -2.16034285831661
-10.4374235964193, 3.92794439458167, -2.50656795781031
-10.4374235964193, 3.76156103263147, -2.83107735040386
-10.4374235964193, 3.52571548782517, -3.10850285312968
-10.4374235964193, 3.22669619444105, -3.31660458145248
-10.4374235964193, 2.89117579416375, -3.45967633165304
-10.4374235964193, 2.54003824166762, -3.55953889989366
-10.4374235964193, 2.18279916568579, -3.63509577608479
-10.4374235964193, 1.82245727750825, -3.69420640398341
-10.4374235964193, 1.46012956248078, -3.73965198341601
-10.4374235964193, 1.0965813883331, -3.77404655163433
-10.4374235964193, 0.732079953447023, -3.79600563581607
-10.4374235964193, 0.367034323660578, -3.80559903963849
-10.4374235964193, 0.00185970366014348, -3.80772803469581
-9.27770959633544, 4.34138965344458, -0.00111324713577093
-9.27770986121945, 4.32779889027136, -0.353986867071838
-9.27770986348384, 4.25633284176885, -0.69811571072834
-9.27770986348384, 4.16424476400728, -1.03903206866288
-9.27770986348383, 4.0690967759884, -1.37910510979455
-9.27770986348384, 3.96788340218586, -1.7174169887146
-9.27770986348384, 3.8565475242998, -2.05251744883408
-9.27770986348384, 3.72511457979132, -2.38017017540856
-9.27770986348384, 3.56159164354983, -2.69294234208218
-9.27770986348384, 3.35156481966357, -2.97607621158599
-9.27770986348384, 3.08531578774049, -3.20696302844774
-9.27770986348384, 2.77737190124846, -3.37871273601091
-9.27770986348384, 2.44614827817087, -3.50060753560543
-9.27770986348384, 2.10518576436084, -3.59224002883648
-9.27770986348383, 1.75938804466455, -3.66367503985192
-9.27770986348383, 1.41063583205467, -3.718954511619
-9.27770986348384, 1.05990136847622, -3.75989203686207
-9.27770986348383, 0.707917597008021, -3.78812459681321
-9.27770986348383, 0.355126717204541, -3.80330695281154
-9.27770986348383, 0.00202876420360882, -3.80738963977125
-8.11799589679091, 4.25587470196853, -0.000974097270504464
-8.11799612740397, 4.23179963363243, -0.338794103966529
-8.11799613054836, 4.14022590600038, -0.661542505022204
-8.11799613054836, 4.01642371318803, -0.976779519713594
-8.11799613054836, 3.88957215208759, -1.2908008561524
-8.11799613054836, 3.75856755246807, -1.60311089902124
-8.11799613054836, 3.62173466487775, -1.91290699422957
-8.11799613054836, 3.47509100049681, -2.21816030846512
-8.11799613054835, 3.31164236810148, -2.51471250985191
-8.11799613054836, 3.12308966617241, -2.795815704776
-8.11799613054836, 2.89386996081356, -3.04450344236241
-8.11799613054836, 2.62454161212367, -3.24917660297395
-8.11799613054836, 2.32407468827047, -3.40464564118995
-8.11799613054836, 2.00666279080947, -3.52240041919269
-8.11799613054836, 1.68067010816858, -3.61398195204116
-8.11799613054836, 1.34971747431091, -3.68567787998809
-8.11799613054836, 1.01512427375374, -3.73782728325195
-8.11799613054836, 0.678478206689304, -3.77468453036632
-8.11799613054836, 0.340721604819876, -3.79935863816588
-8.11799613054836, 0.00219782474707461, -3.80705124484669
-6.94828219753456, 4.11057093415746, -0.000833746762128946
-6.94828239335179, 4.07433115809187, -0.321206243356623
-6.94828239761288, 3.96787790878108, -0.62008413594859
-6.94828239761287, 3.81683118729601, -0.90492863750559
-6.94828239761287, 3.66366860036493, -1.18864066477337
-6.94828239761287, 3.50783624608897, -1.47089445991913
-6.94828239761287, 3.3490087356458, -1.75147370187632
-6.94828239761287, 3.18736712066395, -2.03044142804501
-6.94828239761288, 3.0210553358041, -2.30664138365518
-6.94828239761288, 2.84448118428306, -2.57636722796062
-6.94828239761288, 2.64846051080898, -2.83216243058393
-6.94828239761288, 2.42116297730893, -3.06045794256928
-6.94828239761287, 2.16468007940901, -3.255326742749
-6.94828239761287, 1.881520180485, -3.40905429581219
-6.94828239761288, 1.58372556862488, -3.53232942524138
-6.94828239761288, 1.27671372947902, -3.63054513196793
-6.94828239761288, 0.962842603231973, -3.70385272611397
-6.94828239761287, 0.644407942729847, -3.7540919356646
-6.94828239761287, 0.324169815990317, -3.79137085528222
-6.94828239761287, 0.00236834306877188, -3.80670993200442
-6.49439671742897, 4.03417934696874, -0.000779286113550278
-6.49439689966258, 3.99201465662408, -0.313495244068914
-6.49439690443868, 3.8816629789655, -0.602930488000017
-6.49439690443868, 3.72222768873131, -0.875234385052912
-6.49439690443868, 3.56126092858163, -1.14663555209868
-6.49439690443868, 3.39818608228822, -1.41677455236931
-6.49439690443868, 3.23262647319557, -1.68539828960477
-6.49439690443868, 3.06540465199478, -1.95299117449036
-6.49439690443868, 2.8966533681061, -2.21962033467667
-6.49439690443868, 2.72231222826351, -2.48261436929749
-6.49439690443868, 2.53537133744975, -2.73673876644765
-6.49439690443868, 2.32381035417949, -2.97058744287531
-6.49439690443868, 2.08601989734568, -3.1777253922455
-6.49439690443868, 1.82140011613438, -3.34909186339675
-6.49439690443868, 1.53821344205053, -3.48797585287737
-6.49439690443868, 1.24323252496857, -3.59975516200001
-6.49439690443868, 0.939584005929424, -3.68514772416514
-6.49439690443868, 0.629593965232433, -3.74373099261692
-6.49439690443868, 0.316995926619584, -3.78664122016108
-6.49439690443868, 0.00243450950792689, -3.80657749195231
-6.03051123761139, 3.9421315354761, -0.000723625404204494
-6.0305114059115, 3.89332422516346, -0.304989285584843
-6.03051141126449, 3.78030005362369, -0.584933809762881
-6.03051141126449, 3.6138328749426, -0.844257001543396
-6.03051141126449, 3.44619652307605, -1.10282571848344
-6.03051141126449, 3.27697489425508, -1.36035936114832
-6.03051141126449, 3.10567038109707, -1.61651225943419
-6.03051141126449, 2.93323012559008, -1.87190270650668
-6.03051141126449, 2.76113427227855, -2.12752532252648
-6.03051141126449, 2.58761007639502, -2.38217734551081
-6.03051141126449, 2.40742551468615, -2.63213698425785
-6.03051141126449, 2.21075287912864, -2.86922023098169
-6.03051141126449, 1.99191037251367, -3.08600550344507
-6.03051141126449, 1.74958517669182, -3.27594480007528
-6.03051141126449, 1.48479462520017, -3.43324377924858
-6.03051141126449, 1.20458003339847, -3.56115549906569
-6.03051141126449, 0.913213165731331, -3.6610688428793
-6.03051141126449, 0.613220298341611, -3.73105676219274
-6.03051141126449, 0.309135063811306, -3.78082679674732
-6.03051141126449, 0.0025021337253125, -3.80644213398248
-5.56662575779388, 3.83440139122014, -0.000667964487925936
-5.56662591214279, 3.77916836873991, -0.296002947591579
-5.5666259180903, 3.66499144283899, -0.566824352530155
-5.5666259180903, 3.4929057003297, -0.8131171653933
-5.5666259180903, 3.31989385432061, -1.058760138814
-5.5666259180903, 3.14559875515152, -1.30349406807033
-5.5666259180903, 2.96955555278053, -1.5469732324544
-5.5666259180903, 2.79260138938609, -1.78979196958286
-5.5666259180903, 2.61658020599656, -2.0332866772883
-5.5666259180903, 2.44208884569895, -2.27788111229771
-5.5666259180903, 2.26589457359298, -2.52124758347454
-5.5666259180903, 2.08178487890061, -2.75864027643686
-5.5666259180903, 1.88211234834646, -2.98306206069292
-5.5666259180903, 1.66413309930899, -3.18962547857381
-5.5666259180903, 1.4222982112134, -3.36759578472273
-5.5666259180903, 1.16037123844097, -3.51443471663725
-5.5666259180903, 0.883572890851764, -3.63089478711824
-5.5666259180903, 0.595341355516702, -3.71519736213538
-5.5666259180903, 0.300725831904809, -3.7739014888247
-5.5666259180903, 0.00256975794269899, -3.80630677601266
-5.10274027797647, 3.70922386982063, -0.000612303341424357
-5.1027404184197, 3.64859446315411, -0.286836880128522
-5.10274042491611, 3.53505861531244, -0.549209585665303
-5.10274042491611, 3.35887180026518, -0.782787822382862
-5.10274042491611, 3.18169139801764, -1.01561312990389
-5.10274042491611, 3.00327511284235, -1.24749257350265
-5.10274042491611, 2.82337244824064, -1.47822053608239
-5.10274042491611, 2.64270668799216, -1.70835222382819
-5.10274042491611, 2.46295384258738, -1.93919660015239
-5.10274042491611, 2.28598331362818, -2.17217895481454
-5.10274042491611, 2.11082879436893, -2.40653252979369
-5.10274042491611, 1.93504957087584, -2.64041656833579
-5.10274042491611, 1.75427205609771, -2.87044087259193
-5.10274042491611, 1.56194248946824, -3.0908338178506
-5.10274042491611, 1.34795936311533, -3.29008136836572
-5.10274042491611, 1.10918583335289, -3.45874449193954
-5.10274042491611, 0.85000165973756, -3.59403643512394
-5.10274042491611, 0.575576068235432, -3.69494363613284
-5.10274042491611, 0.29172194028684, -3.76545036570284
-5.10274042491611, 0.00263738216008504, -3.80617141804283
-4.63885479815918, 3.56461083312827, -0.000556641938465728
-4.6388549248287, 3.50039949721688, -0.277906299435743
-4.63885493174192, 3.38950868371054, -0.532785775554247
-4.63885493174192, 3.21087066551903, -0.754448133825448
-4.63885493174192, 3.03069372881498, -0.974861258896254
-4.63885493174192, 2.84897138964026, -1.19400214884604
-4.63885493174192, 2.66597198294112, -1.41207802784117
-4.63885493174192, 2.48249015105712, -1.629748509252
-4.63885493174192, 2.30001257596549, -1.84826056055071
-4.63885493174192, 2.1202207034921, -2.06898451889639
-4.63885493174192, 1.94401495104678, -2.29258314397115
-4.63885493174192, 1.77141629916569, -2.51897280134363
-4.63885493174192, 1.60567084021681, -2.75041899062294
-4.63885493174191, 1.44003420872034, -2.98193864981176
-4.63885493174192, 1.25830438344034, -3.20088272722705
-4.63885493174192, 1.04882257604939, -3.39322408403031
-4.63885493174192, 0.811694304796708, -3.55023006853873
-4.63885493174192, 0.553382021802324, -3.66933283080976
-4.63885493174192, 0.281970071061732, -3.75473064838893
-4.63885493174192, 0.00270500637747109, -3.80603606007301
-4.1749693183421, 3.39996267080794, -0.000500980271138047
-4.17496943141859, 3.33386823678819, -0.269515349961964
-4.17496943856773, 3.22680533799619, -0.517777970620729
-4.17496943856773, 3.04678463000789, -0.728322759853855
-4.17496943856773, 2.86456569838616, -0.936967982483301
-4.17496943856773, 2.68045081932028, -1.14394282246116
-4.17496943856773, 2.49512556374429, -1.34983521904672
-4.17496943856773, 2.3096145013056, -1.55556046615358
-4.17496943856772, 2.12522074784225, -1.76228666405037
-4.17496943856772, 1.94342632683129, -1.97129934705377
-4.17496943856773, 1.76577248029324, -2.18383965690621
-4.17496943856773, 1.59317911488307, -2.40050026622453
-4.17496943856773, 1.43457283154011, -2.6274807345302
-4.17496943856773, 1.29501039305433, -2.86675420553763
-4.17496943856773, 1.14919297686197, -3.10220409218745
-4.17496943856773, 0.976253415623156, -3.31820622595336
-4.17496943856772, 0.767423356679495, -3.49959689123934
-4.17496943856773, 0.528471835267747, -3.63903211368774
-4.17496943856773, 0.271276441406256, -3.74136722710407
-4.17496943856773, 0.00277263059485758, -3.80590070210319
-3.71108383852524, 3.21662950853798, -0.000445318357256597
-3.7110839381881, 3.1486915154336, -0.26172274377979
-3.71108394539353, 3.04495585016516, -0.504071958220916
-3.71108394539353, 2.86372058308312, -0.704157505656103
-3.71108394539353, 2.67991594027401, -0.90188597875553
-3.71108394539353, 2.49403845007612, -1.09766811282142
-3.71108394539353, 2.30685693486975, -1.29220491042973
-3.71108394539353, 2.11957980530628, -1.48664972147157
-3.71108394539353, 1.93350326086403, -1.68224250214478
-3.71108394539353, 1.75010770588314, -1.88034759355968
-3.71108394539353, 1.5713676002375, -2.08265564499071
-3.71108394539353, 1.39906660771759, -2.29046956173133
-3.71108394539353, 1.24171481569936, -2.50962709593837
-3.71108394539353, 1.1231470351143, -2.75186393260098
-3.71108394539353, 1.01644284898342, -2.99983649474858
-3.71108394539353, 0.888602103416603, -3.2373210921218
-3.71108394539353, 0.716196037819815, -3.44432593451287
-3.71108394539353, 0.501539372886197, -3.6071186628463
-3.71108394539353, 0.260151675602468, -3.72734959685621
-3.71108394539353, 0.00284025481224363, -3.80576534413336
-3.24719835870857, 3.01579730194785, -0.000389656212470383
-3.24719845221934, 2.94405763555087, -0.254800725658306
-3.24719845221934, 2.84083778210646, -0.491924178761809
-3.24719845221934, 2.65735550361462, -0.682200931825167
-3.24719845221934, 2.47121205893798, -0.869876324271095
-3.24719845221934, 2.28311813795331, -1.05559825657236
-3.24719845221934, 2.09392412834495, -1.24020029146632
-3.24719845221934, 1.90449645802318, -1.42456272917513
-3.24719845221934, 1.71599446421014, -1.60987038803378
-3.24719845221934, 1.52989076900529, -1.79758268421587
-3.24719845221934, 1.34875753629813, -1.99008204770583
-3.24719845221934, 1.17658297868944, -2.19060542465695
-3.24719845221934, 1.02217780981403, -2.40491815715762
-3.24719845221934, 0.924058826469708, -2.64920538924869
-3.24719845221934, 0.863987479184832, -2.90661264985939
-3.24719845221934, 0.78913234001974, -3.15990782960156
-3.24719845221934, 0.660227812943667, -3.38971527316106
-3.24719845221934, 0.474594529083868, -3.57678847668717
-3.24719845221934, 0.250171406036306, -3.71556586827171
-3.24719845221934, 0.00290787902963056, -3.80562998616354
-2.78331287889202, 2.79748078121234, -0.00033399383697375
-2.78331295233234, 2.71676274316824, -0.249131014045939
-2.78331295904515, 2.60804501578763, -0.481840838466373
-2.78331295904515, 2.41979000715526, -0.663437622142319
-2.78331295904515, 2.2294093719671, -0.842806140639366
-2.78331295904515, 2.0375763271123, -1.02062138888676
-2.78331295904515, 1.84492772066041, -1.1975532307651
-2.78331295904515, 1.65209497362681, -1.37428448378572
-2.78331295904515, 1.45984705664749, -1.55165118336454
-2.78331295904515, 1.26932718875013, -1.73087018370657
-2.78331295904515, 1.08269506806651, -1.91412267632055
-2.78331295904515, 0.904824877730464, -2.10583563831403
-2.78331295904515, 0.755699734023853, -2.31988300815093
-2.78331295904515, 0.706918252408934, -2.57344127240422
-2.78331295904515, 0.716471295826623, -2.83481731681835
-2.78331295904515, 0.697560757490662, -3.09533008621387
-2.78331295904515, 0.608951278319543, -3.34017257329666
-2.78331295904515, 0.451125849573795, -3.54759122979743
-2.78331295904515, 0.242531814162593, -3.70427527536485
-2.78331295904515, 0.00297550324701617, -3.80549462819372
-1.88445341882965, 2.29474098450273, -0.000452274357304857
-1.91785038819375, 2.20360080451889, -0.235605308732363
-1.95617637373952, 2.09900936142657, -0.462540249572346
-2.01756151806137, 1.93148957719601, -0.643900455884403
-2.07889834048059, 1.76410166322152, -0.825398692016016
-2.14011761131271, 1.59703454700233, -1.00723181980228
-2.20114971224089, 1.43047821661364, -1.18959558429973
-2.26192371846508, 1.26462622551749, -1.37268587373212
-2.32225932161349, 1.09997063445382, -1.55699585206889
-2.38170597654712, 0.937740979091304, -1.7437262307768
-2.43921588309905, 0.78079670139788, -1.93548959620354
-2.4920129565287, 0.636713724210955, -2.13825365884352
-2.52427075931832, 0.548682324712463, -2.37174330899225
-2.50630070956366, 0.597722510098835, -2.6196898285229
-2.48888371436254, 0.645253412082859, -2.86866686929614
-2.49066015909438, 0.64040550235711, -3.1221378585205
-2.52076279907125, 0.558255532532878, -3.35984083264003
-2.57377377597557, 0.413588813720518, -3.56107712954247
-2.64412446931391, 0.221602086333878, -3.71123856824437
-2.7253274898957, 0.00149197810538863, -3.80547770857442
-1.34974953221262, 1.91673468450085, -0.000323951035556567
-1.4145823103824, 1.82364976014617, -0.229811595210635
-1.48467506597952, 1.72301272072324, -0.453877226085637
-1.58579108548601, 1.57783342573514, -0.638902971479907
-1.68642544617862, 1.43334568177292, -0.824730974934594
-1.78656844211843, 1.2895634243275, -1.01136981146996
-1.8861734921413, 1.1465535332128, -1.19888777113087
-1.98514873491115, 1.00444790013178, -1.38742366130732
-2.08319429685559, 0.863677074408226, -1.57743951248702
-2.17940015829223, 0.725547634530522, -1.77030688191372
-2.27124647490351, 0.593677496070171, -1.96953570977039
-2.35210386985998, 0.477584915966175, -2.18260231892942
-2.36778090777047, 0.45507630336003, -2.42693860164043
-2.30415688286163, 0.546425736670919, -2.65737019876599
-2.26402101533029, 0.604051590421638, -2.90278680438558
-2.27013201610633, 0.595277602000549, -3.15691247268705
-2.32831146151266, 0.511745329783794, -3.39064268108287
-2.42409673519943, 0.374219756962024, -3.58279400660081
-2.54674328679508, 0.198127581060696, -3.72113012580445
-2.68473750967425, 0.00149493666483641, -3.80546586475231
-1.01420642469096, 1.62994088640194, -0.000243422902321492
-1.10491601346552, 1.53923129762737, -0.227316821024395
-1.20039831803939, 1.4437489930535, -0.450169989312484
-1.32683378982652, 1.31731352126638, -0.640037178557631
-1.45254024165694, 1.19160706943595, -0.830870129324172
-1.57754474658223, 1.06660256451066, -1.02262307440124
-1.70182446478006, 0.942322846312837, -1.21531587776714
-1.82530230388589, 0.818845007207003, -1.40903684460923
-1.94753933042799, 0.696607980664899, -1.6043235022934
-2.06707528843436, 0.577072022658529, -1.80291681863094
-2.17948037169569, 0.464666939397204, -2.00960897501398
-2.27277621060737, 0.371371100485521, -2.23392652700764
-2.23416827708776, 0.409979034005132, -2.47351753597993
-2.12989310761394, 0.514254203478957, -2.68823390783321
-2.07278911555401, 0.571358195538885, -2.9348107504231
-2.09103957454389, 0.553107736549003, -3.19214618507033
-2.17547860199452, 0.468668709098373, -3.42277014679708
-2.30661813918624, 0.337529171906648, -3.60463472990176
-2.46765186368769, 0.176495447405206, -3.73049135994339
-2.6441475294528, 0.00149789522428419, -3.8054540209302
-0.760948400422786, 1.37620595211667, -0.000182641662866628
-0.875173982762243, 1.29089326110629, -0.226875729047444
-0.993692749306584, 1.20237408088376, -0.449944797345284
-1.13990936029241, 1.09316796174532, -0.645934714246715
-1.28533223715409, 0.984554665971765, -0.842842579012443
-1.43001210567522, 0.87649630753954, -1.04060127999556
-1.57394086301615, 0.768998938289582, -1.23921190556266
-1.71705687106681, 0.662108594433147, -1.43873528513723
-1.85866352226913, 0.556345557540609, -1.6399267748185
-1.99642773586863, 0.453452356679745, -1.84521460982709
-2.12321123642879, 0.358760420013923, -2.06115055262419
-2.21223609748405, 0.292269619022605, -2.30178174702359
-2.09023477422813, 0.383389847789394, -2.51441206040984
-1.95167342371727, 0.486878413485518, -2.71753721727726
-1.88593161255327, 0.535979592988631, -2.96978313615001
-1.92364141262316, 0.50781493446349, -3.23114548698594
-2.0359750198521, 0.42391531996974, -3.45784406705155
-2.20116000816791, 0.300542117757812, -3.6271582341804
-2.39542466515939, 0.155449921099967, -3.73964202477807
-2.60355754923135, 0.00150085378373196, -3.80544217710809
-0.557143712792468, 1.14067830554236, -0.000133728263118708
-0.693592853506285, 1.06308196469191, -0.228485833150655
-0.834079766532244, 0.983189410358761, -0.45343046331221
-0.997559400928902, 0.890221280501822, -0.656941643832777
-1.16033694821539, 0.797652415824732, -0.861196250415025
-1.32242486778592, 0.705475730878695, -1.06617536693467
-1.48383569419551, 0.613684097472221, -1.27186036473774
-1.6445466661137, 0.522290459592695, -1.47826913320031
-1.80332451143111, 0.43199615843187, -1.68664430498215
-1.95614454069929, 0.345089967466982, -1.90078923693272
-2.09238724548533, 0.267611023270931, -2.12912124581683
-2.11266231351454, 0.256080931682739, -2.37757727455859
-1.92314479925699, 0.363856367691549, -2.54799597508067
-1.75756207683479, 0.458020488482655, -2.74689308805747
-1.6967690618507, 0.492592457843207, -3.01064479515221
-1.75907254911993, 0.457161508193954, -3.27621832755131
-1.90278250097351, 0.375436065664268, -3.49668228116906
-2.10206389291395, 0.262108075958602, -3.65071642616248
-2.32694244526462, 0.134223409870773, -3.74890413824242
-2.5629675690099, 0.00150381234317974, -3.80543033328599
-0.388239041848599, 0.91708410921436, -9.31901649566875E-05
-0.546503123442795, 0.849074705871695, -0.231936579430911
-0.708640413171258, 0.779400903560039, -0.46046191847504
-0.888334478506587, 0.702182585641199, -0.672999849283434
-1.06751191609968, 0.625186273525226, -0.88605380228541
-1.24617586499615, 0.548410618298228, -1.09961799885481
-1.42432943957607, 0.471854281645604, -1.31368669319638
-1.6018395388104, 0.395574459877967, -1.52838713129702
-1.77656627813405, 0.320490706383727, -1.74576761131834
-1.94118987888532, 0.249748483951203, -1.97219414400887
-2.0802702370112, 0.189982729918154, -2.21774626928741
-1.96110978779338, 0.241188480279929, -2.43340100347249
-1.7293987385727, 0.340759589824594, -2.57396315988868
-1.54438630195477, 0.420263323701628, -2.77693579225344
-1.5053169914959, 0.437052227832953, -3.05766252260404
-1.59478044259598, 0.398607901937877, -3.32752033228858
-1.77354728585315, 0.321788030840748, -3.53839501572722
-2.00654839262359, 0.221662556443656, -3.67498494551253
-2.26037089009623, 0.112589692694814, -3.75829013317393
-2.52237758878845, 0.00150677090262752, -3.80541848946388
-0.247984341646386, 0.701730763416986, -5.95274420936483E-05
-0.427591384907412, 0.645308695338435, -0.236274953194396
-0.610580253829066, 0.587824254681454, -0.46953831616094
-0.805620838466728, 0.526553867147078, -0.69190163830113
-1.00036401044499, 0.465376909341355, -0.914551287161278
-1.19479943214351, 0.404296628742272, -1.1374961763614
-1.38892403119021, 0.343313990510117, -1.36073846031439
-1.58228855077901, 0.282570124957141, -1.58470265954041
-1.771256740227, 0.223207330179545, -1.81273290553322
-1.9431105685009, 0.169220870504145, -2.05500461716412
-2.03449844020546, 0.140512125984727, -2.32379212123049
-1.78121008647695, 0.22008056872561, -2.46452965256609
-1.51780614358304, 0.302826740191278, -2.58603672627893
-1.32612808800251, 0.363040817015713, -2.80332614135337
-1.31623474889432, 0.366148727722059, -3.1013303141295
-1.43011299277965, 0.330374818678716, -3.37651308179689
-1.64257867097878, 0.263630482031047, -3.57728546583776
-1.90639165199049, 0.18075581462162, -3.69707135860069
-2.18670102678808, 0.0926989414571461, -3.76632404286783
-2.47217115322419, 0.00302086082216041, -3.80540383957501
-0.135138271604613, 0.492596348162925, -3.24421556196196E-05
-0.334928082287385, 0.4499193284818, -0.240926257504682
-0.537165285444249, 0.406719522296061, -0.479638966108229
-0.746386568451579, 0.362027849672217, -0.712010353849354
-0.955503664623279, 0.317358432355686, -0.944479785162847
-1.16449825769854, 0.272715182875441, -1.17706437589361
-1.37339517582772, 0.228092797700448, -1.4097406518329
-1.58101114796252, 0.183744034874994, -1.643608970092
-1.78097809879903, 0.141029176358135, -1.88427602677617
-1.95447405280213, 0.103968776639641, -2.14532429691136
-1.88310292122155, 0.119214334842632, -2.37668427993881
-1.58911539097996, 0.182012890841302, -2.47272131976398
-1.30114573998742, 0.243525970116847, -2.58452093780101
-1.12670461933064, 0.280788266497354, -2.83172578333311
-1.1470464957317, 0.276443046605749, -3.144541214241
-1.28212623233184, 0.247588719362009, -3.4260078405828
-1.52436506623824, 0.1958441812055, -3.61798362165286
-1.81557456509512, 0.133639039353801, -3.72125139217647
-2.11963026621197, 0.0686898254956161, -3.77614623946509
-2.42702462572191, 0.00302744218467093, -3.8053909417696
-0.0523055912689142, 0.289337901166305, -1.25593628412004E-05
-0.267911180172639, 0.262772803094481, -0.24349400487168
-0.484678110046613, 0.236064614405542, -0.485919493344463
-0.704338077591899, 0.20899997007065, -0.725693856639559
-0.924002224274735, 0.181934810817757, -0.965464334021649
-1.14365625216265, 0.154870898317235, -1.20524422068676
-1.36334571991686, 0.127802619215975, -1.44499111416814
-1.58101221133152, 0.100983594158316, -1.68659665034651
-1.78659723612887, 0.0756531452881865, -1.93855002501328
-1.9567610336627, 0.0546870006128794, -2.21577852680054
-1.74801253759843, 0.0804072256705401, -2.3900819861006
-1.43163332618889, 0.119388797631246, -2.4594374341746
-1.12734408384678, 0.156880745804392, -2.56595226498332
-0.983074051799078, 0.174656479585968, -2.84306446270966
-1.02220712518319, 0.169834833089759, -3.16554862380903
-1.16563078805343, 0.152163381763562, -3.45557749181422
-1.42243401728454, 0.120522258709317, -3.64962654992412
-1.73180353126704, 0.0824043624099483, -3.74336931877619
-2.05278449919638, 0.0428558009110587, -3.78580712098622
-2.37597593739881, 0.00303488395140879, -3.80537869157269
-0.00606461283611328, 0.0936742289036545, -1.45771228650422E-06
-0.22800042101457, 0.0848424182574498, -0.241117399875171
-0.450084300425537, 0.0760047151998381, -0.482096637969392
-0.672533691669971, 0.0671524668044162, -0.722738082432402
-0.894990121164747, 0.058299938325781, -0.963373010524143
-1.11745006157185, 0.0494472701323647, -1.20400468755294
-1.33997608007935, 0.0405919723981125, -1.44457512186763
-1.56030830335024, 0.0318239755112779, -1.68715093239781
-1.76712763804245, 0.0235937164243487, -1.94115631936505
-1.9324233282519, 0.0170158674123056, -2.22362977139038
-1.69578076739344, 0.0264329250087723, -2.37571250731725
-1.37308928884778, 0.0392742508815562, -2.43178520090472
-1.06143147087349, 0.0516764984384043, -2.52649972832188
-0.916364423859281, 0.0574493599732288, -2.80446285978271
-0.952325684789803, 0.056018301822929, -3.12914419232265
-1.08086328715077, 0.050903220240166, -3.42880942255327
-1.32291265861631, 0.0412710016569545, -3.64506400941402
-1.63122454025105, 0.0290019037546369, -3.75208537920768
-1.95615738605596, 0.0160713839325683, -3.79172535529467
-2.28341434409787, 0.00304837737131977, -3.80509669696788
