-38.7099057562289, 3.38064016983841, -0.0106945121238685
-38.7099057562289, 3.36909522726038, -0.313673958712968
-38.7099057562289, 3.35750423484237, -0.616651629214966
-38.7099057562289, 3.34468524401868, -0.919579241122962
-38.7099057562289, 3.32901014797913, -1.22237122204078
-38.7099057562289, 3.30845487614222, -1.52486757868555
-38.7099057562289, 3.2797555105322, -1.826689709049
-38.7099057562289, 3.23575231688564, -2.12661469970439
-38.7099057562289, 3.16220357796237, -2.42050090528106
-38.7099057562289, 2.9982619521415, -2.67001316657109
-38.7099057562289, 2.71659000362622, -2.77222939275725
-38.7099057562289, 2.41605324721715, -2.81213835549007
-38.7099057562289, 2.11477513549614, -2.84621100311212
-38.7099057562289, 1.81331594191045, -2.87864540016479
-38.7099057562289, 1.5116842886757, -2.90943429305534
-38.7099057562289, 1.20991289880027, -2.93882259689233
-38.7099057562289, 0.907962251028724, -2.96630385419958
-38.7099057562289, 0.605755253176447, -2.99077891439472
-38.7099057562289, 0.303088501429833, -3.00856986991624
-38.7099057562289, 7.14703645015821E-07, -3.01477889301198
-37.9546849835961, 3.39714022886832, -0.0104858660856356
-37.9546849835961, 3.38801507105225, -0.317450640774283
-37.9546849835961, 3.37848506716614, -0.624402504491767
-37.9546849835961, 3.36694874946256, -0.931285522514428
-37.9546849835961, 3.3524505398443, -1.23804141318688
-37.9546849835961, 3.33259516812884, -1.54449240482951
-37.9546849835961, 3.30387931788432, -1.85023038613048
-37.9546849835962, 3.26013420971361, -2.15414324464733
-37.9546849835961, 3.18877413748681, -2.45261508792651
-37.9546849835961, 3.03139919590164, -2.7114312691618
-37.9546849835961, 2.75215798442596, -2.82952075507579
-37.9546849835961, 2.44817208964404, -2.87281629587605
-37.9546849835961, 2.14309150644024, -2.90795814231242
-37.9546849835961, 1.83761597955483, -2.93949463882081
-37.9546849835961, 1.53188576206442, -2.96846511449949
-37.9546849835961, 1.2259699276531, -2.99540544286999
-37.9546849835961, 0.919855249304993, -3.01998004451392
-37.9546849835961, 0.613531914739238, -3.04179203789414
-37.9546849835961, 0.306945389632556, -3.05949476236325
-37.9546849835961, 2.85884090015197E-05, -3.06762684282967
-37.1800995757676, 3.41374085023769, -0.0102718701440099
-37.1800995757676, 3.40676477498797, -0.321687313999604
-37.1800995757676, 3.39847540864012, -0.633065051256846
-37.1800995757676, 3.38660965061262, -0.944332092413639
-37.1800995757676, 3.37213764038296, -1.25548769834629
-37.1800995757676, 3.35286532955272, -1.56637901481438
-37.1800995757676, 3.32540938925907, -1.87664533932028
-37.1800995757677, 3.28336100079958, -2.18523416162213
-37.1800995757676, 3.2139583570525, -2.48868447607567
-37.1800995757676, 3.06257325776709, -2.75691351382894
-37.1800995757676, 2.78882612581088, -2.89684175078628
-37.1800995757676, 2.48207741941658, -2.95040168471306
-37.1800995757676, 2.17322770852789, -2.99085019935816
-37.1800995757676, 1.86369590414233, -3.02572903847521
-37.1800995757676, 1.55375489817574, -3.05677571061235
-37.1800995757676, 1.24350766170389, -3.08459692206311
-37.1800995757677, 0.932975988193903, -3.10903854820788
-37.1800995757676, 0.62222739745322, -3.13055401163591
-37.1800995757676, 0.311293541813455, -3.14919992821572
-37.1800995757676, 5.71772866086188E-05, -3.15895519124592
-36.4055141679391, 3.43000780136734, -0.0100578741972357
-36.4055141679391, 3.42427004357013, -0.332331204531376
-36.4055141679391, 3.4159552492131, -0.654532278786695
-36.4055141679392, 3.40277752681699, -0.976586884791364
-36.4055141679392, 3.38740112423286, -1.29854321457976
-36.4055141679392, 3.36797173156356, -1.620277764782
-36.4055141679391, 3.3409088552025, -1.94144944462705
-36.4055141679391, 3.29791645682, -2.26082729586853
-36.4055141679392, 3.22281439822341, -2.5739612207065
-36.4055141679392, 3.05300239588158, -2.84362497533348
-36.4055141679391, 2.76744655659615, -2.98570277599068
-36.4055141679391, 2.45153870213056, -3.04915586482859
-36.4055141679392, 2.13277579007565, -3.09686934379497
-36.4055141679391, 1.81302069123844, -3.1374498873886
-36.4055141679391, 1.49265033296859, -3.17286109190685
-36.4055141679391, 1.17178033255873, -3.2034117570386
-36.4055141679391, 0.85050259124733, -3.22934032001679
-36.4055141679391, 0.528966581529682, -3.25185364150053
-36.4055141679391, 0.207251857776421, -3.27165720941579
-36.4055141679392, 0.115111287169461, -3.27618828179975
-35.6309274003187, 3.44595525114088, -0.00492193874709351
-35.6309286890259, 3.44036227516371, -0.334231871518831
-35.6309287601107, 3.431657537181, -0.66345407938823
-35.6309287601107, 3.41791888048612, -0.992524619429842
-35.6309287601107, 3.40231569484939, -1.32151148329702
-35.6309287601107, 3.38362243895499, -1.65033596850765
-35.6309287601107, 3.35830901012119, -1.97870670273487
-35.6309287601106, 3.31721806309211, -2.3054241788219
-35.6309287601106, 3.2428250458843, -2.62592202286483
-35.6309287601107, 3.07441625633347, -2.90527603929713
-35.6309287601107, 2.79122705386051, -3.06709996670905
-35.6309287601106, 2.4715518969721, -3.14558004646089
-35.6309287601107, 2.14720791686331, -3.20272837085886
-35.6309287601107, 1.82137456975376, -3.25073094193831
-35.6309287601107, 1.49463088117633, -3.29210294857626
-35.6309287601106, 1.16715374172388, -3.32719635237104
-35.6309287601107, 0.839085997680745, -3.3562731871759
-35.6309287601107, 0.510644533895322, -3.38079412294902
-35.6309287601106, 0.181980132771521, -3.40213625180725
-35.6309287601107, 0.147449368263663, -3.40420896754469
-34.8563420220507, 3.46159342328364, -0.00481494077702226
-34.8563432880946, 3.45493335739146, -0.339181941698703
-34.8563433522822, 3.4454820213733, -0.673467417053557
-34.8563433522822, 3.43189649240215, -1.00762452856854
-34.8563433522822, 3.41676007704406, -1.34171464927932
-34.8563433522822, 3.39912001680291, -1.67568105733423
-34.8563433522822, 3.37563652968134, -2.0092787090582
-34.8563433522822, 3.33744374352609, -2.34146599619227
-34.8563433522822, 3.26674531986226, -2.66800478525141
-34.8563433522822, 3.10574759144651, -2.95800975206851
-34.8563433522822, 2.83033227227534, -3.1424716558168
-34.8563433522822, 2.51039139562288, -3.23871697450443
-34.8563433522822, 2.18292394306731, -3.30646943109163
-34.8563433522822, 1.85322478370426, -3.3624780154193
-34.8563433522822, 1.52226286328506, -3.41049162275625
-34.8563433522822, 1.19031818593249, -3.45115441453526
-34.8563433522822, 0.857533351204187, -3.48425356566402
-34.8563433522822, 0.524178917666811, -3.5110512878357
-34.8563433522822, 0.190505449655444, -3.53356191110135
-34.8563433522822, 0.144035095812232, -3.53645177759904
-34.0817566437827, 3.47691750420464, -0.00470794280452782
-34.0817578866661, 3.46855992261211, -0.344148352457977
-34.0817579444537, 3.45824055797054, -0.683528758742113
-34.0817579444537, 3.4451817655364, -1.02282071309758
-34.0817579444537, 3.43078703650351, -1.36205837710091
-34.0817579444537, 3.41422203876172, -1.70119627881269
-34.0817579444537, 3.39242434238537, -2.04003114960909
-34.0817579444537, 3.35738248269644, -2.37771416299108
-34.0817579444537, 3.29082890205044, -2.71034186636522
-34.0817579444537, 3.13683035271081, -3.01022976258081
-34.0817579444537, 2.86935884811986, -3.21511212300618
-34.0817579444537, 2.55046890123302, -3.33028269140554
-34.0817579444537, 2.22030185957006, -3.40929386981084
-34.0817579444537, 1.88685925261897, -3.47328860270631
-34.0817579444537, 1.55175926182524, -3.52798515184885
-34.0817579444537, 1.21540989055678, -3.57437827120342
-34.0817579444537, 0.877940680197119, -3.6117595792462
-34.0817579444537, 0.539650255235405, -3.64082274842794
-34.0817579444537, 0.200885621751383, -3.6637609270769
-34.0817579444537, 0.138821900565324, -3.66764939999459
-33.3071712655147, 3.4919198371228, -0.00460094482955109
-33.3071724848102, 3.48178252775644, -0.349186015927885
-33.3071725366252, 3.47059525712288, -0.693737247544775
-33.3071725366252, 3.45805873585428, -1.0382433190655
-33.3071725366252, 3.44447396370458, -1.38270947040399
-33.3071725366252, 3.42900091476623, -1.7270953220971
-33.3071725366252, 3.40888919187782, -2.07123636361491
-33.3071725366252, 3.3772490472147, -2.41447828583592
-33.3071725366252, 3.31474591284834, -2.75316575497468
-33.3071725366252, 3.16691326212284, -3.0621940553038
-33.3071725366252, 2.90698262715502, -3.28510628170499
-33.3071725366252, 2.59023502980202, -3.41952894284202
-33.3071725366252, 2.25772398650715, -3.51015307895174
-33.3071725366252, 1.92050758427629, -3.5816535958683
-33.3071725366252, 1.58121042667508, -3.64257644042234
-33.3071725366252, 1.24038053830582, -3.69423527285537
-33.3071725366252, 0.898162964260644, -3.73570417331679
-33.3071725366252, 0.554851167631125, -3.76685294409992
-33.3071725366252, 0.210849971996392, -3.78921866322035
-33.3071725366252, 0.134130612466992, -3.79337263402009
-32.5325858872467, 3.50658671908317, -0.00449394685198632
-32.5325870824517, 3.49501175072057, -0.354187399269285
-32.5325871287967, 3.483014461465, -0.703866501641063
-32.5325871287967, 3.47075464334249, -1.05353661314055
-32.5325871287967, 3.45790814075795, -1.40318560867563
-32.5325871287967, 3.44353773624657, -1.75277459245263
-32.5325871287967, 3.42519507362086, -2.10217438804101
-32.5325871287967, 3.39710472233393, -2.45090036225079
-32.5325871287967, 3.33824708574926, -2.79545242735098
-32.5325871287967, 3.19591589928193, -3.11297856991457
-32.5325871287967, 2.94310045011472, -3.35182103957596
-32.5325871287967, 2.62935164584826, -3.50498442529534
-32.5325871287967, 2.29494976350367, -3.60737227466717
-32.5325871287967, 1.95396491431576, -3.68566053877078
-32.5325871287967, 1.61044697770783, -3.75203471133821
-32.5325871287967, 1.26509635804043, -3.80809548254323
-32.5325871287967, 0.918135867580307, -3.85312007520609
-32.5325871287967, 0.569824767697228, -3.88605727852727
-32.5325871287967, 0.220571817138288, -3.90684361255425
-32.5325871287967, 0.129668678420597, -3.91059096004958
-31.7580005089786, 3.52089455009961, -0.00438694887165147
-31.7580016795207, 3.50828799789128, -0.359013174999525
-31.7580017209682, 3.49560137060634, -0.713636495266871
-31.7580017209682, 3.4834221348012, -1.06827768368302
-31.7580017209682, 3.47117330753376, -1.42291642801351
-31.7580017209682, 3.45779794987102, -1.77751396296968
-31.7580017209682, 3.44115269636796, -2.13197111101786
-31.7580017209682, 3.41635101153942, -2.48592872933328
-31.7580017209682, 3.36049573002511, -2.83599496202855
-31.7580017209682, 3.22320384998675, -3.16137891166535
-31.7580017209682, 2.97700276829115, -3.41419235658692
-31.7580017209682, 2.66661775861829, -3.58452781076276
-31.7580017209682, 2.33085310205224, -3.69858271308953
-31.7580017209682, 1.98626618000862, -3.78314813721452
-31.7580017209682, 1.63862309281328, -3.85421927856659
-31.7580017209682, 1.28882649402272, -3.91379764575162
-31.7580017209682, 0.937241458546654, -3.96170455868639
-31.7580017209682, 0.584089372835753, -3.99607694809345
-31.7580017209682, 0.229758833650223, -4.01481241060635
-31.7580017209682, 0.125554406167424, -4.01803324846403
-30.9734151310923, 3.53499799456522, -0.00427856953024559
-30.973416276024, 3.52176362635287, -0.36357122002876
-30.9734163131397, 3.50858744984564, -0.722865896748934
-30.9734163131397, 3.49636793819793, -1.08219447230099
-30.9734163131397, 3.48450239473233, -1.44153494464084
-30.9734163131397, 3.4719225046648, -1.80085081197632
-30.9734163131397, 3.45666330571749, -2.16006157976424
-30.9734163131397, 3.43446694694154, -2.51888962800341
-30.9734163131397, 3.38086729002548, -2.87404466479664
-30.9734163131397, 3.2484082968254, -3.20669742865041
-30.9734163131397, 3.00844456410638, -3.4718554353798
-30.9734163131397, 2.70125752575733, -3.65710520185598
-30.9734163131397, 2.36462799416885, -3.7824536586283
-30.9734163131397, 2.01676448521392, -3.87311494209051
-30.9734163131397, 1.66518829482575, -3.94824948105505
-30.9734163131397, 1.31110509388539, -4.01052226457235
-30.9734163131397, 0.955084391502972, -4.06055781545563
-30.9734163131397, 0.597332631169061, -4.09594655913523
-30.9734163131397, 0.238222058356634, -4.11267732622818
-30.9734163131397, 0.121858620612488, -4.11557819503437
-29.0469516850406, 3.56772951253613, -0.0040124559154645
-29.0469527644541, 3.55452654651048, -0.372615108016949
-29.0469527935685, 3.54134401164667, -0.741218420309929
-29.0469527935685, 3.52882153901455, -1.109844827059
-29.0469527935685, 3.51665365656707, -1.47848314147796
-29.0469527935685, 3.5042211740396, -1.84711245548085
-29.0469527935685, 3.49009220531354, -2.21568009036248
-29.0469527935685, 3.46963858670356, -2.58392868610725
-29.0469527935685, 3.41836375060931, -2.94888238267651
-29.0469527935685, 3.29659476768536, -3.29585609197436
-29.0469527935685, 3.07094161774664, -3.58512511201186
-29.0469527935685, 2.76884052156052, -3.79519372348207
-29.0469527935685, 2.43133372687462, -3.94296878458111
-29.0469527935685, 2.07787437053214, -4.0479793028323
-29.0469527935685, 1.71838346259408, -4.13031322534251
-29.0469527935685, 1.35542856308833, -4.19577889713888
-29.0469527935685, 0.990253935550146, -4.24751497360542
-29.0469527935685, 0.623198910862329, -4.28323550921052
-29.0469527935685, 0.254674850903847, -4.29731106419539
-29.0469527935685, 0.114874447707306, -4.29806926020328
-27.1104882393547, 3.59689159082064, -0.00374496091364713
-27.1104892499569, 3.58467736525817, -0.378360956695906
-27.1104892739972, 3.57231486224008, -0.752972089893827
-27.1104892739972, 3.55961936448508, -1.12757205939263
-27.1104892739972, 3.54622478080128, -1.50214762706878
-27.1104892739973, 3.53175067087729, -1.87668290934948
-27.1104892739972, 3.51536497065851, -2.25113896451953
-27.1104892739972, 3.49256588451903, -2.62523679149728
-27.1104892739972, 3.44025432063266, -2.99613335154673
-27.1104892739972, 3.32321021494498, -3.35121261078262
-27.1104892739972, 3.11010982148938, -3.65754296704646
-27.1104892739972, 2.81285747740929, -3.88403770357909
-27.1104892739972, 2.47515224641461, -4.04577501916203
-27.1104892739973, 2.11856650846615, -4.16060846346302
-27.1104892739972, 1.75346024117936, -4.24509120739609
-27.1104892739972, 1.38429003853205, -4.30970208737161
-27.1104892739972, 1.01284227979166, -4.35969626752565
-27.1104892739972, 0.639607917759293, -4.39354725299995
-27.1104892739972, 0.265068761808798, -4.4069533359616
-27.1104892739972, 0.110592858403452, -4.408280382813
-25.1740247936984, 3.62004750192202, -0.00347746586550109
-25.1740257310613, 3.6102189116349, -0.375648012117727
-25.174025754426, 3.59997932039115, -0.747807287439574
-25.174025754426, 3.58762477990414, -1.11990176244579
-25.174025754426, 3.57256967336911, -1.49189672599798
-25.174025754426, 3.55527072994995, -1.8637945410326
-25.174025754426, 3.53565708989617, -2.23557702559793
-25.174025754426, 3.51046490750501, -2.60700738900811
-25.174025754426, 3.45990743633924, -2.9756680714363
-25.174025754426, 3.35394090628236, -3.33186539887688
-25.174025754426, 3.16399557069058, -3.6507811223555
-25.174025754426, 2.88976188041527, -3.90052350743832
-25.174025754426, 2.5630523810251, -4.07798888796862
-25.174025754426, 2.21269748085197, -4.20303763183172
-25.174025754426, 1.85086980010728, -4.29034804899137
-25.174025754426, 1.48434098880215, -4.35541528044985
-25.174025754426, 1.11531230958428, -4.40450553779899
-25.174025754426, 0.744676825994506, -4.43929906545342
-25.174025754426, 0.37277073344462, -4.45569752031993
-25.174025754426, 0.000500303460923689, -4.45971055983541
-23.2375613480305, 3.6385586026089, -0.0032099707815176
-23.2375622140932, 3.63182992543255, -0.377109042247383
-23.2375622348548, 3.62418542626737, -0.750989241165877
-23.2375622348548, 3.61126781729379, -1.12472126215198
-23.2375622348548, 3.59299949521888, -1.49823263717438
-23.2375622348548, 3.57267463123181, -1.8716394601667
-23.2375622348548, 3.55021649850983, -2.24492257279069
-23.2375622348548, 3.52024505888675, -2.61765627289355
-23.2375622348548, 3.46441632880136, -2.98725109514119
-23.2375622348548, 3.35681412661519, -3.34480188307767
-23.2375622348548, 3.16886002462739, -3.66681625341809
-23.2375622348548, 2.90029228179151, -3.92532164315191
-23.2375622348548, 2.57595773981875, -4.11011092721502
-23.2375622348548, 2.22392388846951, -4.23527884937332
-23.2375622348548, 1.86029143752812, -4.32218663598517
-23.2375622348548, 1.49190143706727, -4.38621414946441
-23.2375622348548, 1.1208564421834, -4.43259778028402
-23.2375622348548, 0.748211096958763, -4.46351590043152
-23.2375622348548, 0.374519685389192, -4.47691181920515
-23.2375622348548, 0.000571773057265834, -4.47922293738769
-21.3010987152843, 3.66015409764879, -0.005884951891833
-21.3010987152836, 3.64951629225034, -0.379911147469255
-21.3010987152835, 3.63789646836531, -0.753906855175985
-21.3010987152836, 3.62167359532413, -1.1277292985269
-21.3010987152836, 3.60104268024803, -1.50133645513719
-21.3010987152836, 3.5788803073849, -1.87485696372004
-21.3010987152835, 3.5545352012481, -2.24823977447021
-21.3010987152835, 3.52216301449811, -2.62098966898058
-21.3010987152835, 3.46403810630942, -2.99045870634276
-21.3010987152836, 3.35572497445521, -3.34806532821483
-21.3010987152836, 3.16817234169226, -3.67052273800745
-21.3010987152835, 2.9011482455169, -3.93108694355023
-21.3010987152835, 2.57799068343613, -4.11821554082475
-21.3010987152836, 2.22557863952665, -4.24294815689871
-21.3010987152835, 1.86172924191206, -4.32989760607932
-21.3010987152835, 1.4931085876086, -4.3938545366241
-21.3010987152835, 1.12174972881918, -4.43945321215842
-21.3010987152835, 0.748772922938987, -4.46897171607981
-21.3010987152835, 0.374814558528461, -4.48091526306196
-21.3010987152835, 0.000643242454122806, -4.48270006728628
-19.3646344566974, 3.658274636148, -0.00267498048003608
-19.3646351774248, 3.65054465174714, -0.373454056230746
-19.3646351957123, 3.6329740435933, -0.743807653612653
-19.3646351957123, 3.60724618368391, -1.11377342261896
-19.3646351957123, 3.57956221961934, -1.48359785960115
-19.3646351957123, 3.54980842150648, -1.85326151352297
-19.3646351957123, 3.51682780989866, -2.22264932995803
-19.3646351957123, 3.47550626320843, -2.59117654575526
-19.3646351957123, 3.40988272596969, -2.95603737232184
-19.3646351957123, 3.30063266068419, -3.31005873157586
-19.3646351957123, 3.12238015432103, -3.63419160235141
-19.3646351957123, 2.86569810256369, -3.90028698511682
-19.3646351957123, 2.54942298811866, -4.09236561277482
-19.3646351957123, 2.20238052270624, -4.22220798163198
-19.3646351957123, 1.84333002372811, -4.31469375343653
-19.3646351957123, 1.47895196039054, -4.38343680511751
-19.3646351957123, 1.11148577564367, -4.43325992302295
-19.3646351957123, 0.742137501777404, -4.46623597720055
-19.3646351957123, 0.371563965491613, -4.47992680925577
-19.3646351957123, 0.000714711800186759, -4.48209435515701
-17.4281710110202, 3.64684822837635, -0.00240748516508546
-17.4281716571497, 3.64167098891469, -0.365605461594412
-17.4281716761411, 3.61476621906111, -0.727334402028167
-17.4281716761411, 3.5712954593436, -1.08795866936262
-17.4281716761411, 3.52692971423822, -1.44847360723416
-17.4281716761411, 3.47991289617256, -1.80865089135679
-17.4281716761411, 3.42802790898593, -2.16815696850806
-17.4281716761411, 3.36810561072774, -2.52639840123919
-17.4281716761411, 3.28853269313686, -2.88071121988404
-17.4281716761411, 3.17574434971423, -3.22579603720888
-17.4281716761411, 3.01208669934459, -3.54939911156459
-17.4281716761411, 2.77844074001581, -3.8261694254087
-17.4281716761411, 2.48149765248607, -4.03375215596161
-17.4281716761411, 2.14828103760386, -4.17746828188729
-17.4281716761411, 1.80066096425473, -4.28244858976128
-17.4281716761411, 1.4462393295279, -4.36167660302068
-17.4281716761411, 1.08773420115279, -4.41985089125264
-17.4281716761411, 0.726729298551897, -4.45956854391026
-17.4281716761411, 0.363991204954565, -4.47767990277289
-17.4281716761411, 0.000786181146250268, -4.48148864302773
-15.49170756535, 3.61302265637269, -0.00213998967732999
-15.4917081359938, 3.60345064209459, -0.354315910622573
-15.4917081565699, 3.56485173900226, -0.703371222178801
-15.4917081565699, 3.49912167532361, -1.04949117617001
-15.4917081565699, 3.4320846137072, -1.39535994259623
-15.4917081565699, 3.36235271370928, -1.74069431340519
-15.4917081565699, 3.28802650313165, -2.08506679614717
-15.4917081565699, 3.20647581964651, -2.42779277828948
-15.4917081565699, 3.11107379668507, -2.76688929678016
-15.4917081565699, 2.99325389032763, -3.09881856765645
-15.4917081565699, 2.8418613014568, -3.41661001238228
-15.4917081565698, 2.63657977289687, -3.70213406882268
-15.4917081565699, 2.37354025885607, -3.9353223610314
-15.4917081565699, 2.06604595739357, -4.1062791832216
-15.4917081565699, 1.73729362054744, -4.23243469028037
-15.4917081565698, 1.39831622678568, -4.32810006621493
-15.4917081565699, 1.05319783353531, -4.39854122859769
-15.4917081565699, 0.704288770195765, -4.44697409204308
-15.4917081565699, 0.353051077265599, -4.47365592547855
-15.4917081565699, 0.000857650492314443, -4.48088293089846
-13.5552441196797, 3.54175706621954, -0.00187249390072912
-13.5552446144374, 3.52472498029643, -0.34059903514412
-13.5552446369986, 3.47445100171548, -0.674033055124689
-13.5552446369986, 3.38428485852191, -1.0009820248263
-13.5552446369986, 3.29229628149586, -1.32742261645338
-13.5552446369986, 3.19781726319074, -1.65315062532198
-13.5552446369986, 3.1001020462485, -1.97792168997931
-13.5552446369986, 2.99778847118182, -2.30127099518304
-13.5552446369986, 2.88776053252431, -2.62206663995901
-13.5552446369986, 2.76485793857722, -2.93813337251903
-13.5552446369986, 2.62256733400623, -3.24588796260516
-13.5552446369986, 2.4449102333281, -3.53439781116859
-13.5552446369986, 2.22156207713816, -3.78904543166318
-13.5552446369986, 1.95292456776677, -3.99502800537194
-13.5552446369986, 1.65298352195629, -4.15277397523206
-13.5552446369986, 1.33640419306441, -4.27405336840917
-13.5552446369986, 1.00982675470546, -4.36507149065636
-13.5552446369986, 0.676369960304513, -4.42654213303805
-13.5552446369986, 0.33964113787444, -4.46659960646804
-13.5552446369986, 0.000929119838378396, -4.48027721876919
-11.6087806743913, 3.42123466586092, -0.00160361638462338
-11.608781092952, 3.39546501838062, -0.325136964798071
-11.6087811174274, 3.33580772828151, -0.641244567437683
-11.6087811174274, 3.222369347408, -0.945332550640577
-11.6087811174274, 3.10742344453247, -1.24885375022991
-11.6087811174274, 2.99061524313617, -1.55166284881756
-11.6087811174274, 2.87151761352637, -1.85357864254344
-11.6087811174274, 2.75012061019832, -2.15457734455596
-11.6087811174274, 2.62642415883843, -2.45463800571428
-11.6087811174274, 2.49822916069037, -2.75279823793111
-11.6087811174274, 2.36086999305035, -3.04683219773813
-11.6087811174274, 2.20576643724169, -3.33180982210569
-11.6087811174274, 2.01937702958407, -3.59723152703731
-11.6087811174274, 1.7983843003058, -3.83444982774103
-11.6087811174274, 1.53941894921963, -4.02954642269447
-11.6087811174274, 1.25627657974852, -4.18775730689035
-11.6087811174274, 0.956440194619618, -4.31150431105282
-11.6087811174274, 0.643381875802181, -4.39638122374948
-11.6087811174274, 0.323971620615554, -4.45370899429175
-11.6087811174274, 0.00100095825592394, -4.47966837871045
-10.8441952957439, 3.35709497177596, -0.00149799915856976
-10.8441956844209, 3.32696217351345, -0.318496827935115
-10.8441957095989, 3.26426881868924, -0.627524603645964
-10.8441957095989, 3.14280260552836, -0.921875001263429
-10.8441957095989, 3.02012838564728, -1.21572387090831
-10.8441957095989, 2.89593086715345, -1.50893199468724
-10.8441957095989, 2.76978441787735, -1.80130661456208
-10.8441957095989, 2.6418116699554, -2.09288689687345
-10.8441957095989, 2.51276523042076, -2.38399383521399
-10.8441957095989, 2.38188314695268, -2.67427823719799
-10.8441957095989, 2.2453427762277, -2.96193482979953
-10.8441957095989, 2.09650048470332, -3.24337286626275
-10.8441957095989, 1.92294350861327, -3.51015120000648
-10.8441957095989, 1.72039700205754, -3.75559309457025
-10.8441957095989, 1.48233273376615, -3.96652886721813
-10.8441957095989, 1.21658664114974, -4.14153511949854
-10.8441957095989, 0.930802154269508, -4.28150555949556
-10.8441957095989, 0.628460108016431, -4.38056332663462
-10.8441957095989, 0.31701447962784, -4.44657787518412
-10.8441957095989, 0.00102917692286762, -4.4794292217882
-10.0696099174737, 3.28043747478193, -0.00139100047644731
-10.0696102759466, 3.24538373009202, -0.311412651553353
-10.0696103017704, 3.18008153434767, -0.613217136547541
-10.0696103017704, 3.05128760999129, -0.897390279218461
-10.0696103017704, 2.92161191784811, -1.18116202148225
-10.0696103017704, 2.79073334952464, -1.46438085707748
-10.0696103017704, 2.65820813211151, -1.74683253475785
-10.0696103017704, 2.52412067587196, -2.02854647104813
-10.0696103017704, 2.38961741447403, -2.31006226644795
-10.0696103017704, 2.25541591664093, -2.59172202489788
-10.0696103017704, 2.11889248259591, -2.87226000941892
-10.0696103017704, 1.97492268011958, -3.14902867625221
-10.0696103017704, 1.81332962907004, -3.41580370006082
-10.0696103017704, 1.62858331362446, -3.6670816516695
-10.0696103017704, 1.41421246837629, -3.89334064744707
-10.0696103017704, 1.16946715703004, -4.08643172739284
-10.0696103017704, 0.900639026117515, -4.24431947387115
-10.0696103017704, 0.611580949368191, -4.36084265265745
-10.0696103017704, 0.309405718913523, -4.43805672459168
-10.0696103017704, 0.00105776466129356, -4.4791869369365
-9.29502453920582, 3.19072536918658, -0.00128400169361066
-9.29502486764079, 3.15080171843942, -0.304100542143076
-9.29502489394191, 3.0837005062864, -0.598813906703968
-9.29502489394191, 2.94850994807699, -0.872703219404587
-9.29502489394191, 2.81258817270938, -1.14623034407945
-9.29502489394191, 2.67562890197617, -1.41923933417787
-9.29502489394191, 2.53725039198913, -1.69153142513295
-9.29502489394191, 2.39747959105634, -1.96311189643242
-9.29502489394192, 2.25762952046192, -2.23465158213196
-9.29502489394191, 2.11934650917245, -2.50699219395482
-9.29502489394191, 1.98164144727339, -2.7796258374947
-9.29502489394191, 1.84084299002215, -3.0506691741076
-9.29502489394191, 1.69012503205568, -3.31628500997384
-9.29502489394191, 1.52307340078034, -3.57192319874369
-9.29502489394191, 1.33360262077898, -3.81123801343159
-9.29502489394191, 1.11375419702008, -4.02289789569057
-9.29502489394191, 0.865250235577689, -4.20001584585299
-9.29502489394191, 0.592240959315194, -4.33613912385337
-9.29502489394191, 0.301142382878486, -4.42793517489652
-9.29502489394191, 0.00108635239971927, -4.47894465208479
-8.52043916093797, 3.08648948453235, -0.00117700279872474
-8.52043945964658, 3.04232333041686, -0.296793509667512
-8.52043948611342, 2.97457576169581, -0.584787097650041
-8.52043948611342, 2.83404158869239, -0.84858623587171
-8.52043948611342, 2.69263337090443, -1.11191780471205
-8.52043948611342, 2.55013402395905, -1.37466041703244
-8.52043948611342, 2.40629015007745, -1.63666918342804
-8.52043948611342, 2.26125184317197, -1.89801904486834
-8.52043948611342, 2.11639852578499, -2.15947136330042
-8.52043948611342, 1.97352808518198, -2.42201086717647
-8.52043948611342, 1.83316282495087, -2.68589929504497
-8.52043948611342, 1.69344357208931, -2.95013100423572
-8.52043948611342, 1.55185452955762, -3.21336211452841
-8.52043948611342, 1.40316973484062, -3.4726328310515
-8.52043948611342, 1.2392787909334, -3.72247330721376
-8.52043948611342, 1.04773077704929, -3.95162482450802
-8.52043948611342, 0.823641144111232, -4.14893624530267
-8.52043948611342, 0.569593350916663, -4.3056446934908
-8.52043948611342, 0.291992204656915, -4.41556278066898
-8.52043948611342, 0.00111494013814454, -4.47870236723308
-7.74585378267018, 2.96607513878655, -0.00107000377902391
-7.74585405211901, 2.91888843492395, -0.289791074349131
-7.74585407828493, 2.85197159542821, -0.571680897481752
-7.74585407828493, 2.70737414986708, -0.825999371971706
-7.74585407828493, 2.56130274241723, -1.07947396514324
-7.74585407828493, 2.41366476410064, -1.33203929791985
-7.74585407828493, 2.26464875422946, -1.58379434892573
-7.74585407828493, 2.1147919171212, -1.83505004459931
-7.74585407828493, 1.96544146276945, -2.08660672729864
-7.74585407828493, 1.81816270022676, -2.33938035621116
-7.74585407828493, 1.67442536736494, -2.59418345012423
-7.74585407828493, 1.53378513277976, -2.85070945211007
-7.74585407828493, 1.39833920502567, -3.11000783959717
-7.74585407828492, 1.26816214080102, -3.3720000145952
-7.74585407828492, 1.13061290147404, -3.63015360122844
-7.74585407828492, 0.969979663988854, -3.87444054912039
-7.74585407828492, 0.774603170188098, -4.09171330967566
-7.74585407828492, 0.542814050869568, -4.26942032618809
-7.74585407828493, 0.281475283684052, -4.39999997441331
-7.74585407828492, 0.00114352787657025, -4.47846008238137
-6.97126840440251, 2.82898480753551, -0.000963004630669827
-6.97126864511368, 2.7799837054287, -0.283346468236732
-6.97126867045643, 2.71477038288856, -0.55981223928691
-6.97126867045643, 2.56687744921203, -0.805309018340375
-6.97126867045643, 2.4167049704186, -1.04941789967816
-6.97126867045643, 2.26442475302294, -1.29221796120826
-6.97126867045643, 2.11068262899075, -1.53409552271572
-6.97126867045643, 1.95641607690731, -1.77563923126113
-6.97126867045643, 1.80304724566201, -2.0177532862322
-6.97126867045643, 1.65206667129307, -2.26136214121941
-6.97126867045643, 1.50503643974116, -2.50737264722266
-6.97126867045644, 1.36266445570196, -2.75610703942321
-6.97126867045644, 1.23028258075935, -3.01024978910362
-6.97126867045643, 1.11735418306918, -3.27361416271015
-6.97126867045643, 1.00716282865453, -3.53817662616635
-6.97126867045643, 0.879697245693972, -3.79473075395867
-6.97126867045643, 0.717092545741192, -4.03029673918023
-6.97126867045643, 0.511599579176776, -4.22924172597178
-6.97126867045643, 0.269085820254813, -4.38114114417963
-6.97126867045643, 0.00117211561499597, -4.47821779752966
-6.19668302613496, 2.67634264210515, -0.000856005362335196
-6.19668323859574, 2.62552507324622, -0.277605375580566
-6.19668326262794, 2.56139808934094, -0.549328938338251
-6.19668326262794, 2.4101112404195, -0.786571333614887
-6.19668326262794, 2.25595181681043, -1.0219575533431
-6.19668326262794, 2.09937713042327, -1.25574483819976
-6.19668326262794, 1.94116938500437, -1.4884310154614
-6.19668326262794, 1.78264561903018, -1.72090222733422
-6.19668326262794, 1.62528917251476, -1.95416427416839
-6.19668326262794, 1.47071273103149, -2.18927513656748
-6.19668326262794, 1.32097260532246, -2.42749018585045
-6.19668326262794, 1.17783456016046, -2.66972697049187
-6.19668326262794, 1.04753421859503, -2.919011880253
-6.19668326262794, 0.950468589756669, -3.18287698907735
-6.19668326262794, 0.86932577793249, -3.45229867161926
-6.19668326262794, 0.777657931319733, -3.71824388508865
-6.19668326262794, 0.651703263743264, -3.96942076502708
-6.19668326262794, 0.476789654294359, -4.18897958719324
-6.19668326262794, 0.255542687120633, -4.36193469702556
-6.19668326262794, 0.00120070335342146, -4.47797551267795
-5.42209764786753, 2.50913574281828, -0.000749005981635364
-5.42209785479945, 2.45501203667931, -0.272838092548809
-5.42209785479945, 2.38940911981846, -0.540602603854462
-5.42209785479945, 2.23358866287478, -0.770125701364585
-5.42209785479945, 2.07459017558773, -0.997459776837759
-5.42209785479945, 1.91318545674632, -1.22309302373146
-5.42209785479945, 1.75038720067277, -1.44772370668247
-5.42209785479945, 1.58725080272019, -1.67210912611607
-5.42209785479945, 1.42518460250195, -1.89726772885873
-5.42209785479945, 1.26597921365517, -2.12445478175955
-5.42209785479945, 1.11263192088476, -2.35562487003581
-5.42209785479945, 0.969362960107508, -2.59315142470559
-5.42209785479945, 0.844933111365534, -2.84092718483525
-5.42209785479945, 0.769793182757187, -3.10737866593809
-5.42209785479944, 0.724397549144094, -3.38105154680708
-5.42209785479945, 0.672212340818716, -3.65346074238549
-5.42209785479945, 0.584137617620116, -3.91604792891032
-5.42209785479945, 0.441154510490381, -4.15299322790889
-5.42209785479945, 0.242935868564637, -4.34603827939885
-5.42209785479945, 0.0012292910918474, -4.47773322782624
-4.64751226960015, 2.32737500405891, -0.000642006488654352
-4.64751242692036, 2.26596405737612, -0.269268399094865
-4.64751244697095, 2.19377894327571, -0.533943055263005
-4.64751244697095, 2.03120300426795, -0.756430874119924
-4.64751244697096, 1.86592806722942, -0.976922447925801
-4.64751244697096, 1.69879373861855, -1.1960088559525
-4.64751244697096, 1.53062471375336, -1.4143025577146
-4.64751244697095, 1.362247369255, -1.63243572622205
-4.64751244697095, 1.1946867521224, -1.85119624643217
-4.64751244697095, 1.02950878484472, -2.07175844418647
-4.64751244697096, 0.869700628532022, -2.29622868169994
-4.64751244697096, 0.721960522633327, -2.5287506261709
-4.64751244697096, 0.611403772091689, -2.78042481975229
-4.64751244697096, 0.587661975056565, -3.05376039276073
-4.64751244697096, 0.595116903660107, -3.32921025431788
-4.64751244697096, 0.583811568976476, -3.60440262034713
-4.64751244697096, 0.526326579605207, -3.87329741668369
-4.64751244697096, 0.409479182883754, -4.12215432012101
-4.64751244697096, 0.232013902831477, -4.33180542521726
-4.64751244697096, 0.00125787883027267, -4.47749094297453
-3.78135574450746, 2.09950775194691, -0.00104471478422512
-3.80640675815603, 2.03114364777274, -0.266399808329095
-3.83448369728507, 1.9545218064997, -0.528556918246837
-3.89127269801135, 1.79954487757928, -0.748725469565726
-3.94833815843342, 1.64381349138586, -0.968289597892662
-4.00551255069966, 1.48778483067706, -1.18761435064134
-4.06265548429199, 1.33184202054864, -1.40700829129721
-4.1196241502074, 1.17637478613088, -1.62678460659657
-4.17616585108151, 1.02207273740067, -1.84748947544287
-4.23175469019785, 0.870371044144517, -2.07022647711179
-4.28523062699325, 0.724435451869559, -2.29727323031282
-4.33367712518574, 0.592225175041331, -2.53355793965328
-4.3642097716547, 0.508901719423938, -2.7925818918052
-4.35774602985942, 0.526541241865875, -3.06632537995282
-4.34718026850698, 0.555375157327792, -3.33968745958757
-4.3475260951798, 0.554431397884812, -3.6145956746721
-4.36721353052004, 0.500704474918585, -3.88304593592193
-4.40802457132798, 0.389331327133412, -4.13058227797314
-4.47015371112383, 0.219781182582781, -4.33697525613594
-4.5506892942707, 0.00063072614792871, -4.47746065738263
-3.15219575721947, 1.91060327551401, -0.000870892631842905
-3.20338002795429, 1.83711446161461, -0.266772098456621
-3.25964742102416, 1.75632745579127, -0.528943780847738
-3.36024374104174, 1.61189432946935, -0.747453503443269
-3.46077538841292, 1.46755405815949, -0.966054283771996
-3.56110061842775, 1.32351015459051, -1.18494513493558
-3.66107710584055, 1.17996696500673, -1.40432383930395
-3.76055971393163, 1.03713287228105, -1.62438866692648
-3.85917461975997, 0.895544599984017, -1.84564476694775
-3.95600163729787, 0.756523323132319, -2.06930118397486
-4.04884552555363, 0.623220901748335, -2.29804535114542
-4.13203970630733, 0.503773235909788, -2.53774310561561
-4.17559918400683, 0.441231867160017, -2.80482474472232
-4.14306258742378, 0.487946919594775, -3.07908408557252
-4.11408945322454, 0.529545661487224, -3.35479107457019
-4.11227745032867, 0.532147279947116, -3.63483589858265
-4.15124709550068, 0.476195852669597, -3.9061206505507
-4.22845058046578, 0.365349445022597, -4.15109620335667
-4.34182629363242, 0.202568056013811, -4.34816204048022
-4.48291307113186, 0.000631976861483126, -4.47743945745813
-2.66718315105864, 1.74795367356377, -0.000736894758303127
-2.74396167579794, 1.67117514882446, -0.268008864317772
-2.82765093897969, 1.58748588564272, -0.530494950991578
-2.96168843889365, 1.45344838572876, -0.747971584325448
-3.09526875043814, 1.31986807418426, -0.966010144368517
-3.22832604664436, 1.18681077797805, -1.18468728562608
-3.36075500015346, 1.05438182446894, -1.4041258112734
-3.49238970542167, 0.922747119200743, -1.62451779539359
-3.62280046712417, 0.792336357498236, -1.84635902417713
-3.75079672580853, 0.664340098813882, -2.07099003043328
-3.87326210016793, 0.541874724454481, -2.30167239846369
-3.98213702014264, 0.432999804479772, -2.54541290926832
-4.02436418298076, 0.390772641641647, -2.82128686261518
-3.95550040302421, 0.459636421598196, -3.09261416045423
-3.90575669622675, 0.50938012839566, -3.3718629304565
-3.90345425748849, 0.511682567133914, -3.65933886160497
-3.96337473398558, 0.451762090636829, -3.93402321797434
-4.07459020711414, 0.340546617508265, -4.17465333690145
-4.23006922577977, 0.18506759884264, -4.35995294562125
-4.41513684799303, 0.000633227575037541, -4.47741825753364
-2.22706378243094, 1.5836052105442, -0.000615299599475554
-2.33259145639316, 1.50478880481969, -0.269151083615601
-2.44625289387408, 1.41989746176846, -0.531868316786788
-2.61073574858359, 1.29704866841639, -0.749395015038031
-2.77442583782407, 1.17479197496103, -0.967851395437078
-2.93730731223044, 1.05313921896061, -1.18724725512554
-3.09930619323317, 0.932145653456671, -1.40765867315984
-3.26027840601387, 0.811918884908389, -1.62923850791867
-3.41975428486755, 0.692809696777297, -1.85249606675551
-3.57624761065007, 0.575928114961453, -2.07901098549912
-3.72553926695433, 0.464425308988756, -2.31292855328303
-3.85684459482877, 0.366356114369292, -2.56282218760929
-3.87742457339881, 0.350985360140798, -2.84699207743614
-3.76339734807276, 0.436149902459381, -3.10996563234389
-3.69047715304479, 0.490612466268865, -3.39390774323355
-3.69274367561422, 0.488919648113128, -3.69117949536447
-3.77932524695893, 0.424253688946696, -3.96878487611804
-3.92810438503087, 0.31313367208915, -4.20172934066314
-4.12408200093152, 0.166762102359723, -4.37236000445035
-4.3473606248542, 0.000634478288591957, -4.47739705760914
-1.80604283718736, 1.40666164348219, -0.00049898060440533
-1.94479829952724, 1.32775373615304, -0.270062247927875
-2.09203723795561, 1.24402141806752, -0.533071839824792
-2.28637400845084, 1.13350535175713, -0.752544403979572
-2.47968351201944, 1.02357347494157, -0.973214425648532
-2.67198936562724, 0.914212357047951, -1.19504191749358
-2.86324588715459, 0.805447976732548, -1.41806666564242
-3.05332714838858, 0.697351947260797, -1.642416977305
-3.24171804843467, 0.590217197883665, -1.86864443690141
-3.42647627019416, 0.485148291802085, -2.09879271145591
-3.60173411739784, 0.385482089602578, -2.33850072919088
-3.75244830613471, 0.299773454875787, -2.59888402040919
-3.7137132228943, 0.321801447916044, -2.88436474946368
-3.54877885611731, 0.415596859711441, -3.13330452886895
-3.45165581753489, 0.470829104977677, -3.42415824746837
-3.46897851546482, 0.460977976813816, -3.73383842830541
-3.59090114774089, 0.391642617998179, -4.01238369854181
-3.78317485877941, 0.282299779045333, -4.23241717813188
-4.02015903507428, 0.147530847385231, -4.38528800434166
-4.27958440171536, 0.000635729002146373, -4.47737585768465
-1.39589168763059, 1.21005851033348, -0.00038566432531499
-1.57308818573736, 1.13391344956378, -0.271191595338002
-1.75828305949921, 1.05433131861028, -0.535137702489164
-1.98359794113368, 0.957508776755997, -0.759626764234131
-2.20779863652201, 0.8611650241573, -0.985433704619704
-2.43093928195144, 0.765276797313356, -1.21248112281978
-2.65299925454066, 0.669852958309849, -1.4407801939367
-2.87389250143155, 0.574930485869174, -1.67041602151341
-3.09286276955458, 0.480834357835426, -1.90222058955459
-3.30721757360773, 0.388721591752036, -2.13906306051056
-3.50808157616486, 0.302406106713825, -2.38940141041728
-3.66739113454571, 0.233947440014918, -2.67089752857764
-3.50646664470804, 0.303100076714543, -2.93191722116761
-3.2897614564245, 0.396222852318252, -3.16478524826151
-3.17332296437673, 0.446258920455267, -3.46827171103549
-3.22356543041962, 0.42466867645535, -3.79223517276556
-3.39312400723021, 0.351805791052913, -4.06670444355375
-3.63589692477221, 0.247481164116237, -4.26654908194246
-3.91564072646386, 0.127269370952448, -4.39872096668267
-4.21180817857653, 0.000636979715700788, -4.47735465776015
-0.996938419499218, 0.988633414265331, -0.000275441323426832
-1.2184997775997, 0.919031744958002, -0.273980624010201
-1.44717748958888, 0.847194531897546, -0.540805174990028
-1.70669147292589, 0.765670359073784, -0.775022159498261
-1.96523199226109, 0.68445199191992, -1.01041910872036
-2.22285350221796, 0.60352232396608, -1.24692051946498
-2.47953750497317, 0.522887166150576, -1.48453912719019
-2.73519582696377, 0.442574217469393, -1.72336934553619
-2.9884531538132, 0.36301552156612, -1.96498838468387
-3.23457511387134, 0.285698342162166, -2.21452210302566
-3.45900946175205, 0.21519414686239, -2.48536516953756
-3.50738584988317, 0.199997104391391, -2.79055025237894
-3.21802630537206, 0.290897013566206, -2.98180964369518
-2.95339546937322, 0.374028603359769, -3.20658447454197
-2.83996313648459, 0.409662433149226, -3.53653847410272
-2.94764547475443, 0.375834916642043, -3.87297918505497
-3.1815484138858, 0.302356241664565, -4.13224991624379
-3.48146351757278, 0.208140390822794, -4.30374636397187
-3.80741351579799, 0.105745893056143, -4.41273195919089
-4.14403195543761, 0.000638230429255207, -4.47733345783566
-0.616302316390766, 0.739079227887683, -0.00017027840586333
-0.889823092673882, 0.680652566824543, -0.280295946892731
-1.16945014346773, 0.620921546962613, -0.553775188195297
-1.46924527468241, 0.556882431697273, -0.804217565766907
-1.76839389971476, 0.492981416352909, -1.05546687819111
-2.0668873130446, 0.429220360512125, -1.30752969714064
-2.36471665460643, 0.365601156769883, -1.56041254159918
-2.66163903331079, 0.302175688992384, -1.81440681280216
-2.95458917406672, 0.239598729337118, -2.07316314216532
-3.23216452657271, 0.180305971906645, -2.34885130056307
-3.46026869430883, 0.131580734005108, -2.66587831424676
-3.16507340328294, 0.194637279290547, -2.88125702681306
-2.80512485766795, 0.271525740783684, -3.02654690887337
-2.49896082138634, 0.336925315253425, -3.26212701169806
-2.44552385119817, 0.34833996458227, -3.64110867994182
-2.63645247333971, 0.307555779758336, -3.9805987193314
-2.95148278752984, 0.240262283293741, -4.20698455935295
-3.31419720350104, 0.162783005365953, -4.34376279917707
-3.69232421630405, 0.0820114489377107, -4.42777654336265
-4.07625573229887, 0.00063948114280962, -4.47731225791116
-0.276687523817034, 0.459799859317899, -7.64480658667926E-05
-0.60883657959505, 0.41887526044237, -0.289588747405099
-0.944976562906563, 0.377458933212934, -0.574287607631151
-1.29063420554578, 0.334869920457394, -0.847276322071575
-1.63607621470578, 0.292307476236335, -1.12054197727884
-1.98127276284907, 0.249775275646782, -1.39412233752028
-2.32624699071909, 0.207270467481947, -1.6679872192294
-2.66946180619487, 0.164982439239374, -1.94408024422178
-3.00273381396569, 0.123919479712018, -2.23213527411679
-3.29933995506718, 0.0873741783256742, -2.5578977344918
-3.10774643260411, 0.110980712553461, -2.81488705814973
-2.68085004369316, 0.163579276883772, -2.9182995554677
-2.25993096143298, 0.215441368016934, -3.04246307370672
-1.9566470225695, 0.252809451193642, -3.33917998046055
-2.01599892049141, 0.245496612055003, -3.76904646020715
-2.30061671132595, 0.210428413846645, -4.09931819879819
-2.69770455194056, 0.161502606854849, -4.28465810114076
-3.12501595623249, 0.108852907837571, -4.38537259498141
-3.56028622177391, 0.0552225852163005, -4.44377627437452
-3.99807585275291, 0.00128184768291834, -4.47729012574162
-0.0392785521799772, 0.155255001764931, -1.08539344099467E-05
-0.417336567924638, 0.140210395688331, -0.293785649624862
-0.796138567876489, 0.125136183178701, -0.586596085135516
-1.17643713126284, 0.110002415769021, -0.877460029987837
-1.55675353212248, 0.0948679385271255, -1.16830061657536
-1.93707698197494, 0.0797331807745261, -1.45913196856799
-2.31741733829752, 0.0645977502384579, -1.74994091681155
-2.69393955925666, 0.0496142602514534, -2.04566047363341
-3.04681704644704, 0.0355716991444685, -2.36864855038627
-3.19367608506432, 0.0297275263118059, -2.7309450184301
-2.72504093246004, 0.0483765985995386, -2.82604689004802
-2.25028227258184, 0.0672693524147263, -2.88684012521734
-1.78778644126521, 0.0856741138652226, -3.0028985322094
-1.56740500452961, 0.0944440691742027, -3.39253302600479
-1.7004195453336, 0.0891508303444048, -3.84819403002081
-2.03485802184563, 0.0758420392953079, -4.18306325608969
-2.48033411213753, 0.0581145688651818, -4.35336727055346
-2.95261599621881, 0.0393203769500154, -4.42892728820776
-3.43003474458539, 0.0203217664098319, -4.46232757862315
-3.90840837051044, 0.00128515705378314, -4.47724685826966
