-39.9247912371848, 3.32888078955047, -0.0107463170094437
-39.9247912371848, 3.317614942449, -0.311455876971742
-39.9247912371848, 3.30630958748213, -0.612163939159325
-39.9247912371848, 3.29384702725928, -0.912825728028233
-39.9247912371848, 3.27866460283492, -1.21336128592447
-39.9247912371848, 3.25884949806073, -1.51362379621198
-39.9247912371848, 3.2313527471387, -1.81327136076863
-39.9247912371848, 3.18958649269804, -2.11122334258395
-39.9247912371848, 3.12042421388343, -2.40387507735306
-39.9247912371848, 2.96963416991899, -2.65963116864827
-39.9247912371848, 2.69555187859759, -2.77292483416926
-39.9247912371848, 2.39751263255371, -2.8142134162617
-39.9247912371848, 2.09858056870793, -2.8487425844535
-39.9247912371848, 1.79945524763348, -2.88155982422261
-39.9247912371848, 1.50015056512755, -2.91269932217029
-39.9247912371848, 1.20070096750396, -2.94241315991591
-39.9247912371848, 0.901067836533247, -2.97021098652319
-39.9247912371848, 0.601172913822752, -2.99499957402849
-39.9247912371848, 0.300805167497666, -3.01305665135335
-39.9247912371848, 6.40478946484485E-07, -3.01938092816987
-39.1458683466144, 3.34512572279204, -0.0105366601091799
-39.1458683466144, 3.33622069497851, -0.315218101643903
-39.1458683466144, 3.326942877347, -0.619887859641046
-39.1458683466144, 3.31573139111055, -0.924492604476031
-39.1458683466144, 3.30170282044379, -1.22897927321481
-39.1458683466144, 3.28259842273336, -1.53318537924017
-39.1458683466144, 3.25510167522967, -1.8367390411131
-39.1458683466144, 3.21351027108884, -2.1386504675842
-39.1458683466144, 3.14631002819626, -2.43577789225959
-39.1458683466144, 3.00179550360732, -2.70009562297421
-39.1458683466144, 2.73093009037393, -2.8296954944407
-39.1458683466144, 2.42954975823123, -2.874834839703
-39.1458683466144, 2.12684232390833, -2.91056435391072
-39.1458683466144, 1.82371556324246, -2.94255497900258
-39.1458683466144, 1.52031970675752, -2.97189141474188
-39.1458683466144, 1.21673082977658, -2.99915876730543
-39.1458683466144, 0.912936930828291, -3.02403438876149
-39.1458683466144, 0.608927737678727, -3.04611570623552
-39.1458683466144, 0.304647097292852, -3.06404221022249
-39.1458683466144, 2.56193876674064E-05, -3.07230813676473
-38.3469730742345, 3.36146961384932, -0.0103216273866155
-38.3469730742345, 3.35466119714883, -0.31944854380216
-38.3469730742345, 3.34663050053458, -0.62854097145704
-38.3469730742345, 3.33508994272239, -0.937527008036914
-38.3469730742345, 3.32107084011238, -1.24640945863074
-38.3469730742345, 3.30250454888931, -1.55504849775187
-38.3469730742346, 3.27620144466925, -1.86311627828377
-38.3469730742346, 3.23623778578289, -2.16967751707276
-38.3469730742346, 3.17089677772207, -2.47171947130012
-38.3469730742345, 3.03173308974687, -2.74450655376793
-38.3469730742345, 2.76724610106769, -2.89587194854831
-38.3469730742345, 2.46334652620831, -2.95207001718893
-38.3469730742345, 2.15691670408722, -2.99332598723406
-38.3469730742346, 1.84975662949171, -3.02877436663892
-38.3469730742346, 1.54216370413539, -3.06026145190889
-38.3469730742346, 1.23425213598711, -3.08846382087585
-38.3469730742346, 0.926045361687238, -3.1132309605566
-38.3469730742345, 0.617612244975354, -3.13500644732689
-38.3469730742345, 0.308987217692495, -3.15386540197786
-38.3469730742345, 5.12391844668721E-05, -3.16377388271846
-37.5480778018547, 3.37748494396675, -0.0101065946595559
-37.5480778018547, 3.37188522502664, -0.330000543534122
-37.5480778018547, 3.36386581712326, -0.649827813904606
-37.5480778018547, 3.35103908836606, -0.969513269424354
-37.5480778018547, 3.3361216197378, -1.28910726464584
-37.5480778018547, 3.31736756879115, -1.60849672998081
-37.5480778018547, 3.29145541244536, -1.92737582914423
-37.5480778018547, 3.25071585485578, -2.24465602279026
-37.5480778018547, 3.18043128866899, -2.55652874108464
-37.5480778018547, 3.02341934009807, -2.83154219336752
-37.5480778018547, 2.7466130903327, -2.98429153486155
-37.5480778018547, 2.43373212853777, -3.05045268107202
-37.5480778018547, 2.11753041051191, -3.09916064465569
-37.5480778018547, 1.80026491729701, -3.14042769420238
-37.5480778018547, 1.48235163950611, -3.17638135622374
-37.5480778018547, 1.1639192031908, -3.20739892801664
-37.5480778018547, 0.845060278727002, -3.23368686067959
-37.5480778018547, 0.525931136810962, -3.25647474907146
-37.5480778018547, 0.206615988440424, -3.27649560374617
-37.5480778018547, 0.113341000041753, -3.28118366392218
-36.7491811982556, 3.39318566330155, -0.00494578060578132
-36.7491824567181, 3.38772737236028, -0.331857536220798
-36.7491825294748, 3.37933523783287, -0.658688026319734
-36.7491825294748, 3.36595373560501, -0.985371200279143
-36.7491825294748, 3.35079720229314, -1.31197633818899
-36.7491825294748, 3.33270903546582, -1.63843114050054
-36.7491825294748, 3.30846485879122, -1.96447751441972
-36.7491825294748, 3.26958472151046, -2.28905637649286
-36.7491825294748, 3.20012948605495, -2.60827401657145
-36.7491825294748, 3.04409202088131, -2.89234445404365
-36.7491825294748, 2.77016189011138, -3.06435510750681
-36.7491825294748, 2.45388797916642, -3.14628773303412
-36.7491825294748, 2.13220964135966, -3.2046934278499
-36.7491825294748, 1.80892929533827, -3.25353870701891
-36.7491825294748, 1.48469081094925, -3.29557604415544
-36.7491825294748, 1.15968941451677, -3.33123516487909
-36.7491825294748, 0.834070299785079, -3.36074349813849
-36.7491825294748, 0.508059528934924, -3.38557820947843
-36.7491825294748, 0.181815960426556, -3.40715730547963
-36.7491825294748, 0.145181657350841, -3.40939728565297
-35.9502859548151, 3.4085818434167, -0.00483826424580568
-35.9502871913221, 3.4020811623966, -0.336817897276526
-35.9502872570949, 3.39294019025857, -0.668721758018573
-35.9502872570949, 3.37970209522563, -1.00050088982835
-35.9502872570949, 3.36498447452844, -1.33221737714036
-35.9502872570949, 3.34789355637746, -1.6638193151198
-35.9502872570949, 3.32538440569896, -1.99508997347982
-35.9502872570949, 3.28924497822343, -2.32510982746625
-35.9502872570949, 3.22331983404293, -2.65027302890037
-35.9502872570949, 3.0741281906838, -2.94416614916423
-35.9502872570949, 2.80848563963099, -3.1380946746786
-35.9502872570949, 2.49247430526542, -3.23868636041211
-35.9502872570949, 2.1677913972798, -3.30804362922546
-35.9502872570949, 1.8406935828787, -3.36507008250468
-35.9502872570949, 1.51226310116599, -3.41386979826521
-35.9502872570949, 1.18280998317454, -3.4552017145102
-35.9502872570949, 0.852480809066793, -3.4888293412539
-35.9502872570949, 0.52155470057417, -3.51599864464329
-35.9502872570949, 0.190294749171503, -3.53877131643632
-35.9502872570949, 0.141817180638522, -3.5418393913375
-35.1513907113745, 3.4236687411853, -0.00473074788371438
-35.1513919254306, 3.41550994372105, -0.3417972698883
-35.151391984715, 3.40548927664786, -0.678807833812585
-35.151391984715, 3.39276004695063, -1.01573260526813
-35.151391984715, 3.37875534391851, -1.35260655090246
-35.151391984715, 3.36269525439572, -1.68938816573428
-35.151391984715, 3.34177993044012, -2.02589712828406
-35.151391984715, 3.30859911224661, -2.36138469188993
-35.151391984715, 3.24665568006817, -2.69254565210304
-35.151391984715, 3.10398209446504, -2.99565141345964
-35.151391984715, 2.84656249607937, -3.20913020746477
-35.151391984715, 2.53221535140761, -3.32941399690184
-35.151391984715, 2.20499921805791, -3.41045718728236
-35.151391984715, 1.87421482130406, -3.47565503205236
-35.151391984715, 1.54167491214667, -3.53125547881533
-35.151391984715, 1.20783458819551, -3.57841997405818
-35.151391984715, 0.872829376048832, -3.61643078746312
-35.151391984715, 0.536964854350415, -3.6459372839856
-35.151391984715, 0.200603836516596, -3.66916586393676
-35.151391984715, 0.136681280755108, -3.67323476032325
-34.352495467934, 3.43843881691853, -0.00462323151945582
-34.3524966591106, 3.42854120044892, -0.346847609234838
-34.3524967123351, 3.41764239445073, -0.689040274873857
-34.3524967123351, 3.40541542477402, -1.03118929809333
-34.3524967123351, 3.39219033664471, -1.37330103154324
-34.3524967123351, 3.37718205793762, -1.71533862549264
-34.3524967123351, 3.35785737013038, -2.05715510058955
-34.3524967123351, 3.32787582527472, -2.39817550972406
-34.3524967123351, 3.26986832822358, -2.73532265388608
-34.3524967123351, 3.1329118652283, -3.04700818629989
-34.3524967123351, 2.88316073727908, -3.27766374504951
-34.3524967123351, 2.57157824594862, -3.4177392608334
-34.3524967123351, 2.24224492251698, -3.51090916787777
-34.3524967123351, 1.90775207217498, -3.58380612038268
-34.3524967123351, 1.57104608739724, -3.64574737513214
-34.3524967123351, 1.2327440790872, -3.69827443274872
-34.3524967123351, 0.892999804869042, -3.74046304796883
-34.3524967123351, 0.552113566862182, -3.77213704975905
-34.3524967123351, 0.210505627860528, -3.79482468600458
-34.3524967123351, 0.13205929664458, -3.79914753137503
-33.5536002244935, 3.45287857679796, -0.00451571515293765
-33.5536013922852, 3.44157575946338, -0.351860449774353
-33.5536014399552, 3.42986522019456, -0.699191564940612
-33.5536014399552, 3.41789698857782, -1.04651400843532
-33.5536014399552, 3.40537814874888, -1.39381694804174
-33.5536014399552, 3.39143157706858, -1.74106492283979
-33.5536014399552, 3.37377486895584, -2.08814125052755
-33.5536014399552, 3.34715215281473, -2.43462392066847
-33.5536014399552, 3.29272595652647, -2.77758002825671
-33.5536014399552, 3.16080683651238, -3.09726490298215
-33.5536014399552, 2.91824809497022, -3.34311701296079
-33.5536014399552, 2.61022323885308, -3.50221577852721
-33.5536014399552, 2.2792903789466, -3.60773368467706
-33.5536014399552, 1.94110218272286, -3.68762310426695
-33.5536014399552, 1.60020723563833, -3.75512808598937
-33.5536014399552, 1.25740234905762, -3.81214619205896
-33.5536014399552, 0.912922971897819, -3.85796105201575
-33.5536014399552, 0.567038492594039, -3.8915098672982
-33.5536014399552, 0.220168405682568, -3.91265213637116
-33.5536014399552, 0.127663152336457, -3.91654257534901
-32.754704981053, 3.46696478198295, -0.00440819878400097
-32.7547061248829, 3.4546530996221, -0.356695983555686
-32.7547061675753, 3.44225712016517, -0.708980765152827
-32.7547061675753, 3.43035536815565, -1.06128266461343
-32.7547061675753, 3.41840477921105, -1.41358287510803
-32.7547061675753, 3.40541446234277, -1.76584582472169
-32.7547061675753, 3.38935730170509, -2.11798057968281
-32.7547061675753, 3.36586606644187, -2.46967973051043
-32.7547061675753, 3.31439468731106, -2.81810568262103
-32.7547061675753, 3.18704065019824, -3.14520205384202
-32.7547061675753, 2.95117916197297, -3.40444286607873
-32.7547061675753, 2.6469718881475, -3.58078853061715
-32.7547061675753, 2.31500846115628, -3.69854921750621
-32.7547061675753, 1.97330183464264, -3.78493963264635
-32.7547061675754, 1.62831477183954, -3.85725680928993
-32.7547061675754, 1.28108019706298, -3.91787506125372
-32.7547061675753, 0.931981713558051, -3.96662505585027
-32.7547061675753, 0.581257885457949, -4.00169078496201
-32.7547061675753, 0.229300285750573, -4.02081496935996
-32.7547061675753, 0.123609343375584, -4.02414684333343
-31.9458097379747, 3.48084438824539, -0.00429933659938717
-31.9458108569086, 3.46791828693224, -0.361260279893034
-31.9458108951955, 3.45503813728511, -0.718222781044974
-31.9458108951955, 3.44308760158145, -1.07521769349619
-31.9458108951955, 3.43149825967425, -1.43222454410054
-31.9458108951955, 3.41926775014033, -1.78920968945741
-31.9458108951955, 3.40451746210179, -2.14609854106282
-31.9458108951955, 3.38351945493501, -2.5026579609168
-31.9458108951955, 3.33423483196873, -2.85613125794237
-31.9458108951955, 3.21123626204046, -3.19009081424898
-31.9458108951955, 2.98172966157826, -3.46123095741491
-31.9458108951955, 2.68107199255299, -3.65244688791158
-31.9458108951955, 2.34857595564564, -3.7819780655205
-31.9458108951955, 2.0036925720779, -3.87471159763651
-31.9458108951955, 1.65480965809512, -3.95121591681583
-31.9458108951955, 1.3033047419053, -4.01460643129147
-31.9458108951955, 0.949775194146751, -4.0655234478836
-31.9458108951955, 0.594454308031728, -4.10167445799207
-31.9458108951955, 0.237709452418736, -4.11882147914557
-31.9458108951955, 0.119968889794468, -4.12180347477793
-29.9585716290111, 3.51307368330191, -0.00403189147088247
-29.9585726841179, 3.50017542985072, -0.370317588993727
-29.9585727142457, 3.48728948147828, -0.736603652367016
-29.9585727142457, 3.47504438558328, -1.10291177582933
-29.9585727142457, 3.46315203575883, -1.46923155833031
-29.9585727142457, 3.45103608255048, -1.83554384818884
-29.9585727142457, 3.43733501125367, -2.20179979462368
-29.9585727142457, 3.41802926298683, -2.56778559584242
-29.9585727142457, 3.37072713872667, -2.93097104670691
-29.9585727142457, 3.25739034490456, -3.2784860202757
-29.9585727142458, 3.0425408894781, -3.57302649341136
-29.9585727142457, 2.74764563861298, -3.78907164345011
-29.9585727142457, 2.41479615914428, -3.94148347260704
-29.9585727142457, 2.06461437195243, -4.04924149953966
-29.9585727142457, 1.70791474208155, -4.13329817803796
-29.9585727142457, 1.3475624958403, -4.20005483025121
-29.9585727142457, 0.984873209814926, -4.2527270105749
-29.9585727142457, 0.620240788748332, -4.28929213481227
-29.9585727142457, 0.25406435020318, -4.30380093575369
-29.9585727142457, 0.113084030491338, -4.30460491633215
-27.9613335204098, 3.54178281541709, -0.00376310050403422
-27.9613345083615, 3.52984896158916, -0.376069063718843
-27.961334533296, 3.51777099169204, -0.748370380799771
-27.961334533296, 3.50537558549387, -1.12066124007626
-27.961334533296, 3.49231031146856, -1.49292914071995
-27.961334533296, 3.47821373987305, -1.86515930629059
-27.961334533296, 3.46230304173838, -2.23731591582336
-27.961334533296, 3.4407019499557, -2.60916773449728
-27.961334533296, 3.39211541043438, -2.97826410799031
-27.961334533296, 3.28290114014769, -3.33352184848943
-27.961334533296, 3.08026318757664, -3.64421834709219
-27.961334533296, 2.79103890632657, -3.87706687055539
-27.961334533296, 2.45823254887361, -4.043474690947
-27.961334533296, 2.10521798291176, -4.16168840068773
-27.961334533296, 1.74297120585531, -4.24818293848437
-27.961334533296, 1.37640245139472, -4.31417276351651
-27.961334533296, 1.00742308992222, -4.36510597833517
-27.961334533296, 0.636595232649729, -4.39979380759975
-27.961334533296, 0.264392435995899, -4.41360238627712
-27.961334533296, 0.108861648817145, -4.41498167632926
-25.9640954118084, 3.56457768857934, -0.00349430949672929
-25.964096328178, 3.5549727427505, -0.373444646353648
-25.9640963523463, 3.54497997319625, -0.743384539477511
-25.9640963523463, 3.53295350313817, -1.11326333716439
-25.9640963523463, 3.51830578537312, -1.48304760839187
-25.9640963523463, 3.50146477699878, -1.85273882385317
-25.9640963523463, 3.48240291137964, -2.22232182545778
-25.9640963523463, 3.45833574624148, -2.59160021382166
-25.9640963523463, 3.41105836985844, -2.95847615137739
-25.9640963523463, 3.31181247438463, -3.31438150060706
-25.9640963523463, 3.13112845385528, -3.63614706359439
-25.9640963523463, 2.86583815683271, -3.89211541416622
-25.9640963523463, 2.54459800012884, -4.07473323737234
-25.9640963523463, 2.19808150536865, -4.20374977131989
-25.9640963523463, 1.83912243385502, -4.29337140670652
-25.9640963523463, 1.47512440333812, -4.35991922386688
-25.9640963523463, 1.10847476818803, -4.4099900842612
-25.9640963523463, 0.740149316440932, -4.44555992879662
-25.9640963523463, 0.370491947896328, -4.4623872199811
-25.9640963523463, 0.000448344787610803, -4.46648839633468
-23.9668573032072, 3.58279905236436, -0.00322551845813931
-23.966858149905, 3.57622321386707, -0.374903721641278
-23.9668581713966, 3.56878940341654, -0.746564607456524
-23.9668581713966, 3.55627660452624, -1.11808613428665
-23.9668581713966, 3.53852016837617, -1.48939642843489
-23.9668581713966, 3.51868615119667, -1.86060327425087
-23.9668581713966, 3.49688113018839, -2.23169823307961
-23.9668581713966, 3.46824142894995, -2.60231077777818
-23.9668581713966, 3.41570877417061, -2.97016306753214
-23.9668581713966, 3.31448112724831, -3.32733135066728
-23.9668581713966, 3.13567357598815, -3.65203867206049
-23.9668581713966, 2.87582953242404, -3.91619731484786
-23.9668581713966, 2.55744964782618, -4.10667017497601
-23.9668581713966, 2.20934397092261, -4.2360403288931
-23.9668581713966, 1.84857011996375, -4.32525689890349
-23.9668581713966, 1.48271148184886, -4.39081821192983
-23.9668581713966, 1.11403829529147, -4.43821983347438
-23.9668581713966, 0.743687410204434, -4.46987805056002
-23.9668581713966, 0.372236337944029, -4.48365454595649
-23.9668581713966, 0.000512392011621118, -4.4860287840869
-21.9696199904487, 3.60405719807476, -0.00591345530906526
-21.9696199904469, 3.59366004753546, -0.377721980062919
-21.9696199904469, 3.58233892651069, -0.749502356310075
-21.9696199904469, 3.56657690759643, -1.12111910743993
-21.9696199904469, 3.54649076698011, -1.49252914005013
-21.9696199904469, 3.52485301926876, -1.86385310765578
-21.9696199904469, 3.50121556233333, -2.23505355422813
-21.9696199904469, 3.4702509564605, -2.60569581141343
-21.9696199904469, 3.41542267507603, -2.97343933690897
-21.9696199904469, 3.31334190794438, -3.33062780280761
-21.9696199904469, 3.13496618994158, -3.65578473540526
-21.9696199904469, 2.87649584694562, -3.92174929635458
-21.9696199904469, 2.55946636358733, -4.11474664157026
-21.9696199904469, 2.21099968770378, -4.24373386931205
-21.9696199904469, 1.85000233473076, -4.33296759206168
-21.9696199904469, 1.4839168636326, -4.3984809057198
-21.9696199904469, 1.11492984033171, -4.44511697744813
-21.9696199904469, 0.744243753286119, -4.47536753620005
-21.9696199904469, 0.372523776144975, -4.48767683405325
-21.9696199904469, 0.000576439061461076, -4.48950952757508
-19.9723810860044, 3.60220001849715, -0.00268793626438496
-19.9723817906044, 3.59464510349726, -0.371290411551984
-19.9723818094972, 3.57764679366284, -0.739491621107734
-19.9723818094972, 3.55253077347807, -1.10731465209482
-19.9723818094972, 3.52552134433871, -1.47500340028849
-19.9723818094972, 3.4965072415462, -1.8425393940255
-19.9723818094972, 3.4644518901884, -2.20982092501989
-19.9723818094972, 3.42470578305403, -2.57633262712461
-19.9723818094972, 3.36235975323067, -2.93957184624724
-19.9723818094972, 3.25864928857098, -3.29302797621293
-19.9723818094972, 3.08889842706246, -3.61930671737078
-19.9723818094972, 2.84090397100851, -3.89058330611565
-19.9723818094972, 2.53096587793386, -4.0886141049383
-19.9723818094972, 2.18789196756226, -4.22263351487192
-19.9723818094972, 1.83172341687866, -4.31748625316894
-19.9723818094972, 1.4698820181758, -4.38786825789237
-19.9723818094972, 1.10476915840727, -4.43878978856252
-19.9723818094972, 0.737684166075615, -4.47257531326307
-19.9723818094972, 0.369309315240289, -4.48667244619309
-19.9723818094972, 0.000640486066953613, -4.48890111543219
-17.9751429774031, 3.59094194451232, -0.00241914502414071
-17.9751436090141, 3.5858812221406, -0.363531553766276
-17.9751436285474, 3.55996753094622, -0.723257460690382
-17.9751436285474, 3.51746530524856, -1.08189563427868
-17.9751436285474, 3.4741252016707, -1.44043322941346
-17.9751436285474, 3.42827083893513, -1.7986565821766
-17.9751436285474, 3.37775571702543, -2.15625045289167
-17.9751436285474, 3.31968121476172, -2.5126840455799
-17.9751436285474, 3.24324845220746, -2.86556275823869
-17.9751436285474, 3.13501067578243, -3.20993267586843
-17.9751436285474, 2.97841855264006, -3.53475359182601
-17.9751436285474, 2.75311642091309, -3.81572643337635
-17.9751436285474, 2.46293429210319, -4.02909784772089
-17.9751436285474, 2.13391691949918, -4.17707344035778
-17.9751436285474, 1.78928287226475, -4.2846353006355
-17.9751436285474, 1.43742048931117, -4.36569363447969
-17.9751436285474, 1.0812408235209, -4.42513040378817
-17.9751436285474, 0.722441204734652, -4.46577971079399
-17.9751436285474, 0.36182085205375, -4.48438906284706
-17.9751436285474, 0.000704533072446372, -4.48829270328929
-15.9779048688016, 3.55762738565995, -0.00215035363301921
-15.9779054265565, 3.54826881664873, -0.352375221593837
-15.9779054475977, 3.51108550562466, -0.699658410403318
-15.9779054475977, 3.44679256823877, -1.04405850434501
-15.9779054475977, 3.38125329236994, -1.38822320379996
-15.9779054475977, 3.31313480793568, -1.73188564889916
-15.9779054475977, 3.24060824277388, -2.07464278225294
-15.9779054475977, 3.16119925249905, -2.41586445442323
-15.9779054475977, 3.06868990013009, -2.75373841865515
-15.9779054475977, 2.95464076804047, -3.08492063092193
-15.9779054475977, 2.80871278688034, -3.40314288931054
-15.9779054475977, 2.61047340695615, -3.69126508704937
-15.9779054475977, 2.35420750741299, -3.92901975390905
-15.9779054475977, 2.05157810266452, -4.10448705901795
-15.9779054475977, 1.72612709689734, -4.23368084956031
-15.9779054475977, 1.38979608243231, -4.33146274952563
-15.9779054475977, 1.0470074691501, -4.40348786921279
-15.9779054475977, 0.700224380717787, -4.45297481668515
-15.9779054475977, 0.351000023305383, -4.48028502355926
-15.9779054475977, 0.000768580077939132, -4.4876842911464
-13.9806667602002, 3.48744588339784, -0.00188156198970927
-13.9806672437197, 3.47078915177522, -0.338825949568519
-13.980667266648, 3.42232000178155, -0.67078939693787
-13.980667266648, 3.33405849510767, -0.996394505194601
-13.980667266648, 3.24402971289928, -1.32151510944153
-13.980667266648, 3.15158618859342, -1.64595687877076
-13.980667266648, 3.05600961073054, -1.96948882965454
-13.980667266648, 2.95600708830776, -2.29167787909229
-13.980667266648, 2.84864241215961, -2.61147925376391
-13.980667266648, 2.72890249610515, -2.92683688419322
-13.980667266648, 2.59064361980933, -3.23446455542415
-13.980667266648, 2.4184874898922, -3.52422552753419
-13.980667266648, 2.20100104520846, -3.7815587945948
-13.980667266648, 1.93784086310309, -3.99159530502472
-13.980667266648, 1.64171881305172, -4.15263822341628
-13.980667266648, 1.32805555197414, -4.27642866898083
-13.980667266648, 1.00392015523427, -4.36945654468408
-13.980667266648, 0.67254683155708, -4.43225193362464
-13.980667266648, 0.337724443046922, -4.47307756526037
-13.980667266648, 0.00083262708343189, -4.4870758790035
-11.9734286519611, 3.36878466261965, -0.00161142420050971
-11.9734290609798, 3.34357530279057, -0.323569869035423
-11.9734290856983, 3.28600801933269, -0.638554932636069
-11.9734290856983, 3.17482699508837, -0.941756853078684
-11.9734290856983, 3.062173312456, -1.24441456056077
-11.9734290856983, 2.94770300649887, -1.54638957147245
-11.9734290856983, 2.83099428891793, -1.84750641956906
-11.9734290856983, 2.71202594822422, -2.1477377495709
-11.9734290856983, 2.59081962474361, -2.44707227829711
-11.9734290856983, 2.46533949683415, -2.7446348786385
-11.9734290856983, 2.33106888323374, -3.03832021230249
-11.9734290856983, 2.17988675622366, -3.32358298628801
-11.9734290856983, 1.99816961420079, -3.59027954968088
-11.9734290856983, 1.78211182128678, -3.82986081369342
-11.9734290856983, 1.52749290761885, -4.02794517458055
-11.9734290856983, 1.24772984397574, -4.18882809472166
-11.9734290856983, 0.950636921881219, -4.31493954109038
-11.9734290856983, 0.639778668226342, -4.40167932956153
-11.9734290856983, 0.322186395595614, -4.45996852833303
-11.9734290856983, 0.000896994766778735, -4.48646442059327
-11.1845334081605, 3.30560106953982, -0.00150525311727337
-11.1845337879546, 3.27611593603477, -0.317023596503596
-11.1845338133184, 3.21557706809253, -0.625065228077471
-11.1845338133184, 3.09645210712388, -0.91871535726781
-11.1845338133184, 2.9761458931828, -1.21188339450374
-11.1845338133184, 2.85434969835832, -1.50443540634852
-11.1845338133184, 2.73064853801437, -1.79618673028244
-11.1845338133184, 2.60513639535012, -2.08716394983807
-11.1845338133184, 2.47854821251229, -2.3776749138733
-11.1845338133184, 2.35024438434299, -2.66743055720097
-11.1845338133184, 2.2165473395975, -2.95472874629998
-11.1845338133184, 2.0711237075715, -3.2362280808462
-11.1845338133184, 1.90173326009373, -3.50386269096436
-11.1845338133184, 1.70357077154367, -3.75090752667105
-11.1845338133184, 1.46995516609398, -3.96447206076235
-11.1845338133184, 1.20778164860999, -4.1420543198614
-11.1845338133184, 0.924916328177314, -4.28444320739492
-11.1845338133184, 0.624905859577216, -4.38560395179484
-11.1845338133184, 0.315274754952654, -4.45273723679747
-11.1845338133184, 0.000922292891121442, -4.48622410200345
-10.3856381647179, 3.23011434439473, -0.00139773613561238
-10.3856385149929, 3.19580559002627, -0.310049956048847
-10.3856385409385, 3.13269343895335, -0.611007372804338
-10.3856385409385, 3.00629919087935, -0.894675897829225
-10.3856385409385, 2.87904198377919, -1.17795823769159
-10.3856385409385, 2.75060666925166, -1.46070826148721
-10.3856385409385, 2.6205614113348, -1.74272102721657
-10.3856385409385, 2.48895772411611, -2.02401049810168
-10.3856385409385, 2.3569066842101, -2.30509035749609
-10.3856385409385, 2.22518197885557, -2.58632327257773
-10.3856385409385, 2.09129427955358, -2.86652964309087
-10.3856385409385, 1.95031945720396, -3.14321875606429
-10.3856385409385, 1.79234901388874, -3.41048405615262
-10.3856385409385, 1.61143465702594, -3.66276565189234
-10.3856385409385, 1.40131968472855, -3.89102686690188
-10.3856385409385, 1.16031115339948, -4.08647429399843
-10.3856385409385, 0.894595444004389, -4.24675786156928
-10.3856385409385, 0.608040763613851, -4.36555509323257
-10.3856385409385, 0.307711708761336, -4.44410606371553
-10.3856385409385, 0.000947911693318457, -4.48598073714629
-9.58674292127747, 3.14177288156035, -0.00129021906601911
-9.58674324220343, 3.10268584281643, -0.302859955484395
-9.58674326855864, 3.03777650793051, -0.596859290288829
-9.58674326855864, 2.90501531999418, -0.870440453198888
-9.58674326855864, 2.77153716153802, -1.14367248285462
-9.58674326855864, 2.63704061549912, -1.41640454217351
-9.58674326855863, 2.50115318003292, -1.68844593303804
-9.58674326855863, 2.36387342522622, -1.95978791339903
-9.58674326855864, 2.22648001812586, -2.23107235369733
-9.58674326855864, 2.09060990365403, -2.50312242607827
-9.58674326855864, 1.95538170792346, -2.77549251579553
-9.58674326855864, 1.81724339784968, -3.04639322487233
-9.58674326855864, 1.6695928778403, -3.31219198965637
-9.58674326855863, 1.50586091864682, -3.56837700472336
-9.58674326855864, 1.32020661958802, -3.80897989924434
-9.58674326855864, 1.10414673020918, -4.02260117754703
-9.58674326855864, 0.858963029234637, -4.20201171395954
-9.58674326855864, 0.588648583258384, -4.34046541381833
-9.58674326855864, 0.299484502330521, -4.43385444766215
-9.58674326855863, 0.00097353049551525, -4.48573737228913
-8.78784767783707, 3.03913001035844, -0.00118270189859704
-8.78784796972537, 2.9958738977214, -0.295682606339873
-8.78784799617875, 2.93028546408731, -0.58308467033329
-8.78784799617875, 2.79218343527928, -0.846768536541944
-8.78784799617875, 2.65322018113881, -1.10999947535379
-8.78784799617875, 2.51318161633576, -1.37265988585599
-8.78784799617875, 2.37181828802263, -1.6346094073484
-8.78784799617875, 2.22925799615054, -1.89590986974166
-8.78784799617875, 2.08685160208905, -2.15729413998599
-8.78784799617874, 1.94636799598132, -2.41971527764884
-8.78784799617875, 1.80838358592197, -2.68346006684976
-8.78784799617875, 1.67108897418811, -2.94756530322696
-8.78784799617875, 1.5320458381221, -3.21075111456905
-8.78784799617875, 1.38615567301863, -3.47018666440807
-8.78784799617875, 1.22553885068552, -3.72068360310425
-8.78784799617875, 1.03762879536917, -3.95124146855079
-8.78784799617875, 0.817018668230155, -4.15059129527043
-8.78784799617875, 0.565868134886706, -4.309585169049
-8.78784799617875, 0.290348117392229, -4.42132430563166
-8.78784799617875, 0.000999149297712487, -4.48549400743197
-7.98895243439674, 2.92055639989863, -0.00107518462220072
-7.98895269770791, 2.87432372793803, -0.288810893523947
-7.98895272379887, 2.80949940264516, -0.570216754577135
-7.98895272379886, 2.66731147633892, -0.824601819536782
-7.98895272379887, 2.52366608486763, -1.07816658074897
-7.98895272379886, 2.3784679882445, -1.33084547236336
-7.98895272379887, 2.23190068350758, -1.58273280532963
-7.98895272379887, 2.08448655970151, -1.8341257753412
-7.98895272379886, 1.93755219538257, -2.08579913527636
-7.98895272379886, 1.79264453488921, -2.33864336880153
-7.98895272379886, 1.65123477555477, -2.59345936306817
-7.98895272379887, 1.51289258991778, -2.84995428448331
-7.98895272379886, 1.37961758442901, -3.10911084453321
-7.98895272379887, 1.25169113192898, -3.37095742420836
-7.98895272379887, 1.11683424214094, -3.62926265083431
-7.98895272379887, 0.959468508691625, -3.87434027051726
-7.98895272379887, 0.767580058568207, -4.09320989553709
-7.98895272379887, 0.538884007408793, -4.2730557961918
-7.98895272379886, 0.279803577950397, -4.40557678967262
-7.98895272379887, 0.00102476809990972, -4.48525064257482
-7.19005719095652, 2.78556223397225, -0.000967667233479561
-7.19005742620279, 2.73753297701509, -0.28249351675255
-7.19005745141898, 2.67432617756507, -0.558571443951158
-7.19005745141898, 2.52880262040006, -0.80430703595392
-7.19005745141898, 2.3810172710736, -1.04868892341256
-7.19005745141898, 2.23113442193746, -1.29179045716758
-7.19005745141898, 2.07979177086021, -1.53398641286861
-7.19005745141898, 1.92791580892477, -1.77584858380932
-7.19005745141898, 1.77691666063446, -2.01825850050269
-7.19005745141898, 1.62827415191028, -2.26211897718357
-7.19005745141898, 1.48353712804386, -2.50831483318913
-7.19005745141898, 1.3434090376736, -2.75716203214685
-7.19005745141898, 1.21303439898339, -3.0112082298817
-7.19005745141898, 1.10187745749584, -3.27422820882555
-7.19005745141898, 0.993791368056252, -3.53856803383811
-7.19005745141898, 0.869020150672567, -3.79532865708354
-7.19005745141898, 0.709683394769431, -4.03191116560897
-7.19005745141898, 0.507411327313117, -4.2326997714934
-7.19005745141897, 0.267331614865799, -4.3865321581177
-7.19005745141898, 0.00105038690210652, -4.48500727771766
-6.39116194751639, 2.63525446490937, -0.000860149740005669
-6.39116215517428, 2.58542572747709, -0.276876667424988
-6.39116217903909, 2.52322281349463, -0.54830334170681
-6.39116217903909, 2.37425636191296, -0.785950261089743
-6.39116217903909, 2.22243003251637, -1.0217806234143
-6.39116217903909, 2.06819470792369, -1.25604325490076
-6.39116217903909, 1.91232584153653, -1.48922306489562
-6.39116217903909, 1.75613281928504, -1.7221860867612
-6.39116217903909, 1.60109426755544, -1.95591813906128
-6.39116217903909, 1.44881440066651, -2.19145424062335
-6.39116217903909, 1.30133485391349, -2.43002033707034
-6.39116217903909, 1.16040623095422, -2.67251118606751
-6.39116217903909, 1.03211583170987, -2.92183072600542
-6.39116217903909, 0.936544029330395, -3.18529017185688
-6.39116217903909, 0.856913070225186, -3.45422606442683
-6.39116217903909, 0.767207610141376, -3.71989696285098
-6.39116217903909, 0.644054306816557, -3.97147504330977
-6.39116217903909, 0.472315312962875, -4.19240249600256
-6.39116217903909, 0.253674497391193, -4.36718970919026
-6.39116217903909, 0.00107600570430353, -4.4847639128605
-5.59226670407636, 2.47060507050959, -0.00075263214842785
-5.59226690665921, 2.41751617375937, -0.27222629513094
-5.59226690665921, 2.35379153820676, -0.539782851750157
-5.59226690665921, 2.20024710349174, -0.769868729006666
-5.59226690665921, 2.04352944817399, -0.997806011427607
-5.59226690665921, 1.88440549602942, -1.22407119392783
-5.59226690665921, 1.72388620872738, -1.44934944398381
-5.59226690665921, 1.56302642240896, -1.67438487519365
-5.59226690665921, 1.40323352236481, -1.90017814389144
-5.59226690665921, 1.24629683167604, -2.12796254093966
-5.59226690665921, 1.09520499289097, -2.35965391096459
-5.59226690665921, 0.954147786957619, -2.59756690279241
-5.59226690665921, 0.831791564387998, -2.84548073703311
-5.59226690665921, 0.758011985400271, -3.11149890419043
-5.59226690665921, 0.713470089723622, -3.38449749491532
-5.59226690665921, 0.662439463080224, -3.65631092037099
-5.59226690665921, 0.576514635792312, -3.91878395877569
-5.59226690665921, 0.436428373586286, -4.15654086386879
-5.5922669066592, 0.240949861812272, -4.35121543359183
-5.59226690665921, 0.00110162450650055, -4.48452054800334
-4.79337146063638, 2.2916247019105, -0.000645114458818944
-4.79337161443671, 2.23136978938833, -0.268757054202142
-4.79337163427932, 2.16109924433292, -0.533308145773248
-4.79337163427932, 2.00077983763739, -0.756495560973202
-4.79337163427932, 1.83775787503153, -0.977717937711589
-4.79337163427932, 1.6728731306511, -1.19755632517297
-4.79337163427932, 1.50695207644913, -1.41661412763403
-4.79337163427932, 1.34082331423553, -1.63551456458821
-4.79337163427932, 1.17551545639915, -1.85503495605331
-4.79337163427932, 1.01260132495408, -2.07633471470615
-4.79337163427932, 0.855080998634994, -2.30149258411924
-4.79337163427932, 0.709676501418465, -2.5345898788068
-4.79337163427932, 0.601422955915019, -2.78645291987889
-4.79337163427932, 0.578574822088194, -3.05917224699943
-4.79337163427932, 0.585894256554636, -3.33386843677574
-4.79337163427932, 0.574921089871371, -3.60832301438578
-4.79337163427932, 0.518944514315922, -3.87678755784662
-4.79337163427932, 0.404592974781056, -4.12599004342496
-4.79337163427931, 0.229893414610539, -4.33697346479739
-4.79337163427932, 0.00112724330869756, -4.48427718314618
-3.93276950339778, 2.07605666199923, -0.00105858392048797
-3.95729197302239, 2.00913495210185, -0.26627375466258
-3.98470228458693, 1.93433233446997, -0.52852936315569
-4.04086557545314, 1.78106296495839, -0.74938115380883
-4.09733018199626, 1.62697130631257, -0.969583267287495
-4.15391791205204, 1.47254364415153, -1.18951833365508
-4.21048526934573, 1.31817157916707, -1.4094976443379
-4.26688521039653, 1.16425639236048, -1.62983965877596
-4.32286296964017, 1.01149333781687, -1.85108837625131
-4.37789296296944, 0.861316732213492, -2.07433338270114
-4.43081809850339, 0.716884274116842, -2.30181916516083
-4.47873694440646, 0.58611395802585, -2.53838895730586
-4.50897355276591, 0.503598389084904, -2.79719427737926
-4.50298453228688, 0.519942399178601, -3.07051098075994
-4.4927897050512, 0.547764037095344, -3.34345779979026
-4.49314114725129, 0.546804952903563, -3.61784409846868
-4.51232498775559, 0.494452337991642, -3.88607828763404
-4.55233613850121, 0.385262086608006, -4.13414401662491
-4.61359495847026, 0.218087040971084, -4.34202019408991
-4.69350974335728, 0.000565222828904877, -4.48424676255008
-3.30250490111804, 1.89679719929451, -0.000888937637390888
-3.35266845395476, 1.82477390100332, -0.266921454109069
-3.40781845666476, 1.74559121015861, -0.52937052617878
-3.50764653609226, 1.60226110023106, -0.748393304410097
-3.60744736848444, 1.4589701107653, -0.96745406572121
-3.70707223685138, 1.315931765077, -1.18675984862155
-3.80637192588036, 1.17336030195844, -1.4065166227512
-3.90519451238541, 1.0314738480837, -1.62693058065545
-4.00316319211726, 0.890813407494734, -1.84850742324153
-4.0993618801607, 0.752694266956067, -2.07244191141754
-4.19161781047876, 0.620236017635958, -2.3013753675866
-4.27432835479739, 0.501482742231455, -2.54107501893585
-4.31834386370622, 0.438286617788321, -2.80765222058358
-4.28756201934204, 0.48248225053808, -3.08206068472241
-4.25946124473649, 0.522828485148231, -3.3576150359616
-4.25760051299352, 0.525500066999698, -3.63725352998344
-4.29555743155215, 0.471002681687669, -3.90854614686109
-4.37137646122512, 0.362144032698851, -4.15436613902408
-4.48339951826649, 0.201304746074883, -4.35316677088329
-4.62360640705998, 0.000566343651499846, -4.48422546812511
-2.81211558161077, 1.74158747095459, -0.000756940916188583
-2.88751041155703, 1.66619264100832, -0.268430762393118
-2.9698555479751, 1.58384750459026, -0.531355085841313
-3.10332224211621, 1.45038081044914, -0.74905970930739
-3.23637970524354, 1.31732334732181, -0.967264696022486
-3.36891429805744, 1.18478875450791, -1.18610510028423
-3.50081134485005, 1.05289170771531, -1.4057144254741
-3.63195240299255, 0.921750649572808, -1.62622724707122
-3.76190817161165, 0.791794880953701, -1.84813776482427
-3.88948094849953, 0.664222104065819, -2.07279179723982
-4.0116149008922, 0.542088151673156, -2.30338003598354
-4.12039500733123, 0.43330804523412, -2.54679062747811
-4.16504050116469, 0.388662551400662, -2.82205953244341
-4.09906133656735, 0.454641715998006, -3.0944038129424
-4.05043936117329, 0.503263691392057, -3.37370899121311
-4.04772963916237, 0.505973413402977, -3.66088425262356
-4.10613956496356, 0.447563487601791, -3.93585814033284
-4.21557847033848, 0.338124582226871, -4.17771108138825
-4.369539037738, 0.184164014827349, -4.36497141574126
-4.55370307076268, 0.000567464474094814, -4.48420417370013
-2.36303529722784, 1.58395445117236, -0.000636063020382686
-2.46703152509019, 1.5062818504103, -0.269843924559685
-2.57939799696713, 1.42235769000045, -0.533113409922407
-2.74369625727705, 1.29964676633267, -0.750539317645965
-2.90723693280321, 1.17750166684585, -0.968853239224188
-3.06999650689611, 1.05593995563211, -1.18807457045247
-3.23189514436112, 0.935021259923398, -1.40828671382261
-3.39278327517452, 0.814857290432464, -1.62964927013147
-3.55219471236817, 0.695796232425268, -1.85266850074624
-3.7086748358038, 0.578924511165327, -2.07889228913719
-3.85814223778504, 0.467290444433622, -2.31234148502994
-3.9900933895264, 0.368738897517261, -2.5614466046998
-4.01696578471152, 0.34866846933311, -2.84556646894335
-3.90626193893032, 0.431350849193739, -3.11047460524766
-3.83432181997723, 0.485081414744775, -3.3946089771181
-3.83533399973996, 0.484325438915402, -3.69174913820577
-3.91996920457059, 0.421113180063803, -3.97004268796188
-4.06676340663089, 0.311475670269634, -4.20466283264488
-4.26129698151265, 0.166182624481407, -4.37743131651003
-4.48379973446538, 0.000568585296689782, -4.48418287927514
-1.92908499180597, 1.41307061672109, -0.000519257371886608
-2.06654783367234, 1.3348978010043, -0.270943785068832
-2.21289723929639, 1.25167134532524, -0.534530850939956
-2.40770154646523, 1.14088939873964, -0.753437750238691
-2.60149798663368, 1.03068060923576, -0.973525460974328
-2.7943042445427, 0.921034919797619, -1.1947610738028
-2.98606979868466, 0.811981061160398, -1.41719040376352
-3.17666062444536, 0.703595250877332, -1.64095174556333
-3.36559135169122, 0.596153510813598, -1.86656698580215
-3.5509805771583, 0.490725763492597, -2.09602731731729
-3.7272027138516, 0.390511186011837, -2.33478836690419
-3.87996902131048, 0.303635545740083, -2.59363309592114
-3.85350618054629, 0.318684520039713, -2.88114595505014
-3.69129216567334, 0.41093291327219, -3.13249827567674
-3.59428700282295, 0.466098124583997, -3.42348951030243
-3.60897184026692, 0.457747103495302, -3.73338606169645
-3.72873115637569, 0.389641986349247, -4.01315583008055
-3.91910514618777, 0.281379487038232, -4.23534418114312
-4.15496921174994, 0.147247543590371, -4.39044178815026
-4.41389639816808, 0.00056970611928475, -4.48416158485016
-1.50156915489155, 1.22144930655419, -0.000404183359705932
-1.67827123048998, 1.14551670953149, -0.272052686230716
-1.86342032581267, 1.06595425053579, -0.536454221363239
-2.09012488337247, 0.968534535718636, -0.759840327795937
-2.31570861352409, 0.871596464004028, -0.984566703485768
-2.54022224491259, 0.775118236226617, -1.21055906148352
-2.76364396485986, 0.679109225752803, -1.4378297654885
-2.98588092464244, 0.583609331631181, -1.66647219916123
-3.20622736611567, 0.488921832974984, -1.89726935856442
-3.42214503278264, 0.396137471967453, -2.13295724384333
-3.62526786301981, 0.30885132118357, -2.38163961505834
-3.79074452502147, 0.237742520396255, -2.65991110933016
-3.64782012104996, 0.299160141749734, -2.92828670938535
-3.43203151185761, 0.391889044047007, -3.16288212365029
-3.31331697086718, 0.442903178268313, -3.46598263298166
-3.35962534907934, 0.423003494522945, -3.79089287261323
-3.52720707243567, 0.350990104612887, -4.06724917710758
-3.76862558939638, 0.247247492082091, -4.26961369623276
-4.04785171965103, 0.127258153218752, -4.40397822267868
-4.34399306187079, 0.000570826941879719, -4.48414029042519
-1.08076740518242, 1.00315580642996, -0.000290916165617441
-1.30330209813093, 0.933248372025331, -0.274531940857554
-1.53329615743296, 0.860997639336958, -0.541515669865589
-1.79544465096785, 0.778645856910369, -0.774145183652218
-2.05658685332714, 0.696610192538985, -1.00801501164136
-2.31677869392416, 0.6148730764599, -1.24304579199563
-2.57600250157356, 0.53344005992992, -1.4792487617922
-2.8341747595804, 0.452337379028453, -1.71671357015873
-3.0900397587269, 0.371959504427058, -1.95690134006959
-3.33927139018025, 0.293665447457632, -2.20458693433929
-3.56807034114256, 0.221790148175883, -2.47284722230086
-3.64663686208166, 0.197109125023143, -2.78189800321732
-3.36021178682367, 0.287087194937269, -2.97961257972347
-3.0939590114048, 0.370728303593315, -3.20415904048256
-2.97353729683816, 0.408557789865409, -3.53283237320267
-3.07768883782919, 0.375839444139169, -3.87134557644902
-3.31056251847353, 0.30268410220794, -4.13311311629294
-3.61031141290978, 0.208520464628466, -4.30711774732048
-3.93670611069895, 0.105986268169513, -4.41811646624658
-4.2740897255734, 0.00057194776447469, -4.48411899600021
-0.674324321524133, 0.754012387508741, -0.000181513369271418
-0.951073548280127, 0.694896098461573, -0.280523454114368
-1.23418595749268, 0.634420572614464, -0.553841946292798
-1.53850492137152, 0.569415123305448, -0.802523899091926
-1.84213572158839, 0.504556672354581, -1.05208385385225
-2.14507149045712, 0.439846686765498, -1.30252544160197
-2.44730526823126, 0.37528665320679, -1.55385231121888
-2.748637905048, 0.310919111999132, -1.80630693562043
-3.04624650086929, 0.24734706166417, -2.06332488658079
-3.32969853700889, 0.186798988248192, -2.33635867878455
-3.57007151475463, 0.135453014862422, -2.64815851251624
-3.30290068837557, 0.192523265725745, -2.87928756007617
-2.94121688370734, 0.269782395194961, -3.02696241363899
-2.62947343153328, 0.336373786409698, -3.25978642148271
-2.56524930723155, 0.350092675313295, -3.63852122615157
-2.75648293041108, 0.309243339342482, -3.98051317233225
-3.07309039516491, 0.24161294839154, -4.20894916654482
-3.43770482473907, 0.163727809335744, -4.34765908081728
-3.81796999104212, 0.0824995228135544, -4.43331968301299
-4.20418638927619, 0.000573068587069655, -4.48409770157523
-0.306254317023999, 0.471657338848811, -8.24387267583631E-05
-0.645863628682393, 0.429813550307974, -0.290321998274452
-0.989725029634717, 0.387445855268805, -0.575318359655838
-1.34367062351189, 0.343835671222807, -0.84761568866565
-1.69737239384389, 0.300255529052916, -1.12023445071315
-2.05080067244756, 0.256709084221862, -1.39321304969806
-2.40397583233167, 0.213193826539729, -1.66652398343821
-2.75544746863883, 0.16988846263224, -1.94204858282022
-3.09740157770027, 0.12775576797683, -2.22934435757451
-3.40347885224848, 0.0900435135901372, -2.55465675722728
-3.22363511854909, 0.112202338171725, -2.81819653420689
-2.79104316312392, 0.165502662061211, -2.92415529981623
-2.36411608605325, 0.218105007527143, -3.04975119155274
-2.05132516534209, 0.256644460641129, -3.34590781637546
-2.11377183542836, 0.248950309837639, -3.78050093909282
-2.41004462571266, 0.212446081121053, -4.10852633621956
-2.81519165851463, 0.162527288595231, -4.29123498632151
-3.24889477064426, 0.109090057369635, -4.39164225450336
-3.69028683960641, 0.0547054578807112, -4.45058225504796
-4.1342830529789, 0.000574189409675163, -4.48407835079967
-0.0441711822032082, 0.159981936503383, -1.18914133805082E-05
-0.434213467174123, 0.144460423174149, -0.294849753148985
-0.825066634519252, 0.12890664123696, -0.588606563046659
-1.21753146888965, 0.113288723917072, -0.880206863180566
-1.61001381910622, 0.0976701095639392, -1.17178355218315
-2.0025021767863, 0.082051256147175, -1.46335213958277
-2.39500079637703, 0.0664319943634485, -1.75490661654287
-2.78364323521725, 0.0509661871235634, -2.05156489342172
-3.14832221213646, 0.0364539923712304, -2.3766223887526
-3.28760680834535, 0.0309112402135395, -2.73832227870927
-2.80829996229545, 0.0499849865390469, -2.83219590358048
-2.32331546882174, 0.0692846716500738, -2.89312043678466
-1.85024195595835, 0.0881103659877124, -3.00907350377022
-1.62190100793883, 0.0971970655709621, -3.40365544074875
-1.76570486752975, 0.0914744718690968, -3.86614493451657
-2.1179777045229, 0.077455972476591, -4.19704926907189
-2.57637548314105, 0.0592142907280509, -4.3621621361127
-3.05928429484746, 0.0399972062057065, -4.43576193788792
-3.54690292754902, 0.0205926970056748, -4.46903357947965
-4.03544227639264, 0.00115154842464616, -4.48403786166745
