-37.0884758688697, 4.10535670479209, -0.00067632587031321
-37.0884758933224, 4.08629370088424, -0.300815281242811
-37.0884758935356, 4.0662834646457, -0.6008911835274
-37.0884758935356, 4.04083823526229, -0.900547766508639
-37.0884758935356, 4.00387664223539, -1.19897632318255
-37.0884758935356, 3.94306031629623, -1.49332520537459
-37.0884758935356, 3.82955755638912, -1.77084685364842
-37.0884758935356, 3.59750726110763, -1.9526922460149
-37.0884758935356, 3.30284194252337, -2.00841750745465
-37.0884758935356, 3.00310312554073, -2.0328759044818
-37.0884758935356, 2.70307586901621, -2.05361677829388
-37.0884758935356, 2.40298172868988, -2.07337174336948
-37.0884758935356, 2.10283678533183, -2.09233665354911
-37.0884758935356, 1.80264325561948, -2.11051926464303
-37.0884758935356, 1.50240989869841, -2.12803094564994
-37.0884758935356, 1.20212493926889, -2.14463282649198
-37.0884758935356, 0.901776562368923, -2.16004284151319
-37.0884758935356, 0.601319017051114, -2.17312420744075
-37.0884758935356, 0.300717455009141, -2.18228027766756
-37.0884758935356, 1.75385625869678E-06, -2.18513153234438
-36.3648887958903, 4.12542762589697, -0.000663131124375448
-36.3648888198932, 4.11037889022149, -0.304345395095774
-36.3648888200749, 4.09297643123187, -0.607898109504008
-36.3648888200749, 4.06955663840529, -0.911040088102159
-36.3648888200749, 4.0335442236967, -1.21291205385822
-36.3648888200749, 3.97305278683282, -1.51072170859369
-36.3648888200749, 3.86302476870123, -1.79332233465694
-36.3648888200749, 3.63551484622947, -1.9858459545524
-36.3648888200749, 3.33955579347007, -2.05086483355192
-36.3648888200749, 3.03666801521691, -2.07730090507083
-36.3648888200749, 2.73338359091214, -2.09892081958128
-36.3648888200749, 2.42996267649707, -2.1185390840574
-36.3648888200749, 2.12644755696419, -2.13664390033744
-36.3648888200749, 1.82286706656111, -2.15361927248216
-36.3648888200749, 1.51923376211098, -2.16962223076133
-36.3648888200749, 1.21554228603574, -2.18447911220493
-36.3648888200749, 0.911791959101033, -2.19807933510898
-36.3648888200749, 0.607972744587069, -2.21003297260448
-36.3648888200749, 0.304073759679155, -2.21974255281282
-36.3648888200749, 7.01543356173219E-05, -2.22367161991145
-35.622748208219, 4.14562153754374, -0.000649598050812569
-35.6227482317574, 4.13414187250592, -0.30802521146178
-35.6227482319101, 4.11706113007351, -0.615124791944343
-35.6227482319101, 4.09372933646679, -0.921821210726616
-35.6227482319101, 4.05918460032883, -1.22743078821612
-35.6227482319101, 4.00164418299578, -1.52943705602238
-35.6227482319101, 3.89535304673127, -1.81727778952081
-35.6227482319101, 3.67331316404746, -2.02197347278682
-35.6227482319101, 3.37732001194564, -2.10097359592199
-35.6227482319101, 3.0714921335396, -2.13355583519721
-35.6227482319101, 2.76493044004918, -2.15865844901672
-35.6227482319101, 2.45812533216167, -2.18060453396578
-35.6227482319101, 2.15116755156126, -2.20030525778049
-35.6227482319101, 1.8441055269582, -2.21831181207346
-35.6227482319101, 1.53695567091987, -2.23475201377168
-35.6227482319101, 1.22972215792056, -2.24954701781031
-35.6227482319101, 0.922420919414218, -2.26286317394982
-35.6227482319101, 0.615062931919828, -2.27479752638875
-35.6227482319101, 0.307655311286061, -2.28537761242361
-35.6227482319101, 0.000140308823025766, -2.29018457448363
-34.8806076205478, 4.16541027462588, -0.000636064976415725
-34.8806076436562, 4.15595388559566, -0.319135792420502
-34.8806076437453, 4.13709818444977, -0.637185385632304
-34.8806076437453, 4.11215536373132, -0.954842637354143
-34.8806076437453, 4.07756477541162, -1.27157336376957
-34.8806076437453, 4.01940531877336, -1.58467507836344
-34.8806076437453, 3.90447953967472, -1.88068369947545
-34.8806076437453, 3.6642931738525, -2.08258580770696
-34.8806076437453, 3.35752578427076, -2.16486938171355
-34.8806076437453, 3.04132674066671, -2.20396332744646
-34.8806076437453, 2.7240965765797, -2.23386494999447
-34.8806076437453, 2.40650304034975, -2.25965013706852
-34.8806076437453, 2.08868540840778, -2.28251742556495
-34.8806076437453, 1.77070365040881, -2.3029776900513
-34.8806076437453, 1.45257665744286, -2.32103842152892
-34.8806076437453, 1.13432888163577, -2.3368337034692
-34.8806076437453, 0.815996503264186, -2.35082559651755
-34.8806076437453, 0.497603767183787, -2.36337174366165
-34.8806076437453, 0.179166303430589, -2.37472834511737
-34.8806076437453, 0.139879778522601, -2.37552549327991
-34.1384670328766, 4.18481098827489, -0.000622531901220304
-34.1384670555169, 4.17548843023183, -0.3250470280761
-34.1384670555805, 4.15548392839328, -0.648953500540826
-34.1384670555805, 4.13023637154529, -0.972525438940273
-34.1384670555805, 4.09745001045728, -1.29540611587225
-34.1384670555805, 4.04259963662792, -1.61511596128157
-34.1384670555805, 3.92931737031301, -1.91799249387582
-34.1384670555805, 3.6894909339479, -2.12999054340633
-34.1384670555805, 3.38039856441123, -2.22545403528368
-34.1384670555805, 3.05950144331135, -2.27368555534212
-34.1384670555805, 2.73693192176159, -2.3095033036861
-34.1384670555805, 2.41381366721838, -2.34001922817599
-34.1384670555805, 2.09036726135495, -2.36684667901895
-34.1384670555805, 1.76667830162806, -2.39057094832148
-34.1384670555805, 1.44277979265207, -2.41123664876274
-34.1384670555805, 1.11870493027535, -2.42892877285019
-34.1384670555805, 0.794508784329532, -2.44424762426412
-34.1384670555805, 0.470231767460104, -2.45775191135135
-34.1384670555805, 0.145896975181656, -2.46963876210344
-34.1384670555805, 0.179198798610254, -2.46870894676931
-33.3963264452053, 4.20383621362822, -0.000608998825252129
-33.3963264673656, 4.19278275455413, -0.328729559329621
-33.3963264674157, 4.17263401482839, -0.656394729614831
-33.3963264674157, 4.14820816080725, -0.98378948805598
-33.3963264674157, 4.11766890155868, -1.31066065256679
-33.3963264674157, 4.06745366829126, -1.63495581645537
-33.3963264674157, 3.96132712468148, -1.94445831251788
-33.3963264674157, 3.72914501455044, -2.17038675767573
-33.3963264674157, 3.42170029342854, -2.28229280616626
-33.3963264674157, 3.09883960607533, -2.34130177843177
-33.3963264674157, 2.77330570903134, -2.38379499108845
-33.3963264674157, 2.44693685798842, -2.41937863701339
-33.3963264674157, 2.1201033351928, -2.45042449991457
-33.3963264674157, 1.79294278709765, -2.47781455928611
-33.3963264674157, 1.46550267646144, -2.50162791102448
-33.3963264674157, 1.13781477834193, -2.52174901156011
-33.3963264674157, 0.809943263579048, -2.53862619845687
-33.3963264674157, 0.481953724616611, -2.55304071623041
-33.3963264674157, 0.153893077466935, -2.56573244864215
-33.3963264674157, 0.175090764665247, -2.5649623920598
-32.6541858575341, 4.22248003104885, -0.000595465748498992
-32.6541858792118, 4.20867228897001, -0.332334618009095
-32.6541858792509, 4.18878608571313, -0.66375580704417
-32.6541858792509, 4.1656464690979, -0.994973438593794
-32.6541858792509, 4.13726038623057, -1.32577518348468
-32.654185879251, 4.09164951935251, -1.65454134807934
-32.6541858792509, 3.99343566083052, -1.9706096192394
-32.654185879251, 3.76918782057491, -2.20962912031919
-32.6541858792509, 3.46400083363657, -2.33745842162561
-32.6541858792509, 3.13971501151362, -2.40803882224108
-32.6541858792509, 2.81143893529768, -2.4576738823636
-32.6541858792509, 2.48191425436654, -2.4983083946297
-32.6541858792509, 2.1517634949304, -2.53352632664372
-32.6541858792509, 1.82119387054127, -2.56457340841965
-32.6541858792509, 1.49027106445523, -2.59159349713125
-32.6541858792509, 1.15902104210144, -2.61425059965398
-32.6541858792509, 0.827512772043556, -2.63275772041339
-32.6541858792509, 0.495831092434359, -2.64785939126274
-32.654185879251, 0.164046357290693, -2.66051123745568
-32.654185879251, 0.168795783139153, -2.66045713727372
-31.9120452698628, 4.24073314119005, -0.000581932670941732
-31.9120452910564, 4.22406024928257, -0.335993058857778
-31.9120452910862, 4.2044429655205, -0.671242977707358
-31.9120452910862, 4.18263735680729, -1.00635850135432
-31.9120452910862, 4.15635375332139, -1.34114684124616
-31.9120452910862, 4.11541666224877, -1.67438913755685
-31.9120452910862, 4.02511062267264, -1.99678689934429
-31.9120452910861, 3.80854392719533, -2.24795196301946
-31.9120452910862, 3.50587043510876, -2.39076338903452
-31.9120452910862, 3.18056654538694, -2.47335220958655
-31.9120452910862, 2.84966083023114, -2.53043271362445
-31.9120452910862, 2.51692707454337, -2.57583081472355
-31.9120452910862, 2.18338504293176, -2.61489690810707
-31.9120452910862, 1.84932888381246, -2.64929876220313
-31.9120452910862, 1.51484194399038, -2.67921870857523
-31.9120452910862, 1.17995259961312, -2.70423178380917
-31.9120452910862, 0.844730568279896, -2.72430040217784
-31.9120452910862, 0.509263604679099, -2.73976103191582
-31.9120452910861, 0.173648218119022, -2.75160035329644
-31.9120452910862, 0.163134573169105, -2.75197454838912
-31.1699046821916, 4.25857889677833, -0.00056839959254607
-31.1699047028992, 4.23962229589625, -0.339654520439403
-31.1699047029214, 4.21988254923436, -0.678695814341632
-31.1699047029214, 4.19926057473777, -1.01768430347888
-31.1699047029214, 4.17507410996148, -1.35643254953131
-31.1699047029214, 4.13888485552234, -1.69406374004656
-31.1699047029214, 4.05603978488106, -2.02237207278596
-31.1699047029214, 3.84691453947237, -2.28485418639913
-31.1699047029214, 3.54694968327483, -2.44158964228075
-31.1699047029214, 3.22103201294667, -2.53619033205312
-31.1699047029214, 2.887686026552, -2.6008668109708
-31.1699047029214, 2.55174512903062, -2.6506029059276
-31.1699047029214, 2.21479466413807, -2.69303528299136
-31.1699047029214, 1.87723135620907, -2.73028772943699
-31.1699047029214, 1.5391567969428, -2.76256924187252
-31.1699047029214, 1.20061923029119, -2.7895626036016
-31.1699047029214, 0.861686378511774, -2.81101790724006
-31.1699047029214, 0.522427324458477, -2.8264837351438
-31.1699047029214, 0.182969772863573, -2.83676361989519
-31.1699047029214, 0.157751767385003, -2.83731099777745
-30.4277640945204, 4.27598863815428, -0.000554866513253024
-30.4277641147404, 4.25542284617464, -0.343226442806332
-30.4277641147566, 4.23533746383239, -0.685926284619227
-30.4277641147566, 4.21562656757652, -1.02864805042425
-30.4277641147566, 4.19332539882633, -1.37120754504692
-30.4277641147566, 4.16152471316045, -1.71298818186101
-30.4277641147566, 4.08520549577126, -2.04664068416517
-30.4277641147566, 3.8833115029552, -2.31959490547893
-30.4277641147566, 3.58616149608668, -2.4890359317104
-30.4277641147566, 3.25992181408586, -2.59497360877741
-30.4277641147566, 2.92438856189378, -2.66715065919052
-30.4277641147566, 2.58535884841939, -2.72093678072102
-30.4277641147566, 2.24508904855541, -2.76632413110211
-30.4277641147566, 1.90409664731544, -2.8059269863942
-30.4277641147566, 1.56251036906265, -2.84002944541667
-30.4277641147566, 1.2204146713807, -2.86857282944239
-30.4277641147566, 0.877876037496099, -2.89115801698892
-30.4277641147566, 0.534933166465468, -2.90639585525292
-30.4277641147566, 0.191752254673766, -2.91480562516882
-30.4277641147566, 0.15279100112952, -2.91554259376492
-29.6756235068558, 4.29316006338565, -0.00054115108102387
-29.6756235265802, 4.27164519770563, -0.34664369260945
-29.6756235265918, 4.25118786641104, -0.692809665208783
-29.6756235265918, 4.23203734719908, -1.03905105572463
-29.6756235265918, 4.21119172514128, -1.38519232556011
-29.6756235265918, 4.18295332558766, -1.73079124234325
-29.6756235265918, 4.11186577440131, -2.06917442266439
-29.6756235265918, 3.91713181895023, -2.35183635151623
-29.6756235265918, 3.62290871095597, -2.53285527020277
-29.6756235265918, 3.29645048487807, -2.64889552533384
-29.6756235265918, 2.9589887358142, -2.72824196379107
-29.6756235265918, 2.61708908625245, -2.78600830970002
-29.6756235265918, 2.27367119658307, -2.83406924017162
-29.6756235265918, 1.92939896332291, -2.87558095893165
-29.6756235265918, 1.5844468197547, -2.91100546294502
-29.6756235265918, 1.23894912366144, -2.94064563639993
-29.6756235265918, 0.892975183771725, -2.96403442982374
-29.6756235265918, 0.546533915201995, -2.97891941286418
-29.6756235265918, 0.19983332763291, -2.98557952191833
-29.6756235265918, 0.148336424994205, -2.98662012064881
-27.830272037671, 4.33298522059351, -0.00050750072762346
-27.8302720561746, 4.31166116394533, -0.353568158286702
-27.8302720561798, 4.29106492282601, -0.706671717773416
-27.8302720561798, 4.27150745759508, -1.05983464255686
-27.8302720561798, 4.25133507325212, -1.41296225490272
-27.8302720561798, 4.22599244941597, -1.76574406670947
-27.8302720561798, 4.16085068023623, -2.11255971110502
-27.8302720561798, 3.98222194757281, -2.41442944633412
-27.8302720561798, 3.69587384895369, -2.61912661148302
-27.8302720561798, 3.36852651560258, -2.75215433039153
-27.8302720561798, 3.02741934077684, -2.84521672065591
-27.8302720561798, 2.68022642764326, -2.91253827970379
-27.8302720561798, 2.33059682356387, -2.96598597565734
-27.8302720561798, 1.97968930741005, -3.01031040339264
-27.8302720561798, 1.62789581864777, -3.04696834633084
-27.8302720561798, 1.27549742011491, -3.07728474050488
-27.8302720561798, 0.92259594452936, -3.10096919920445
-27.8302720561798, 0.569179139527225, -3.11490118223386
-27.8302720561798, 0.215512454109308, -3.11953117898824
-27.8302720561798, 0.139944939675928, -3.11957225369979
-25.9749205684929, 4.36848552138414, -0.000473668012876395
-25.9749205857652, 4.34883906969801, -0.358090763125696
-25.9749205857678, 4.32892626775315, -0.715693061873258
-25.9749205857678, 4.30782902025881, -1.07322716717311
-25.9749205857678, 4.28446693954112, -1.43061962070171
-25.9749205857678, 4.25580142980812, -1.78761498750371
-25.9749205857678, 4.18988695355898, -2.1389699115111
-25.9749205857678, 4.0197194148054, -2.45122634246022
-25.9749205857678, 3.74231695617906, -2.67491630692815
-25.9749205857678, 3.41511049392251, -2.81936999114291
-25.9749205857678, 3.07171872707124, -2.92070319122503
-25.9749205857678, 2.72139419087725, -2.99487269692197
-25.9749205857678, 2.36763061203109, -3.05064836304612
-25.9749205857678, 2.01224123824271, -3.09499215442003
-25.9749205857678, 1.65587488313678, -3.13068906392618
-25.9749205857678, 1.2989054772321, -3.15977414151155
-25.9749205857678, 0.941459540349168, -3.18218046718693
-25.9749205857678, 0.583546779166066, -3.19508646295224
-25.9749205857678, 0.225425083261542, -3.19970423262948
-25.9749205857678, 0.134833260810425, -3.20002284693976
-24.119569099313, 4.39669200131133, -0.000439835283117872
-24.1195691153514, 4.38098263186054, -0.35369255949054
-24.1195691153558, 4.36341383219724, -0.706855193820574
-24.1195691153558, 4.34053401079341, -1.05971237576394
-24.1195691153558, 4.31285977623081, -1.41222758778989
-24.1195691153558, 4.27978976569959, -1.76427190040037
-24.1195691153558, 4.21693625122102, -2.11177683329358
-24.1195691153558, 4.0653372097517, -2.42914428347842
-24.1195691153558, 3.81098945629462, -2.67258830990525
-24.1195691153558, 3.49822196617043, -2.83593960301888
-24.1195691153558, 3.16265508411083, -2.946857119968
-24.1195691153558, 2.81842089878976, -3.02730939519135
-24.1195691153558, 2.46963294769145, -3.08523940824436
-24.1195691153558, 2.11887050749187, -3.12985602573756
-24.1195691153558, 1.76704583356832, -3.16518347570544
-24.1195691153558, 1.41457786685288, -3.19342211266538
-24.1195691153558, 1.06167782463411, -3.21560008992433
-24.1195691153558, 0.708363619730616, -3.22963896630775
-24.1195691153558, 0.354823476972613, -3.23598724254165
-24.1195691153558, 0.00122770291551524, -3.23774203490869
-22.2642176301367, 4.41925946772287, -0.000406002541753937
-22.2642176449404, 4.40851611836561, -0.355121773433248
-22.2642176449438, 4.39302911671373, -0.709646435759074
-22.2642176449438, 4.36586327519126, -1.06347224907902
-22.2642176449438, 4.33344310020465, -1.4168661057319
-22.2642176449438, 4.29511439131429, -1.7696514608496
-22.2642176449438, 4.2245004070662, -2.11699255584382
-22.2642176449438, 4.07152765263117, -2.43547248604067
-22.2642176449438, 3.81969285443291, -2.68329726820344
-22.2642176449438, 3.50998961904933, -2.85510500390987
-22.2642176449438, 3.17492282058348, -2.97126800901559
-22.2642176449438, 2.82943559408866, -3.05188543950225
-22.2642176449438, 2.47926187807766, -3.10927018289347
-22.2642176449438, 2.1271638870475, -3.15349785241204
-22.2642176449438, 1.77397346941719, -3.18797396147922
-22.2642176449438, 1.42010232744601, -3.21461704367222
-22.2642176449438, 1.06578865858733, -3.23452445256685
-22.2642176449438, 0.711121129799126, -3.24652496588707
-22.2642176449438, 0.356279745127004, -3.25137903426019
-22.2642176449438, 0.00140308829260633, -3.25225319492618
-20.4088661745075, 4.44557084866782, -0.000744339617175998
-20.4088661745318, 4.42871440958117, -0.355514295091787
-20.4088661745318, 4.40730635748291, -0.710027166678519
-20.4088661745318, 4.37613719437853, -1.06381946784884
-20.4088661745318, 4.34081076019584, -1.41722794214255
-20.4088661745318, 4.29935963870426, -1.76995112745613
-20.4088661745318, 4.22544224712765, -2.11692243926291
-20.4088661745319, 4.07209988770552, -2.43568865183149
-20.4088661745318, 3.82116323707689, -2.68474763164806
-20.4088661745318, 3.51252379127868, -2.85914047428058
-20.4088661745319, 3.17788904254667, -2.97732842247215
-20.4088661745318, 2.8320793123504, -3.05781686313986
-20.4088661745318, 2.48159117687697, -3.11509868483976
-20.4088661745318, 2.12921179916121, -3.15942693578958
-20.4088661745318, 1.77572005369147, -3.19381191291681
-20.4088661745318, 1.42152474372332, -3.22002350843205
-20.4088661745318, 1.06687719513541, -3.23916892914093
-20.4088661745318, 0.711891183337358, -3.25035816489309
-20.4088661745318, 0.356747627937033, -3.25436709482671
-20.4088661745318, 0.0015784736050588, -3.25510518385101
-18.5535146917805, 4.44337611884834, -0.000338337015768066
-18.5535147041154, 4.43107088945359, -0.351524492995184
-18.5535147041199, 4.39406562175007, -0.700898536106647
-18.5535147041199, 4.35112939395138, -1.04966495001791
-18.5535147041199, 4.30405376342592, -1.3978966691889
-18.5535147041198, 4.24897590083155, -1.74493365956385
-18.5535147041199, 4.16391068856024, -2.08552803449813
-18.5535147041198, 4.01067965343654, -2.40068571795563
-18.5535147041199, 3.77117777184632, -2.65581433361252
-18.5535147041199, 3.47085036455418, -2.83678718593582
-18.5535147041199, 3.14165522507076, -2.9588094901437
-18.5535147041199, 2.80040275080519, -3.04218284955996
-18.5535147041199, 2.45430135773115, -3.10279289254377
-18.5535147041199, 2.10611115331754, -3.15008197347384
-18.5535147041199, 1.75667125095215, -3.18705750330347
-18.5535147041199, 1.40643834891644, -3.21561187603191
-18.5535147041199, 1.05568793572658, -3.23687593845303
-18.5535147041199, 0.70451862644762, -3.24938740612503
-18.5535147041199, 0.353154016667639, -3.25417553944623
-18.5535147041199, 0.0017538589010393, -3.25498610385633
-16.6981632226024, 4.42958828217024, -0.000304504199580996
-16.6981632336991, 4.4213737205709, -0.343427310284944
-16.6981632337079, 4.35950926255908, -0.680536675661518
-16.6981632337079, 4.29093378246416, -1.01683656004753
-16.6981632337079, 4.21764297446839, -1.35213373504371
-16.6981632337079, 4.13438092282643, -1.68508098005114
-16.6981632337079, 4.02851445712553, -2.01137028552935
-16.6981632337079, 3.87367916357643, -2.31715696736958
-16.6981632337079, 3.65529309275688, -2.58060117168067
-16.6981632337079, 3.3757092210947, -2.77819134685163
-16.6981632337079, 3.060978185392, -2.91406453283376
-16.6981632337079, 2.730707909267, -3.0069646036792
-16.6981632337079, 2.39448377358863, -3.07571110638116
-16.6981632337079, 2.0555680957049, -3.12978471293435
-16.6981632337079, 1.71503086658528, -3.17251242991716
-16.6981632337079, 1.3734324847391, -3.20575827783154
-16.6981632337079, 1.03114882389686, -3.23099250481659
-16.6981632337079, 0.688293312213236, -3.24656171738218
-16.6981632337079, 0.345145192371401, -3.25332855978452
-16.6981632337079, 0.00192924419701979, -3.25486702386166
-14.8428117534243, 4.38860002983685, -0.000270671327412727
-14.8428117632771, 4.37348053922218, -0.331605051022627
-14.8428117632959, 4.28541574491645, -0.649964967632882
-14.8428117632959, 4.18399512386596, -0.965756359502912
-14.8428117632959, 4.07821669131142, -1.28011027457621
-14.8428117632959, 3.9640930109103, -1.59152037622524
-14.8428117632959, 3.83479895389742, -1.89688499188314
-14.8428117632959, 3.67632835103077, -2.1880337146556
-14.8428117632959, 3.47820293342327, -2.45346936439526
-14.8428117632959, 3.22880862634023, -2.67107667870755
-14.8428117632959, 2.94019531638758, -2.83358513472053
-14.8428117632959, 2.62921206864698, -2.94823991463099
-14.8428117632959, 2.30849776990244, -3.03254079287789
-14.8428117632959, 1.98335938855524, -3.09792924007539
-14.8428117632959, 1.65579188147833, -3.14987109714953
-14.8428117632959, 1.32657688983379, -3.19009553343205
-14.8428117632959, 0.996275918260735, -3.22018510406629
-14.8428117632959, 0.665248442891916, -3.24076702335621
-14.8428117632959, 0.333762648090532, -3.25179922012501
-14.8428117632959, 0.00210462949300073, -3.25474794386698
-12.9874602842462, 4.30214724598202, -0.000236838361673735
-12.9874602928467, 4.27540336153942, -0.316976671914717
-12.9874602928839, 4.16368966980583, -0.611437520654696
-12.9874602928839, 4.02928557463936, -0.899489576037533
-12.9874602928839, 3.8912625899694, -1.18582354511752
-12.9874602928839, 3.74829513977299, -1.46971812709162
-12.9874602928839, 3.59787233388644, -1.74972248124928
-12.9874602928839, 3.4339959635692, -2.02202591088308
-12.9874602928839, 3.24959367151737, -2.28079507209497
-12.9874602928839, 3.03324961060409, -2.51315953872296
-12.9874602928839, 2.77948388556629, -2.70395389970457
-12.9874602928839, 2.49849754501085, -2.85184647962456
-12.9874602928839, 2.20010362103169, -2.96101968615048
-12.9874602928839, 1.89379492173979, -3.04572470591623
-12.9874602928839, 1.58309681129569, -3.11270436863501
-12.9874602928839, 1.26959916576175, -3.1650414801534
-12.9874602928839, 0.954033388133608, -3.2030401240736
-12.9874602928839, 0.637374506418473, -3.23060596595762
-12.9874602928839, 0.320059435820677, -3.24911630394308
-12.9874602928839, 0.00228001478898078, -3.25462886387231
-11.1221088150749, 4.1558401547658, -0.000202822920302675
-11.1221088224053, 4.1157302880731, -0.299834700988681
-11.1221088224719, 3.98766997610682, -0.568009558593659
-11.1221088224719, 3.82687301816134, -0.824001719726403
-11.1221088224719, 3.66379941268194, -1.07854906414884
-11.1221088224719, 3.49786912489556, -1.33124283899667
-11.1221088224719, 3.32892963070769, -1.58193501669406
-11.1221088224719, 3.15695265938974, -1.83055142399422
-11.1221088224719, 2.97831947073458, -2.07440835645561
-11.1221088224719, 2.7866318449044, -2.30807694055788
-11.1221088224719, 2.57103574950329, -2.51964509746854
-11.1221088224719, 2.3287782297292, -2.70013967230736
-11.1221088224719, 2.06413449831815, -2.84567632078065
-11.1221088224719, 1.78420382227035, -2.9595544719566
-11.1221088224719, 1.49615112787938, -3.05107673157628
-11.1221088224719, 1.2027974850774, -3.12389316692565
-11.1221088224719, 0.905280171425479, -3.17717271562304
-11.1221088224719, 0.605331503634989, -3.21469187338935
-11.1221088224719, 0.304395780245553, -3.24332843347504
-11.1221088224719, 0.00245634537914868, -3.25450914205857
-10.3899682273969, 4.07802871641978, -0.000189471997480123
-10.3899682342245, 4.03137795281747, -0.292073411994411
-10.3899682343071, 3.89954828407679, -0.549987318463685
-10.3899682343071, 3.7311097346796, -0.792888320136367
-10.3899682343071, 3.56106446190241, -1.03466686961198
-10.3899682343071, 3.38875497291713, -1.27483600928601
-10.3899682343071, 3.21415199404938, -1.51334394398648
-10.3899682343071, 3.03822574550478, -1.75087817087141
-10.3899682343071, 2.85977305494405, -1.98651427950656
-10.3899682343071, 2.67372656252856, -2.21617359894148
-10.3899682343071, 2.47137550468367, -2.43145486897904
-10.3899682343071, 2.24517398041814, -2.62147584211186
-10.3899682343071, 1.99806194269125, -2.78326021307263
-10.3899682343071, 1.73220662280883, -2.91216366771048
-10.3899682343071, 1.45577849904369, -3.0166236234034
-10.3899682343071, 1.17236058182312, -3.10036261634167
-10.3899682343071, 0.883557377156425, -3.16299147254069
-10.3899682343071, 0.591232510685727, -3.20658159348085
-10.3899682343071, 0.297513552728055, -3.23968756890104
-10.3899682343071, 0.0025255542033533, -3.25446215187976
-9.64782763972566, 3.984976096455, -0.000175938690844007
-9.64782764604034, 3.93110690982918, -0.28345887163591
-9.64782764614232, 3.797199272493, -0.531360107427908
-9.64782764614232, 3.62275015032561, -0.760965752373826
-9.64782764614232, 3.44710056757766, -0.989654066146751
-9.64782764614232, 3.26979407194002, -1.21705948686986
-9.64782764614232, 3.09058579816625, -1.4429698773939
-9.64782764614233, 2.9107100717679, -1.66834973322702
-9.64782764614233, 2.73112074112372, -1.89395772535532
-9.64782764614233, 2.54871859372231, -2.11728882525864
-9.64782764614232, 2.35724447308775, -2.3328339731796
-9.64782764614232, 2.14745611669438, -2.53048999102655
-9.64782764614232, 1.91933675300562, -2.70666859371207
-9.64782764614232, 1.67150900881323, -2.85373543788919
-9.64782764614232, 1.4094835578834, -2.97386227184222
-9.64782764614233, 1.13792489625858, -3.07062458117134
-9.64782764614232, 0.85937874307372, -3.14486617005165
-9.64782764614232, 0.575795775042363, -3.19683648900742
-9.64782764614232, 0.2900104153146, -3.23518263510201
-9.64782764614232, 0.00259570832174576, -3.25441451988189
-8.90568705205442, 3.87607077811591, -0.000162405351581376
-8.90568705785352, 3.81531102218444, -0.274255685914218
-8.90568705797753, 3.6811276825501, -0.512723953905459
-8.90568705797753, 3.50225095458031, -0.729108497414228
-8.90568705797753, 3.32244824139493, -0.94472400753331
-8.90568705797753, 3.14136393493521, -1.15926393546766
-8.90568705797753, 2.95865878587306, -1.37242544162938
-8.90568705797753, 2.77547331145781, -1.58517481848047
-8.90568705797753, 2.59361733661923, -1.79906042910414
-8.90568705797753, 2.41258819666447, -2.01364738843429
-8.90568705797753, 2.22852693439451, -2.22562821885249
-8.90568705797753, 2.03441953612348, -2.42838160215238
-8.90568705797753, 1.82589127398104, -2.6162570135198
-8.90568705797753, 1.60006364805541, -2.78275553111764
-8.90568705797753, 1.3563067056839, -2.92174658293519
-8.90568705797753, 1.09915786974286, -3.03413856968487
-8.90568705797753, 0.832587815983405, -3.12189000839639
-8.90568705797753, 0.559065615859622, -3.18481418917544
-8.90568705797753, 0.281969450434967, -3.22979846153202
-8.90568705797753, 0.00266586244013778, -3.25436688788402
-8.16354646438319, 3.74952863851695, -0.000148871976020333
-8.16354646966594, 3.68310782253743, -0.264793675121154
-8.16354646981273, 3.55060442043753, -0.494700579732124
-8.16354646981273, 3.36891974726737, -0.698267479319093
-8.16354646981273, 3.1862941648757, -0.900990536699473
-8.16354646981274, 3.00250194036433, -1.10265628696742
-8.16354646981273, 2.81736771084695, -1.30309078762921
-8.16354646981273, 2.63182980070313, -1.50315223333589
-8.16354646981273, 2.44750243934571, -1.70432773109776
-8.16354646981273, 2.26585368808591, -1.90792474784287
-8.16354646981274, 2.08526121452955, -2.11246146438833
-8.16354646981273, 1.90332381553266, -2.31579852358388
-8.16354646981273, 1.71521877320187, -2.51341596125995
-8.16354646981274, 1.51449719067945, -2.69808887714176
-8.16354646981274, 1.29404556433682, -2.85857148290493
-8.16354646981273, 1.0551280739125, -2.99000860286259
-8.16354646981273, 0.802732294836266, -3.09329966235323
-8.16354646981274, 0.540815126347634, -3.16938415925564
-8.16354646981273, 0.273379259147421, -3.2232367304868
-8.16354646981273, 0.00273601655853025, -3.25431925588615
-7.42140587671196, 3.60334022442184, -0.000135338560025224
-7.42140588148069, 3.53332615101363, -0.2555318732939
-7.42140588164794, 3.40455291607588, -0.477991769520032
-7.42140588164794, 3.22174311139857, -0.669589737976863
-7.42140588164794, 3.03754591445184, -0.859854151018588
-7.42140588164794, 2.85199977896342, -1.04880351432875
-7.42140588164794, 2.66538492292478, -1.23669779277971
-7.42140588164794, 2.47853535099274, -1.42435888139256
-7.42140588164794, 2.29280560989133, -1.61312699442424
-7.42140588164794, 2.10974133695361, -1.80447757183133
-7.42140588164794, 1.92978349636455, -1.99875488501666
-7.42140588164794, 1.7535842362296, -2.19643808749607
-7.42140588164794, 1.58369440442099, -2.39957157064937
-7.42140588164794, 1.41041630308691, -2.59978722283941
-7.42140588164794, 1.21930564963701, -2.78285447269366
-7.42140588164794, 1.00423178865465, -2.93693293752913
-7.42140588164794, 0.769309105584527, -3.0587080862894
-7.42140588164794, 0.520711358341299, -3.14956173795487
-7.42140588164794, 0.264171630351931, -3.21491084976291
-7.42140588164794, 0.00280617067692227, -3.25427162388828
-6.67926528904074, 3.43690096708185, -0.000121805102351788
-6.67926529329982, 3.36517535748505, -0.246762945245003
-6.67926529348315, 3.24135346936696, -0.462708855959502
-6.67926529348315, 3.05855833056444, -0.643157629489269
-6.67926529348315, 2.8738638334979, -0.82166206188544
-6.67926529348315, 2.68759287842503, -0.99852162063536
-6.67926529348315, 2.50036555490763, -1.17436908164222
-6.67926529348315, 2.31310993509162, -1.35018639811524
-6.67926529348315, 2.12694653035556, -1.52715866680911
-6.67926529348315, 1.94319831240878, -1.70663384316011
-6.67926529348315, 1.76316587053319, -1.88983371680746
-6.67926529348315, 1.58801875792813, -2.07769234507244
-6.67926529348315, 1.42757279470824, -2.27809964587162
-6.67926529348315, 1.28243470727485, -2.49001788031153
-6.67926529348315, 1.12696578073028, -2.69433394039789
-6.67926529348315, 0.943826349373443, -2.87393909770451
-6.67926529348315, 0.731605521939311, -3.01805436179014
-6.67926529348315, 0.498601039088788, -3.12564595481842
-6.67926529348315, 0.254266289891425, -3.20446048985115
-6.67926529348315, 0.00287632479531473, -3.25422399189041
-5.93712470136952, 3.25157584015412, -0.000108271605809279
-5.93712470512345, 3.17821653907511, -0.23844567026199
-5.93712470531836, 3.05901898295591, -0.448560358584712
-5.93712470531835, 2.8765498403998, -0.618532404826707
-5.93712470531836, 2.69194259872342, -0.786180516267204
-5.93712470531835, 2.50564684969673, -0.951951273855595
-5.93712470531835, 2.31833494569616, -1.11657393778274
-5.93712470531835, 2.13102237521813, -1.28119581979166
-5.93712470531835, 1.9447804793536, -1.44702676215853
-5.93712470531835, 1.76086611050147, -1.61543138761459
-5.93712470531835, 1.58099518334355, -1.78814054964211
-5.93712470531835, 1.40677753341395, -1.96654354311926
-5.93712470531835, 1.2469532264944, -2.15770186413796
-5.93712470531835, 1.12465118128029, -2.37473753976419
-5.93712470531835, 1.01037944312287, -2.59635521870549
-5.93712470531835, 0.870567196214535, -2.80237217947428
-5.93712470531835, 0.688925432026008, -2.97245739829677
-5.93712470531835, 0.47520795451757, -3.1002148600868
-5.93712470531836, 0.244114726610859, -3.19342228685041
-5.93712470531835, 0.00294647891370675, -3.25417635989254
-5.1949841136983, 3.04856349049312, -9.47380728646277E-05
-5.19498411715356, 2.97151101083276, -0.230776879089719
-5.19498411715356, 2.85438453367496, -0.435668353114722
-5.19498411715356, 2.67135746747926, -0.595831270302548
-5.19498411715356, 2.48618962887778, -0.753515535217834
-5.19498411715356, 2.29947628833364, -0.909367978322142
-5.19498411715356, 2.11190218689387, -1.0641841790057
-5.19498411715356, 1.92415887685843, -1.21879528374803
-5.19498411715356, 1.73717286613498, -1.3743203504555
-5.19498411715356, 1.55211853839446, -1.53213545104153
-5.19498411715356, 1.37108118453945, -1.69453010723316
-5.19498411715356, 1.19744854994332, -1.8647899884005
-5.19498411715356, 1.03884192018278, -2.04893685200628
-5.19498411715356, 0.933846992004865, -2.26682327039187
-5.19498411715356, 0.86909566564305, -2.50124596398019
-5.19498411715356, 0.784748887456428, -2.72896772355223
-5.19498411715356, 0.642618978060287, -2.92521349955007
-5.19498411715356, 0.452495034441246, -3.07586418115748
-5.19498411715356, 0.235131127041046, -3.18426280447482
-5.19498411715356, 0.00301663303209922, -3.25412872789467
-4.45284352602709, 2.82787750918135, -8.12045035457981E-05
-4.45284352878826, 2.74169948840939, -0.224166097815672
-4.45284352898877, 2.62079965338878, -0.42458458522421
-4.45284352898877, 2.43465250573747, -0.576218296653166
-4.45284352898877, 2.24684521961639, -0.725792167584334
-4.45284352898877, 2.05790580891578, -0.873934205408965
-4.45284352898877, 1.8683264509489, -1.02125686076387
-4.45284352898876, 1.6785930141248, -1.16838113607223
-4.45284352898876, 1.48929152876767, -1.31606035152512
-4.45284352898877, 1.30127664329621, -1.46537198390404
-4.45284352898877, 1.11614319418526, -1.61823258464073
-4.45284352898877, 0.937473773078859, -1.77855844333194
-4.45284352898877, 0.779597438745673, -1.95877189231496
-4.45284352898876, 0.714608046919701, -2.18503550524709
-4.45284352898877, 0.724464254439451, -2.42489343378984
-4.45284352898877, 0.70148353363742, -2.66328640578594
-4.45284352898877, 0.599962208433641, -2.87927074169114
-4.45284352898877, 0.433837058121676, -3.05137536870553
-4.45284352898877, 0.228795028573011, -3.17533443418682
-4.45284352898876, 0.00308678715049079, -3.2540810958968
-3.44852004082315, 2.4876320129638, -0.000125779437887117
-3.48326730714376, 2.39280687862655, -0.215025911265428
-3.52635013657208, 2.27523402985985, -0.412489994859879
-3.58977006572782, 2.10216132692078, -0.562190815965154
-3.65328295090592, 1.92883494741256, -0.711558451517347
-3.71681260431549, 1.75546280747566, -0.860865851471168
-3.78028388514438, 1.58224996605029, -1.01038276551534
-3.8436214372337, 1.40940206975694, -1.16037784046542
-3.90669196865779, 1.2372828716644, -1.3113196411465
-3.96918545232243, 1.06673843432583, -1.4642729717586
-4.03045687929602, 0.899528984229891, -1.62133359613801
-4.08877946641527, 0.740366904904003, -1.78753567551935
-4.13506681192568, 0.614048946085586, -1.98139333128533
-4.13073549002749, 0.625869104168353, -2.21362441352904
-4.11440534997188, 0.670433983322624, -2.44597653067687
-4.11856986461849, 0.659069041483158, -2.68190639743111
-4.15428100282239, 0.561613505088571, -2.89389824810679
-4.21179600056042, 0.404655333571044, -3.06126603078479
-4.28232985679993, 0.212168755446509, -3.18012191310181
-4.36007610177874, 0.00154777819381452, -3.25407514191585
-2.75480550010629, 2.21156333507852, -0.000100478192886144
-2.82425378291699, 2.11185161001458, -0.211594150502361
-2.90470344419695, 1.99634444148026, -0.407764983919037
-3.01484343436945, 1.83820880479992, -0.557307020145984
-3.12481405672619, 1.68031634126074, -0.707230116003341
-3.23454861122985, 1.52276281674079, -0.857681755853636
-3.34397968164709, 1.36564502541052, -1.00880850731305
-3.45303875034407, 1.20906134279758, -1.16075616118847
-3.5615331849272, 1.05328834461403, -1.31393531517444
-3.66890490650752, 0.899127303497409, -1.46951408654359
-3.77384896330384, 0.74845182939111, -1.63006323864242
-3.8726938860342, 0.606533305845735, -1.80194261338168
-3.94012718788735, 0.509714628948227, -2.01089256980718
-3.89304089636964, 0.577319689348251, -2.23801989059626
-3.85119162375493, 0.637405597828638, -2.46978704055293
-3.86069701017114, 0.623758054093922, -2.71068041111366
-3.93116482255345, 0.522582519584673, -2.91949251220819
-4.03656644085732, 0.371250092629519, -3.07779517624757
-4.16093640558309, 0.192683492750419, -3.18705388589431
-4.29513880060445, 0.00155084743646675, -3.25407097411607
-2.24874486022185, 1.98145649231748, -8.20209666295274E-05
-2.35041871232457, 1.87978264021475, -0.209433564159963
-2.46333456783851, 1.76686678470081, -0.404740599465884
-2.60794082066018, 1.62226053187914, -0.55536267618271
-2.75213509601226, 1.47806625652706, -0.706772653962864
-2.89589810085469, 1.33430325168464, -0.859000584292188
-3.03918077751694, 1.19102057502239, -1.01213152316107
-3.18189544200108, 1.04830591053825, -1.16631930884589
-3.32380905201199, 0.906392300527333, -1.32197780624775
-3.4641717781049, 0.766029574434433, -1.48041922764869
-3.60096522078748, 0.629236131751844, -1.6449535084993
-3.72837503132666, 0.501826321212667, -1.82374305461206
-3.78476487130391, 0.445436481235417, -2.04904713917565
-3.68459545615066, 0.54560589638867, -2.25952215237042
-3.61816528432359, 0.612036068215737, -2.4937896336799
-3.64055295029639, 0.589648402242937, -2.74166558977024
-3.74527522116447, 0.484926131374857, -2.9462292124594
-3.89063982354169, 0.339561528997638, -3.09403631164993
-4.05560602582867, 0.174595326710655, -3.19354494634014
-4.23020149943017, 0.00155391667911898, -3.25406680631629
-1.81353097185924, 1.75646009778959, -6.61475770980227E-05
-1.94866402389374, 1.65553205630017, -0.207410915355392
-2.09398433745259, 1.54699536290573, -0.402228609659466
-2.26943301349559, 1.4159564276613, -0.55549674287543
-2.44429731077689, 1.28535395265378, -0.709801819404277
-2.61858176294306, 1.15518455179766, -0.865125469913559
-2.79225245245223, 1.0254735573934, -1.02151633615829
-2.96522917383974, 0.89628087321984, -1.17910050321994
-3.13723555073957, 0.767812918986418, -1.33832969387208
-3.30727644759519, 0.640812940562477, -1.50080657909657
-3.47215641483769, 0.517667552190894, -1.67131543361437
-3.62285774549491, 0.405111890018777, -1.86082212596208
-3.61773469390387, 0.40893818977112, -2.09154349628091
-3.46819661165147, 0.520625046114491, -2.28256027438578
-3.37938103214633, 0.586959539106727, -2.52261122268561
-3.42695897334356, 0.551424573005986, -2.77759712851901
-3.56959648112442, 0.444891610962188, -2.97503325254112
-3.75362615603091, 0.30744370769493, -3.11047847393062
-3.95520845203048, 0.156886119985131, -3.19989518920966
-4.16526419825588, 0.00155698592177121, -3.25406263851652
-1.42005026061798, 1.52422834563331, -5.17961871638318E-05
-1.59071165264942, 1.4271760705013, -0.205871997332748
-1.76992420346602, 1.32526089459697, -0.400850181309467
-1.97551116896987, 1.20834703082186, -0.558887448976509
-2.18042715438557, 1.09181474218421, -0.718073812689612
-2.3847014793706, 0.975647355085895, -0.878347846453273
-2.58829384398752, 0.859867787426341, -1.03976608602837
-2.79116012962115, 0.744501128723022, -1.20238955876134
-2.99289423441084, 0.629778322302037, -1.36686412143054
-3.19199622397885, 0.51655235572065, -1.53551780708773
-3.38332642838523, 0.4077460731861, -1.71558118275921
-3.54829743164777, 0.313929826835022, -1.92574366108302
-3.41783220209635, 0.388123217635754, -2.13368064294429
-3.22392089328724, 0.498397331011574, -2.30885164535875
-3.121310782787, 0.556749982171012, -2.56099483199504
-3.20996955036518, 0.506331226051424, -2.82043436780379
-3.39560184334733, 0.400765250305891, -3.00616997391474
-3.61879335924465, 0.273839973591837, -3.12747649935187
-3.85617666858303, 0.138844061655223, -3.2063681790191
-4.1003268970816, 0.00156005516442345, -3.25405847071674
-1.05852487052696, 1.2792212971918, -3.86101708410959E-05
-1.26732992756661, 1.18949337408281, -0.205713888774945
-1.48305045178017, 1.0967937293324, -0.402105822999996
-1.72004946962726, 0.994950268490115, -0.567681006776633
-1.9564086196056, 0.893381772324173, -0.734336314675882
-2.19215973619655, 0.792074560888612, -0.902008839154662
-2.42728881495165, 0.691034652189383, -1.07071279706628
-2.66174150945172, 0.590285400025428, -1.24052817973403
-2.89476881014608, 0.490148669548506, -1.41264808768356
-3.12378229479969, 0.391736760214252, -1.59100144218265
-3.3396101602678, 0.298990988669926, -1.78766681118447
-3.4135822848198, 0.267203611495679, -2.02774893694364
-3.1647084109926, 0.374149947619911, -2.17054990371017
-2.93118126577368, 0.474501471798201, -2.33928252753099
-2.83811765662035, 0.514492861301613, -2.61447329207791
-2.98332484156414, 0.452094280969172, -2.87153064711818
-3.21736978827595, 0.351520246602678, -3.03967551595445
-3.48144905814651, 0.238039832107147, -3.1452046491253
-3.75595570110468, 0.12007855616171, -3.21308917666711
-4.03538959590731, 0.00156312440707568, -3.25405430291696
-0.726576277216255, 1.01903679177741, -2.65027722873598E-05
-0.976751384177396, 0.940446349775611, -0.207581914662429
-1.23246336501006, 0.860116544612719, -0.407178210082586
-1.50368702956963, 0.774913872220558, -0.583312330528005
-1.77440775512009, 0.68986919396101, -0.760294510632062
-2.0446250246393, 0.60498267225231, -0.93812000637559
-2.31433831202622, 0.520254472364745, -1.11678415102601
-2.58346019509465, 0.435712057255518, -1.29642473997039
-2.85043460107444, 0.351844254323478, -1.47954258847972
-3.10947064641708, 0.2704702217702, -1.6746436435788
-3.34205334150923, 0.197406290545018, -1.90253430529091
-3.14533891514326, 0.259202501623016, -2.08923029526398
-2.84399804172961, 0.353866246239565, -2.19897745253535
-2.57263930311448, 0.439111351029808, -2.37045764604315
-2.52662340970481, 0.453566863594997, -2.67940481304444
-2.73595442676281, 0.387807254834923, -2.92636718469734
-3.021778893436, 0.298017861143315, -3.07276391799385
-3.3290333280579, 0.201496420152392, -3.1620576188046
-3.64336619834413, 0.102751347105118, -3.21896338125716
-3.96047789033462, 0.00313333018810069, -3.25404949493139
-0.42866683477579, 0.742688080352074, -1.5636731685823E-05
-0.7246021581768, 0.679473457053898, -0.211907525090118
-1.02467280350958, 0.615375489330564, -0.417420223321446
-1.33428873640067, 0.549238556639019, -0.607779734832845
-1.64361905878917, 0.483162633090023, -0.798624204329615
-1.95265097592089, 0.417150451765786, -0.989973451379146
-2.26138743798918, 0.351201382476711, -1.18182070704869
-2.56928611645615, 0.285431271799787, -1.37506738082713
-2.87286129394412, 0.220584702397273, -1.57529371345463
-3.15756969343303, 0.159768257720511, -1.80225618725808
-3.13508004688925, 0.164572261913167, -2.03314277046055
-2.78492818875435, 0.239368057003705, -2.12348734351294
-2.43582473894829, 0.313939902020258, -2.21763085748318
-2.14137103512513, 0.376838037166871, -2.41781287121055
-2.1958069721772, 0.365209998935129, -2.7635143423775
-2.47713773021663, 0.305115050865839, -2.9894735182188
-2.81773770371821, 0.232359629942006, -3.11078539319412
-3.17205684913741, 0.156673662320442, -3.18215416767398
-3.53063099973002, 0.0800787847855083, -3.22688677625976
-3.8908155270786, 0.00313991533080448, -3.25404502386811
-0.181645205893334, 0.450822712377879, -6.62653066416962E-06
-0.522597524805318, 0.408813449836186, -0.216269164493692
-0.865764278532061, 0.366531343356046, -0.428893753052877
-1.21318883715257, 0.323724626149679, -0.634433984159024
-1.56054469021229, 0.280926374261718, -0.840092194009371
-1.90781230354519, 0.238138994526973, -1.04590143569633
-2.25500543978928, 0.195360791229529, -1.25183805370088
-2.60032777372721, 0.152813092377675, -1.46093138673692
-2.93439877449108, 0.111651687687893, -1.68749747220927
-3.17613215440888, 0.0818673440750864, -1.97246644300785
-2.7854614625863, 0.130002484239235, -2.06683602940914
-2.38667122136965, 0.1791380466422, -2.12452720993614
-1.99329737155043, 0.22760624708391, -2.20996683233435
-1.72670656119398, 0.260453313146416, -2.4777392437673
-1.88016477640331, 0.241545489106737, -2.84118481849178
-2.22209649481857, 0.199415553237473, -3.04927102912382
-2.61173275181425, 0.15140786738824, -3.15052792421072
-3.01095566022717, 0.102218995390845, -3.20438606143742
-3.41259033903615, 0.0527329654334071, -3.23609535161453
-3.8150354670416, 0.00314707877584026, -3.25404224747012
-0.0236690341593065, 0.149307583720623, -8.63821304552241E-07
-0.390515100855786, 0.134709150849604, -0.214679477568357
-0.757686246546888, 0.120097781642854, -0.428799573840453
-1.1254760317275, 0.105461794025608, -0.641854736167933
-1.49327500713625, 0.0908254406884013, -0.854894009030912
-1.86107738340493, 0.0761889520158873, -1.06792739980514
-2.22887192404827, 0.0615527751576763, -1.28097402545841
-2.59380459490455, 0.0470304847978214, -1.49886824801027
-2.93964392379577, 0.0332680032413445, -1.74524189812111
-2.98114089943303, 0.0316166544381636, -1.9972627022774
-2.56006984946964, 0.0483729400164021, -2.05374508156003
-2.13692181185022, 0.065211878150094, -2.09291730701976
-1.71910437542086, 0.0818386880079235, -2.16645185855177
-1.48214160667499, 0.0912684880971508, -2.47208224851541
-1.65645893866245, 0.0843316279252808, -2.85174740314513
-2.0129769488792, 0.0701441942522782, -3.07593146884648
-2.42463553774208, 0.0537624722689679, -3.17871544990984
-2.84697515573914, 0.0369557047397164, -3.22454773670857
-3.27142351634913, 0.0200650209840387, -3.24491496620375
-3.69627474912155, 0.00315830515699657, -3.25394930305053
