-35.0934299924477, 4.04978165125064, -0.0153152934602656
-35.0934299924477, 4.03553899402609, -0.369425734557033
-35.0934299924477, 4.02121428245885, -0.723532831181006
-35.0934299924476, 4.00520040961781, -1.07756667329221
-35.0934299924476, 3.98537265915919, -1.43140546206069
-35.0934299924476, 3.95896003650748, -1.78480817359391
-35.0934299924477, 3.92129124826023, -2.13717044723261
-35.0934299924477, 3.86176224500035, -2.48641973933245
-35.0934299924477, 3.75813622722466, -2.82469987547584
-35.0934299924476, 3.52013455296361, -3.07786541666725
-35.0934299924477, 3.1772533433886, -3.16100078943715
-35.0934299924477, 2.82532860413243, -3.20270797605746
-35.0934299924477, 2.47290605979022, -3.24005939218352
-35.0934299924477, 2.12030815078646, -3.27571697244157
-35.0934299924477, 1.76753720685343, -3.30962174422986
-35.0934299924477, 1.4146233412272, -3.34200356692485
-35.0934299924476, 1.06151997230688, -3.37224526793971
-35.0934299924477, 0.70814255370235, -3.39906300537257
-35.0934299924477, 0.354285976046295, -3.4184340026554
-35.0934299924476, 1.67431884718569E-06, -3.4251186627398
-34.4087657754864, 4.06958032062149, -0.0150165005454006
-34.4087657754864, 4.05832460540503, -0.373724482645852
-34.4087657754864, 4.04647752035729, -0.732412527073066
-34.4087657754864, 4.03204934029922, -1.09100598888148
-34.4087657754865, 4.0136485394073, -1.44941523820673
-34.4087657754865, 3.98797943996283, -1.807370071761
-34.4087657754865, 3.95024416824722, -2.164237503158
-34.4087657754865, 3.89140592589684, -2.51817062350945
-34.4087657754864, 3.79132319669794, -2.86227780057339
-34.4087657754864, 3.5612299634811, -3.12913872063576
-34.4087657754864, 3.21839044905384, -3.2275088503406
-34.4087657754864, 2.86229062179164, -3.2720047013693
-34.4087657754864, 2.50543557326106, -3.31009737676281
-34.4087657754864, 2.14820658899853, -3.34451698019984
-34.4087657754864, 1.79073272207011, -3.37629951669806
-34.4087657754864, 1.43307078087397, -3.40588919832781
-34.4087657754864, 1.07520311407388, -3.43287455978512
-34.4087657754864, 0.717119592007634, -3.45681584258393
-34.4087657754864, 0.358763851830574, -3.47623211977052
-34.4087657754864, 6.69737279457157E-05, -3.48504447037964
-33.7065460657826, 4.08950030709707, -0.0147100462553292
-33.7065460657826, 4.08089826256079, -0.378516337505191
-33.7065460657826, 4.07043637347807, -0.742266187280847
-33.7065460657826, 4.05563506014866, -1.10587233494364
-33.7065460657826, 4.03733598584079, -1.46931741238154
-33.7065460657826, 4.01251641761725, -1.83236955145398
-33.7065460657826, 3.97648074576721, -2.19446421087524
-33.7065460657826, 3.91984709519366, -2.55384660651773
-33.7065460657826, 3.82249250550818, -2.90398551846413
-33.7065460657826, 3.60119447883933, -3.18585115822692
-33.7065460657826, 3.26119329528256, -3.30751616995259
-33.7065460657826, 2.90135275801107, -3.36150620627899
-33.7065460657826, 2.54005465791834, -3.40496734161199
-33.7065460657826, 2.17812313075087, -3.44281905851254
-33.7065460657826, 1.81579865567749, -3.47671497222264
-33.7065460657826, 1.45316280359775, -3.50709798642848
-33.7065460657826, 1.09024303035029, -3.5338803148109
-33.7065460657826, 0.727105009762875, -3.55752413331211
-33.7065460657826, 0.363777691854504, -3.57805326240377
-33.7065460657826, 0.000133949190092714, -3.58864938032764
-33.0043263560788, 4.10902056172728, -0.0144035919462049
-33.0043263560788, 4.1019458577187, -0.390938013585446
-33.0043263560788, 4.09130849425719, -0.767366879206594
-33.0043263560788, 4.07491438182234, -1.14361027584828
-33.0043263560788, 4.05556791098954, -1.51971215942272
-33.0043263560788, 4.03069322461621, -1.89548464425666
-33.0043263560788, 3.9950686522314, -2.27037116570826
-33.0043263560788, 3.93658701750612, -2.64228964299244
-33.0043263560788, 3.82889654723155, -3.00233450092378
-33.0043263560788, 3.58626477191183, -3.28367868945121
-33.0043263560788, 3.23399119774378, -3.41062421962744
-33.0043263560788, 2.86303213606875, -3.47525903120076
-33.0043263560788, 2.48992981285669, -3.52641231013252
-33.0043263560788, 2.11590713220321, -3.57036916526793
-33.0043263560788, 1.74128446806953, -3.60889030737327
-33.0043263560788, 1.36615642641381, -3.64212713499324
-33.0043263560788, 0.990625462976261, -3.67046914808891
-33.0043263560788, 0.614838614357533, -3.69519957923056
-33.0043263560788, 0.238872001142209, -3.71703495192451
-33.0043263560788, 0.138002136539581, -3.72165780637864
-32.302106646375, 4.12815797087909, -0.014097137618833
-32.302106646375, 4.12117201966976, -0.398438332123868
-32.302106646375, 4.10987958521821, -0.782649714949923
-32.302106646375, 4.09273090492243, -1.16667138492032
-32.302106646375, 4.07324418578679, -1.55058079740294
-32.302106646375, 4.04947463753621, -1.93424610329673
-32.302106646375, 4.01603231405022, -2.31717024729076
-32.302106646375, 3.95959236066686, -2.69729306936278
-32.302106646375, 3.85164274692028, -3.06533490222496
-32.302106646375, 3.61106680515927, -3.35948925753001
-32.302106646375, 3.25904446497304, -3.50837729393145
-32.302106646375, 2.88297097357579, -3.58748270408982
-32.302106646375, 2.50344614630941, -3.64845435798819
-32.302106646375, 2.12255634023984, -3.70027144207998
-32.302106646375, 1.74078031965725, -3.74510763842363
-32.302106646375, 1.35826647321549, -3.78313477333517
-32.302106646375, 0.975170258060204, -3.81478312648219
-32.302106646375, 0.591706971464915, -3.84164358987127
-32.302106646375, 0.208022176985548, -3.86514542695019
-32.302106646375, 0.176766799170462, -3.86691211171322
-31.5998869366712, 4.14692494506416, -0.0137906832738051
-31.5998869366712, 4.13861417739901, -0.403868402678471
-31.5998869366712, 4.12652980016945, -0.793828515018131
-31.5998869366712, 4.10968241671658, -1.18363060504056
-31.5998869366712, 4.09076719826436, -1.57333733245615
-31.5998869366712, 4.06841203644, -1.96286006823606
-31.5998869366712, 4.03746216509874, -2.35177782712249
-31.5998869366712, 3.98498304718498, -2.73829609183489
-31.5998869366712, 3.88217139797645, -3.11384876289131
-31.5998869366712, 3.65176211147047, -3.42389171620268
-31.5998869366712, 3.3060570366156, -3.59975823805386
-31.5998869366712, 2.92816410748876, -3.6960927416408
-31.5998869366712, 2.54471185511934, -3.76803765263583
-31.5998869366712, 2.15925157730807, -3.82839284430084
-31.5998869366712, 1.77257164413128, -3.88038465037705
-31.5998869366712, 1.38490305628141, -3.92439489518265
-31.5998869366712, 0.99639783398166, -3.96029085072197
-31.5998869366712, 0.607333542694142, -3.9895497390614
-31.5998869366712, 0.217954310307491, -4.01429796439403
-31.5998869366712, 0.172707889981268, -4.01695908244526
-30.8976672269674, 4.16531565572707, -0.0134842289108433
-30.8976672269674, 4.15489551207874, -0.40930648854513
-30.8976672269674, 4.14190824991348, -0.805044916235106
-30.8976672269674, 4.12573429537585, -1.20067365646541
-30.8976672269674, 4.10778401179151, -1.59622542985058
-30.8976672269674, 4.08684192458401, -1.99162856016875
-30.8976672269674, 4.05822226640146, -2.38653739527875
-30.8976672269674, 4.01013404483279, -2.77947944027696
-30.8976672269674, 3.91290682077609, -3.16254451342485
-30.8976672269674, 3.69196235423964, -3.48688168978056
-30.8976672269674, 3.35358294365913, -3.68816352049313
-30.8976672269674, 2.97502960549013, -3.8032359058481
-30.8976672269674, 2.58799288359284, -3.88662970142556
-30.8976672269674, 2.19807858552056, -3.95548078489518
-30.8976672269674, 1.80657902142162, -4.01468601833178
-30.8976672269674, 1.41382214441701, -4.06486658275135
-30.8976672269674, 1.01994147590664, -4.10529037356964
-30.8976672269674, 0.625251037002633, -4.13688539472822
-30.8976672269674, 0.230093313096255, -4.16202469011913
-30.8976672269674, 0.16649530046012, -4.16581874698905
-30.1954475172636, 4.1833209332999, -0.0131777745295105
-30.1954475172636, 4.17069188419089, -0.4148265236996
-30.1954475172636, 4.15679445887431, -0.816431638676132
-30.1954475172636, 4.14129921240857, -1.21797993064854
-30.1954475172636, 4.12439681811225, -1.6194712339771
-30.1954475172636, 4.10486861058676, -2.02084202764832
-30.1954475172636, 4.07860194976324, -2.4218189513243
-30.1954475172636, 4.03521202318711, -2.82124444679299
-30.1954475172636, 3.94321837608665, -3.21167417420592
-30.1954475172636, 3.73074936699059, -3.54897026421244
-30.1954475172636, 3.39986695993568, -3.77328296313718
-30.1954475172636, 3.02173526476408, -3.90800779542612
-30.1954475172636, 2.6313360335372, -4.00294455557676
-30.1954475172636, 2.23691145670526, -4.07973599799761
-30.1954475172636, 1.84051641383866, -4.14564326948041
-30.1954475172636, 1.44258058094039, -4.20148747379841
-30.1954475172636, 1.04324788541736, -4.24625399490203
-30.1954475172636, 0.642827041745761, -4.27994221633758
-30.1954475172636, 0.241726449706111, -4.30432255856245
-30.1954475172636, 0.160907937408902, -4.30846250650662
-29.4932278075598, 4.20092437610221, -0.0128713201290248
-29.4932278075598, 4.18651546922791, -0.420309760486581
-29.4932278075598, 4.17172808880707, -0.82773449663397
-29.4932278075598, 4.15662730249131, -1.23514786667959
-29.4932278075598, 4.14069972646255, -1.64252961255043
-29.4932278075598, 4.12260044682495, -2.04981950077662
-29.4932278075598, 4.09880810965852, -2.45681049553803
-29.4932278075598, 4.06021314749994, -2.86261032094088
-29.4932278075598, 3.97277295088737, -3.26007826209752
-29.4932278075598, 3.76813982445945, -3.6093278019729
-29.4932278075598, 3.44457535647271, -3.85412011035281
-29.4932278075598, 3.06790530238507, -4.00866540356545
-29.4932278075598, 2.67445762193897, -4.11503643563868
-29.4932278075598, 2.27551197739698, -4.19893229070551
-29.4932278075598, 1.87419186897887, -4.27066284947437
-29.4932278075598, 1.47103554788308, -4.33121959860564
-29.4932278075598, 1.06626149752241, -4.3797908444064
-29.4932278075598, 0.660130190790023, -4.41521469506849
-29.4932278075598, 0.253069993196662, -4.43768069905589
-29.4932278075598, 0.155595400728289, -4.44145110129855
-28.791008097856, 4.21809771635113, -0.0125648657080389
-28.791008097856, 4.20241636913976, -0.425599201903121
-28.791008097856, 4.18684354395103, -0.838637564731504
-28.791008097856, 4.1718993079176, -1.25169925870681
-28.791008097856, 4.15677676272785, -1.6647543881572
-28.791008097856, 4.13997542401661, -2.07774373085188
-28.791008097856, 4.11856062458935, -2.49051617870472
-28.791008097856, 4.0843094087954, -2.90236978473519
-28.791008097856, 4.00063466472954, -3.30641535324862
-28.791008097856, 3.80338447260472, -3.66665922186675
-28.791008097856, 3.48665008282447, -3.92928727543241
-28.791008097856, 3.11211326200033, -4.10259780420888
-28.791008097856, 2.71607686438286, -4.22025639570748
-28.791008097856, 2.31277192720942, -4.31061916399075
-28.791008097856, 1.90663248744931, -4.38730419474568
-28.791008097856, 1.49834744917608, -4.45159367986085
-28.791008097856, 1.08827446420924, -4.50326450171562
-28.791008097856, 0.676611388392994, -4.54003593349455
-28.791008097856, 0.263788374257338, -4.56005530356447
-28.791008097856, 0.150699438026088, -4.56334157677991
-28.0787883881522, 4.23504857575332, -0.0122540471830564
-28.0787883881522, 4.21859722723637, -0.430594151439161
-28.0787883881522, 4.20245251350878, -0.848946018905088
-28.0787883881522, 4.18750292535259, -1.26734245147828
-28.0787883881522, 4.1729112834715, -1.68575156098141
-28.0787883881522, 4.15716629052805, -2.10411820402769
-28.0787883881522, 4.13769983187255, -2.52232636769134
-28.0787883881522, 4.1068229004232, -2.93979548064141
-28.0787883881522, 4.02617675851334, -3.34991837814553
-28.0787883881522, 3.83611308021482, -3.72031080088299
-28.0787883881522, 3.52569553209483, -3.99844804789928
-28.0787883881522, 3.15342966234193, -4.1884908361979
-28.0787883881522, 2.75534127098492, -4.31727714379559
-28.0787883881522, 2.34799741522838, -4.41381161176054
-28.0787883881522, 1.93724430724591, -4.49470429284071
-28.0787883881522, 1.5240124396596, -4.56180859414353
-28.0787883881522, 1.10885832453529, -4.61577142972333
-28.0787883881522, 0.691934199946129, -4.6534577500146
-28.0787883881522, 0.273677510047604, -4.67110126256971
-28.0787883881522, 0.146299964354359, -4.67413075649691
-26.3332391138927, 4.27432042489977, -0.0114922750494654
-26.3332391138927, 4.2579329545168, -0.440416407881544
-26.3332391138927, 4.24177400939469, -0.869349105018562
-26.3332391138927, 4.22644400442917, -1.29831233304983
-26.3332391138927, 4.21151738406101, -1.72728979335725
-26.3332391138927, 4.1960927601383, -2.15624942487177
-26.3332391138927, 4.1782625251725, -2.58511486314169
-26.3332391138927, 4.14956897291538, -3.01333734856612
-26.3332391138927, 4.07344020658977, -3.43522732913704
-26.3332391138927, 3.89931727260662, -3.82555858889221
-26.3332391138927, 3.60290805834954, -4.13309423445939
-26.3332391138927, 3.23400791639305, -4.351032084657
-26.3332391138927, 2.83312720908794, -4.5034730385086
-26.3332391138927, 2.41847043797846, -4.61407487437978
-26.3332391138927, 1.99837416881723, -4.70200280542768
-26.3332391138927, 1.57493996527417, -4.77218811138479
-26.3332391138927, 1.14935216670777, -4.8279049871767
-26.3332391138927, 0.721832837757938, -4.86568523515726
-26.3332391138927, 0.292887088643907, -4.88025291376605
-26.3332391138927, 0.138020439141876, -4.88096496492469
-24.5776898396332, 4.30933928129021, -0.0107261386197706
-24.5776898396332, 4.2941966353334, -0.446502654795881
-24.5776898396332, 4.27900708748, -0.882277534862299
-24.5776898396332, 4.26337393601627, -1.31803668495421
-24.5776898396332, 4.24682337874144, -1.75376184996605
-24.5776898396332, 4.22883767731117, -2.18942996711225
-24.5776898396332, 4.20825781586894, -2.62498243288749
-24.5776898396332, 4.17674434032528, -3.05982828829861
-24.5776898396332, 4.10074249865878, -3.48876017180673
-24.5776898396332, 3.93457698772263, -3.89026077468359
-24.5776898396332, 3.65247457908431, -4.21997142772733
-24.5776898396332, 3.28643433032029, -4.45517474133326
-24.5776898396332, 2.88447225388362, -4.62326682134747
-24.5776898396332, 2.46530170407913, -4.74280005693188
-24.5776898396332, 2.03859762232664, -4.83227727259917
-24.5776898396332, 1.60807359471668, -4.90121985402852
-24.5776898396332, 1.17537467794034, -4.95494871575098
-24.5776898396332, 0.740847871067154, -4.99063733157063
-24.5776898396332, 0.305064328495081, -5.00455166227795
-24.5776898396332, 0.132973698419349, -5.00588912454385
-22.8221383920583, 4.33716412233183, -0.00497999997513769
-22.8221405208388, 4.32512298926175, -0.437915835245078
-22.8221405653737, 4.31249225013392, -0.870834574013044
-22.8221405653737, 4.29713155855898, -1.30366425895391
-22.8221405653737, 4.27838466036536, -1.73636058935679
-22.8221405653737, 4.25687727421307, -2.16892888266594
-22.8221405653737, 4.23235051144628, -2.60133588988099
-22.8221405653737, 4.19869726708033, -3.03309175743216
-22.8221405653737, 4.12713220050254, -3.45991629078945
-22.8221405653737, 3.97855214723546, -3.86554148800449
-22.8221405653737, 3.72681913590004, -4.2161181522529
-22.8221405653737, 3.38329478746627, -4.47766651474714
-22.8221405653737, 2.99207459139227, -4.66247001410832
-22.8221405653737, 2.57897827959828, -4.79171445153432
-22.8221405653737, 2.1558239822212, -4.88366733693888
-22.8221405653737, 1.72832577506494, -4.95288708579238
-22.8221405653737, 1.29845620911202, -5.00555260545895
-22.8221405653737, 0.866974216934845, -5.04255794881495
-22.8221405653737, 0.434246132725289, -5.05981585037769
-22.8221405653737, 0.0011720635633517, -5.06409513454764
-21.0665892849734, 4.35942100874417, -0.00459693152910833
-21.066591251693, 4.35117806810396, -0.439503321227614
-21.0665912911142, 4.34164073878244, -0.874381273994465
-21.0665912911142, 4.32533436219795, -1.30905407039754
-21.0665912911142, 4.30253069067583, -1.74343831797624
-21.0665912911142, 4.27744950347492, -2.1776990621526
-21.0665912911142, 4.24924019656577, -2.61176530335265
-21.0665912911141, 4.20935465440445, -3.04487036361049
-21.0665912911142, 4.13186355127064, -3.47260692929182
-21.0665912911142, 3.98287870801838, -3.88027530833907
-21.0665912911142, 3.73390414651024, -4.23520678998568
-21.0665912911142, 3.3970072099671, -4.50831991182106
-21.0665912911142, 3.00688755535686, -4.69934678693409
-21.0665912911142, 2.59169976142306, -4.82815393781462
-21.0665912911141, 2.16651769129845, -4.91963064534407
-21.0665912911142, 1.73690072020719, -4.98747393759661
-21.0665912911142, 1.30476216649474, -5.03692982266783
-21.0665912911142, 0.871045513388177, -5.06965510008099
-21.0665912911142, 0.436312935338019, -5.08365403631807
-21.0665912911142, 0.00133949260523179, -5.08607793761797
-19.3110420168348, 4.38538194510556, -0.00842772794774405
-19.3110420168543, 4.37232469215334, -0.443413966682947
-19.3110420168546, 4.35790990483115, -0.878355425049655
-19.3110420168546, 4.33761060506285, -1.31305969184545
-19.3110420168546, 4.31198260432406, -1.74748526029963
-19.3110420168546, 4.28467227457342, -2.18180959291743
-19.3110420168546, 4.25408318370155, -2.61591224865197
-19.3110420168546, 4.21115034516624, -3.04892241561754
-19.3110420168546, 4.13103325063743, -3.47639075885863
-19.3110420168546, 3.9817383962893, -3.88422603388899
-19.3110420168546, 3.73303953174933, -4.23955709355139
-19.3110420168546, 3.39831072171717, -4.51574281339578
-19.3110420168546, 3.00893603687882, -4.708543201918
-19.3110420168546, 2.59334986120364, -4.83674578955082
-19.3110420168546, 2.16798042429898, -4.92829854982298
-19.3110420168546, 1.73813733634843, -4.99595877999072
-19.3110420168546, 1.30569253510774, -5.04444236843868
-19.3110420168546, 0.871662266256596, -5.07559631635086
-19.3110420168546, 0.436683418447929, -5.08798644528179
-19.3110420168546, 0.00150692090902485, -5.08986253847366
-17.5554910708002, 4.38321370158748, -0.00383079414323131
-17.5554927077328, 4.37374074901624, -0.435005465721972
-17.5554927425951, 4.35150555594555, -0.865597406020235
-17.5554927425951, 4.31980597612303, -1.29570903980334
-17.5554927425951, 4.28562687622325, -1.72563059644118
-17.5554927425951, 4.24882093285682, -2.15533512634826
-17.5554927425951, 4.20754052406946, -2.58462936498611
-17.5554927425951, 4.15384921307764, -3.01250767186011
-17.5554927425951, 4.06552318346453, -3.43441117801588
-17.5554927425951, 3.91818099089583, -3.83908660027942
-17.5554927425951, 3.68217706633574, -4.19852707492671
-17.5554927425951, 3.35855725397973, -4.48165654883232
-17.5554927425951, 2.97636007376271, -4.67984324048621
-17.5554927425951, 2.56679154405339, -4.81412225187239
-17.5554927425951, 2.14677757249014, -4.91170502820384
-17.5554927425951, 1.72174792085718, -4.98455749054518
-17.5554927425951, 1.29378094959608, -5.03766241252319
-17.5554927425951, 0.86395520327779, -5.07249624746894
-17.5554927425951, 0.432943317618273, -5.08674823965461
-17.5554927425951, 0.00167434902499383, -5.08901613788602
-15.7999419637141, 4.3696126353056, -0.00344772484264792
-15.7999434316389, 4.36327039381334, -0.425635285859147
-15.7999434683356, 4.32878571745599, -0.845816729625723
-15.7999434683356, 4.27548472984814, -1.26467416772656
-15.7999434683356, 4.22092972289563, -1.68336962685752
-15.7999434683356, 4.16279282829194, -2.10158049471966
-15.7999434683356, 4.09826748474793, -2.51885015548918
-15.7999434683356, 4.02247028539786, -2.93419503443549
-15.7999434683356, 3.91905243097597, -3.34341327776233
-15.7999434683356, 3.77208070240683, -3.73892561285851
-15.7999434683356, 3.55767594853352, -4.10165911800848
-15.7999434683356, 3.26075832226906, -4.40012566232478
-15.7999434683356, 2.89896251109682, -4.61605688827607
-15.7999434683356, 2.50446967032537, -4.76578843421649
-15.7999434683356, 2.09720290912842, -4.8768522087414
-15.7999434683356, 1.68350006358499, -4.96099092385368
-15.7999434683356, 1.26589074887425, -5.02306284604485
-15.7999434683356, 0.845814146072916, -5.0651626718672
-15.7999434683356, 0.42404832148309, -5.08414485632567
-15.7999434683356, 0.00184177714096192, -5.08816973729839
-14.0443928566271, 4.32918348973963, -0.0030646549027077
-14.0443941535881, 4.31746414305424, -0.41218139332356
-14.0443941940761, 4.26800745826573, -0.817020814334547
-14.0443941940761, 4.1875280971143, -1.21831478085022
-14.0443941940761, 4.10531407749459, -1.61925634066199
-14.0443941940761, 4.01955957241882, -2.01945378697719
-14.0443941940761, 3.92781795232086, -2.41831803134361
-14.0443941940761, 3.82640306241983, -2.81481998722367
-14.0443941940761, 3.70616030570046, -3.2059704844223
-14.0443941940761, 3.55694674348817, -3.5869471784959
-14.0443941940761, 3.36263194735605, -3.94663115267165
-14.0443941940761, 3.10214129362625, -4.26124846264229
-14.0443941940761, 2.77804432593246, -4.50973536585904
-14.0443941940761, 2.41070666718391, -4.6893041793725
-14.0443941940761, 2.02400302595879, -4.822885450637
-14.0443941940761, 1.62768857321613, -4.92476505635086
-14.0443941940761, 1.22539555367691, -4.9997160961366
-14.0443941940761, 0.819434394330872, -5.05136086370489
-14.0443941940761, 0.411184324258978, -5.07966349547644
-14.0443941940761, 0.00200920525693046, -5.08732333671076
-12.2888437495402, 4.24390606543224, -0.00268158389396025
-12.2888448745408, 4.22306590060942, -0.395832591270529
-12.2888449198166, 4.15879636795753, -0.781695259070297
-12.2888449198166, 4.04867556337225, -1.15968351058949
-12.2888449198166, 3.93625934981214, -1.53699502239716
-12.2888449198166, 3.82070616527531, -1.91335698837365
-12.2888449198166, 3.70105247370373, -2.28843423677944
-12.2888449198166, 3.57545679947425, -2.66155980921418
-12.2888449198166, 3.43964250849915, -3.03107207685582
-12.2888449198166, 3.28721186253062, -3.39401763476494
-12.2888449198166, 3.10906524945571, -3.74492873232929
-12.2888449198166, 2.88541526004009, -4.06838516999259
-12.2888449198166, 2.60914407767906, -4.34812645021842
-12.2888449198166, 2.28347757895136, -4.56825937086766
-12.2888449198166, 1.92789692050851, -4.73668023836415
-12.2888449198166, 1.55631476571071, -4.86639342146942
-12.2888449198166, 1.1748545802192, -4.96327004564806
-12.2888449198166, 0.786734377899681, -5.02890641355073
-12.2888449198166, 0.395445098007137, -5.0719690428664
-12.2888449198166, 0.00217663337289855, -5.08647693612313
-10.5232946434065, 4.09952877876717, -0.0022963294304866
-10.5232955954548, 4.06802104785563, -0.377348189922852
-10.5232956455571, 3.99195915114887, -0.742112719996518
-10.5232956455571, 3.85398282265353, -1.09228263230672
-10.5232956455571, 3.71415233123842, -1.44171608008817
-10.5232956455571, 3.57202200881348, -1.79022005438744
-10.5232956455571, 3.42711583538385, -2.13757867645349
-10.5232956455571, 3.27938240950866, -2.48374453493643
-10.5232956455571, 3.12879306925209, -2.82867678038663
-10.5232956455571, 2.97217139987061, -3.17090243700934
-10.5232956455571, 2.80361197836436, -3.5073822357818
-10.5232956455571, 2.61154216145337, -3.83087013769079
-10.5232956455571, 2.38148691529842, -4.12840440615836
-10.5232956455571, 2.11113550204598, -4.38957050150351
-10.5232956455571, 1.80042635046856, -4.60142956451662
-10.5232956455571, 1.46538012360098, -4.77242841112337
-10.5232956455571, 1.11344881578857, -4.90527395915245
-10.5232956455571, 0.748298777867686, -4.99574034711533
-10.5232956455571, 0.377129167835951, -5.057857561444
-10.5232956455571, 0.00234501519673728, -5.08562571424907
-9.83107499962257, 4.02282676117732, -0.00214528205825571
-9.83107588389595, 3.98601186452465, -0.369393082760947
-9.83107593585327, 3.90624472043588, -0.725563335001144
-9.83107593585327, 3.75881059164304, -1.06392616669278
-9.83107593585327, 3.60989571376932, -1.40163976298155
-9.83107593585327, 3.45911581202174, -1.7385246283689
-9.83107593585327, 3.3059475753294, -2.07432993551988
-9.83107593585327, 3.15064503095836, -2.40915408953562
-9.83107593585327, 2.99411795646613, -2.74340787227552
-9.83107593585327, 2.83499742081665, -3.0764315394532
-9.83107593585328, 2.6683801154055, -3.40575420449364
-9.83107593585327, 2.48542741428758, -3.72620897481746
-9.83107593585327, 2.27180083196092, -4.02694676407634
-9.83107593585327, 2.02432764882797, -4.30039712748969
-9.83107593585327, 1.73685329732433, -4.53131687769239
-9.83107593585327, 1.42092345097052, -4.72167156246835
-9.83107593585327, 1.08441969467193, -4.87275983126268
-9.83107593585327, 0.731081649737681, -4.97852513579954
-9.83107593585327, 0.369039047310067, -5.05000759469132
-9.83107593585327, 0.00241103273525415, -5.08529197530044
-9.12885535678581, 3.93103484335911, -0.00199205228012501
-9.12885617240575, 3.88823800150076, -0.360866707470208
-9.12885622614946, 3.80536419970576, -0.708270305259796
-9.12885622614947, 3.64936907193443, -1.03428907522675
-9.12885622614947, 3.49229593931957, -1.35978966792299
-9.12885622614947, 3.33375635735277, -1.68457836460398
-9.12885622614947, 3.17320088310466, -2.00837473110142
-9.12885622614947, 3.01085763164546, -2.33127921044017
-9.12885622614947, 2.84816436059159, -2.65400753210757
-9.12885622614947, 2.68568757328663, -2.97684496532065
-9.12885622614946, 2.51992773216608, -3.29800322543606
-9.12885622614946, 2.3442351322288, -3.61380203825398
-9.12885622614947, 2.14620815714811, -3.91598901125216
-9.12885622614947, 1.92110121795572, -4.1985518378076
-9.12885622614947, 1.66097788616483, -4.44896449397621
-9.12885622614947, 1.36832899658867, -4.66057522553831
-9.12885622614947, 1.05048870136319, -4.8321011661701
-9.12885622614946, 0.71173327295833, -4.95709557931727
-9.12885622614946, 0.360199995502359, -5.04060455532987
-9.12885622614947, 0.00247800398164165, -5.08495341506538
-8.42663571395205, 3.82360430667655, -0.00183882212930191
-8.42663646123984, 3.77490510775728, -0.352035852206333
-8.42663651644566, 3.68997736235655, -0.690849154211347
-8.42663651644566, 3.52659355269965, -1.00440211970052
-8.42663651644566, 3.36232130491371, -1.31749047747737
-8.42663651644566, 3.19679336711475, -1.62991661960793
-8.42663651644566, 3.02954076519407, -1.94142245234932
-8.42663651644566, 2.86070814358877, -2.2520755154175
-8.42663651644566, 2.69192423043425, -2.56275489549472
-8.42663651644566, 2.52506649592896, -2.87447264346534
-8.42663651644566, 2.35860289611934, -3.18640114699733
-8.42663651644566, 2.18788575571567, -3.49601307419033
-8.42663651644566, 2.00432864707249, -3.7981358089636
-8.42663651644566, 1.80128984539901, -4.08750155239099
-8.42663651644566, 1.57093568566707, -4.35539507802077
-8.42663651644566, 1.30632708597579, -4.5894431062797
-8.42663651644566, 1.01090929758945, -4.78317032553478
-8.42663651644566, 0.689796924768602, -4.93021116636778
-8.42663651644566, 0.350642447852354, -5.02944592723184
-8.42663651644566, 0.00254497522802871, -5.08461485483033
-7.7244160711186, 3.69877507525606, -0.00168559156383976
-7.72441675072838, 3.64495781703, -0.343181192141945
-7.72441680674185, 3.55942173333069, -0.673869924943224
-7.72441680674185, 3.38995309475939, -0.975193763632095
-7.72441680674185, 3.21943958102585, -1.27592746427307
-7.72441680674186, 3.04762249077193, -1.57591817076554
-7.72441680674185, 2.87419931159588, -1.87498305696743
-7.72441680674185, 2.69942911308795, -2.17326329592573
-7.72441680674185, 2.52498756478624, -2.47173563110814
-7.72441680674185, 2.35302860704633, -2.77164316266836
-7.72441680674185, 2.18393016307724, -3.07317428332039
-7.72441680674185, 2.0154001338815, -3.37502418386177
-7.72441680674185, 1.8442547918623, -3.67539340657115
-7.72441680674185, 1.66408235721173, -3.9704106256454
-7.72441680674185, 1.46477179222974, -4.2527111535139
-7.72441680674185, 1.2328113025569, -4.50866166412576
-7.72441680674185, 0.964575081538924, -4.72618953015717
-7.72441680674185, 0.664368310057339, -4.89675956013611
-7.72441680674186, 0.340144695841357, -5.01581860408764
-7.72441680674185, 0.00261194647441622, -5.08427629459528
-7.02219642828554, 3.55456465475532, -0.00153236053649256
-7.02219704124005, 3.49713425701526, -0.33466888952692
-7.02219709703805, 3.41280165068235, -0.657993771179961
-7.02219709703805, 3.23880430697984, -0.947826454614782
-7.02219709703805, 3.06306626643283, -1.23660667564229
-7.02219709703805, 2.88549190524168, -1.52426147526156
-7.02219709703805, 2.70631512906421, -1.81092117581343
-7.02219709703805, 2.52620444566118, -2.09699536568028
-7.02219709703805, 2.34676979826876, -2.38349358127507
-7.02219709703805, 2.16986326132312, -2.67155762900621
-7.02219709703805, 1.9971449028594, -2.96215133843252
-7.02219709703805, 1.82807527695073, -3.25488294991163
-7.02219709703805, 1.66540899457609, -3.55121057130913
-7.02219709703805, 1.50836660291201, -3.85056835332122
-7.02219709703805, 1.34123082499347, -4.14434254361067
-7.02219709703805, 1.14572845285736, -4.41983356829822
-7.02219709703805, 0.910053722974206, -4.66161149853317
-7.02219709703805, 0.63449490047915, -4.85653243192391
-7.02219709703805, 0.328225909374989, -4.99865342763923
-7.02219709703805, 0.00267891772080372, -5.08393773436023
-6.31997678545319, 3.39037549669781, -0.00137912903301991
-6.31997733291994, 3.33080703456786, -0.32680452970304
-6.31997738733424, 3.24874656028883, -0.643584280533497
-6.31997738733424, 3.07116326357892, -0.922714274687673
-6.31997738733424, 2.8909183785634, -1.20013287441341
-6.31997738733424, 2.70823546374542, -1.4759526749858
-6.31997738733424, 2.52387962662006, -1.7506577530935
-6.31997738733424, 2.33895937310509, -2.02498358983038
-6.31997738733424, 2.15513783943128, -2.30004599338864
-6.31997738733424, 1.97415215606236, -2.57698049044124
-6.31997738733424, 1.79782987754928, -2.85690389589235
-6.31997738733424, 1.62700157118861, -3.14021170811773
-6.31997738733424, 1.46846302725585, -3.4305090977201
-6.31997738733425, 1.33292365200034, -3.73224535838802
-6.31997738733424, 1.19921181421959, -4.0348344184484
-6.31997738733424, 1.04357259526671, -4.32657109139754
-6.31997738733425, 0.845905185888683, -4.59130013847186
-6.31997738733424, 0.599777901151577, -4.81137820702946
-6.31997738733424, 0.314359467468761, -4.97774522128856
-6.31997738733424, 0.00274588896719078, -5.08359917412517
-5.61775714262155, 3.20755407388731, -0.00122589708551043
-5.61775762570064, 3.14584911058914, -0.319751495437225
-5.61775767763044, 3.06534603349258, -0.630782123272122
-5.61775767763044, 2.88409992945132, -0.899881685674531
-5.61775767763044, 2.69953643192034, -1.1667173567903
-5.61775767763044, 2.51219968362942, -1.43161430255923
-5.61775767763044, 2.32300495689593, -1.695188481511
-5.61775767763044, 2.13347900918258, -1.9585248285052
-5.61775767763044, 1.94532759116945, -2.22284391397384
-5.61775767763044, 1.76041771765481, -2.48943751881534
-5.61775767763044, 1.58114549254578, -2.75984788164799
-5.61775767763044, 1.40958055380699, -3.03520910342846
-5.61775767763044, 1.25338600235942, -3.31944985654552
-5.61775767763044, 1.13700503815091, -3.6220136142173
-5.61775767763044, 1.03868997136709, -3.93120534196752
-5.61775767763044, 0.926615493915765, -4.23556696712554
-5.61775767763044, 0.772337685045732, -4.52042497657277
-5.61775767763044, 0.561102550209903, -4.76565291947802
-5.61775767763044, 0.299303205534779, -4.95629817898059
-5.61775767763044, 0.00281286021357828, -5.08326061389012
-4.91553749979054, 3.00728305131873, -0.00107266472214892
-4.91553796792663, 2.94163871045255, -0.313834440955384
-4.91553796792664, 2.85963208225455, -0.620013253896979
-4.91553796792664, 2.67340778386344, -0.87972161890534
-4.91553796792664, 2.48354796130708, -1.13678538022453
-4.91553796792664, 2.29094859145035, -1.3918044924381
-4.91553796792664, 2.09676829667748, -1.64562290199099
-4.91553796792663, 1.90221013442244, -1.89915199427687
-4.91553796792663, 1.70887986163992, -2.15361746195743
-4.91553796792663, 1.51881932152337, -2.41053023945921
-4.91553796792664, 1.33547005718272, -2.67226094331597
-4.91553796792664, 1.16374929320188, -2.94173766246475
-4.91553796792663, 1.01397628691945, -3.22382979582147
-4.91553796792663, 0.923050793055631, -3.52942795907484
-4.91553796792663, 0.868023454743569, -3.8442221206624
-4.91553796792663, 0.804069273185782, -4.15725198031025
-4.91553796792663, 0.695369454182073, -4.45714113813589
-4.91553796792663, 0.521426273857618, -4.72423911332443
-4.91553796792663, 0.285342740985506, -4.93842560453019
-4.91553796792664, 0.00287983145996534, -5.08292205365507
-4.2133178569599, 2.78957677368913, -0.000919431943277129
-4.21331821441428, 2.71515859949446, -0.309340618512527
-4.21331825822283, 2.62552869372167, -0.611675153574916
-4.21331825822283, 2.4316967306089, -0.862855525325378
-4.21331825822283, 2.2348050704229, -1.11164631441453
-4.21331825822283, 2.03580848133641, -1.35875777217326
-4.21331825822283, 1.83563891529196, -1.60492065272301
-4.21331825822283, 1.63522858963984, -1.85088766375895
-4.21331825822283, 1.4357304536899, -2.09759440815131
-4.21331825822283, 1.23890006704093, -2.34643132716574
-4.21331825822283, 1.04808564873571, -2.59989560738392
-4.21331825822283, 0.870813136375184, -2.86293034344182
-4.21331825822283, 0.735904437536371, -3.14919800025703
-4.21331825822283, 0.705218345192106, -3.46333445137024
-4.21331825822283, 0.714271321027136, -3.78046989880396
-4.21331825822283, 0.70010841325629, -4.09724757638791
-4.21331825822283, 0.628720074391364, -4.40559835471972
-4.21331825822283, 0.485989785006078, -4.68806017689066
-4.21331825822283, 0.273389057022551, -4.92220379975719
-4.21331825822283, 0.00294680270635329, -5.08258349342001
-3.23089898255244, 2.44147350239935, -0.00141011069808506
-3.26173335934329, 2.35732662608341, -0.303347037701593
-3.29615417055414, 2.26339238628019, -0.601233835653139
-3.3624990592581, 2.08233748181965, -0.850269134174575
-3.42900456293874, 1.9008442598063, -1.098942382479
-3.49553164525051, 1.71929214980516, -1.34756688133369
-3.56194322120489, 1.53805525613656, -1.59645202328422
-3.62810093645437, 1.35751114719592, -1.84590748727518
-3.69372718654383, 1.17841740429934, -2.09654488103306
-3.7582123864818, 1.00243758216135, -2.34966777852916
-3.82018325681967, 0.83331935425345, -2.60801894532889
-3.87615080492112, 0.680584165871199, -2.8775625964461
-3.90991096672864, 0.588452835334091, -3.17483583275059
-3.89853168723424, 0.619506838165879, -3.48724778429456
-3.88434330982091, 0.658226856651175, -3.79935410669092
-3.88446016951253, 0.657907947075543, -4.11393853939246
-3.90871306818932, 0.591721895088759, -4.42002402168271
-3.95791622994873, 0.457446686771545, -4.69969889229014
-4.03158343201328, 0.256409221908406, -4.92922446101556
-4.1255409354285, 0.00147758704263623, -5.08254117352652
-2.55938800309783, 2.16041464011986, -0.00111704363906193
-2.62171569254545, 2.07092644570312, -0.301650203680887
-2.68924718083478, 1.97396679571697, -0.598309051718405
-2.80401972264988, 1.80917988276259, -0.847085659611163
-2.9184654366875, 1.64486221915713, -1.09632266870069
-3.03246798227212, 1.48118084329202, -1.34618060157935
-3.14591009849859, 1.31830411479638, -1.59681811519941
-3.25867011824186, 1.15640671961537, -1.84839601106442
-3.37033091198498, 0.99608755957963, -2.10146898912944
-3.47978674533486, 0.838934214386382, -2.35746860281157
-3.58427950693921, 0.688906696144268, -2.61970776523446
-3.67673759929322, 0.55615818874243, -2.89523923484012
-3.71602912815561, 0.499744610685405, -3.20265309715444
-3.6673664496376, 0.569612999432881, -3.51052965404457
-3.63002766433275, 0.623222887883079, -3.82309768789915
-3.62815165146433, 0.625916409908123, -4.14201656528061
-3.67600762659513, 0.557206261265331, -4.4495283116298
-3.76795066972824, 0.425197245816803, -4.72464214937225
-3.90086000534406, 0.234370077814966, -4.94243398246617
-4.06409671110885, 0.00148051703463902, -5.08251154950622
-2.0749746517014, 1.92767769361029, -0.000905630035450786
-2.16692162976348, 1.8357307155482, -0.301209137466055
-2.26504426548043, 1.73760807983126, -0.597299973979329
-2.41454495187407, 1.58810739343762, -0.847088685673211
-2.56326702663449, 1.4393853186772, -1.09780535058009
-2.71119073392983, 1.29146161138186, -1.34946480124266
-2.85823655230585, 1.14441579300584, -1.60215104303855
-3.00425107264104, 0.998401272670647, -1.8560302279943
-3.14873514593877, 0.853917199372922, -2.11165302229798
-3.29017980905722, 0.712472536254464, -2.37064617460128
-3.42441134137985, 0.578241003931836, -2.63715962501905
-3.54089983550519, 0.461752509806493, -2.91959090179617
-3.56096422464137, 0.441688120670316, -3.23495446668692
-3.46698822143316, 0.535664123878532, -3.53390930321168
-3.4061797173977, 0.596472627913991, -3.84890736915281
-3.40636609344672, 0.596286251864967, -4.17474466900271
-3.47914085342108, 0.523511491890613, -4.48420726272299
-3.60993213695856, 0.392720208353129, -4.75269350960679
-3.79022374320337, 0.212428602108315, -4.95612441271168
-4.0026524867892, 0.00148344702664182, -5.08248192548592
-1.66276416349872, 1.70172199016341, -0.000725726758879578
-1.78574879838288, 1.60986734657125, -0.301148914649646
-1.91526138893732, 1.51313710984468, -0.597062675647877
-2.09450951302014, 1.37926044657127, -0.849586512116254
-2.2726714914212, 1.24619500272035, -1.1033050686285
-2.44977655688983, 1.11391894496475, -1.35817373613453
-2.6257774271432, 0.982467587449566, -1.61423110642667
-2.8005329412597, 0.851946360305574, -1.87161360108472
-2.97349215002142, 0.722766755944803, -2.13087772266859
-3.14255549277269, 0.596496892172433, -2.3941035443973
-3.30166103262656, 0.477664302470632, -2.66675994104255
-3.4357662069955, 0.377503961244867, -2.95912315394411
-3.40452158155476, 0.400839916478082, -3.27571002240793
-3.26074389454255, 0.508224454468954, -3.56112626533931
-3.17686448106405, 0.570872228616058, -3.8804814884311
-3.18720750912554, 0.563147237952415, -4.21536989829782
-3.28996939265168, 0.486396543078669, -4.52604184113773
-3.46227972116447, 0.3577015737624, -4.78415253311197
-3.68683087670006, 0.189989026749046, -4.97019150214203
-3.94120826246955, 0.00148637701864462, -5.08245230146562
-1.29398505726236, 1.47048911479921, -0.000564777091483044
-1.45008566941303, 1.38171731129763, -0.301856170874648
-1.61260920096032, 1.28929290111675, -0.598433683198466
-1.81939631470865, 1.17169653313705, -0.856190173692352
-2.02496227735141, 1.05479461333725, -1.11523622246298
-2.22937485137054, 0.938548606328861, -1.37548736980211
-2.43261572173003, 0.822968927566109, -1.63695015384407
-2.63458658346845, 0.708111481433971, -1.89971180119881
-2.83445886010335, 0.59444746549967, -2.16458587101477
-3.02935648910625, 0.483612448350151, -2.43430438383059
-3.21028102932133, 0.380723692750104, -2.7165063413919
-3.35179159923063, 0.300249001893281, -3.02557811414239
-3.2226609353856, 0.373683447530279, -3.32441368961303
-3.02910216047599, 0.483757080782267, -3.594245310311
-2.92684510329285, 0.541908956433787, -3.92203981295264
-2.95980143918452, 0.523167240218838, -4.26782774566758
-3.10016484189952, 0.443344924130781, -4.5775062127205
-3.31904981502464, 0.318868706158246, -4.8195601434205
-3.58712107496724, 0.166421070725032, -4.98493962823606
-3.8797640381499, 0.00148930701064741, -5.08242267744533
-0.958579401164555, 1.22889051983495, -0.000418391415351074
-1.15012887743848, 1.14657768257733, -0.304301169110217
-1.34781992460895, 1.06162568317973, -0.603284135655558
-1.58179074522475, 0.961083502355186, -0.86967308771052
-1.81464027464017, 0.861023163934442, -1.13722354279762
-2.04644062665565, 0.761413679101271, -1.40585114751593
-2.27717901991692, 0.662260540272326, -1.67555957311481
-2.50676524378609, 0.56360251285538, -1.94643015248583
-2.733831205776, 0.466027494956128, -2.21980125819739
-2.95375857962288, 0.371520078469818, -2.49996006064011
-3.15294324910165, 0.285926238163133, -2.79776572569583
-3.24422453668487, 0.246700749711477, -3.13285356979835
-2.99009328453675, 0.355906291835902, -3.37451271450672
-2.75224072718571, 0.458116536548591, -3.63410028654753
-2.64634504007464, 0.503622139743206, -3.97884075156272
-2.71663957208967, 0.473415101402996, -4.33623951276944
-2.90539960445279, 0.392300946841542, -4.63986417507775
-3.17648296186821, 0.275810728667959, -4.85844988516741
-3.48841098549276, 0.141768698670541, -5.00021580940293
-3.81831981383026, 0.00149223700265021, -5.08239305342503
-0.653539431113576, 0.974887358396704, -0.00028525701695786
-0.883569792266496, 0.902625221781933, -0.309599805776818
-1.11949751320838, 0.828510478334738, -0.613790029004452
-1.3822098745604, 0.74598156149411, -0.893046863132005
-1.64407904342681, 0.663717526603336, -1.17317246864079
-1.90510755415737, 0.581717577517385, -1.45415879287301
-2.16529792149575, 0.499980924250322, -1.73599790160071
-2.42452523039626, 0.41854680783125, -2.01880971910788
-2.68018864167338, 0.338232260392774, -2.3051542442479
-2.92336131647531, 0.261841574574412, -2.60308677615731
-3.13378846729448, 0.195737624453482, -2.92693775786731
-3.01205092417192, 0.233980467390296, -3.23011335825136
-2.68446445737812, 0.336889048231358, -3.41938106001328
-2.40996662358411, 0.423120273825507, -3.68116439995955
-2.33168918282143, 0.447710484830253, -4.05655796938839
-2.45324965747513, 0.409523266489354, -4.42430296165863
-2.70390048102345, 0.330783382053783, -4.71205994790295
-3.03116454868095, 0.227976080236561, -4.89998944219274
-3.38819334684581, 0.115818434354139, -5.01599646189243
-3.75687558951052, 0.00149516699465301, -5.08236342940473
-0.382625236650247, 0.70764713058618, -0.000167014794820016
-0.654265314990134, 0.649622204640879, -0.317365438457424
-0.930917421778455, 0.590526661350251, -0.629867004294268
-1.22427391394813, 0.527862901135824, -0.92615467958584
-1.51717770642467, 0.465295841917545, -1.22291025634955
-1.80960718955739, 0.402830099724053, -1.52015454284413
-2.10155075102463, 0.340468155058624, -1.81789786532758
-2.39237154708219, 0.278346043852784, -2.11678533107802
-2.67697652608889, 0.217551690782891, -2.42183476731163
-2.93694732745632, 0.162019434315157, -2.74878031740199
-3.05831612051905, 0.136093896108222, -3.11329865057266
-2.68548034319088, 0.215735193892554, -3.29029351293314
-2.30281247410411, 0.297476720772928, -3.44607673165081
-2.00983221747114, 0.360060113468364, -3.73109794278583
-1.99090623579452, 0.364102884667442, -4.14519669400629
-2.16905187000705, 0.326049268662637, -4.52160525476597
-2.48743500556283, 0.258039577398517, -4.78495311086836
-2.87003315450957, 0.176312943408717, -4.93995449473264
-3.27252857151582, 0.0903360621332107, -5.03044373007181
-3.68139846139698, 0.00299753231601957, -5.08232710972056
-0.16069082804763, 0.427950192983936, -7.01472149414159E-05
-0.473754975408959, 0.389377075191803, -0.325870608763939
-0.78979047452255, 0.350437852554678, -0.648706524162772
-1.11329448450096, 0.310578423142844, -0.963983726631871
-1.43670124508935, 0.270730975978763, -1.27936219571636
-1.7599793082273, 0.230899385826598, -1.59487465051873
-2.08317022477897, 0.191078533140114, -1.9104775055862
-2.40407086375745, 0.151539869095645, -2.22843594072119
-2.71151131238789, 0.113659655921948, -2.559443265858
-2.97528206171159, 0.0811600539408898, -2.92636881763452
-2.74415842105281, 0.109637155170205, -3.19333482520862
-2.30704585246357, 0.163494470799373, -3.30076240503059
-1.88037806525626, 0.216064868760214, -3.44124602229919
-1.62389030862813, 0.247667121947126, -3.79030297140656
-1.67378117982597, 0.241519990543907, -4.23716623454683
-1.9043549430554, 0.213110640563122, -4.62172304840251
-2.2829507337936, 0.166463267637037, -4.861368109179
-2.71554564180542, 0.113162579954783, -4.98396602507849
-3.16094636998504, 0.0582840673638418, -5.04824334088876
-3.60960308582178, 0.00300437949762724, -5.08229577754847
-0.0207140781619541, 0.141343024990301, -9.04639338206429E-06
-0.362183373533167, 0.127754446459581, -0.329467299944142
-0.704144456991328, 0.114146297498576, -0.658413284207926
-1.04715984894377, 0.100496192924095, -0.986258919428294
-1.3901913930695, 0.0868454455829643, -1.31408762876402
-1.73322981051435, 0.0731944247219657, -1.64190913343043
-2.07631918479194, 0.0595413760624716, -1.96967700685255
-2.41539503306555, 0.0460480434126729, -2.30158240162776
-2.73038316532088, 0.0335132678723331, -2.65598309359126
-2.9382132475752, 0.0252427866547217, -3.06311126066323
-2.4869134383453, 0.0432020087041077, -3.19587616225809
-2.01814446371974, 0.0618564063639016, -3.26810260997692
-1.5712791533724, 0.0796391600246892, -3.41565231734742
-1.40084965658156, 0.0864213059818408, -3.836293642584
-1.49505200543159, 0.082672576498754, -4.29936277099415
-1.75463255065212, 0.0723427147173558, -4.69144884017009
-2.16381304687467, 0.0560596070367247, -4.92498492886959
-2.62594177293659, 0.0376694543335223, -5.02813184693065
-3.0984388711468, 0.0188666980927979, -5.06827800949799
-3.57254305998523, 0.00300791394152722, -5.08227959777606
