-32.5508514100898, 3.62447207484171, -0.0155689268931266
-32.5508514100898, 3.61250077859696, -0.350315304413015
-32.5508514100898, 3.60050168144136, -0.685060676712264
-32.5508514100898, 3.58738808577126, -1.01976377686025
-32.5508514100898, 3.5715695448173, -1.35434896624054
-32.5508514100898, 3.55118354320334, -1.68868403251739
-32.5508514100898, 3.52333322324658, -2.02247310573282
-32.5508514100898, 3.48207295852359, -2.35483945774707
-32.5508514100898, 3.41526896346159, -2.68291924751152
-32.5508514100898, 3.28059422950789, -2.98677405893732
-32.5508514100898, 2.9981034584914, -3.15349858958698
-32.5508514100898, 2.66744369811237, -3.20627320974785
-32.5508514100898, 2.33497855054907, -3.24706754687166
-32.5508514100898, 2.00224080174785, -3.28558702706375
-32.5508514100898, 1.66927792363037, -3.32210940745267
-32.5508514100898, 1.33613159982846, -3.35691922750697
-32.5508514100898, 1.00276292199637, -3.38952583285678
-32.5508514100898, 0.669078611542133, -3.41869897486906
-32.5508514100898, 0.334814535837402, -3.44008092936282
-32.5508514100898, 1.06441769946824E-06, -3.44764330246162
-31.9157922780271, 3.64217464098276, -0.0152651842248894
-31.915792278027, 3.63271050233154, -0.354484099168549
-31.9157922780271, 3.62291446177896, -0.693693097537831
-31.9157922780271, 3.61113021507969, -1.03283886002656
-31.9157922780271, 3.59655259232401, -1.37187485708891
-31.9157922780271, 3.5769964839584, -1.71065644828657
-31.9157922780271, 3.54920200277477, -2.0488544222195
-31.9157922780271, 3.5079439106153, -2.38564876291448
-31.9157922780271, 3.44276539979551, -2.71855107822338
-31.9157922780271, 3.31391585887763, -3.03010288363995
-31.915792278027, 3.03746281945657, -3.21542308154427
-31.915792278027, 2.70360996463833, -3.27485279143581
-31.9157922780271, 2.36694361669737, -3.31741961950237
-31.9157922780271, 2.02971135123048, -3.35526327112856
-31.9157922780271, 1.69212261765211, -3.38979303088583
-31.915792278027, 1.35428838775086, -3.42183288525963
-31.915792278027, 1.01620077375806, -3.45107383143587
-31.915792278027, 0.677846101747354, -3.47703449451473
-31.9157922780271, 0.339155685310406, -3.49813005787387
-31.915792278027, 4.25773866582781E-05, -3.50795814684001
-31.2644495784755, 3.65998534780377, -0.0149536532702769
-31.2644495784755, 3.65274806293801, -0.359208981703686
-31.2644495784755, 3.64438496659189, -0.703434026789241
-31.2644495784755, 3.63223109297312, -1.0475505041723
-31.2644495784755, 3.61761958717606, -1.39157045763402
-31.2644495784755, 3.59854906546118, -1.73536907795741
-31.2644495784755, 3.5719190583926, -2.07865807986689
-31.2644495784755, 3.53230799720368, -2.42066610821625
-31.2644495784755, 3.46898463035283, -2.75899837162353
-31.2644495784755, 3.34425467868845, -3.07794271669958
-31.2644495784755, 3.07717612927681, -3.28605937872091
-31.2644495784755, 2.74165855092865, -3.36126553580488
-31.2644495784755, 2.40093506116175, -3.410899331381
-31.2644495784755, 2.05919954727647, -3.45306502585856
-31.2644495784755, 1.71688774298833, -3.49028499477161
-31.2644495784755, 1.37417057585595, -3.52356870024574
-31.2644495784755, 1.03108200751432, -3.5527732438068
-31.2644495784755, 0.687703933079823, -3.57836066154821
-31.2644495784755, 0.34408532250752, -3.600480948317
-31.2644495784755, 8.51559816257772E-05, -3.61223817056686
-30.6131068789239, 3.67743829892024, -0.0146421223023892
-30.6131068789239, 3.67148751953493, -0.370856212372234
-30.6131068789239, 3.66324304177203, -0.727010045151268
-30.6131068789239, 3.64970627756519, -1.08301632512565
-30.6131068789239, 3.63409652989973, -1.4389371028853
-30.6131068789239, 3.61472690832793, -1.79467107373951
-30.6131068789239, 3.58851176207395, -2.14995873821993
-30.6131068789239, 3.54844717367929, -2.50391650327088
-30.6131068789239, 3.48117176253765, -2.85359862411011
-30.6131068789239, 3.33907843596779, -3.17765589514609
-30.6131068789239, 3.05612238907891, -3.385636663444
-30.6131068789239, 2.71079382471246, -3.47165146483431
-30.6131068789239, 2.35943165602376, -3.53042549712498
-30.6131068789239, 2.00658393770357, -3.57959287795374
-30.6131068789239, 1.65288341401753, -3.62221892392226
-30.6131068789239, 1.29852631557626, -3.65898656961788
-30.6131068789239, 0.943621198587247, -3.69003601353091
-30.6131068789239, 0.588367530876437, -3.71682368540876
-30.6131068789239, 0.232877683395121, -3.74027870217512
-30.6131068789239, 0.123459484087767, -3.74611525794762
-29.9617641793723, 3.69454860771958, -0.0143305913217876
-29.9617641793723, 3.68866871571314, -0.378161430248826
-29.9617641793723, 3.67994267135916, -0.741916307441209
-29.9617641793723, 3.66578960230166, -1.10551913586886
-29.9617641793723, 3.64986161451988, -1.46904808593383
-29.9617641793723, 3.63102272495546, -1.8324369507503
-29.9617641793723, 3.60638672853231, -2.19547179612037
-29.9617641793723, 3.56812479067467, -2.55728624876515
-29.9617641793723, 3.50174418567907, -2.91487243251068
-29.9617641793723, 3.35872156785499, -3.24704704096406
-29.9617641793723, 3.07931726574502, -3.47314028499058
-29.9617641793723, 2.73172783913551, -3.57893132583029
-29.9617641793723, 2.37479353679125, -3.64950428407234
-29.9617641793723, 2.01561068574227, -3.70770400824489
-29.9617641793723, 1.65517205757574, -3.75757013553852
-29.9617641793723, 1.29376804642495, -3.79987283499618
-29.9617641793723, 0.931572340897721, -3.83477168357362
-29.9617641793723, 0.568870985587492, -3.86398252762763
-29.9617641793723, 0.205871984370862, -3.88924798747353
-29.9617641793723, 0.158133370054546, -3.89231761564039
-29.3104214798208, 3.71132738115329, -0.0140190603288843
-29.3104214798208, 3.70432534917355, -0.383648687517576
-29.3104214798208, 3.69476518316, -0.753207552993426
-29.3104214798208, 3.68074931119342, -1.12263758505021
-29.3104214798208, 3.66524706711332, -1.4920079506505
-29.3104214798208, 3.64739100365026, -1.86127140953328
-29.3104214798208, 3.62447077545437, -2.2302493450972
-29.3104214798208, 3.58889328444765, -2.59818894811312
-29.3104214798208, 3.52612166215891, -2.96233697711707
-29.3104214798208, 3.38913352503162, -3.30366928668045
-29.3104214798208, 3.1200735157485, -3.55162303702715
-29.3104214798208, 2.77475477188422, -3.68134760265972
-29.3104214798208, 2.41484284406044, -3.76556748321371
-29.3104214798208, 2.05148543960959, -3.8336414446253
-29.3104214798208, 1.68636714918278, -3.89157975444478
-29.3104214798208, 1.31995234945266, -3.94065356783089
-29.3104214798208, 0.952423604038779, -3.98054199063692
-29.3104214798208, 0.584124657730226, -4.0125937984652
-29.3104214798208, 0.215396347777491, -4.03929700346555
-29.3104214798208, 0.154482903295226, -4.04334349588614
-28.6590787802692, 3.72776940260551, -0.0137075293234857
-28.6590787802692, 3.71898106357688, -0.389165269347703
-28.6590787802692, 3.70842392067983, -0.764571725667167
-28.6590787802692, 3.69493556176054, -1.13988991139447
-28.6590787802692, 3.68016346151339, -1.51515956168881
-28.6590787802692, 3.66335711868474, -1.89034315781661
-28.6590787802692, 3.64200602911764, -2.26529090617223
-28.6590787802692, 3.60926730689823, -2.63938956064897
-28.6590787802692, 3.55060451767225, -3.0101650318384
-28.6590787802692, 3.41953263929421, -3.36033513023031
-28.6590787802692, 3.16009503781675, -3.62736295531428
-28.6590787802692, 2.81879628009987, -3.7815347298346
-28.6590787802692, 2.45661723850092, -3.88048525078698
-28.6590787802692, 2.08926840538131, -3.95847048951331
-28.6590787802692, 1.71957293342844, -4.02451540331305
-28.6590787802692, 1.34822644304989, -4.08053804893451
-28.6590787802692, 0.975408153885878, -4.12572755437696
-28.6590787802692, 0.601485874633088, -4.16066730976656
-28.6590787802692, 0.226924029942827, -4.18798155508548
-28.6590787802692, 0.148905351879811, -4.19317398166022
-28.0077360807176, 3.74386646531772, -0.0133959983052872
-28.0077360807176, 3.73320442900241, -0.394761281208293
-28.0077360807176, 3.72165421768954, -0.776099414203713
-28.0077360807176, 3.7086817325874, -1.15739304892123
-28.0077360807176, 3.69471068467473, -1.53865125222535
-28.0077360807176, 3.67898785154208, -1.91984081717956
-28.0077360807176, 3.65919643264681, -2.30083731215965
-28.0077360807176, 3.6295337143591, -2.68117263624294
-28.0077360807176, 3.57504517631392, -3.05859824039794
-28.0077360807176, 3.44912204999779, -3.41716746843307
-28.0077360807176, 3.19832141533683, -3.70088549451259
-28.0077360807176, 2.86216232419812, -3.87873166363935
-28.0077360807176, 2.49840300495883, -3.99316183498143
-28.0077360807176, 2.1270744775316, -4.08056895610488
-28.0077360807176, 1.75274548830081, -4.15418588767305
-28.0077360807176, 1.37638751612965, -4.21660926615421
-28.0077360807176, 0.998211126448098, -4.26683168056553
-28.0077360807176, 0.618577396262284, -4.30449711158653
-28.0077360807176, 0.238015160594939, -4.33130117272421
-28.0077360807176, 0.143887367160022, -4.33674733373387
-27.3563933811661, 3.75960388951197, -0.013084467273744
-27.356393381166, 3.7474277407413, -0.400310971952653
-27.356393381166, 3.73497326063461, -0.787528510297785
-27.356393381166, 3.72224926984867, -1.17473739628448
-27.356393381166, 3.70899297755582, -1.56192834153782
-27.356393381166, 3.69436266369307, -1.94906936554717
-27.3563933811661, 3.67620417500077, -2.33605865604721
-27.3563933811661, 3.64981769730756, -2.72255943342037
-27.3563933811661, 3.59923687446107, -3.10647369442841
-27.356393381166, 3.47769888852204, -3.4729521785234
-27.356393381166, 3.23492132916833, -3.7715936258951
-27.3563933811661, 2.90447147428953, -3.97139958155574
-27.356393381166, 2.53993676117313, -4.10172896232198
-27.356393381166, 2.16467936082135, -4.19781532767431
-27.356393381166, 1.78569313345545, -4.27811284389716
-27.356393381166, 1.40427448064384, -4.34592721228975
-27.356393381166, 1.02073911579772, -4.40049360266025
-27.356393381166, 0.635425788319732, -4.44056388632613
-27.3563933811661, 0.248845422336249, -4.46572623027968
-27.356393381166, 0.139115364973175, -4.47060202565391
-26.7050506816145, 3.7749563756066, -0.0127729362279174
-26.7050506816145, 3.76169359097183, -0.405654135619377
-26.7050506816145, 3.74848478768535, -0.798537103241785
-26.7050506816145, 3.73580284077374, -1.19143749949965
-26.7050506816145, 3.72311276062819, -1.58433764442406
-26.7050506816145, 3.70946184688462, -1.9772051432534
-26.7050506816145, 3.69286621623427, -2.36995786060853
-26.7050506816145, 3.66958246072215, -2.76235954437756
-26.7050506816145, 3.62226018440351, -3.15240521065275
-26.7050506816145, 3.50457249655416, -3.52626142651976
-26.7050506816145, 3.26931990227917, -3.83826428094068
-26.7050506816145, 2.94448031640218, -4.05744180691838
-26.7050506816145, 2.57993393277565, -4.20345043549538
-26.7050506816145, 2.20099292103064, -4.30772934311491
-26.7050506816145, 1.81746427173823, -4.3938641298756
-26.7050506816145, 1.43106363249821, -4.46604088312
-26.7050506816145, 1.04229336471952, -4.5241106293423
-26.7050506816145, 0.651482355746624, -4.56616272753951
-26.7050506816145, 0.259083952422064, -4.58914344179275
-26.7050506816145, 0.134716211698134, -4.59328564132646
-26.0437079820629, 3.79012587354991, -0.0124566222612419
-26.0437079820629, 3.7762007177846, -0.410694794829782
-26.0437079820629, 3.76246197929046, -0.808939339204166
-26.0437079820629, 3.74970512239727, -1.20721661342453
-26.0437079820629, 3.7373677059098, -1.60550716556277
-26.0437079820629, 3.72448424216105, -2.00378014840031
-26.0437079820629, 3.70917462302391, -2.40196629758914
-26.0437079820629, 3.68839761195415, -2.79989509769813
-26.0437079820629, 3.64343765385711, -3.19562174675535
-26.0437079820629, 3.52937904071769, -3.5763590102438
-26.0437079820629, 3.30139999697319, -3.90046964204553
-26.0437079820629, 2.98157260157845, -4.13614270880217
-26.0437079820629, 2.61754698534567, -4.2969690565324
-26.0437079820629, 2.23535641244314, -4.40935664491598
-26.0437079820629, 1.84750842857828, -4.50066932119007
-26.0437079820629, 1.45628955218361, -4.57626753998179
-26.0437079820629, 1.06247575899018, -4.63693239013464
-26.0437079820629, 0.666425583441185, -4.68043819677063
-26.0437079820629, 0.268538691857439, -4.70125954320511
-26.0437079820629, 0.130757155342622, -4.70490899308923
-24.425351233184, 3.82521393873673, -0.0116825774385401
-24.425351233184, 3.81132404068859, -0.420559141891293
-24.425351233184, 3.79757852080046, -0.829440513114622
-24.425351233184, 3.78450924215273, -1.23834413349731
-24.425351233184, 3.77182914594037, -1.64726005653746
-24.425351233184, 3.75899316479617, -2.05617094986437
-24.425351233184, 3.74465643413925, -2.46503156143298
-24.425351233184, 3.7256410355986, -2.87369104314713
-24.425351233184, 3.68221737940929, -3.28029812860869
-24.425351233184, 3.57625872328762, -3.6746493583152
-24.425351233184, 3.36503379513023, -4.02271701256571
-24.425351233184, 3.05383636004195, -4.28632153843544
-24.425351233184, 2.6910958853667, -4.47425482058098
-24.425351233184, 2.30394753355284, -4.60586608373591
-24.425351233184, 1.90757448388266, -4.70692811214267
-24.425351233184, 1.50640097418294, -4.78693266274752
-24.425351233184, 1.10216900817225, -4.84977615491956
-24.425351233184, 0.695517736332544, -4.89400579253008
-24.425351233184, 0.286861803422518, -4.91190286683451
-24.425351233184, 0.123308111231168, -4.91296937426034
-22.796994484305, 3.85651171125096, -0.0109037495611379
-22.796994484305, 3.84366619491329, -0.426659442783393
-22.796994484305, 3.83079403056311, -0.842414310207035
-22.796994484305, 3.81760638250779, -1.25815926621499
-22.796994484305, 3.80373916013502, -1.6738820614406
-22.796994484305, 3.78883262030946, -2.08956879718598
-22.796994484305, 3.77213416346549, -2.50518702618946
-22.796994484305, 3.75067340580981, -2.92057586412823
-22.796994484305, 3.70527723790226, -3.33387638526403
-22.796994484305, 3.60242679172608, -3.73624070182331
-22.796994484305, 3.40321803670472, -4.09970547958193
-22.796994484305, 3.10115300634805, -4.3833540418861
-22.796994484305, 2.7392785712248, -4.58728256969151
-22.7969944843051, 2.3498906412347, -4.73266229720793
-22.796994484305, 1.94747252491985, -4.83752823364213
-22.796994484305, 1.53922748305345, -4.91697994399289
-22.796994484305, 1.12778097487987, -4.97787584499664
-22.796994484305, 0.71402291973276, -5.01995093741217
-22.796994484305, 0.298468038493523, -5.03695703480557
-22.796994484305, 0.118748110148379, -5.03869811156959
-21.1686377354261, 3.88137079382855, -0.0101249214448237
-21.1686377354261, 3.87103188824734, -0.423495991073787
-21.1686377354261, 3.86034534094874, -0.83685801174545
-21.1686377354261, 3.84754346194021, -1.25015954201849
-21.1686377354261, 3.83222225670043, -1.66337525491178
-21.1686377354261, 3.81445075819845, -2.07649308788484
-21.1686377354261, 3.79440197391132, -2.48950641218484
-21.1686377354261, 3.77002208581302, -2.90227951205784
-21.1686377354261, 3.72501824595849, -3.31319501064215
-21.1686377354261, 3.6304612521275, -3.71526305622093
-21.1686377354261, 3.45226889576566, -4.08722934197511
-21.1686377354261, 3.17933596634987, -4.39565279072634
-21.1686377354261, 2.83269879323091, -4.61958512829281
-21.1686377354261, 2.4515790302695, -4.77889643640807
-21.1686377354261, 2.05300047556224, -4.88841741321473
-21.1686377354261, 1.64745910401923, -4.96884955823672
-21.1686377354261, 1.23837574820263, -5.02891950075569
-21.1686377354261, 0.827149162384122, -5.07181029023878
-21.1686377354261, 0.414204538032402, -5.09232686354204
-21.1686377354261, 0.000745120517214488, -5.09727330334979
-19.540278751472, 3.90124704666981, -0.00467304550279195
-19.54028092176, 3.89424720578849, -0.420270617456771
-19.5402809865472, 3.88642395411183, -0.835852528115617
-19.5402809865472, 3.87340292157643, -1.25130093968251
-19.5402809865472, 3.8547531423085, -1.66653694611214
-19.5402809865472, 3.83367466551868, -2.0816585887035
-19.5402809865472, 3.8107932479003, -2.49668377221748
-19.5402809865472, 3.78188281464636, -2.9113211641261
-19.5402809865472, 3.73127351996778, -3.32376405435696
-19.5402809865472, 3.63397212895512, -3.72746431587598
-19.5402809865472, 3.45796324337086, -4.10288583122784
-19.5402809865472, 3.19049584033143, -4.41931338539742
-19.5402809865472, 2.84866790952848, -4.65402281936112
-19.5402809865472, 2.4660457811612, -4.81507201925665
-19.5402809865472, 2.06515153024636, -4.92431360484571
-19.5402809865472, 1.65725613744779, -5.00391168356553
-19.5402809865472, 1.24559883706128, -5.06115482358943
-19.5402809865472, 0.831762997798791, -5.09955580225688
-19.5402809865472, 0.41649138529257, -5.11648166547616
-19.5402809865472, 0.000851560306396445, -5.11939041669573
-17.9119242376681, 3.92443680720557, -0.00856726496536106
-17.9119242376682, 3.91334176014145, -0.424271116441906
-17.9119242376682, 3.90135980828537, -0.839949315007397
-17.9119242376683, 3.88480637588927, -1.25546864994047
-17.9119242376683, 3.86360287022812, -1.67077844484186
-17.9119242376683, 3.84057314723145, -2.085992098015
-17.9119242376683, 3.815761574145, -2.50110192599116
-17.9119242376682, 3.78442336379011, -2.91575735625644
-17.9119242376682, 3.73120231923361, -3.32807201886956
-17.9119242376682, 3.63250454983447, -3.73166000584912
-17.9119242376683, 3.45693924183237, -4.10749892366658
-17.9119242376682, 3.1903945894475, -4.42511885209077
-17.9119242376682, 2.85058846158399, -4.66299311185192
-17.9119242376682, 2.46770726531374, -4.82383637180165
-17.9119242376682, 2.06657021059571, -4.93295703639159
-17.9119242376682, 1.65847676486277, -5.01254506707178
-17.9119242376682, 1.24651312302255, -5.0689694051027
-17.9119242376682, 0.83233438713269, -5.10574084083132
-17.9119242376682, 0.41680100267154, -5.12094757276625
-17.9119242376682, 0.000957999581345441, -5.12319119003111
-16.2835656262183, 3.92245311974889, -0.00389421703566289
-16.2835674322701, 3.91440406833732, -0.41612370169044
-16.2835674887893, 3.89680375971446, -0.827966640177491
-16.2835674887893, 3.87008768822724, -1.23940788683928
-16.2835674887893, 3.84140100407221, -1.65071634229298
-16.2835674887893, 3.81062096306686, -2.06187349189901
-16.2835674887893, 3.77688929256859, -2.47279757935341
-16.2835674887893, 3.73612030923929, -2.88307135969257
-16.2835674887893, 3.67444920215606, -3.29063494834398
-16.2835674887893, 3.57214892957629, -3.68977606697007
-16.2835674887893, 3.40416438125457, -4.06541996125101
-16.2835674887893, 3.14969412768747, -4.38827146653892
-16.2835674887893, 2.81864004587582, -4.63211454026381
-16.2835674887893, 2.44196028401979, -4.79846305581007
-16.2835674887893, 2.04639353487258, -4.91424549193685
-16.2835674887893, 1.64310671448316, -4.99965665551235
-16.2835674887893, 1.23545780123874, -5.06116620632578
-16.2835674887893, 0.825251374849595, -5.10221298680761
-16.2835674887893, 0.413357521615396, -5.11959341874049
-16.2835674887893, 0.00106443872545377, -5.1223315798399
-14.6552090635918, 3.91023621698975, -0.00350480237872403
-14.6552106822155, 3.90484183332696, -0.407500624724578
-14.6552107399104, 3.87836834350084, -0.810158527350661
-14.6552107399104, 3.83296377448433, -1.21163099904919
-14.6552107399104, 3.78676737312909, -1.61301287655892
-14.6552107399104, 3.73809955784784, -2.014101341899
-14.6552107399104, 3.68472897536384, -2.41458939977468
-14.6552107399104, 3.62403532372599, -2.81402573256087
-14.6552107399104, 3.54612004115212, -3.21040172786302
-14.6552107399104, 3.43618903373289, -3.59903475313037
-14.6552107399104, 3.27868807083185, -3.97058669319306
-14.6552107399104, 3.04827253030649, -4.30124857024091
-14.6552107399104, 2.74073730667555, -4.56147786628151
-14.6552107399104, 2.38089444388932, -4.74391193871806
-14.6552107399104, 1.9988274820307, -4.87478244992025
-14.6552107399104, 1.60699420204935, -4.97293676568693
-14.6552107399104, 1.20943926188775, -5.04466370165445
-14.6552107399104, 0.808484198925253, -5.09390695791058
-14.6552107399104, 0.405160845906695, -5.11671850207391
-14.6552107399104, 0.00117087786956209, -5.12147196964868
-13.0268525009647, 3.87400773210403, -0.00311538727630215
-13.0268539298903, 3.86402532024472, -0.395152889210755
-13.0268539910315, 3.82601224102098, -0.784361707531467
-13.0268539910315, 3.75725091479729, -1.17045094618975
-13.0268539910315, 3.68724582738001, -1.556316246418
-13.0268539910315, 3.6146384792996, -1.9416994089063
-13.0268539910315, 3.53755616895993, -2.32621055751279
-13.0268539910315, 3.4535992213456, -2.70927398913545
-13.0268539910315, 3.35687684496221, -3.0892880691988
-13.0268539910315, 3.23829969089165, -3.46301770597804
-13.0268539910315, 3.08823013547624, -3.82510108185501
-13.0268539910315, 2.88422593288522, -4.15932543669103
-13.0268539910315, 2.6144415636579, -4.44277239039309
-13.0268539910315, 2.28673828801298, -4.65680171355633
-13.0268539910314, 1.92760377480378, -4.81365287064371
-13.0268539910315, 1.55376882110379, -4.93173255638931
-13.0268539910315, 1.17149497361351, -5.01880235254318
-13.0268539910315, 0.783972275104771, -5.07851194061521
-13.0268539910315, 0.393286688255338, -5.11163102068792
-13.0268539910315, 0.0012773170136702, -5.12061235945747
-11.3984959383376, 3.79764007341974, -0.00272597142918487
-11.3984971766819, 3.77985554072501, -0.380193203865251
-11.3984972421525, 3.730183613836, -0.752895497437183
-11.3984972421525, 3.63561988112777, -1.11875789686209
-11.3984972421525, 3.53917717586768, -1.48412918684618
-11.3984972421525, 3.44020311515846, -1.84882246682789
-11.3984972421525, 3.33798339925732, -2.21261871518206
-11.3984972421525, 3.23122618659857, -2.57510727865223
-11.3984972421525, 3.11710322852041, -2.93533634513769
-11.3984972421525, 2.99039608698138, -3.29131546737664
-11.3984972421525, 2.84505830681903, -3.64005630493818
-11.3984972421525, 2.66576607071122, -3.97237481642555
-11.3984972421525, 2.43673468322694, -4.27236956090796
-11.3984972421525, 2.15525564357088, -4.52336590575915
-11.3984972421525, 1.8311463228651, -4.71695426020406
-11.3984972421525, 1.48405019947492, -4.86584746626706
-11.3984972421525, 1.12339693305501, -4.97810229461384
-11.3984972421525, 0.753304412038567, -5.05386529021263
-11.3984972421525, 0.378667789265187, -5.10278524825809
-11.3984972421525, 0.00138375615777875, -5.11975274926625
-9.76013937685492, 3.66830707953579, -0.00233416314292817
-9.76014042391116, 3.64134623440088, -0.363383139315703
-9.76014049327359, 3.58217751972182, -0.717804820696315
-9.76014049327359, 3.46263027603502, -1.05955261122328
-9.76014049327359, 3.34147290512393, -1.40073274032057
-9.76014049327359, 3.21835498308943, -1.74121010501297
-9.76014049327359, 3.09288429622617, -2.08082723600278
-9.76014049327359, 2.96496815359558, -2.41953095962083
-9.76014049327359, 2.83468292213599, -2.75733031451919
-9.76014049327359, 2.70019196780601, -3.09347257023989
-9.76014049327359, 2.55681295761246, -3.42590698354486
-9.76014049327359, 2.39663827478011, -3.75051118272703
-9.76014049327359, 2.20440819440196, -4.05704127572677
-9.76014049327359, 1.97407038085504, -4.33596918052296
-9.76014049327359, 1.69882761396574, -4.57046627256221
-9.76014049327359, 1.39179660049812, -4.76182220702389
-9.76014049327359, 1.06296441520647, -4.91276948731446
-9.76014049327359, 0.71669817832659, -5.01754160083857
-9.76014049327359, 0.361432389082484, -5.08698818125371
-9.76014049327359, 0.00149084896174492, -5.11888786007096
-9.11879675066067, 3.59971265340483, -0.00218078755467731
-9.11879772305407, 3.56817420796154, -0.356228695259942
-9.11879779372202, 3.50583141547405, -0.703198027434535
-9.11879779372202, 3.37752265329518, -1.03468172488803
-9.11879779372202, 3.24795003197052, -1.36567327838991
-9.11879779372202, 3.11678272540491, -1.69603597010913
-9.11879779372202, 2.98358274761312, -2.02558397651199
-9.11879779372202, 2.8483749810094, -2.35431374397388
-9.11879779372202, 2.71193286934323, -2.6825334383941
-9.11879779372201, 2.57387324231794, -3.01007457856477
-9.11879779372202, 2.43045272959617, -3.33529618384767
-9.11879779372202, 2.27535376980046, -3.65507587146045
-9.11879779372201, 2.0954695335767, -3.96146273352703
-9.11879779372202, 1.88363012721511, -4.24665288571497
-9.11879779372202, 1.63222693301091, -4.49729223605345
-9.11879779372202, 1.34567706391862, -4.70712747214843
-9.11879779372201, 1.03352428816359, -4.87660959167275
-9.11879779372202, 0.6999997238227, -4.99843580151676
-9.11879779372202, 0.35376251839048, -5.0784149003674
-9.11879779372201, 0.00153277095953022, -5.11854929499855
-8.4674541256104, 3.51754155392206, -0.0020250202580583
-8.46745502240992, 3.48081586641241, -0.348610479050542
-8.46745509417044, 3.41565783679688, -0.687949493983942
-8.46745509417044, 3.27927849548702, -1.00868458145044
-8.46745509417044, 3.14197347190852, -1.32902439254535
-8.46745509417044, 3.00340294791892, -1.64881868362031
-8.46745509417044, 2.86311320478401, -1.96786214358803
-8.46745509417044, 2.72106954556306, -2.28612905846586
-8.46745509417044, 2.57842632142698, -2.60412792676303
-8.46745509417044, 2.43620228221684, -2.92231448052616
-8.46745509417044, 2.29197775516768, -3.23959656927511
-8.46745509417044, 2.14072942901368, -3.55357479955388
-8.46745509417044, 1.97212941647751, -3.85850248973498
-8.46745509417044, 1.7782243365666, -4.14797371732914
-8.46745509417044, 1.55263106945896, -4.41320414152817
-8.46745509417044, 1.29056058869266, -4.6425161996876
-8.46745509417044, 0.998509776280734, -4.83219135317593
-8.46745509417045, 0.680846702868913, -4.97451887902555
-8.46745509417045, 0.345320272496441, -5.0681867873787
-8.46745509417045, 0.0015753466171736, -5.11820545092207
-7.81611150056033, 3.42137409506613, -0.00186925270176723
-7.81611232225838, 3.37949502402109, -0.340780855504317
-7.81611239461887, 3.31230252029443, -0.67261644753847
-7.81611239461887, 3.16879255418201, -0.982487276762861
-7.81611239461887, 3.02450955644573, -1.29199886961005
-7.81611239461887, 2.87912604884466, -1.6009949403924
-7.81611239461887, 2.73224726790901, -1.90928271349184
-7.81611239461887, 2.58379154991862, -2.21681472009525
-7.81611239461887, 2.43510909045557, -2.52423721879346
-7.81611239461887, 2.28800552837399, -2.83241771445309
-7.81611239461887, 2.14180818181068, -3.14102971881137
-7.81611239461887, 1.99283646933116, -3.44830767934809
-7.81611239461887, 1.83428435024019, -3.75071913506593
-7.81611239461887, 1.658305743157, -4.04330768315892
-7.81611239461887, 1.45899094622694, -4.32036998448136
-7.81611239461887, 1.22528561329952, -4.56897529733855
-7.81611239461887, 0.9571923107861, -4.77996308169766
-7.81611239461887, 0.658599154433859, -4.94471135234126
-7.81611239461887, 0.33608827780381, -5.0560523892608
-7.81611239461887, 0.00161792227481697, -5.11786160684558
-7.16476887551049, 3.30963506536865, -0.0017134848565795
-7.16476962294954, 3.26323935569515, -0.332987767746284
-7.1647696950673, 3.19517823422999, -0.65769961443388
-7.16476969506729, 3.04562317110259, -0.956912887341481
-7.16476969506729, 2.89512778816227, -1.25565423725431
-7.16476969506729, 2.74345815065014, -1.55380107093951
-7.1647696950673, 2.59034314512856, -1.85120797550786
-7.1647696950673, 2.43586400909265, -2.14790900702949
-7.1647696950673, 2.28146520070238, -2.44465179995576
-7.1647696950673, 2.12906493778827, -2.7424243179784
-7.1647696950673, 1.97947144432604, -3.04161760492705
-7.16476969506729, 1.83079264901433, -3.34126737444898
-7.16476969506729, 1.68047691389398, -3.64009669901255
-7.1647696950673, 1.52314142104785, -3.93527383316203
-7.1647696950673, 1.35052309213719, -4.22170308607992
-7.1647696950673, 1.14819344122733, -4.48778655337584
-7.1647696950673, 0.908430962025485, -4.72051358143487
-7.1647696950673, 0.632243148878436, -4.90836288623281
-7.1647696950673, 0.325745278207725, -5.04124111679749
-7.1647696950673, 0.00166049793246057, -5.11751776276909
-6.51342625046096, 3.18055024186701, -0.00155771668957831
-6.51342692484867, 3.13090329203794, -0.325544217899001
-6.51342699551573, 3.06351011319543, -0.643771153994249
-6.51342699551573, 2.90925912805593, -0.932974472795566
-6.51342699551573, 2.75340330841023, -1.22131591786639
-6.51342699551573, 2.59582664980063, -1.50872059051609
-6.51342699551572, 2.43672169981444, -1.79528217393911
-6.51342699551573, 2.27663765614106, -2.08129838029789
-6.51342699551573, 2.11701604448405, -2.36757256312355
-6.51342699551572, 1.95955706350032, -2.65504043405431
-6.51342699551573, 1.80592917980937, -2.94457258159497
-6.51342699551573, 1.65569976584313, -3.23588343459929
-6.51342699551572, 1.51084548084202, -3.52989655779642
-6.51342699551573, 1.37225705364509, -3.82692264097568
-6.51342699551573, 1.22711803459909, -4.12076851929377
-6.51342699551573, 1.05822946007342, -4.40146977291523
-6.51342699551572, 0.850996183628234, -4.65491499698197
-6.51342699551572, 0.600895619863942, -4.86589174503059
-6.51342699551573, 0.313662478100643, -5.0226933231174
-6.51342699551572, 0.0017030735901035, -5.11717391869261
-5.86208362541196, 3.03358522384027, -0.00140194819084912
-5.86208422806963, 2.98194876142961, -0.318718894187039
-5.86208429596415, 2.91613452234979, -0.631185740222956
-5.86208429596415, 2.75798776033735, -0.911088189392953
-5.86208429596415, 2.59732829210637, -1.18955581621942
-5.86208429596415, 2.43431937708233, -1.46665511349344
-5.86208429596415, 2.26965923734946, -1.74277694927498
-5.86208429596415, 2.10436569974206, -2.01852043501228
-5.86208429596415, 1.94000137296628, -2.29481815322094
-5.86208429596415, 1.77821276918789, -2.57263027701064
-5.86208429596415, 1.62071676778375, -2.85289538032562
-5.86208429596415, 1.46830382362694, -3.13595647018072
-5.86208429596415, 1.32625963878783, -3.42431422641683
-5.86208429596415, 1.20529067552211, -3.72211555701693
-5.86208429596415, 1.08880062731192, -4.02175074905449
-5.86208429596415, 0.955131802052932, -4.31400553247165
-5.86208429596415, 0.784070018754573, -4.58576220092651
-5.86208429596415, 0.564302978527089, -4.81950864033828
-5.86208429596415, 0.299209951405283, -5.00040803721718
-5.86208429596415, 0.00174564924774688, -5.11683007461612
-5.21074100036351, 2.86994515671826, -0.00124617938275082
-5.21074153250854, 2.8163140520828, -0.312679013550536
-5.21074159641258, 2.75139368521946, -0.620138080460438
-5.21074159641258, 2.58920399104922, -0.891357661744248
-5.21074159641258, 2.4238080766407, -1.16063429973473
-5.21074159641258, 2.25569739085061, -1.42822523965664
-5.21074159641258, 2.08573066695614, -1.69464206668656
-5.21074159641258, 1.91536914109286, -1.96080686679115
-5.21074159641258, 1.74627550112431, -2.22777803428417
-5.21074159641258, 1.58024351713855, -2.49666126317802
-5.21074159641258, 1.41954531267001, -2.76876047407445
-5.21074159641258, 1.26612393301146, -3.04502526678671
-5.21074159641258, 1.12644132032672, -3.32839577360693
-5.21074159641258, 1.02234902294842, -3.62652751338322
-5.21074159641258, 0.936413765786036, -3.93063495558459
-5.21074159641258, 0.840363218104738, -4.23163058151021
-5.21074159641258, 0.708887063313272, -4.51857843979149
-5.21074159641258, 0.523544328179438, -4.7736685673395
-5.21074159641258, 0.283328531650546, -4.97797840880851
-5.21074159641258, 0.00178822490539003, -5.11648623053964
-4.55939837531554, 2.69068848411433, -0.00109041028492047
-4.55939889686101, 2.6334962098935, -0.307713833352925
-4.55939889686101, 2.56670914374563, -0.611043728697672
-4.55939889686101, 2.39920206339609, -0.874157931804709
-4.55939889686101, 2.22810937535916, -1.13495576515504
-4.55939889686101, 2.05428559100886, -1.3939425824275
-4.55939889686101, 1.87887168657287, -1.65185595825709
-4.55939889686101, 1.7030621652852, -1.90950001998406
-4.55939889686101, 1.52844968501141, -2.16795578133069
-4.55939889686101, 1.35705889890108, -2.42855552655478
-4.55939889686101, 1.19225186147567, -2.69335592394749
-4.55939889686101, 1.03869007755904, -2.96481016913381
-4.55939889686101, 0.905916766523529, -3.24687261888957
-4.55939889686101, 0.826144941583847, -3.54781769672936
-4.55939889686101, 0.778114513928789, -3.85600087172141
-4.55939889686101, 0.723594298360121, -4.16305870572432
-4.55939889686101, 0.632394246814304, -4.46088081190939
-4.55939889686101, 0.482048208041639, -4.73337455687302
-4.55939889686101, 0.268506781441539, -4.95956307303917
-4.55939889686101, 0.0018308005630334, -5.11614238646315
-3.90805575026785, 2.49582770579858, -0.000934640897589901
-3.90805614467954, 2.43085508489003, -0.304037619600502
-3.90805619730943, 2.35675245069698, -0.60420636831116
-3.90805619730943, 2.18150592279965, -0.859904847478584
-3.90805619730944, 2.00318172854486, -1.11346792924493
-3.90805619730943, 1.82273277000135, -1.36552431317895
-3.90805619730943, 1.64110180608349, -1.61673083659008
-3.90805619730943, 1.45923532724082, -1.86776709521815
-3.90805619730943, 1.27831035515757, -2.11948202468064
-3.90805619730943, 1.10013025099115, -2.37314409690609
-3.90805619730943, 0.928133612501006, -2.63102447124904
-3.90805619730943, 0.770009666680696, -2.89755982828911
-3.90805619730943, 0.653878463025365, -3.18421004120745
-3.90805619730943, 0.630486227950135, -3.49221869008085
-3.90805619730943, 0.638446608580592, -3.80209928046989
-3.90805619730943, 0.626993328631155, -4.11175208224259
-3.90805619730944, 0.567878491932682, -4.41547482887359
-3.90805619730943, 0.445481950813878, -4.69958362292217
-3.90805619730943, 0.255546430730166, -4.94332702033626
-3.90805619730944, 0.001873376220677, -5.11579854238667
-3.02269964658, 2.19394515190957, -0.00144581259188729
-3.04966439503422, 2.12035847401241, -0.299597771117796
-3.0787682228915, 2.04093425799406, -0.59598819100158
-3.13904439329952, 1.87644085861302, -0.849657582249766
-3.19950279800302, 1.71145014265488, -1.10296066305868
-3.25999805919866, 1.54635884549459, -1.35618930669878
-3.3203892037984, 1.38155168205874, -1.6096276765534
-3.38053381698933, 1.21741730173455, -1.86356070718484
-3.44014652273908, 1.05473449443774, -2.11855001636823
-3.49861119825452, 0.895184656514331, -2.37577115820423
-3.55453760256874, 0.742561749343369, -2.63769572334077
-3.60444652536506, 0.606360522313835, -2.90956928984217
-3.63314577740828, 0.52804039188209, -3.20470202168759
-3.62306861585015, 0.55554092069121, -3.51106161442116
-3.61079656919962, 0.589031281098051, -3.81717308176728
-3.61040397470086, 0.590102669728772, -4.12519701214634
-3.63025966067846, 0.535916591525915, -4.42735957173274
-3.67240805210426, 0.420893819887629, -4.70952795189609
-3.73834781866743, 0.240944491936868, -4.94966103857244
-3.82663842126697, 0.000939349084927604, -5.11575556194194
-2.41205439606519, 1.94918841307494, -0.00115373713465088
-2.46673619232508, 1.87067795876276, -0.298612294027655
-2.52498403519942, 1.78704748354878, -0.593989947474925
-2.62939369185504, 1.63713928485588, -0.84740591503931
-2.73377350641163, 1.48727393253807, -1.10094883330804
-2.83773836867331, 1.33800435606194, -1.35501308243092
-2.94116483131778, 1.18950779732552, -1.60974908267866
-3.04392457214919, 1.04196849742154, -1.86530965357853
-3.14558884822797, 0.896002032378425, -2.12220671749821
-3.2450473380933, 0.753202567865255, -2.38172875303989
-3.33954721712043, 0.617522525468604, -2.64683322004102
-3.42217500044958, 0.498888075767134, -2.92363422578141
-3.45572371283703, 0.450719858347775, -3.22680429741435
-3.41386218821516, 0.510823357886148, -3.53035056807488
-3.38113801575661, 0.557807726038575, -3.8372411504569
-3.37783867549692, 0.562544818095468, -4.14913052871699
-3.41674941546988, 0.506677965105097, -4.45327723913897
-3.4956035499093, 0.393461605316747, -4.73272061921467
-3.61542478839002, 0.22142592776403, -4.96290638007266
-3.76964593517796, 0.000941211769941541, -5.11572547558537
-1.96727666998807, 1.74537671745589, -0.000940996208163088
-2.04825132795794, 1.66440205948602, -0.298683123789483
-2.13388256320133, 1.57877082424263, -0.593806887451316
-2.27026853217939, 1.44238485526458, -0.847817908830506
-2.40624499676796, 1.306408390676, -1.10235411778701
-2.54144436675002, 1.17120902069394, -1.35771681503159
-2.67578306379414, 1.03687032364983, -1.6139862908682
-2.80910299647728, 0.903550390966685, -1.87131726886894
-2.94089596263623, 0.771757424807732, -2.13021517660446
-3.06965823163928, 0.642995155804685, -2.39213895438102
-3.1912838069117, 0.52136958053226, -2.66075707561904
-3.2957249411437, 0.416928446300265, -2.9432200889754
-3.31453567586842, 0.398117711575547, -3.25317532378602
-3.23284815626845, 0.479805231175514, -3.55045007515139
-3.17878389487112, 0.533869492572843, -3.85960436628525
-3.17529501406249, 0.537358373381476, -4.17759788440497
-3.23447166400264, 0.478181723441324, -4.48448313690668
-3.34710098305125, 0.365552404392714, -4.75969191737018
-3.51106652651534, 0.201586860928619, -4.97710061292369
-3.71265344908895, 0.000943074454955478, -5.11569538922881
-1.58531888909542, 1.54629501333979, -0.000758301697087286
-1.69420137857181, 1.46497296629139, -0.299074255360134
-1.8082758446689, 1.37977314083203, -0.594351426972185
-1.97228654193551, 1.25727699196825, -0.850349012620133
-2.13546517395257, 1.13540229518275, -1.10722289150175
-2.29759284226255, 1.01431254114097, -1.36513135186505
-2.45862017381453, 0.894044605538808, -1.62411137594525
-2.61840468324408, 0.774704907705625, -1.88428761525436
-2.77638516549347, 0.656712599925036, -2.14617294119383
-2.93052573024721, 0.54158824596094, -2.41158882536568
-3.0749579370466, 0.433714860872762, -2.68532138975228
-3.1958170989408, 0.343447688464642, -2.97591110576776
-3.17437577601014, 0.359461762725177, -3.28835891005024
-3.04698639508201, 0.454606218726541, -3.57486497896921
-2.97116787969521, 0.511233477205621, -3.88772644576265
-2.97368220468588, 0.509355580620324, -4.21391088770598
-3.0577702001567, 0.446552020959181, -4.52337235679206
-3.20741180380078, 0.33478784666023, -4.79122678791721
-3.41373241499854, 0.180691310738183, -4.99228428475529
-3.65566096299995, 0.000944937139969414, -5.11566530287224
-1.24048216989268, 1.34106101884305, -0.000593361642507819
-1.37952240891916, 1.26199116378215, -0.300057830211427
-1.52374817348775, 1.1799723872011, -0.59624647549138
-1.71340694938139, 1.07211661806593, -0.856368016120045
-1.90183363029657, 0.964961520707874, -1.11767199502551
-2.08910129782152, 0.858465534851781, -1.38007629824609
-2.27515352477697, 0.752660749689377, -1.64362227230739
-2.45992369080539, 0.647585051102113, -1.90835908693831
-2.6426209986116, 0.543688152266207, -2.17499054721163
-2.82048290659624, 0.442541064317635, -2.44589976479129
-2.98507778132316, 0.348938715964745, -2.72759917286394
-3.11496203238002, 0.275075717902696, -3.03138359605941
-3.01395683525503, 0.332515681707348, -3.33298264910866
-2.83865755809802, 0.432205444427378, -3.60527922567429
-2.74368592670402, 0.486214220460849, -3.92482631470358
-2.76255030452797, 0.475486364763841, -4.26139141623219
-2.87841539492459, 0.409595828553421, -4.57229171594588
-3.07093850941975, 0.300111158032193, -4.82764931116996
-3.31979953525056, 0.158588060973918, -5.00830035971252
-3.59866847691094, 0.000946799824983351, -5.11563521651568
-0.924086421693902, 1.12483324568595, -0.000442024252004887
-1.09572802583997, 1.05107523964208, -0.302500407993322
-1.27256752712004, 0.975083587914618, -0.600895808045653
-1.48708402105701, 0.882901340288637, -0.86852978440566
-1.70044162527136, 0.791217091941978, -1.13725910075419
-1.91271789185388, 0.699997517110693, -1.40700102794053
-2.1239035857375, 0.609246584297275, -1.67775507715978
-2.3339137272548, 0.519000811051502, -1.9495900857326
-2.54149363340228, 0.429799361039521, -2.22362362770854
-2.74240735381799, 0.343462511192162, -2.50344999913324
-2.92419695411177, 0.265343697843327, -2.7982274663644
-3.03039300494602, 0.219709022041755, -3.125462330221
-2.80889203829752, 0.314892644439506, -3.38226501711808
-2.58918312065183, 0.409306185703147, -3.64262745737288
-2.48570297918604, 0.453773778147455, -3.97559952326019
-2.53422745840329, 0.432921789206964, -4.3242841630035
-2.69176885554414, 0.365222938568247, -4.63347271976797
-2.93440676061445, 0.260956329329277, -4.86868057864896
-3.22665668052674, 0.135370394226579, -5.0248997513268
-3.54167599082194, 0.000948662509997287, -5.11560513015912
-0.633943613498609, 0.895536354206811, -0.000303242932148072
-0.841196013421397, 0.830429725838726, -0.307669065318547
-1.0536861110871, 0.763677718017473, -0.610937991576733
-1.29434019345078, 0.688078227195885, -0.890291252424815
-1.53411079742784, 0.612756273806965, -1.17047793641197
-1.77300333389922, 0.537710158067192, -1.45148746641972
-2.01102320809126, 0.462938181969384, -1.73330941863306
-2.24808581182933, 0.388466924472266, -2.01601603249928
-2.48185558736021, 0.315030081739201, -2.3017118764077
-2.70449699756601, 0.245089122990276, -2.59691772948291
-2.89802277367491, 0.184294600034393, -2.91365653771615
-2.83743883176037, 0.203326544623567, -3.22842086615341
-2.53366533299554, 0.298754478387052, -3.42877506589178
-2.27692082606052, 0.379408643090539, -3.68795085974796
-2.1912277480271, 0.406328415249114, -4.04701962200862
-2.28322082774173, 0.37742954963575, -4.40830397242613
-2.4965844961495, 0.310403116786472, -4.70818985234674
-2.79575122118027, 0.216422362913744, -4.91398621089458
-3.13277839965879, 0.110548060530179, -5.04233244387681
-3.48468350473285, 0.000950525195011229, -5.11557504380255
-0.373890467861452, 0.652321072359917, -0.000178852722848465
-0.620505333330677, 0.599641771892489, -0.316028210615076
-0.871882109584052, 0.545945281611624, -0.627811295080858
-1.14100912557075, 0.48845716988693, -0.923820792222931
-1.40965003860191, 0.431072894415593, -1.22029159310228
-1.6777852973784, 0.373796631542619, -1.51724064704827
-1.9453985515778, 0.31663187385369, -1.81468166995429
-2.21199316328909, 0.259684707969689, -2.11307576820899
-2.4729586380285, 0.203939979730109, -2.41660619832524
-2.7119821725985, 0.152882260348749, -2.73824240675018
-2.87062545908774, 0.118994532858333, -3.09775167945799
-2.53531131501288, 0.190620849921941, -3.30159032289863
-2.17358111290519, 0.267889890329208, -3.46349103941214
-1.89823974615671, 0.326705446976443, -3.74375349309172
-1.86787698156322, 0.333191224693042, -4.14083263366785
-2.01350924152399, 0.302082777253643, -4.51362466078864
-2.29558818613053, 0.241828009358001, -4.79242550380854
-2.65329640779652, 0.165418102546592, -4.96192600577709
-3.03628565873059, 0.0836079254214124, -5.06061848435153
-3.42769101864392, 0.00095238788002516, -5.11554495744599
-0.158528953835096, 0.395776374160294, -7.583764226378E-05
-0.444704582248692, 0.360516232374416, -0.324970088138713
-0.733833798299177, 0.324892174487677, -0.647161441675064
-1.03100352633628, 0.288277432683334, -0.961877017505254
-1.3280637802553, 0.251676179354397, -1.27669749535443
-1.62498358232753, 0.21509223131473, -1.59165253329706
-1.92179909589193, 0.17852113282341, -1.90670715738815
-2.21662930051954, 0.142194647316739, -2.2236423791231
-2.49965332507695, 0.10732281951636, -2.55119599576058
-2.74316251715913, 0.0773196753402487, -2.90924907736813
-2.59114172740935, 0.0960503919658849, -3.20170561275415
-2.17621678154184, 0.147173936283369, -3.31874097247792
-1.77038317292982, 0.197177322876631, -3.4617613071117
-1.52535777354156, 0.227367281299942, -3.7988703966483
-1.55757265892241, 0.223398035447522, -4.22885835194662
-1.74977079530317, 0.199717005803821, -4.61400598280074
-2.09192099978673, 0.157560149928163, -4.87261767865992
-2.50054378908284, 0.107213104068972, -5.00823589026515
-2.92581160485837, 0.0548151987535853, -5.07857110501283
-3.3552006193466, 0.00190951417061504, -5.11550971955389
-0.0208333439287104, 0.131038014449282, -9.96919212227719E-06
-0.335099714904548, 0.118531960993064, -0.329340460649486
-0.649877468159677, 0.106005557366698, -0.65818041332689
-0.965815723687682, 0.0934329722051725, -0.985904761902731
-1.2817726207438, 0.0808596452145218, -1.31361111147905
-1.59773949930554, 0.0682859210154698, -1.64130782058026
-1.91377824299405, 0.055709336984122, -1.96893503680718
-2.22620939254667, 0.0432763151321175, -2.29999434278533
-2.5170999255209, 0.0317004900001215, -2.64978818734183
-2.7399579358268, 0.022831980838999, -3.04418048554512
-2.33933438599543, 0.0387745696513284, -3.21179799502164
-1.89071490144926, 0.0566271296876248, -3.28776373833419
-1.46456764294052, 0.0735854201295268, -3.43602107755413
-1.30156269819352, 0.0800721102144501, -3.8419603682955
-1.37614400143195, 0.0771041892045185, -4.2895183924217
-1.59470478580809, 0.0684066857320551, -4.68505247086786
-1.96729644100464, 0.0535796103986054, -4.93977527310576
-2.40627605996673, 0.0361106633909549, -5.05538881383942
-2.85898279338475, 0.0180954535850135, -5.09973803295167
-3.3137061089632, 0.00191222650024858, -5.11548986079987
