-32.743885006987, 4.20579032541306, -0.00148313924287805
-32.7438851397676, 4.18679909318365, -0.31304630286747
-32.7438851413424, 4.16693777155251, -0.62455417635512
-32.7438851413424, 4.14204178407375, -0.935693904295187
-32.7438851413424, 4.10652271130574, -1.24577936238769
-32.7438851413424, 4.04962763624829, -1.55255792511039
-32.7438851413424, 3.94572914854188, -1.84621523471178
-32.7438851413424, 3.72912806945842, -2.06198942058662
-32.7438851413424, 3.42738905240155, -2.13550133735849
-32.7438851413424, 3.11650241865518, -2.16326766881336
-32.7438851413424, 2.80518150890573, -2.18587757736033
-32.7438851413424, 2.49377395112336, -2.20726850464534
-32.7438851413424, 2.18230968079369, -2.22781540390254
-32.7438851413424, 1.87078922529401, -2.24749421030773
-32.7438851413424, 1.55922337656311, -2.26644016812028
-32.7438851413424, 1.24760009187493, -2.28441505657331
-32.7438851413424, 0.935905764009606, -2.301110549043
-32.7438851413424, 0.624090205790839, -2.31533362706015
-32.7438851413424, 0.312111177934534, -2.32530405857903
-32.7438851413424, 1.89789861158999E-06, -2.32843754371107
-32.1050598367655, 4.22635648873043, -0.00145420411352724
-32.1050599671361, 4.21136227285882, -0.316715659975991
-32.1050599684998, 4.19416757876636, -0.631861348004008
-32.1050599684998, 4.17131839254236, -0.94664310861002
-32.1050599684998, 4.13688152280566, -1.26034157654737
-32.1050599684998, 4.08017281252443, -1.57069538745383
-32.1050599684998, 3.97918897817378, -1.86913497962363
-32.1050599684998, 3.76816623638137, -2.09537978575006
-32.1050599684998, 3.46586644370687, -2.17990263325804
-32.1050599684998, 3.15175289968665, -2.2103390860432
-32.1050599684998, 2.83702437892515, -2.23400160453049
-32.1050599684998, 2.52213155502616, -2.25537422756981
-32.1050599684998, 2.20712775800101, -2.27504831400507
-32.1050599684998, 1.892047414546, -2.29345717394833
-32.1050599684998, 1.57690667245966, -2.3108016357066
-32.1050599684998, 1.26170035169044, -2.3269088543351
-32.1050599684998, 0.946427176996521, -2.34164910529767
-32.1050599684998, 0.631076506058441, -2.35461667157801
-32.1050599684998, 0.315635241001839, -2.36514441031718
-32.1050599684998, 7.59161736347863E-05, -2.36944905318106
-31.4498545339743, 4.24704876414996, -0.00142452705561613
-31.4498546618541, 4.23560849190367, -0.320562480750268
-31.4498546630202, 4.21886041806351, -0.639450036099002
-31.4498546630202, 4.19602548285522, -0.957969588904522
-31.4498546630202, 4.16289388239901, -1.27556120356468
-31.4498546630203, 4.10898655657483, -1.59020557693969
-31.4498546630202, 4.01161209156653, -1.89378287788157
-31.4498546630202, 3.80652914915756, -2.1311840386878
-31.4498546630202, 3.50538890987295, -2.2316517054711
-31.4498546630202, 3.18836470809116, -2.26953106711932
-31.4498546630202, 2.87022425552344, -2.29718480562477
-31.4498546630202, 2.55178568331293, -2.32118639880583
-31.4498546630202, 2.23316570996625, -2.34265354157255
-31.4498546630202, 1.914423934971, -2.36223265074501
-31.4498546630202, 1.59558166224157, -2.38010065268498
-31.4498546630202, 1.27664367157926, -2.39616981888697
-31.4498546630202, 0.957627728525138, -2.41061100883401
-31.4498546630202, 0.638546906324812, -2.42353988166842
-31.4498546630202, 0.31940947969583, -2.43498708184978
-31.4498546630202, 0.000151832755275188, -2.4402484174012
-30.7946492311832, 4.26732594675437, -0.00139484999546351
-30.7946493568083, 4.25790253825114, -0.332043804973316
-30.7946493575406, 4.23950756695477, -0.662281000683868
-30.7946493575406, 4.21499391732539, -0.99215048756731
-30.7946493575406, 4.18168095334821, -1.32123147922214
-30.7946493575406, 4.12756510148425, -1.64742273799369
-30.7946493575406, 4.02355190211111, -1.96065835954687
-30.7946493575406, 3.7988482605545, -2.19592427577486
-30.7946493575406, 3.48615383745275, -2.29876460295301
-30.7946493575406, 3.15849846977654, -2.34369734765226
-30.7946493575406, 2.82937347903078, -2.37672350958329
-30.7946493575406, 2.49979911380504, -2.40495634459498
-30.7946493575407, 2.16995886764389, -2.42990203902578
-30.7946493575406, 1.83992865653053, -2.45219632688043
-30.7946493575406, 1.50973225683805, -2.47187520021892
-30.7946493575406, 1.17939594092083, -2.48905148642832
-30.7946493575407, 0.848961552551483, -2.50423018459335
-30.7946493575406, 0.518457731777158, -2.51781627883448
-30.7946493575407, 0.187902650922854, -2.53009461513011
-30.7946493575406, 0.143316839813552, -2.53109738913503
-30.139443928392, 4.28720559984538, -0.00136517293316431
-30.1394440515137, 4.27791419512178, -0.338214366761895
-30.1394440520611, 4.25838740138433, -0.674587488010219
-30.1394440520611, 4.23347409165444, -1.01064012881005
-30.1394440520611, 4.20173601079198, -1.34610656171367
-30.1394440520611, 4.15086928171818, -1.67909372995327
-30.1394440520611, 4.04902293011842, -1.99949362350163
-30.139444052061, 3.82469476125679, -2.2442329750918
-30.139444052061, 3.51043598498543, -2.361318972858
-30.1394440520611, 3.17816575633312, -2.41686563883916
-30.1394440520611, 2.843540646121, -2.45653321181114
-30.1394440520611, 2.50823127616371, -2.48999034387295
-30.1394440520611, 2.1725307523232, -2.51927805636391
-30.1394440520611, 1.83655114372894, -2.54517246720782
-30.1394440520611, 1.50033054580021, -2.56772096727827
-30.1394440520611, 1.1639059179568, -2.58699300662277
-30.139444052061, 0.82734023264475, -2.6036310373072
-30.139444052061, 0.490681116861135, -2.61826317306966
-30.1394440520611, 0.153958838443494, -2.63128842863648
-30.1394440520611, 0.183599405929379, -2.63029808600479
-29.4842386256008, 4.30670057517236, -0.00133549586878797
-29.484238746136, 4.29568067818351, -0.342112431276217
-29.4842387465815, 4.27592458204139, -0.682469731343189
-29.4842387465815, 4.25176787500807, -1.0225662580567
-29.4842387465815, 4.22209346657565, -1.3622188750455
-29.4842387465815, 4.17548914777625, -1.6998684153058
-29.4842387465815, 4.08052775516889, -2.0265734390511
-29.4842387465815, 3.86473132866833, -2.28448526570373
-29.4842387465815, 3.55338633388853, -2.41937151217036
-29.4842387465815, 3.21948100987126, -2.48756632897178
-29.4842387465815, 2.88182961331646, -2.53479811671085
-29.4842387465815, 2.54312675900195, -2.57388173364394
-29.4842387465815, 2.20386719757662, -2.60781862304358
-29.4842387465815, 1.86422721769017, -2.63771521019511
-29.4842387465815, 1.52426696198695, -2.66371571232984
-29.4842387465815, 1.1840214454335, -2.68567154164157
-29.4842387465815, 0.843562845176466, -2.70404076571247
-29.4842387465815, 0.502967209951165, -2.71967881161589
-29.4842387465815, 0.162289880707802, -2.73343112089055
-29.4842387465815, 0.179394371900128, -2.7327680543247
-28.8290333228096, 4.32580481079556, -0.00130581880230171
-28.8290334407426, 4.31203396147017, -0.345938442805545
-28.8290334411019, 4.29245211946546, -0.690279818488383
-28.8290334411019, 4.26951088965378, -1.03442233680742
-28.8290334411019, 4.24184664253289, -1.37821241070261
-28.8290334411019, 4.19937983703031, -1.72041615740179
-28.8290334411019, 4.11205489868969, -2.05338427318377
-28.8290334411019, 3.90508906690164, -2.3237280301545
-28.8290334411019, 3.59719529594529, -2.47552561261602
-28.8290334411019, 3.26232786469245, -2.55718053128514
-28.8290334411019, 2.92192572009116, -2.61257585220565
-28.8290334411019, 2.57993840841919, -2.65730640042951
-28.8290334411019, 2.23719178145938, -2.69582784685151
-28.8290334411019, 1.89395638166034, -2.72972704768138
-28.8290334411019, 1.5503164976296, -2.75924239769498
-28.8290334411019, 1.20630124665951, -2.78399857780462
-28.8290334411019, 0.861987150881382, -2.80418632135338
-28.8290334411019, 0.51747177070533, -2.82060467481286
-28.8290334411019, 0.172837211144403, -2.83431245494015
-28.8290334411019, 0.1729493442032, -2.83442987580258
-28.1738280200184, 4.34450878086241, -0.00127614173365406
-28.1738281353373, 4.32787415169195, -0.349821894366785
-28.1738281356223, 4.30838664204519, -0.698217657416849
-28.1738281356223, 4.2867612222081, -1.0464885553111
-28.1738281356223, 4.26110791041956, -1.39448185086751
-28.1738281356223, 4.22280772261104, -1.74126099847525
-28.1738281356223, 4.14323109524507, -2.08034270012082
-28.1738281356223, 3.94466976152922, -2.36216949802326
-28.1738281356223, 3.64041927862645, -2.52972538522137
-28.1738281356223, 3.30508648407743, -2.62514790320397
-28.1738281356223, 2.9621095845646, -2.68914687461489
-28.1738281356223, 2.61679601050063, -2.73925926020719
-28.1738281356223, 2.27048640024623, -2.78201235987931
-28.1738281356223, 1.923576185835, -2.81959151446859
-28.1738281356223, 1.57617227283049, -2.85228973497546
-28.1738281356223, 1.22830708715562, -2.87964244770427
-28.1738281356223, 0.880058351772323, -2.90157912720783
-28.1738281356223, 0.53152605250021, -2.91843980862287
-28.1738281356223, 0.182821890640939, -2.93129863916948
-28.1738281356223, 0.167153598830913, -2.93185579944953
-27.5186227172272, 4.3627954357307, -0.00124646466275295
-27.5186228299203, 4.343875586033, -0.353705589315079
-27.5186228301427, 4.32416342880351, -0.706121028363992
-27.5186228301427, 4.30365341681826, -1.05849080455868
-27.5186228301427, 4.27999333066452, -1.41065976079682
-27.5186228301427, 4.2459410922809, -1.76194515282466
-27.5186228301427, 4.17378937412888, -2.10680602191428
-27.5186228301427, 3.9831250809627, -2.39920514173896
-27.5186228301427, 3.68272602768042, -2.58142680388106
-27.5186228301427, 3.34736572283804, -2.69038305507024
-27.5186228301427, 3.00207590826736, -2.76324838218111
-27.5186228301427, 2.65345194264969, -2.81833068621431
-27.5186228301427, 2.30356174990136, -2.86479504543376
-27.5186228301427, 1.95295582602653, -2.9055182124026
-27.5186228301427, 1.60176256714405, -2.94081701871896
-27.5186228301427, 1.25003747866084, -2.97034556449111
-27.5186228301427, 0.897858792262936, -2.99384100194992
-27.5186228301427, 0.545303724767777, -3.01077674968361
-27.5186228301427, 0.19251819310469, -3.02198908501459
-27.5186228301427, 0.16164309495, -3.02269934253599
-26.863417414436, 4.38063541585337, -0.00121678758943986
-26.8634175244917, 4.36010284671612, -0.357489667865104
-26.8634175246631, 4.33997378315554, -0.71378525964102
-26.8634175246631, 4.32030268737041, -1.07010668210078
-26.8634175246631, 4.29842548786935, -1.42629686333017
-26.8634175246631, 4.26832427275924, -1.78186876488809
-26.8634175246631, 4.20267966861598, -2.13199474985737
-26.8634175246631, 4.01944369807619, -2.43405278354371
-26.8634175246631, 3.72304986909017, -2.62976178028325
-26.8634175246631, 3.38793078943743, -2.75130113063178
-26.8634175246631, 3.04063731768679, -2.83293795494724
-26.8634175246631, 2.68884131272881, -2.89271076206071
-26.8634175246631, 2.33546711190529, -2.9424557731815
-26.8634175246631, 1.98124871207457, -2.98579324960433
-26.8634175246631, 1.62634535125561, -3.02310833193726
-26.8634175246631, 1.27085469155443, -3.0543367512732
-26.8634175246631, 0.914857905089073, -3.07910801464738
-26.8634175246631, 0.558395856151412, -3.09587056805558
-26.8634175246631, 0.201656253168159, -3.10510222320119
-26.8634175246631, 0.156564989925787, -3.10597663264693
-26.1982121116858, 4.39826190676739, -0.00118665757038702
-26.1982122190526, 4.37677446018618, -0.361110792877219
-26.1982122191835, 4.35623161199524, -0.721089351181043
-26.1982122191835, 4.33706171021126, -1.08114429051896
-26.1982122191835, 4.31654529728851, -1.44112338788902
-26.1982122191835, 4.28967912821265, -1.800674197286
-26.1982122191835, 4.22915746024723, -2.1554845076725
-26.1982122191835, 4.05306709195068, -2.46640073015955
-26.1982122191835, 3.76088243084027, -2.67457207387423
-26.1982122191835, 3.42605244097675, -2.80723890770814
-26.1982122191835, 3.07703165945406, -2.89720345939249
-26.1982122191835, 2.72230299703341, -2.96161242341407
-26.1982122191835, 2.36562592929674, -3.01436941279692
-26.1982122191835, 2.00794776782873, -3.05986071368308
-26.1982122191835, 1.64948121633994, -3.09865693117818
-26.1982122191835, 1.29038254429531, -3.13109128491157
-26.1982122191835, 0.930741545262965, -3.15677885583177
-26.1982122191835, 0.570563146551347, -3.17322475337004
-26.1982122191835, 0.210080742841198, -3.18059650327594
-26.1982122191835, 0.151998083218305, -3.18175937507122
-24.5701988546668, 4.43904159905332, -0.00111291781106265
-24.5701989554147, 4.41773417079065, -0.368409118502609
-24.5701989554846, 4.39706956004225, -0.735741702872
-24.5701989554846, 4.3774680038899, -1.10313282197308
-24.5701989554846, 4.35746262551716, -1.47050176123551
-24.5701989554846, 4.33321717413139, -1.83760905453567
-24.5701989554846, 4.27764868912866, -2.20075400011134
-24.5701989554846, 4.11693353475552, -2.52884735404562
-24.5701989554846, 3.83580624622481, -2.76277026139015
-24.5701989554846, 3.50110422321953, -2.91434572683591
-24.5701989554846, 3.14874383117473, -3.01961950538209
-24.5701989554846, 2.78870516676631, -3.09503772090958
-24.5701989554846, 2.42557349857647, -3.15406452159482
-24.5701989554846, 2.06091793301678, -3.20284618684368
-24.5701989554846, 1.69522002671674, -3.2431007583748
-24.5701989554846, 1.3288125083533, -3.27630512189094
-24.5701989554846, 0.961833304247272, -3.3023781357306
-24.5701989554846, 0.594260590088713, -3.31786756336926
-24.5701989554846, 0.226392085032337, -3.32307239579848
-24.5701989554846, 0.143418936806895, -3.3231352578346
-22.9321855976888, 4.47542150627519, -0.00103872508339329
-22.9321856917435, 4.45578346796859, -0.373157404678787
-22.9321856917856, 4.43587541155523, -0.745261638799668
-22.9321856917856, 4.41485487693751, -1.11730447505714
-22.9321856917856, 4.39172034983139, -1.48922121931576
-22.9321856917856, 4.36408993566158, -1.86082584518705
-22.9321856917856, 4.30678994134611, -2.22856768910532
-22.9321856917856, 4.15348267100226, -2.56582452974582
-22.9321856917856, 3.88298671938321, -2.81911610513449
-22.9321856917856, 3.54969628472704, -2.98426734112638
-22.9321856917856, 3.19517593125152, -3.09850760284893
-22.9321856917856, 2.83207380357502, -3.18188786739909
-22.9321856917856, 2.46466988275067, -3.24393715033686
-22.9321856917856, 2.09528179640427, -3.29293094549599
-22.9321856917856, 1.72473094568636, -3.33222480764065
-22.9321856917856, 1.35346669418101, -3.36411869034913
-22.9321856917856, 0.981660032716695, -3.38882850322262
-22.9321856917856, 0.609313325945685, -3.4031924329213
-22.9321856917856, 0.236718491507554, -3.40835739090628
-22.9321856917856, 0.138192494540297, -3.40872655657095
-21.2941723407092, 4.50432949032663, -0.000964532315376779
-21.2941724280281, 4.48861889546645, -0.368683655905208
-21.2941724280866, 4.47118132655229, -0.736322661730445
-21.2941724280866, 4.44858434676483, -1.1036794972706
-21.2941724280866, 4.42121128185962, -1.47071285524514
-21.2941724280866, 4.38893814325285, -1.83734511312738
-21.2941724280866, 4.33302010184528, -2.20081914818374
-21.2941724280866, 4.19615743302129, -2.54082082656657
-21.2941724280866, 3.95014765764053, -2.81227350226932
-21.2941724280866, 3.63425326739771, -2.99922332449963
-21.2941724280866, 3.28855200851244, -3.12481127805015
-21.2941724280866, 2.93196505489339, -3.21552833586949
-21.2941724280866, 2.56972659010834, -3.28042898499143
-21.2941724280866, 2.20502437055926, -3.32986980077818
-21.2941724280866, 1.83905053560177, -3.36885912459794
-21.2941724280866, 1.47231191592181, -3.3998904450777
-21.2941724280866, 1.10507285289234, -3.42428630645624
-21.2941724280866, 0.737357691324148, -3.4398470651698
-21.2941724280866, 0.36937604836682, -3.44688491376438
-21.2941724280866, 0.00132853852770924, -3.44881421044285
-19.6561590837329, 4.52745915955108, -0.000890339516158888
-19.6561591643403, 4.51671420372118, -0.370135248640406
-19.6561591643876, 4.50159594250966, -0.739213153226332
-19.6561591643876, 4.47493418461427, -1.10763943614955
-19.6561591643876, 4.44267110132698, -1.47562852182187
-19.6561591643876, 4.40546652949313, -1.8431407400419
-19.6561591643876, 4.34156610200999, -2.20666526300723
-19.6561591643876, 4.20186391483549, -2.54724091958447
-19.6561591643876, 3.95854490425815, -2.82286643961167
-19.6561591643876, 3.6460262305441, -3.01816269382191
-19.6561591643876, 3.30141898059591, -3.15030159059062
-19.6561591643876, 2.9436399033962, -3.24167498901759
-19.6561591643876, 2.57992181543525, -3.30595991327111
-19.6561591643876, 2.21380725047103, -3.35500187947823
-19.6561591643876, 1.84639142490495, -3.39313995227569
-19.6561591643876, 1.47816659004884, -3.42251086888575
-19.6561591643876, 1.10942550122298, -3.44447344198794
-19.6561591643876, 0.740274401983942, -3.4578114080307
-19.6561591643876, 0.370917431588302, -3.46321865794898
-19.6561591643876, 0.00151832772008903, -3.46418920672469
-18.0181459006447, 4.554427730192, -0.00163229348871715
-18.0181459006887, 4.53754692921816, -0.370928766766595
-18.0181459006887, 4.51644057866373, -0.739997519633446
-18.0181459006887, 4.48565707392227, -1.10838793556836
-18.0181459006887, 4.45044652560262, -1.47638910469912
-18.0181459006887, 4.41018067972958, -1.8438591622908
-18.0181459006887, 4.34275398087164, -2.20704061027229
-18.0181459006887, 4.20199142976297, -2.54759217360066
-18.0181459006887, 3.95971361877967, -2.82443669606804
-18.0181459006887, 3.64820831387753, -3.02199990944238
-18.0181459006887, 3.30429230257946, -3.15661047334748
-18.0181459006887, 2.9462394952055, -3.24799705055637
-18.0181459006887, 2.58220214425599, -3.31210315431273
-18.0181459006887, 2.2158176721388, -3.36124645779159
-18.0181459006887, 1.8481123966386, -3.39930896218932
-18.0181459006887, 1.47957151198785, -3.42823768582723
-18.0181459006887, 1.11050189965914, -3.44938644198411
-18.0181459006887, 0.741039005239985, -3.46184491629743
-18.0181459006887, 0.371389019351309, -3.4663390261643
-18.0181459006887, 0.0017081167387348, -3.46714916423565
-16.3801325697769, 4.55218989576984, -0.000741953801472038
-16.3801326369359, 4.53987822737775, -0.366341556356291
-16.3801326369897, 4.5035670275412, -0.730250496693814
-16.3801326369897, 4.46078784471962, -1.093545119341
-16.3801326369897, 4.41397085723117, -1.45634179782158
-16.3801326369897, 4.36006528049131, -1.81813989017678
-16.3801326369897, 4.28071768414824, -2.17498251404801
-16.3801326369897, 4.13749809268156, -2.51070156756641
-16.3801326369897, 3.90650308128951, -2.7923548812714
-16.3801326369897, 3.60455813004219, -2.99721734714485
-16.3801326369897, 3.26669073016976, -3.13635164021756
-16.3801326369897, 2.91343508358403, -3.23078221116036
-16.3801326369897, 2.55399717641693, -3.29850631581853
-16.3801326369897, 2.19198143557995, -3.35090818645047
-16.3801326369897, 1.82848199918075, -3.39181238210381
-16.3801326369897, 1.46404040895647, -3.42329498979477
-16.3801326369897, 1.09899572418944, -3.44677059278759
-16.3801326369897, 0.7334654090582, -3.46069935325729
-16.3801326369897, 0.367702941825512, -3.46604623127901
-16.3801326369897, 0.00189790571311715, -3.46694603149211
-14.7421193127989, 4.53807677650721, -0.000667760801149689
-14.7421193732018, 4.52985680877929, -0.357902919444219
-14.7421193732907, 4.46935784370295, -0.70949723931919
-14.7421193732907, 4.40070598643169, -1.06016941233429
-14.7421193732907, 4.32772914879172, -1.40996163661541
-14.7421193732907, 4.24536686070409, -1.75765195068018
-14.7421193732907, 4.14309938054285, -2.0998909153367
-14.7421193732907, 3.99437319569506, -2.4243284061743
-14.7421193732907, 3.78272124650096, -2.71102757579383
-14.7421193732907, 3.50362999581191, -2.93258447189713
-14.7421193732907, 3.18197400492341, -3.08702723676766
-14.7421193732907, 2.84061338033261, -3.19203720954106
-14.7421193732907, 2.49165868885372, -3.26869938676901
-14.7421193732907, 2.13940256094946, -3.32856357105183
-14.7421193732907, 1.78522352741029, -3.37578631273693
-14.7421193732907, 1.4297873059715, -3.41242207207169
-14.7421193732907, 1.07355131226398, -3.44023636898042
-14.7421193732907, 0.716654414067108, -3.45752377400776
-14.7421193732907, 0.359411331458416, -3.46504261000834
-14.7421193732907, 0.00208769468749906, -3.46674289874858
-13.1041060558209, 4.49609951990371, -0.000593567650366241
-13.1041061094309, 4.48096728375375, -0.345609487437764
-13.1041061095918, 4.39475370144399, -0.678450097749127
-13.1041061095918, 4.2929530316003, -1.00845153242557
-13.1041061095918, 4.18703167945938, -1.33714963582649
-13.1041061095918, 4.07315178781842, -1.66316624118049
-13.1041061095918, 3.9451696859295, -1.98386396590691
-13.1041061095918, 3.78933066262076, -2.29184813073192
-13.1041061095918, 3.59464568899928, -2.57662555351568
-13.1041061095918, 3.34676854320594, -2.81603222602826
-13.1041061095918, 3.05381803353193, -2.99790110065621
-13.1041061095918, 2.73389470734323, -3.1271373903881
-13.1041061095918, 2.40167646057665, -3.22112650307182
-13.1041061095918, 2.06404660410093, -3.29354489050533
-13.1041061095918, 1.72351371276801, -3.35087576167842
-13.1041061095918, 1.38104996812824, -3.39526630360025
-13.1041061095918, 1.0373073499696, -3.42839406158498
-13.1041061095918, 0.692721625777007, -3.45110237542262
-13.1041061095918, 0.34760036884716, -3.46327977469505
-13.1041061095918, 0.00227748366188141, -3.46653976600505
-11.4660927988428, 4.40754637335803, -0.000519374248081738
-11.4660928456109, 4.38077122990276, -0.33043355833266
-11.4660928458928, 4.27112186611607, -0.639408131588521
-11.4660928458928, 4.13571767263272, -0.941443067535182
-11.4660928458928, 3.99673759293982, -1.24184779171926
-11.4660928458928, 3.85288318731824, -1.53994652694017
-11.4660928458928, 3.70181530299099, -1.83444599883117
-11.4660928458928, 3.53784960883284, -2.12192380224491
-11.4660928458928, 3.35365139362473, -2.39681275365062
-11.4660928458928, 3.13808661967325, -2.64752933807989
-11.4660928458928, 2.88214871220615, -2.8567538804614
-11.4660928458928, 2.59528901014073, -3.02115865828706
-11.4660928458928, 2.2875266419629, -3.14253080658634
-11.4660928458928, 1.97015278073529, -3.23625556475906
-11.4660928458928, 1.64752708989867, -3.3100675264348
-11.4660928458928, 1.32163997013766, -3.36781552839686
-11.4660928458928, 0.993329983576675, -3.4097141425312
-11.4660928458928, 0.663726394726679, -3.43994089559344
-11.4660928458928, 0.333364129663804, -3.46022991496543
-11.4660928458928, 0.00246727263626332, -3.46633663326151
-9.81807954190589, 4.25754254636864, -0.000444727569388057
-9.81807958173179, 4.21735262308008, -0.312710266844719
-9.81807958219382, 4.09121141374081, -0.595314489064597
-9.81807958219382, 3.92844293722666, -0.864815884566249
-9.81807958219382, 3.7633720383365, -1.13291266876952
-9.81807958219382, 3.59540384266095, -1.39920311211939
-9.81807958219382, 3.4243357413764, -1.66351297247154
-9.81807958219382, 3.25023442367351, -1.92583368935451
-9.81807958219382, 3.06979678024547, -2.18381853907582
-9.81807958219382, 2.87663950673634, -2.43236838661119
-9.81807958219382, 2.65969905720583, -2.6602185418781
-9.81807958219382, 2.41373139461977, -2.85640057983758
-9.81807958219382, 2.14314607477044, -3.016745301911
-9.81807958219382, 1.85439897515742, -3.14195089412223
-9.81807958219382, 1.5561402002094, -3.24255092594516
-9.81807958219382, 1.25170924176536, -3.3226270374734
-9.81807958219382, 0.942475671490672, -3.38144175473159
-9.81807958219382, 0.630355736659616, -3.42257240114929
-9.81807958219382, 0.317077129012188, -3.45379340905141
-9.81807958219382, 0.00265822026411102, -3.46613226040138
-9.17287423907367, 4.17796623220133, -0.000415502914632092
-9.17287427615891, 4.13121745235273, -0.304748274888044
-9.17287427671423, 4.00114020199528, -0.577014451955558
-9.17287427671423, 3.83032262144375, -0.83318853043612
-9.17287427671423, 3.6578706697033, -1.08826485146044
-9.17287427671423, 3.48312289537559, -1.34177291698406
-9.17287427671423, 3.30596001460627, -1.59359995886619
-9.17287427671423, 3.12736596135626, -1.84441484446711
-9.17287427671423, 2.9464606225235, -2.09356289688591
-9.17287427671423, 2.75823007394028, -2.33719944702114
-9.17287427671423, 2.55409036525173, -2.5675362332863
-9.17287427671423, 2.3247389626593, -2.77269496345858
-9.17287427671423, 2.07270800095211, -2.94917533861749
-9.17287427671423, 1.79933625170375, -3.09050036563489
-9.17287427671423, 1.51363051448138, -3.20503298602626
-9.17287427671423, 1.21982371903426, -3.29690401212905
-9.17287427671424, 0.919843818911151, -3.36592665343291
-9.17287427671423, 0.615717891720887, -3.41375436792984
-9.17287427671423, 0.309945015965811, -3.44980978839232
-9.17287427671423, 0.00273297720039871, -3.46605224742057
-8.5176689362825, 4.08264342534403, -0.000385825230261023
-8.51766897056852, 4.02862955428049, -0.295926128284405
-8.51766897123465, 3.89624000561781, -0.558028867795319
-8.51766897123465, 3.71898866792438, -0.800606023223424
-8.51766897123465, 3.54050887793992, -1.04228048765259
-8.51766897123465, 3.36034104080531, -1.28269853920504
-8.51766897123465, 3.17816104438325, -1.52159596079817
-8.51766897123464, 2.99517587147726, -1.75987784841928
-8.51766897123465, 2.81254970042476, -1.99843492189116
-8.51766897123465, 2.62737027220249, -2.23500805121814
-8.51766897123465, 2.43346075319099, -2.46443040944219
-8.51766897123465, 2.22085579074485, -2.6765189198732
-8.51766897123465, 1.98847528182489, -2.86674274202273
-8.51766897123465, 1.73471973418256, -3.02718939467909
-8.51766897123465, 1.46464569536931, -3.15851526885916
-8.51766897123465, 1.18360071228485, -3.26445115294579
-8.51766897123465, 0.894565873460075, -3.3460577209972
-8.51766897123465, 0.599665474290458, -3.40312377114231
-8.51766897123465, 0.302162710877743, -3.44489225206433
-8.51766897123465, 0.00280889279015174, -3.46597099432315
-7.86246363349134, 3.97108007819867, -0.000356147458194043
-7.86246366496632, 3.91010832356823, -0.286525385358958
-7.86246366575506, 3.7771926999767, -0.539002190655247
-7.86246366575506, 3.59509637216162, -0.7680253411929
-7.86246366575506, 3.41204645288956, -0.996286834118751
-7.86246366575506, 3.22767872670082, -1.22348492920639
-7.86246366575506, 3.04160098143562, -1.44928472266272
-7.86246366575506, 2.85492967361546, -1.67459465992814
-7.86246366575505, 2.66954671658605, -1.90096440383128
-7.86246366575506, 2.48520564262782, -2.12818468039358
-7.86246366575506, 2.29806784848903, -2.35309803557449
-7.86246366575506, 2.1010389293162, -2.56933352255382
-7.86246366575506, 1.88878567368252, -2.7706277961365
-7.86246366575506, 1.65840558127278, -2.95070741128897
-7.86246366575506, 1.40814662496375, -3.10198777864116
-7.86246366575506, 1.1426946721282, -3.2247560846713
-7.86246366575506, 0.866483787589427, -3.32092598169279
-7.86246366575505, 0.582251318963987, -3.38996735958382
-7.86246366575505, 0.293828778417302, -3.43902278622669
-7.86246366575506, 0.00288480837990388, -3.46588974122574
-7.20725833070019, 3.84144838126445, -0.000326469588561331
-7.2072583593632, 3.77472912015169, -0.276876149375395
-7.20725836027547, 3.64326381572334, -0.520570577928042
-7.20725836027547, 3.45796522281632, -0.736431251261078
-7.20725836027547, 3.27168544145352, -0.95144561555613
-7.20725836027547, 3.08418797540347, -1.16539875088789
-7.20725836027547, 2.89527152961631, -1.37809997127233
-7.20725836027547, 2.70585630868948, -1.59035779180159
-7.20725836027547, 2.51761930709208, -1.80365950979901
-7.20725836027547, 2.33218520860973, -2.01940159189334
-7.20725836027547, 2.14800920058604, -2.23622113677411
-7.20725836027547, 1.96263027160765, -2.45200968467325
-7.20725836027547, 1.77115552237832, -2.66238169815602
-7.20725836027547, 1.56691546741065, -2.86027924707564
-7.20725836027547, 1.34170822759569, -3.03379669446407
-7.20725836027547, 1.09604240793934, -3.17687750636118
-7.20725836027547, 0.835088658270445, -3.28977108526513
-7.20725836027547, 0.563212264046898, -3.37309322780269
-7.20725836027547, 0.284925989408651, -3.43187030085004
-7.20725836027547, 0.00296072396965646, -3.46580848812833
-6.55205302790907, 3.69168961234652, -0.000296791610246183
-6.55205305377632, 3.62128102648424, -0.267438055642999
-6.55205305479588, 3.49336905717877, -0.503455211055159
-6.55205305479588, 3.30659183862275, -0.707013333053257
-6.55205305479588, 3.11835062156201, -0.909218288853413
-6.55205305479588, 2.9286750090387, -1.11007853701877
-6.55205305479588, 2.73785069569314, -1.30984815608679
-6.55205305479588, 2.5467287802051, -1.50933333693948
-6.55205305479588, 2.35673571352896, -1.70989264735392
-6.55205305479588, 2.16949629758246, -1.91302156341773
-6.55205305479588, 1.98556617499235, -2.11915397199487
-6.55205305479588, 1.80545813166254, -2.32862574630404
-6.55205305479588, 1.63203261363346, -2.5436622917107
-6.55205305479588, 1.45592768925068, -2.75648272470142
-6.55205305479588, 1.26174399563422, -2.95274184523087
-6.55205305479588, 1.0418480782076, -3.11952834711505
-6.55205305479588, 0.799804473645687, -3.2522202928158
-6.55205305479588, 0.54216374975782, -3.35148391808717
-6.55205305479588, 0.275368825784506, -3.42279775083942
-6.55205305479588, 0.00303663955941038, -3.46572723503091
-5.89684772511797, 3.52118383787695, -0.000267113519901079
-5.89684774821666, 3.44897182444166, -0.258515511192238
-5.89684774931629, 3.32586251324661, -0.487799596394558
-5.89684774931629, 3.13876162420412, -0.679891850490169
-5.89684774931629, 2.94963651129622, -0.869991620481178
-5.89684774931629, 2.7588159721944, -1.05839028885315
-5.89684774931629, 2.56695388427582, -1.24572882623486
-5.89684774931629, 2.37502872348428, -1.43300280056529
-5.89684774931629, 2.18423542625199, -1.62142858560493
-5.89684774931629, 1.99597228324052, -1.81237892481113
-5.89684774931629, 1.81163489625589, -2.007119168145
-5.89684774931629, 1.6323544188664, -2.20650908200403
-5.89684774931629, 1.46804922289137, -2.41825911406414
-5.89684774931629, 1.32043703498237, -2.64212207309584
-5.89684774931629, 1.16310206796702, -2.8591333565475
-5.89684774931629, 0.977249074711856, -3.0519421111213
-5.89684774931629, 0.759778924249508, -3.20821439067692
-5.89684774931629, 0.518917679270675, -3.32551654122307
-5.89684774931629, 0.265052415421852, -3.4114277815698
-5.89684774931629, 0.00311255514916341, -3.4656459819335
-5.24164242232691, 3.33132935423629, -0.000237435325076558
-5.24164244268471, 3.25738343950352, -0.250093463682582
-5.24164244383671, 3.13869614070407, -0.473348085588084
-5.2416424438367, 2.95155793070405, -0.654661119704784
-5.2416424438367, 2.76212133396708, -0.833572150183403
-5.2416424438367, 2.57086064042393, -1.01053284860559
-5.24164244383671, 2.37849017841247, -1.18628752187606
-5.2416424438367, 2.18609923527087, -1.36201976646866
-5.24164244383671, 1.99484081170814, -1.53898260160619
-5.24164244383671, 1.8060590392395, -1.71858117340528
-5.2416424438367, 1.62157925978451, -1.90258814342402
-5.2416424438367, 1.44309806084917, -2.0924121228942
-5.2416424438367, 1.27956396490067, -2.29501568111856
-5.2416424438367, 1.15494212500252, -2.52355316737189
-5.2416424438367, 1.0395051286658, -2.75713054706409
-5.2416424438367, 0.898816986521275, -2.97601392078785
-5.2416424438367, 0.714190703933204, -3.15909464185557
-5.2416424438367, 0.494209697021849, -3.29794637006698
-5.2416424438367, 0.254452031183675, -3.3994343544278
-5.2416424438367, 0.003188470738916, -3.46556472883608
-4.58643711953589, 3.12335419951113, -0.00020775703240379
-4.58643713835712, 3.04558333593279, -0.242396316075385
-4.58643713835712, 2.92862332117073, -0.460260262345114
-4.58643713835712, 2.74050524009024, -0.631476114215016
-4.58643713835712, 2.55006785004257, -0.80010976070771
-4.58643713835712, 2.35795033751681, -0.966828138666054
-4.58643713835712, 2.16489436822452, -1.13245973395064
-4.58643713835712, 1.97165038718735, -1.29787209347293
-4.58643713835711, 1.77922348476716, -1.46423315717203
-4.58643713835712, 1.58888842011863, -1.63297981603318
-4.58643713835712, 1.40290088769488, -1.80649310621905
-4.58643713835712, 1.22488721753742, -1.98814813236875
-4.58643713835712, 1.06297725951391, -2.18409427982779
-4.58643713835712, 0.956901647053391, -2.41384306811724
-4.58643713835712, 0.891609145745452, -2.65967993029695
-4.58643713835712, 0.807431105319868, -2.8993639144918
-4.58643713835712, 0.6645391744412, -3.10869061407717
-4.58643713835712, 0.470053305327222, -3.2715594476178
-4.58643713835712, 0.245052658554434, -3.38944370932564
-4.58643713835711, 0.00326438632866858, -3.46548347573867
-3.93123181674488, 2.89727277813574, -0.000178078641960549
-3.9312318317243, 2.81015660978662, -0.235839854348321
-3.93123183287753, 2.68887143870072, -0.449093302822303
-3.93123183287753, 2.49715586609998, -0.611492946633434
-3.93123183287753, 2.30362960353364, -0.771731891663105
-3.93123183287753, 2.10886814578991, -0.930468105024113
-3.93123183287753, 1.91340961611695, -1.08834567088406
-3.93123183287753, 1.7177857345756, -1.24601841850171
-3.93123183287753, 1.52263928785347, -1.40428116216123
-3.93123183287753, 1.32891204500255, -1.56427579400117
-3.93123183287753, 1.13836731584758, -1.7280376458015
-3.93123183287753, 0.954972041862949, -1.8997216351779
-3.93123183287753, 0.794762906254312, -2.09253386936818
-3.93123183287753, 0.73226652953223, -2.33125239687551
-3.93123183287753, 0.742334335849782, -2.58228063316088
-3.93123183287753, 0.719802133425634, -2.83197617360797
-3.93123183287753, 0.618729775514558, -3.06045271394666
-3.93123183287753, 0.449892853597474, -3.24526269065372
-3.93123183287753, 0.238300392573188, -3.3797340450533
-3.93123183287753, 0.00334030191842161, -3.46540222264126
-2.93317021829082, 2.50019913767103, -0.000265739676701981
-2.9685657277091, 2.40360495082034, -0.224942460578632
-3.01153423235894, 2.28634409386265, -0.434519884080342
-3.07609044372393, 2.11017048185801, -0.595341031140042
-3.14070660198423, 1.93383327504425, -0.755958713016699
-3.20530634038925, 1.75754087794211, -0.916632166000465
-3.26981320788253, 1.58150192514261, -1.07762042041755
-3.33415032765074, 1.4059262131254, -1.23918134723069
-3.39817066311307, 1.23121500406174, -1.40180095740629
-3.46152326195934, 1.05832604523598, -1.56661187619843
-3.52345265164601, 0.889321017839646, -1.73591424010927
-3.58193416353053, 0.729725233540321, -1.91518820682055
-3.62591987749512, 0.609688416913464, -2.12448322353866
-3.61671366722564, 0.634812123552287, -2.36649380957508
-3.59950320441908, 0.681779399555518, -2.60814995522111
-3.60317121610837, 0.671769412065336, -2.85386824597996
-3.6384411469062, 0.575517928708043, -3.07720712288304
-3.69643774836426, 0.41724546279316, -3.25660125343828
-3.76879826929016, 0.219773924911557, -3.38529641915857
-3.84933136375495, 0.00167489566108532, -3.46539206605221
-2.27076612838448, 2.18414218132499, -0.000205729793531532
-2.34095494758637, 2.08336721670998, -0.220459672573673
-2.4206120743416, 1.96899794506, -0.428354993686033
-2.53122706098579, 1.81018032294136, -0.590034396229411
-2.64157475157836, 1.65174647633641, -0.752272044097147
-2.75161636374142, 1.49375208779976, -0.915144844787739
-2.86129058265278, 1.33628519128194, -1.07877440304983
-2.97050125887106, 1.17948383521663, -1.243350153724
-3.07902050413282, 1.02367521461786, -1.40931917521697
-3.18620257142466, 0.869786473340836, -1.57792325906168
-3.29041745769793, 0.720157920018998, -1.75210240304741
-3.38713010061269, 0.581300858760758, -1.93891255752966
-3.44168456287869, 0.502973226711083, -2.16543857598722
-3.38493295017686, 0.584455460304746, -2.39639900856895
-3.34239323998203, 0.64553267799218, -2.636435536394
-3.35156847273061, 0.632359158817944, -2.88578426937266
-3.4208637742381, 0.532867079640523, -3.10535626945106
-3.52672400121887, 0.380876196342718, -3.27510157369547
-3.65376122506119, 0.198480027222446, -3.39318694998047
-3.79200089991031, 0.00167821696809242, -3.46538495640628
-1.80749603720911, 1.92717420402454, -0.000163759882011099
-1.90905782806531, 1.82561241316834, -0.217787617843526
-2.01991848059641, 1.71475176063724, -0.424671003489723
-2.16331675586208, 1.57135348537157, -0.588587267600937
-2.3061838232818, 1.42848641795185, -0.753428694300501
-2.44851319172103, 1.28615704951262, -0.919197761094943
-2.59026085534958, 1.14440938588407, -1.08596062785093
-2.73133827030759, 1.00333197092606, -1.25385612991552
-2.87146062929079, 0.863209611942861, -1.42334235497182
-3.00968862096926, 0.724981620264395, -1.59590585503884
-3.14333749532892, 0.591332745904727, -1.77549541838864
-3.26487035607512, 0.469799885158533, -1.9712877507592
-3.28836876178067, 0.446301479452984, -2.20932463410438
-3.18215615782912, 0.552514083404537, -2.42232377901311
-3.11706834913909, 0.617601892094565, -2.6646144828982
-3.14009213246186, 0.594578108771792, -2.91968619268556
-3.24255790152049, 0.492112339713159, -3.13480588779754
-3.3881511004606, 0.346519140773052, -3.29338036301565
-3.5559115220044, 0.178758719229256, -3.40058801474565
-3.73467043606567, 0.00168153827509952, -3.46537784676036
-1.4244072706268, 1.6826680227608, -0.000129053644520065
-1.55733619834818, 1.58338619547858, -0.21592859330489
-1.69856111171661, 1.47790827056536, -0.422417301762793
-1.87024918481347, 1.3496780507644, -0.590288756668314
-2.04124037860847, 1.22196831549355, -0.759264689952435
-2.21155310298342, 1.09476531479834, -0.929304722859303
-2.38116304390749, 0.968087208318269, -1.10043545752117
-2.54999541574048, 0.841989851879027, -1.2727597090728
-2.71766298906518, 0.716762459008288, -1.44684474084857
-2.88280721638282, 0.593419700330726, -1.62463829843537
-3.04107079261974, 0.47521595559013, -1.81185239045239
-3.1794936457281, 0.371830830698274, -2.02146772589722
-3.12272195640164, 0.414232414393009, -2.25347929418259
-2.97168107433922, 0.527041680385921, -2.44917090581828
-2.88877773663022, 0.588960444018741, -2.69772360037203
-2.93738939585881, 0.552653415607659, -2.95858376918028
-3.07621909938917, 0.448964422671281, -3.16666171128616
-3.25996095546457, 0.311731485250568, -3.31196142909778
-3.46381085452455, 0.159480272388982, -3.40782747934402
-3.67733997222103, 0.00168485958210662, -3.46537073711443
-1.09098265814454, 1.43821509821119, -9.88464295976859E-05
-1.25604042561065, 1.34434951051082, -0.215284683415295
-1.42818026124573, 1.24645646926481, -0.422379787315504
-1.62658147204356, 1.13362902383223, -0.596361825563605
-1.82424118382066, 1.0212232564729, -0.77145735359547
-2.02119636081006, 0.909218146246634, -0.947600435500073
-2.21743279671367, 0.797621772037207, -1.12480188094223
-2.41289124245496, 0.686467827802042, -1.30313752646567
-2.60695283077176, 0.576108252987329, -1.4834778288162
-2.79747698302363, 0.467760358811972, -1.66872302312568
-2.9771418637116, 0.365587950486152, -1.86767851046768
-3.10696767632465, 0.291758185388271, -2.10539659986867
-2.92521963701347, 0.395115251130961, -2.29415694954267
-2.73536063486911, 0.503084885581199, -2.4784227692065
-2.64684651835962, 0.553421381060877, -2.74011031267363
-2.73386516344009, 0.50393533513428, -3.00453726034958
-2.91375707030455, 0.401633820824496, -3.20119037324706
-3.13563184062939, 0.2754573552625, -3.3311615422201
-3.37396145106299, 0.139923297743236, -3.41517708527625
-3.62000950837639, 0.00168818088911372, -3.4653636274685
-0.795364288696334, 1.1891732487942, -7.20639917696962E-05
-0.993893794470018, 1.10386094610632, -0.216604091402549
-1.19847604389506, 1.01594765221331, -0.425925720692431
-1.42395451024875, 0.919054814565833, -0.608549715336026
-1.64877407743664, 0.822445119743164, -0.79213352879907
-1.87294037638735, 0.726116148016893, -0.976661278403657
-2.09645909815385, 0.630065453821901, -1.16211730832306
-2.31929970131878, 0.534306161447363, -1.34853726896254
-2.54027078384436, 0.439350241397974, -1.53756964128243
-2.75531252855899, 0.346942282469509, -1.73447093442145
-2.95203855437117, 0.26240497303902, -1.95261905759321
-2.93064992982749, 0.271596114698475, -2.18905097294316
-2.68052356422309, 0.379080672872848, -2.32831511736455
-2.45716387762634, 0.475063026311705, -2.51087390416104
-2.38786962528085, 0.504840223447166, -2.79557298708115
-2.52408320265561, 0.44630638537656, -3.05885241506817
-2.75007335608872, 0.349193665032899, -3.23823745137873
-3.01092306518155, 0.237101060704652, -3.35104223929298
-3.28400872465825, 0.119750411237197, -3.42273637338929
-3.56267904453175, 0.00169150219612082, -3.46535651782257
-0.532892924772836, 0.933772313455725, -4.82842366368597E-05
-0.766695582507485, 0.860325141050137, -0.21978195278896
-1.00557084481654, 0.785284451845674, -0.433160239186072
-1.25938437434248, 0.705551029468931, -0.626973579984248
-1.51272744444963, 0.625965398029964, -0.821461935218048
-1.76559680940085, 0.54652857715027, -1.01662642886397
-2.01798914304166, 0.467241611713788, -1.21246817728157
-2.26970791156605, 0.3881662411912, -1.40925878624646
-2.51844531461741, 0.31002744198916, -1.61015737555607
-2.75542254181762, 0.235583004825723, -1.82591437189997
-2.94451776492193, 0.176180303475005, -2.08283767416899
-2.6789068445253, 0.259619778681138, -2.23950281638104
-2.38412205384995, 0.352223984095476, -2.35253140195291
-2.13224107214889, 0.431350312546722, -2.54290176560303
-2.11057447871319, 0.438156693786921, -2.85733302947938
-2.29993033512889, 0.378672116635724, -3.11525068769376
-2.57370412465431, 0.29266834356388, -3.27394774487691
-2.87390985313388, 0.198361195345708, -3.3695186341529
-3.18263855781495, 0.101376624601452, -3.42920180004635
-3.49455421929336, 0.00339089772143169, -3.46534806952562
-0.305892750015994, 0.67118807143059, -2.7717700577099E-05
-0.576970172876284, 0.613283334091975, -0.22478231806502
-0.85185105382302, 0.554566141628363, -0.444518720187959
-1.13574547443064, 0.49392357064725, -0.65207024361031
-1.41940334968304, 0.433331528022642, -0.859959670105859
-1.70280789186763, 0.372793599770953, -1.06821004463032
-1.98597239788105, 0.312306945547535, -1.27680157609536
-2.26801911941592, 0.252059060809042, -1.48696623599588
-2.54398584617396, 0.193109921266141, -1.70533396756943
-2.79555082326803, 0.13937322948073, -1.95221253188194
-2.70396302929815, 0.158937260661529, -2.17410593924961
-2.36618060892353, 0.231090825215204, -2.26328315775503
-2.03172657828079, 0.302533413800643, -2.36384665741336
-1.77575201494932, 0.357212035497274, -2.5894936139786
-1.82888100600998, 0.345863173463793, -2.93193381713751
-2.07599068543739, 0.293078175989296, -3.17832546301809
-2.39779829961088, 0.224336983249368, -3.31403302875293
-2.73834598377228, 0.151592731830089, -3.39108772418918
-3.08428560386141, 0.0776967111844024, -3.43777106605539
-3.4321097726191, 0.00339813286888434, -3.46534041792446
-0.125507667470433, 0.402307851766112, -1.13739072937767E-05
-0.430393509008654, 0.364742395683291, -0.228698647775858
-0.737235442572834, 0.326935926476592, -0.454683616757479
-1.04800716754789, 0.288645261592211, -0.675181575610484
-1.35873815614738, 0.250359615899665, -0.895737847294559
-1.66940874315405, 0.212081412380792, -1.11638042011887
-1.98003559811509, 0.173808597154897, -1.33708540381004
-2.28842416010616, 0.135811565467653, -1.56094144353868
-2.58340425932914, 0.099466611216054, -1.80211735609734
-2.79600323052536, 0.0732719631621088, -2.09539195191434
-2.43159719803769, 0.11817099402778, -2.19725739232967
-2.05615876868288, 0.164429343574534, -2.2569427935359
-1.68822908397636, 0.20976252907989, -2.34989120110775
-1.4681972683058, 0.23687298939741, -2.63193694861911
-1.58019021413904, 0.223074165329167, -2.99149426653453
-1.86978316899434, 0.187392969467052, -3.23283354092036
-2.22968203765192, 0.143049273227821, -3.35321068549252
-2.60482261805456, 0.0968276221111216, -3.4137577991242
-2.98342841891307, 0.0501790158226865, -3.44723199416887
-3.36304284440989, 0.00340613533248567, -3.46533416122624
-0.0156596722928422, 0.132025898597777, -1.41997730983489E-06
-0.337598174931742, 0.11921453697765, -0.226522994473067
-0.659807879889147, 0.10639238301381, -0.452657421988397
-0.98256208432114, 0.0935485609996632, -0.678013370346804
-1.3053253359305, 0.0807043789581825, -0.903356341153723
-1.62809229397165, 0.0678600494213333, -1.12869399382898
-1.95087443485859, 0.0550151156916763, -1.35400963538443
-2.27069069890988, 0.0422882073623703, -1.58350119599033
-2.57145315767148, 0.0303195344966846, -1.83689712982018
-2.67006575135007, 0.0263953018014353, -2.11615969127735
-2.28226693833925, 0.0418275374259842, -2.18188874280579
-1.89108163796061, 0.0573945364104154, -2.22487221742996
-1.50691365209655, 0.0726822853110217, -2.30550825501129
-1.30093245073257, 0.0808791913536092, -2.60662147048509
-1.41625669245096, 0.0762899280250208, -2.97867596450625
-1.70247105991912, 0.0649001882689665, -3.24231572526474
-2.0722539094842, 0.050184887775651, -3.3733904042583
-2.46126023151887, 0.0347046000088561, -3.4311751371672
-2.8540270168422, 0.0190746667206644, -3.45519131834731
-3.24742711291428, 0.00341953118730353, -3.46517877933633
