-43.4882124740174, 3.00566656491139, -0.0126854857315435
-43.4882124740174, 2.99627775034489, -0.305958804167175
-43.4882124740174, 2.98688301645627, -0.599231931838863
-43.4882124740174, 2.9768028462144, -0.892482044461047
-43.4882124740174, 2.9648943835611, -1.1856630819621
-43.4882124740174, 2.949960389848, -1.4787042842679
-43.4882124740174, 2.93017701432864, -1.77145505216692
-43.4882124740174, 2.90231805702124, -2.06353673400076
-43.4882124740174, 2.85939968504392, -2.3537463785009
-43.4882124740174, 2.78702657982498, -2.63776366941734
-43.4882124740175, 2.61303760510226, -2.86759389380921
-43.4882124740174, 2.33333153578903, -2.94954897194049
-43.4882124740174, 2.04294738257376, -2.99161413266293
-43.4882124740174, 1.75202768798283, -3.02986145521044
-43.4882124740174, 1.46085465581656, -3.06612790054638
-43.4882124740174, 1.16945723529235, -3.10054738579262
-43.4882124740174, 0.877823128246188, -3.13289558528201
-43.4882124740174, 0.585852831205934, -3.16203429188294
-43.4882124740174, 0.293248559943899, -3.18374421010797
-43.4882124740174, 1.7699296623559E-07, -3.19159958706293
-42.6397681085914, 3.0203185890842, -0.0124379953469723
-42.6397681085914, 3.01289347305915, -0.309738407024637
-42.6397681085914, 3.00531608623051, -0.607034761966025
-42.6397681085914, 2.99627230573861, -0.904290085261713
-42.6397681085914, 2.98535448253221, -1.2014818947245
-42.6397681085914, 2.97118119790953, -1.49853457903216
-42.6397681085914, 2.95158130519647, -1.79527495332961
-42.6397681085914, 2.92357479516082, -2.09133036307883
-42.6397681085914, 2.88122321023982, -2.38564294988988
-42.6397681085914, 2.81121471178857, -2.67438289023355
-42.6397681085914, 2.64423081435859, -2.91484457687533
-42.6397681085914, 2.36592115504674, -3.01157383662806
-42.6397681085914, 2.07191929908598, -3.05626251891773
-42.6397681085914, 1.77702668688071, -3.0947239883181
-42.6397681085914, 1.48165787506731, -3.12935200938427
-42.6397681085914, 1.18598374603931, -3.16127336896464
-42.6397681085914, 0.890026070373279, -3.1904440646916
-42.6397681085914, 0.593764130144211, -3.216336732099
-42.6397681085914, 0.297125357445064, -3.23743671399564
-42.6397681085914, 7.07978747795927E-06, -3.2474966605315
-41.7695687594365, 3.03505955956581, -0.0121841590538028
-41.7695687594365, 3.02937771329353, -0.314085265452794
-41.7695687594365, 3.0231237105159, -0.615972631215066
-41.7695687594365, 3.01375468619982, -0.917781628323236
-41.7695687594365, 3.00273755650925, -1.21953451625204
-41.7695687594365, 2.98880855216332, -1.52116561495507
-41.7695687594365, 2.96993857297739, -1.82252489166694
-41.7695687594365, 2.94307379506113, -2.12326703192098
-41.7695687594365, 2.90202098641795, -2.4223697901003
-41.7695687594365, 2.83347490926894, -2.71615949829824
-41.7695687594365, 2.67356091728998, -2.9678430614801
-41.7695687594365, 2.39969131743584, -3.08677285585588
-41.7695687594365, 2.10260611345509, -3.14055777853008
-41.7695687594365, 1.80380860980357, -3.18406034746019
-41.7695687594365, 1.50422161187601, -3.22177405149427
-41.7695687594365, 1.20413752116554, -3.25531250393049
-41.7695687594365, 0.903618134921119, -3.28468993226545
-41.7695687594364, 0.60274436366322, -3.31019667030793
-41.7695687594364, 0.301590340973033, -3.3321434299403
-41.7695687594365, 1.41596974852282E-05, -3.34411319975893
-40.8993694102815, 3.04950386868729, -0.0119303227592871
-40.8993694102815, 3.04483206047447, -0.324257005012773
-40.8993694102815, 3.03886762618625, -0.636553341092589
-40.8993694102815, 3.02838845805636, -0.948739012284202
-40.8993694102815, 3.01651878832358, -1.26087458186325
-40.8993694102815, 3.00218771347538, -1.57290587635317
-40.8993694102815, 2.98357169879431, -1.88470795266449
-40.8993694102815, 2.95684711011321, -2.19590735961622
-40.8993694102815, 2.91415766412414, -2.50527806729671
-40.8993694102815, 2.83776698827644, -2.80768099228998
-40.8993694102815, 2.6606504602759, -3.06057344547777
-40.8993694102815, 2.3766243102359, -3.18433007249317
-40.8993694102815, 2.07096552948848, -3.24840541143849
-40.8993694102815, 1.76279423902862, -3.29933185114625
-40.8993694102815, 1.45347812774881, -3.34280583510961
-40.8993694102815, 1.14337239793078, -3.38023685151571
-40.8993694102815, 0.832596721982305, -3.41163118820603
-40.8993694102815, 0.521383256538251, -3.43836441538957
-40.8993694102815, 0.209885906049575, -3.46156731701356
-40.8993694102815, 0.102289299099254, -3.46814310569308
-40.0291700611266, 3.06366406628359, -0.0116764864634821
-40.0291700611266, 3.05904372448114, -0.330884489113789
-40.0291700611266, 3.05273886155375, -0.650052285884163
-40.0291700611266, 3.04174196870064, -0.969104178004923
-40.0291700611266, 3.02955401851478, -1.28811254921603
-40.0291700611266, 3.01539497245861, -1.60703910659474
-40.0291700611266, 2.9978065915639, -1.92579233046834
-40.0291700611266, 2.97248084595126, -2.24401085316645
-40.0291700611266, 2.93082773872612, -2.5604607050566
-40.0291700611266, 2.85343384124168, -2.86966039822163
-40.0291700611266, 2.67770786516245, -3.13252266528853
-40.0291700611266, 2.39570295889144, -3.27675786967619
-40.0291700611266, 2.08624371823053, -3.35472234145425
-40.0291700611266, 1.77281410839871, -3.41526888165863
-40.0291700611266, 1.45769577933833, -3.46635751605382
-40.0291700611266, 1.14141206847582, -3.5096525316877
-40.0291700611266, 0.824158702664894, -3.54516101137473
-40.0291700611266, 0.506267237807528, -3.5744502271588
-40.0291700611266, 0.188009156590472, -3.59946837895176
-40.0291700611266, 0.131021226614595, -3.60358786968523
-39.1589707119717, 3.07754934048274, -0.0114226501664297
-39.1589707119717, 3.0720414167852, -0.336034265252984
-39.1589707119717, 3.06497285769614, -0.660607273320579
-39.1589707119717, 3.0540572078452, -0.98508199194397
-39.1589707119717, 3.04212940456086, -1.3095209267512
-39.1589707119717, 3.02860120466802, -1.63389681789834
-39.1589707119717, 3.01214045354429, -1.95813499116625
-39.1589707119717, 2.98853906533185, -2.28191967388776
-39.1589707119717, 2.94937357629137, -2.60414896221108
-39.1589707119717, 2.87472682895109, -2.91962365524897
-39.1589707119717, 2.70649120572595, -3.1942737480646
-39.1589707119717, 2.43212423813948, -3.36314916017782
-39.1589707119717, 2.12172158969543, -3.45759131962405
-39.1589707119717, 1.80500289850118, -3.52882163892505
-39.1589707119717, 1.48585408035897, -3.58831140109905
-39.1589707119717, 1.16512634532475, -3.63860736213876
-39.1589707119717, 0.843060498209951, -3.67946135775974
-39.1589707119717, 0.520028804086205, -3.71185141565283
-39.1589707119717, 0.196460281232537, -3.73839811803855
-39.1589707119717, 0.127967147493661, -3.74350013017841
-38.2887713628167, 3.09115535962157, -0.01116881386811
-38.2887713628167, 3.08423577732801, -0.341226961331263
-38.2887713628167, 3.0762101361405, -0.671256423066504
-38.2887713628167, 3.06568402172309, -1.00121919200589
-38.2887713628167, 3.05427890984733, -1.33115263692015
-38.2887713628168, 3.04149433506254, -1.66103532409261
-38.2887713628168, 3.02607270580508, -1.9908035062001
-38.2887713628168, 3.00418647835838, -2.32019609606926
-38.2887713628168, 2.96789165767111, -2.64827300522431
-38.2887713628168, 2.89626456874463, -2.97007955529754
-38.2887713628168, 2.73462099714717, -3.25533952123086
-38.2887713628167, 2.46852874253541, -3.44684510844739
-38.2887713628167, 2.15842510142515, -3.55910269909661
-38.2887713628168, 1.83873960357478, -3.6412986993327
-38.2887713628167, 1.51568262464704, -3.70919304408761
-38.2887713628167, 1.19060178549671, -3.76663683164438
-38.2887713628167, 0.863779953248029, -3.81314041189657
-38.2887713628167, 0.535591158485619, -3.84877764793801
-38.2887713628168, 0.206601264317512, -3.87613173518191
-38.2887713628168, 0.123313840630925, -3.88230623286088
-37.4185720136618, 3.10447531587619, -0.0109149775684923
-37.4185720136618, 3.09607316368153, -0.346489865434005
-37.4185720136618, 3.08710285013433, -0.68204920754555
-37.4185720136618, 3.07694478490202, -1.01757550990981
-37.4185720136618, 3.066115702998, -1.35308074476211
-37.4185720136618, 3.05412270628987, -1.68854623182435
-37.4185720136618, 3.03973252316636, -2.02391606694801
-37.4185720136618, 3.01968967635119, -2.35898861635477
-37.4185720136618, 2.9864907554891, -2.69297436647822
-37.4185720136618, 2.91758340745281, -3.02105989880764
-37.4185720136618, 2.76160171878131, -3.31603069618531
-37.4185720136618, 2.50358013587235, -3.52757277982161
-37.4185720136618, 2.19495474507464, -3.65837839811113
-37.4185720136618, 1.87249798085185, -3.75138291227362
-37.4185720136618, 1.545500375507, -3.82714480429861
-37.4185720136618, 1.21600737801807, -3.89121015476488
-37.4185720136618, 0.884372829864231, -3.94302855250705
-37.4185720136618, 0.550962970847247, -3.98182038941205
-37.4185720136618, 0.216396849296636, -4.00899224524204
-37.4185720136618, 0.119124551973375, -4.01531911625174
-36.5483726645069, 3.11749702481568, -0.0106611412675211
-36.5483726645069, 3.10789375786939, -0.351701528160646
-36.5483726645069, 3.09810343685894, -0.692736515903673
-36.5483726645069, 3.08808398796818, -1.03376492847328
-36.5483726645069, 3.07774520268913, -1.37478376914251
-36.5483726645069, 3.06654649404512, -1.71577531002087
-36.5483726645069, 3.05323218458086, -2.05668980852184
-36.5483726645069, 3.03520752652656, -2.39738321514369
-36.5483726645069, 3.00512042827191, -2.73718263828802
-36.5483726645069, 2.93843606399986, -3.07134057523091
-36.5483726645069, 2.78761626012442, -3.37537831363098
-36.5483726645069, 2.5371223612225, -3.6043693026407
-36.5483726645069, 2.23107258546913, -3.75375044630799
-36.5483726645069, 1.90609844942902, -3.85721208706098
-36.5483726645069, 1.57514250491388, -3.93998736446655
-36.5483726645069, 1.24119048944588, -4.00972208330867
-36.5483726645069, 0.90472630293356, -4.0660757396815
-36.5483726645069, 0.566134902492114, -4.1077299443599
-36.5483726645069, 0.225975935659711, -4.13371501824104
-36.5483726645069, 0.115139183811983, -4.13933197840884
-35.678173315352, 3.13019950355262, -0.0104073049651012
-35.678173315352, 3.1197311958085, -0.356711786234349
-35.678173315352, 3.10928459093152, -0.703016895622629
-35.678173315352, 3.09923743310254, -1.04933391231441
-35.678173315352, 3.08926834572224, -1.39565317697362
-35.678173315352, 3.07877310538477, -1.74195657785685
-35.678173315352, 3.06648031109876, -2.08820037252032
-35.678173315352, 3.0504331712093, -2.43428761842707
-35.678173315352, 3.02308100421955, -2.77962149297495
-35.678173315352, 2.95815836970979, -3.11952256730109
-35.678173315352, 2.81221635456398, -3.4319939112325
-35.678173315352, 2.56843018202147, -3.67589283844876
-35.678173315352, 2.26561103426578, -3.84275158610312
-35.678173315352, 1.93854200755584, -3.95643509200599
-35.678173315352, 1.603752030226, -4.04548805549479
-35.678173315352, 1.26540703850224, -4.11992983366344
-35.678173315352, 0.924205117064569, -4.1799220096738
-35.678173315352, 0.580599499187929, -4.22399134759057
-35.678173315352, 0.235034826827878, -4.24829040640058
-35.678173315352, 0.111462922979956, -4.25299970187209
-34.797973966197, 3.14270274254195, -0.0101505516708567
-34.797973966197, 3.13170539519222, -0.36141542459726
-34.797973966197, 3.12081164347945, -0.712683475774068
-34.797973966197, 3.11065883710158, -1.06397373763607
-34.797973966197, 3.10090358703178, -1.41527534682823
-34.797973966197, 3.09093246581267, -1.76657073639278
-34.797973966197, 3.07949333678185, -2.11782093346776
-34.797973966197, 3.06507719570567, -2.46895992118123
-34.797973966197, 3.0397416529747, -2.81943315884845
-34.797973966197, 2.97627030050354, -3.16469058467763
-34.797973966197, 2.83513319901919, -3.48499498261598
-34.797973966197, 2.59723520729888, -3.74159088727023
-34.797973966197, 2.29769696498966, -3.92392321807574
-34.7979739661971, 1.96908756527065, -4.04772404829638
-34.7979739661971, 1.63073205004586, -4.14256572741595
-34.797973966197, 1.288155164524, -4.2208404435185
-34.797973966197, 0.942385472172069, -4.28354047821572
-34.797973966197, 0.594010210751446, -4.32943065176466
-34.797973966197, 0.2433657188475, -4.35202082368275
-34.797973966197, 0.108162804366813, -4.35605859213954
-32.6324742049861, 3.17177536154166, -0.00475943854180257
-32.6324755336847, 3.16092140010094, -0.366157566859525
-32.6324755933097, 3.15001565980447, -0.727554097589522
-32.6324755933097, 3.13961244787366, -1.088965486087
-32.6324755933097, 3.12954708640279, -1.4503864848737
-32.6324755933097, 3.11948916263244, -1.8118075883239
-32.6324755933097, 3.10857945480752, -2.17320381108442
-32.6324755933097, 3.09546209743859, -2.53452515196479
-32.6324755933097, 3.07118331569798, -2.89521858443568
-32.6324755933097, 3.01083876317279, -3.2514042450302
-32.6324755933097, 2.88122446747241, -3.58778045549681
-32.6324755933097, 2.65583263900021, -3.86843832323971
-32.6324755933097, 2.36150828700472, -4.0770444609309
-32.6324755933097, 2.03146988370126, -4.22368996367802
-32.6324755933097, 1.68629717048985, -4.3310050889993
-32.6324755933097, 1.33470984142133, -4.4151144915085
-32.6324755933097, 0.979136651829552, -4.48046093026537
-32.6324755933097, 0.620735702363551, -4.52766888214233
-32.6324755933097, 0.25982346758026, -4.5478267858151
-32.6324755933097, 0.101903428006252, -4.54923581180844
-30.4569759246535, 3.19765679593501, -0.004442143177447
-30.4569771702636, 3.18760169205879, -0.372188640950203
-30.4569772204224, 3.1774199287017, -0.739931653868305
-30.4569772204224, 3.1670236785214, -1.10766865482962
-30.4569772204224, 3.15615242323108, -1.47539189236466
-30.4569772204224, 3.14455536509676, -1.84309291464265
-30.4569772204224, 3.13178132592261, -2.21075473907576
-30.4569772204224, 3.11673737050178, -2.57832910903272
-30.4569772204224, 3.09028763671738, -2.94521003062082
-30.4569772204224, 3.0301224870844, -3.30789340041495
-30.4569772204224, 2.9059362544845, -3.65326222780413
-30.4569772204224, 2.69267868940994, -3.95108415230982
-30.4569772204224, 2.40196836210859, -4.17501280184872
-30.4569772204224, 2.07217366682446, -4.33703444181903
-30.4569772204224, 1.72262019998387, -4.45115584124146
-30.4569772204224, 1.3646673969374, -4.53574819794749
-30.4569772204224, 1.00237601983789, -4.5994435366387
-30.4569772204224, 0.637342194037544, -4.64462495018179
-30.4569772204224, 0.270025077996368, -4.66372536626172
-30.4569772204224, 0.098050946946805, -4.66579109303026
-28.2814776443187, 3.21819809630134, -0.0041248478009745
-28.2814787998817, 3.21008908095443, -0.370228301828881
-28.2814788475351, 3.20170037090047, -0.73632535753584
-28.2814788475351, 3.19177928414877, -1.10238381006747
-28.2814788475351, 3.17996696086096, -1.46838605747752
-28.2814788475351, 3.16623379990171, -1.83432137339858
-28.2814788475351, 3.15083858956499, -2.20019047541834
-28.2814788475351, 3.13312958546681, -2.56595390713579
-28.2814788475351, 3.10549705199034, -2.93106414004721
-28.2814788475351, 3.04822784022253, -3.29256292607833
-28.2814788475351, 2.93574751865468, -3.64036376219249
-28.2814788475351, 2.74671363708579, -3.95272722905679
-28.2814788475351, 2.4761049180701, -4.19761900506373
-28.2814788475351, 2.15638423630037, -4.37510198501336
-28.2814788475351, 1.81138369484661, -4.49700173944541
-28.2814788475351, 1.45563437676428, -4.58346528120178
-28.2814788475351, 1.09501298819104, -4.64685146688182
-28.2814788475351, 0.731703593639842, -4.69236787634032
-28.2814788475351, 0.366264085439913, -4.71485657026975
-28.2814788475351, 0.000123897929030764, -4.72014465106691
-26.1059793639884, 3.2346102272159, -0.00380755241513448
-26.1059804320631, 3.22905641299135, -0.371711508771027
-26.1059804746478, 3.2230142035803, -0.739607314000569
-26.1059804746478, 3.21323746720823, -1.10742063426762
-26.1059804746478, 3.19900188151417, -1.47508947070296
-26.1059804746478, 3.18245760110019, -1.84266313630967
-26.1059804746478, 3.16487637943429, -2.21018831839748
-26.1059804746478, 3.14405239898335, -2.5775412967651
-26.1059804746478, 3.11174301683576, -2.94402360198369
-26.1059804746478, 3.05069884052217, -3.30670233429782
-26.1059804746478, 2.93827410281178, -3.65646100572711
-26.1059804746478, 2.75138897789141, -3.97227624998751
-26.1059804746478, 2.48741258848073, -4.22688368147891
-26.1059804746478, 2.16850544727126, -4.40898756007851
-26.1059804746478, 1.82152498404805, -4.53053784593593
-26.1059804746478, 1.46384930682165, -4.61646767727005
-26.1059804746478, 1.10106232731522, -4.67754184663611
-26.1059804746478, 0.735475791539438, -4.71872272539795
-26.1059804746478, 0.368064371651433, -4.73750856186883
-26.1059804746478, 0.000141597024820137, -4.74072362002845
-23.9304821017931, 3.25376442607439, -0.0069805146650045
-23.9304821017616, 3.24496843828442, -0.375030889828326
-23.9304821017605, 3.23562885972633, -0.743067333514548
-23.9304821017605, 3.22296780452651, -1.11100313170037
-23.9304821017605, 3.20660245801057, -1.47879366415785
-23.9304821017605, 3.18845424808726, -1.84650152826947
-23.9304821017605, 3.16937891252807, -2.21416202116349
-23.9304821017605, 3.14677075732277, -2.58161888019453
-23.9304821017605, 3.11231806965846, -2.94811616333625
-23.9304821017605, 3.04965101841566, -3.31073925314954
-23.9304821017605, 2.93721754043945, -3.66075090832777
-23.9304821017605, 2.75041869000081, -3.97685955540081
-23.9304821017605, 2.48866286610592, -4.23412263401827
-23.9304821017605, 2.17026379819796, -4.41734761821084
-23.9304821017605, 1.82291855479315, -4.53852591104391
-23.9304821017605, 1.46505723171171, -4.62457419091752
-23.9304821017605, 1.10196679813626, -4.68507583613568
-23.9304821017605, 0.736005404908312, -4.72474823947468
-23.9304821017605, 0.368301957702292, -4.74184601555539
-23.9304821017605, 0.000159296068449934, -4.74433436061625
-21.7549828033231, 3.25204622558528, -0.0031729616085384
-21.7549836920126, 3.2456596967541, -0.368276067809614
-21.7549837288732, 3.23261727487255, -0.733138521597629
-21.7549837288732, 3.21158075000305, -1.0976908081439
-21.7549837288732, 3.18907166078059, -1.4621550782796
-21.7549837288732, 3.16500902172571, -1.82652013234578
-21.7549837288732, 3.13901073282793, -2.19075145008937
-21.7549837288731, 3.10884122657634, -2.55465790340847
-21.7549837288731, 3.06711873383947, -2.91738583612509
-21.7549837288732, 2.99911695920366, -3.27602686995516
-21.7549837288731, 2.88871710972142, -3.62369336348057
-21.7549837288732, 2.71142859456826, -3.94193987776266
-21.7549837288731, 2.45878092651556, -4.20397407614896
-21.7549837288731, 2.14661232668565, -4.39182151159879
-21.7549837288731, 1.80472893461193, -4.51932114866818
-21.7549837288732, 1.45145588445959, -4.61132544956276
-21.7549837288731, 1.09231188396512, -4.67698063733472
-21.7549837288731, 0.729890212539869, -4.72113366628656
-21.7549837288731, 0.365314847077104, -4.74057796238857
-21.7549837288731, 0.000176995098799707, -4.74362492984456
-19.5794845230026, 3.24184045757671, -0.00285566616230791
-19.579485319116, 3.23755613237315, -0.360998422629701
-19.5794853559858, 3.21859274211575, -0.718305873042453
-19.5794853559858, 3.18250932832774, -1.07465201678908
-19.5794853559858, 3.14596750067052, -1.43095137399921
-19.5794853559858, 3.10780409991222, -1.78708002113658
-19.5794853559858, 3.06637208657916, -2.14284211398352
-19.5794853559858, 3.02008764753025, -2.49800300928616
-19.5794853559858, 2.96375576740186, -2.8516852083313
-19.5794853559858, 2.88593166089875, -3.2012086846552
-19.5794853559858, 2.77677884413663, -3.54213084725474
-19.5794853559858, 2.61542080670076, -3.86123005271806
-19.5794853559858, 2.38445676439126, -4.13361610497415
-19.5794853559858, 2.09018469471415, -4.33615447424994
-19.5794853559858, 1.76184636668176, -4.47850794821542
-19.5794853559858, 1.41956351413082, -4.58357573289753
-19.5794853559858, 1.06971368604434, -4.65993642503122
-19.5794853559858, 0.71550210294621, -4.71256296182565
-19.5794853559858, 0.358306928004191, -4.73774301311798
-19.5794853559858, 0.000194694129149701, -4.74291549907288
-17.4039862426579, 3.21171901436543, -0.00253837067088381
-17.4039869450877, 3.20377926065296, -0.350588767074951
-17.4039869830985, 3.17651580340008, -0.696891199287691
-17.4039869830985, 3.12174140652063, -1.04069619064297
-17.4039869830985, 3.06612864837223, -1.38436636627666
-17.4039869830985, 3.00869931565339, -1.72773712586631
-17.4039869830985, 2.94811263543337, -2.07056378343002
-17.4039869830985, 2.88276335377534, -2.41251205632369
-17.4039869830985, 2.80919942920986, -2.7527755077628
-17.4039869830985, 2.72056965213757, -3.0894001873053
-17.4039869830985, 2.61049127232949, -3.41958582684121
-17.4039869830985, 2.46367636084324, -3.73488434681806
-17.4039869830985, 2.26186517564981, -4.01776691575104
-17.4039869830985, 2.00065271400572, -4.24654587379122
-17.4039869830985, 1.69653274596878, -4.4151596755292
-17.4039869830985, 1.37201342141474, -4.54072401031497
-17.4039869830985, 1.036593454708, -4.63349812796393
-17.4039869830985, 0.694366623487338, -4.69691635203396
-17.4039869830985, 0.348152233483872, -4.73252587351191
-17.4039869830985, 0.000212393159499474, -4.7422060683012
-15.2284879623252, 3.14830958841631, -0.00222107510393628
-15.2284885707301, 3.13413916687329, -0.338004202428384
-15.2284886102112, 3.09830629648141, -0.670885791575292
-15.2284886102112, 3.02265335482028, -0.998342068623806
-15.2284886102112, 2.94558475051697, -1.32546788503799
-15.2284886102112, 2.86660315078546, -1.65213686261606
-15.2284886102112, 2.78519127241756, -1.9782082449752
-15.2284886102112, 2.70048505583342, -2.30343830644445
-15.2284886102112, 2.61070608829617, -2.62730083717489
-15.2284886102112, 2.51213070313125, -2.94858395575495
-15.2284886102112, 2.40039033669516, -3.2655096828079
-15.2284886102112, 2.26619771705315, -3.57348178873566
-15.2284886102112, 2.09290743270899, -3.86104044853484
-15.2284886102112, 1.8731220248253, -4.11457821283046
-15.2284886102112, 1.60516100076737, -4.31659078687957
-15.2284886102112, 1.30799180103527, -4.47296910055058
-15.2284886102112, 0.993727701667742, -4.5915649595945
-15.2284886102112, 0.667640924203126, -4.67220310191936
-15.2284886102112, 0.33555402735499, -4.72331110482521
-15.2284886102112, 0.000230092189849247, -4.74149663752951
-13.0429896824181, 3.04118120151471, -0.00190232094245865
-13.0429901967889, 3.01966006719322, -0.323966008470573
-13.0429902373239, 2.97672231061479, -0.642080952239977
-13.0429902373239, 2.88038929817053, -0.950152391027195
-13.0429902373239, 2.78279164119017, -1.25782545673185
-13.0429902373239, 2.68365321988167, -1.56500539212001
-13.0429902373239, 2.5826670235459, -1.87158267698672
-13.0429902373239, 2.47969297900654, -2.17749801810847
-13.0429902373239, 2.3748288091161, -2.48277064787597
-13.0429902373239, 2.26715821670645, -2.78706264700332
-13.0429902373239, 2.15330347771843, -3.08908723699515
-13.0429902373239, 2.02808587797447, -3.3865501067132
-13.0429902373239, 1.87970523359946, -3.67303203242736
-13.0429902373239, 1.69867639621573, -3.94001803297614
-13.0429902373239, 1.47763000360264, -4.17452340740497
-13.0429902373239, 1.22020905021584, -4.36877144039704
-13.0429902373239, 0.937776493808096, -4.52452491758374
-13.0429902373239, 0.635131902068369, -4.63568406506622
-13.0429902373239, 0.320483550911637, -4.70725801513634
-13.0429902373239, 0.000247872576409804, -4.74078394575437
-12.1827903698616, 2.98406093850407, -0.0017768611389641
-12.182790847398, 2.95883865794928, -0.318008104918485
-12.182790888169, 2.91337706679798, -0.63007279626541
-12.182790888169, 2.80957567880533, -0.929845374179998
-12.182790888169, 2.70477453814889, -1.22926983134391
-12.182790888169, 2.59870971864789, -1.52824888726054
-12.182790888169, 2.49104833553219, -1.82665651177764
-12.182790888169, 2.38168119126431, -2.12444340226838
-12.182790888169, 2.27117213922594, -2.42180865948543
-12.182790888169, 2.15968470563474, -2.71880796328871
-12.182790888169, 2.04463673968529, -3.01444210227156
-12.182790888169, 1.92166257888324, -3.30685163748883
-12.182790888169, 1.78119199305898, -3.5911831522582
-12.182790888169, 1.61365019405583, -3.86040403443222
-12.182790888169, 1.41304455987348, -4.10566713067672
-12.182790888169, 1.17534390087526, -4.31532025882321
-12.182790888169, 0.909544572146913, -4.48799163976052
-12.182790888169, 0.619812956321737, -4.61611373562321
-12.182790888169, 0.313658728670787, -4.69866171998242
-12.182790888169, 0.000254870832339017, -4.74050343444915
-11.3125910577266, 2.91588618318542, -0.00164994281505057
-11.3125914981684, 2.88646937639094, -0.311730607494756
-11.312591539014, 2.83866718631337, -0.617618635010309
-11.312591539014, 2.72790180951239, -0.908731041799709
-11.312591539014, 2.61640116135414, -1.19956255884303
-11.312591539014, 2.50389038361453, -1.49000470010311
-11.312591539014, 2.39002683364985, -1.77991893713642
-11.312591539014, 2.2746322275688, -2.06922741022014
-11.312591539014, 2.15855746998126, -2.35826387790908
-11.312591539014, 2.04284984521043, -2.6474475116709
-11.312591539014, 1.92609405860664, -2.93620844054356
-11.312591539014, 1.80465200505936, -3.22302229815831
-11.312591539014, 1.67117433033558, -3.5043875249843
-11.312591539014, 1.51668502604942, -3.77474925335629
-11.312591539014, 1.33669167764728, -4.02868249018585
-11.312591539014, 1.12178337948642, -4.25375963226817
-11.312591539014, 0.875729356890911, -4.44425015356102
-11.312591539014, 0.601891984846113, -4.59169142019052
-11.312591539014, 0.306106699953855, -4.6884793935889
-11.312591539014, 0.000261950444479015, -4.74021966214048
-10.4423917455936, 2.83610474216983, -0.00152302446480321
-10.4423921492301, 2.80249656390619, -0.305324411784561
-10.4423921898591, 2.75288629148712, -0.605130584465299
-10.4423921898591, 2.63585485326002, -0.887492954716143
-10.4423921898591, 2.51820266714514, -1.16959718400328
-10.4423921898591, 2.39966055559964, -1.45132853442935
-10.4423921898591, 2.27992298773429, -1.73255367169334
-10.4423921898591, 2.15879198728333, -2.01318169476802
-10.4423921898591, 2.03729780403521, -2.2936528046697
-10.4423921898591, 1.9169180478788, -2.57460343892284
-10.4423921898591, 1.79762114582677, -2.85601617006231
-10.4423921898591, 1.67671177805728, -3.13673775430179
-10.4423921898591, 1.54928250516622, -3.41454203514235
-10.4423921898591, 1.40788829031359, -3.68547827428821
-10.4423921898591, 1.24820645475458, -3.94598213218389
-10.4423921898591, 1.05859331857037, -4.18541687975359
-10.4423921898591, 0.835567761505348, -4.39395207420288
-10.4423921898591, 0.580584502040564, -4.56165826815788
-10.4423921898591, 0.297724421486357, -4.67639974479224
-10.4423921898591, 0.000269030056619013, -4.73993588983181
-9.57219243346058, 2.74341042340993, -0.00139610608525782
-9.57219280074526, 2.70609612217952, -0.298992821490805
-9.57219284070419, 2.65555001910963, -0.593015913353632
-9.57219284070419, 2.5330908945588, -0.86680410354924
-9.57219284070419, 2.40985353792767, -1.14024281935683
-9.57219284070419, 2.28564336020076, -1.41324092406647
-9.57219284070419, 2.16023849865149, -1.68569215485588
-9.57219284070419, 2.03360951780627, -1.9575769000498
-9.57219284070419, 1.90688772329987, -2.22941839838309
-9.57219284070418, 1.78163650895565, -2.50193947993364
-9.57219284070418, 1.6588287587906, -2.77557075504447
-9.57219284070419, 1.53709740651859, -3.04968339595284
-9.57219284070419, 1.41443412307807, -3.32337912099462
-9.57219284070418, 1.28676241494491, -3.59476451215621
-9.57219284070419, 1.14776683424394, -3.86048765308543
-9.57219284070419, 0.984883852563655, -4.11212327545823
-9.57219284070419, 0.788143567535514, -4.33806909726275
-9.57219284070419, 0.554953813644657, -4.52593104669637
-9.57219284070419, 0.288112993713026, -4.66167872998139
-9.57219284070419, 0.000276109668758567, -4.73965211752313
-8.70199312132761, 2.63633214471628, -0.0012691876730767
-8.70199345287296, 2.59630812331455, -0.292984078965407
-8.70199349154926, 2.54603477318826, -0.581731732761316
-8.70199349154926, 2.41923126181009, -0.847476466166188
-8.70199349154926, 2.29107148905653, -1.11256963872617
-8.70199349154926, 2.1614378331672, -1.37694521126607
-8.70199349154927, 2.03047550456921, -1.64066524320761
-8.70199349154926, 1.89860591446328, -1.90393309314838
-8.70199349154926, 1.76700785131334, -2.16733657368511
-8.70199349154926, 1.637117958835, -2.43158554772529
-8.70199349154926, 1.51042020109079, -2.69737858414839
-8.70199349154926, 1.38667023313322, -2.96455786402974
-8.70199349154926, 1.26709623139709, -3.23362694473084
-8.70199349154926, 1.15330702813963, -3.50519672843075
-8.70199349154926, 1.03592584877285, -3.77521710754044
-8.70199349154926, 0.900566673867321, -4.03657345872381
-8.70199349154926, 0.732718118487008, -4.27811710944004
-8.70199349154926, 0.524368045846221, -4.48544004898111
-8.70199349154926, 0.276554349917595, -4.64338777346978
-8.70199349154926, 0.00028318928089812, -4.73936834521446
-7.83179380919467, 2.51442793086912, -0.00114226922725708
-7.83179410564843, 2.47270250812368, -0.287515206817641
-7.83179414239433, 2.42342399212384, -0.571586525737025
-7.83179414239434, 2.29290806463707, -0.829880250513212
-7.83179414239433, 2.16022469895619, -1.08706714131483
-7.83179414239433, 2.02547998114394, -1.34318038752876
-7.83179414239434, 1.88925729626358, -1.59851104010817
-7.83179414239433, 1.75241560594193, -1.85351074063877
-7.83179414239433, 1.61629527532771, -2.10889579656709
-7.83179414239433, 1.48232408114312, -2.36541352279198
-7.83179414239433, 1.35197671022411, -2.62378934928966
-7.83179414239433, 1.22596840313716, -2.88430881845472
-7.83179414239433, 1.10809443740553, -3.14857874787054
-7.83179414239434, 1.00775594538971, -3.41996772787531
-7.83179414239434, 0.913197840893043, -3.69347661391611
-7.83179414239433, 0.806237416889354, -3.96230115676687
-7.83179414239434, 0.6692259778449, -4.21689029357909
-7.83179414239433, 0.488797798368195, -4.4424452689684
-7.83179414239433, 0.262416774955913, -4.62178259853443
-7.83179414239433, 0.00029026889303834, -4.73908457290579
-6.96159449706176, 2.37869730883904, -0.00101535075006677
-6.96159475900748, 2.33526312838719, -0.282735649933386
-6.96159479323941, 2.28638868855195, -0.562784306232952
-6.96159479323941, 2.15198427851014, -0.814155403851583
-6.96159479323941, 2.01475732916635, -1.06399704375299
-6.96159479323941, 1.87511459374089, -1.31249710673989
-6.96159479323941, 1.73379310139153, -1.56004705073919
-6.96159479323941, 1.59206765296368, -1.80736618317236
-6.96159479323941, 1.45141384740664, -2.05529564461829
-6.96159479323941, 1.31340494932309, -2.30470501917702
-6.96159479323941, 1.18001080786343, -2.55660858228395
-6.96159479323941, 1.05290677551376, -2.811741751078
-6.96159479323941, 0.937132411339666, -3.0721509652596
-6.96159479323941, 0.850695607839486, -3.34358342637403
-6.96159479323941, 0.780717582586235, -3.61990814768096
-6.96159479323941, 0.703826246264198, -3.89434800117871
-6.96159479323941, 0.599581483037617, -4.15936398451917
-6.96159479323941, 0.449505064801367, -4.40105702544407
-6.96159479323941, 0.246851321943888, -4.60057066881458
-6.96159479323941, 0.000297348505178338, -4.73880080059711
-6.09139518492888, 2.23001786688563, -0.000888432243496934
-6.09139544408448, 2.18360667042528, -0.278877506680495
-6.09139544408448, 2.13285616463394, -0.555684024030727
-6.09139544408448, 1.99343714277692, -0.800619281137523
-6.09139544408448, 1.85080646305149, -1.04369912900316
-6.09139544408448, 1.70570651744445, -1.28531416722851
-6.09139544408448, 1.55915803172611, -1.52605411341598
-6.09139544408448, 1.41223778527044, -1.76656753331088
-6.09139544408448, 1.26638019496293, -2.0077260012703
-6.09139544408448, 1.12340790769174, -2.25060326944224
-6.09139544408448, 0.986306394030713, -2.49683254504498
-6.09139544408449, 0.859107702908837, -2.74830350404604
-6.09139544408448, 0.749871118468421, -3.00797320960287
-6.09139544408448, 0.684662788585923, -3.28173287545872
-6.09139544408448, 0.64558102741221, -3.56083981839606
-6.09139544408448, 0.602083981723784, -3.83926768480753
-6.09139544408448, 0.530571199559639, -4.1115722448422
-6.09139544408448, 0.41011999297107, -4.36579507824467
-6.09139544408448, 0.232318634010378, -4.58346411047545
-6.09139544408448, 0.000304428117318336, -4.73851702828844
-5.22119587279603, 2.06839897952304, -0.000761513707568843
-5.22119606722048, 2.01559181926852, -0.276083827214073
-5.22119609492956, 1.95848902671713, -0.550491478748866
-5.22119609492956, 1.81198856119478, -0.789507147061462
-5.22119609492956, 1.66268381932301, -1.02678233314843
-5.22119609492956, 1.51143658345068, -1.26282486588459
-5.22119609492956, 1.35911027825749, -1.49817294975246
-5.22119609492956, 1.20657480323697, -1.7333856175366
-5.22119609492956, 1.05491697703618, -1.96916452501539
-5.22119609492956, 0.905809778903099, -2.2065618831763
-5.22119609492956, 0.762436974246021, -2.44745343322273
-5.22119609492955, 0.631871856662009, -2.69545385449487
-5.22119609492956, 0.538828231668542, -2.95931005314811
-5.22119609492956, 0.521792493056942, -3.23843599855403
-5.22119609492956, 0.528262994737159, -3.51869822248464
-5.22119609492956, 0.519537495803645, -3.79882072792215
-5.22119609492956, 0.473678892405556, -4.07498808153681
-5.22119609492955, 0.376067960038741, -4.3372874473036
-5.22119609492956, 0.219530828182893, -4.56883836647825
-5.22119609492956, 0.000311507729458334, -4.73823325597976
-4.41521024672244, 1.90268550760703, -0.0012879214526185
-4.43652654832595, 1.84451341589555, -0.27518254089458
-4.45954550001886, 1.78169479970736, -0.547909578164898
-4.511195344125, 1.64074260621186, -0.785069575343397
-4.56353884599051, 1.4978974237943, -1.02110739098416
-4.61607316520896, 1.35453150167425, -1.25678698815167
-4.66863005808367, 1.21110397614724, -1.49242409047328
-4.72103944213244, 1.06807900154631, -1.72833844941443
-4.7730246728279, 0.926211539548968, -1.96504345213631
-4.82403678972977, 0.786999700740866, -2.20352727874498
-4.87287035082727, 0.653733130976511, -2.44581672462034
-4.91656270888994, 0.53449688129354, -2.69616420235957
-4.94321579872122, 0.461760718384105, -2.96501232132833
-4.93864510725699, 0.474234114941718, -3.24501327479283
-4.93027822420137, 0.497067301368886, -3.52472753382064
-4.93038993021183, 0.496762456166078, -3.80539354752697
-4.94601845833467, 0.454112272837479, -4.08202936017601
-4.98032650375343, 0.360485770376406, -4.34400751390181
-5.03554504730574, 0.209794612057882, -4.57334904494094
-5.11242117755595, 0.000156196340477527, -4.73819778444201
-3.80795923758937, 1.76358364647065, -0.00111078625338731
-3.85164805294801, 1.70085657865697, -0.27675668872618
-3.89849715890045, 1.63359206205324, -0.550808347706893
-3.99199859387553, 1.49934555515641, -0.785432560624039
-4.0857094501374, 1.36479836756703, -1.01982956529662
-4.17936521146739, 1.23033028359949, -1.25429395715304
-4.27277966148555, 1.09620866704924, -1.48905275608639
-4.36576432498114, 0.962704124872009, -1.72433329264121
-4.4579044432536, 0.830412154952665, -1.96062778397827
-4.5482466920742, 0.700701511125621, -2.19903448409102
-4.63456573609005, 0.576767261978642, -2.44194055758719
-4.71122707764948, 0.46669924728859, -2.69444201000811
-4.7518199229025, 0.408417278870952, -2.96952829090699
-4.72805758572046, 0.442534517427171, -3.25213889063549
-4.70463776283566, 0.47615998440812, -3.53509486716855
-4.7021574143537, 0.479721193064207, -3.82082206789095
-4.73275895371696, 0.435784436732309, -4.10116898605224
-4.79804660930228, 0.342046413266151, -4.36273162257941
-4.90020488260732, 0.195370682081186, -4.58479924914232
-5.03627873450741, 0.000156506073508628, -4.73817295436501
-3.31943364147005, 1.64070264871303, -0.000968283222938477
-3.38551304768723, 1.57462324249585, -0.279191750835796
-3.45673463435435, 1.50340165582873, -0.554670084378342
-3.58342207917365, 1.37671421100943, -0.787146220621894
-3.70987090852918, 1.2502653816539, -1.01988197310872
-3.83592758434703, 1.12420870583604, -1.25304273429681
-3.96143769914159, 0.998698591041494, -1.48679236432396
-4.08624294285528, 0.873893347327794, -1.721295464217
-4.20986953297283, 0.750266757210254, -1.95704273937122
-4.33108384281618, 0.629052447366898, -2.19527773122861
-4.44682569013147, 0.513310600051615, -2.4388672428555
-4.54928676135421, 0.410849528828869, -2.69391345669147
-4.59484059504181, 0.365295695141267, -2.97636570766
-4.54241020748595, 0.417726082697134, -3.26005670811862
-4.500769435877, 0.459366854306076, -3.54726458333383
-4.49580891318855, 0.464327376994531, -3.84012374933454
-4.54271608360007, 0.417420206583015, -4.12518090590224
-4.63763699747562, 0.322499292707463, -4.3852688382249
-4.77997013574616, 0.180166154436918, -4.59744837001774
-4.96013629145887, 0.000156815806539728, -4.738148124288
-2.8572935176014, 1.51369995619775, -0.000833476792090098
-2.94948912033021, 1.44484099477224, -0.281796848448204
-3.04900458557179, 1.37051498160577, -0.558437673928442
-3.20696534683918, 1.25253740301289, -0.789340354357087
-3.36429720784203, 1.13502953683335, -1.02091102406838
-3.52093998571095, 1.01803633238965, -1.25320821312245
-3.67678245008701, 0.901640865303295, -1.48634232706111
-3.83164154226081, 0.785979858283777, -1.72049479534348
-3.9850139637714, 0.671429214392439, -1.95616535795911
-4.13543931262891, 0.559079677236453, -2.19477110015619
-4.27897760818204, 0.451873935703964, -2.43985907381054
-4.40562116871964, 0.357286517305068, -2.69883954362315
-4.44557581818249, 0.327445227864998, -2.9901727159655
-4.35365259505577, 0.396100754680194, -3.27112854988454
-4.28986574205186, 0.443741816948332, -3.56348865064385
-4.28459022330917, 0.447681991217495, -3.86595803073924
-4.35301739391013, 0.396575173089433, -4.15623314020713
-4.48199135103791, 0.300247230368771, -4.41242785250957
-4.66473134977388, 0.163762559176029, -4.6112825611575
-4.88399384841034, 0.000157125539570829, -4.73812329421099
-2.39386768680806, 1.37279210666348, -0.000698295258597663
-2.51810722322579, 1.30213916326979, -0.284150735203065
-2.65126741571785, 1.22641319218437, -0.56166159778256
-2.8410058933247, 1.11851209801987, -0.79217102236903
-3.02978679227577, 1.01115556279782, -1.02371868391159
-3.21760239796116, 0.904347973687644, -1.25630283410094
-3.40437735629753, 0.798132183294398, -1.48999328407793
-3.5899503126404, 0.692599951301761, -1.72494731618104
-3.77380409783704, 0.58804538314449, -1.96168192650139
-3.95423477424637, 0.485437479618734, -2.20186839753336
-4.12598671200002, 0.387765029400746, -2.45028009464175
-4.27640729020386, 0.302223366066222, -2.71607450759829
-4.28780898999654, 0.295739410368449, -3.01581852165687
-4.14545871568631, 0.376691627053339, -3.28766451809823
-4.05544484397009, 0.427881008198728, -3.58657135845915
-4.05604288316847, 0.427540913323548, -3.90197984235698
-4.15479843674407, 0.37138028412472, -4.19703603422396
-4.32552640406484, 0.274290148740779, -4.44479624290435
-4.55102896073586, 0.146050621847811, -4.62616004340798
-4.8078514053618, 0.00015743527260193, -4.73809846413398
-1.91712992378628, 1.20948378846017, -0.000559230544912024
-2.08116295889748, 1.13899534449975, -0.286062870615254
-2.25457442705359, 1.0644767906796, -0.564384727748281
-2.47830661344997, 0.968334366245086, -0.796965856360461
-2.70086433798882, 0.872696632763659, -1.03087814335542
-2.92227987845223, 0.777549719793715, -1.26607107199942
-3.14251544528283, 0.682909866302585, -1.50257267504816
-3.36144961734245, 0.588829249506198, -1.74050132862485
-3.57846259757018, 0.495574209232783, -1.98050375077378
-3.79132896908199, 0.404101053906507, -2.22485464030688
-3.99297703601752, 0.317448639920043, -2.48014089441996
-4.16540065960831, 0.243354583678919, -2.75905560392182
-4.09755076497018, 0.272511109940097, -3.05739154064038
-3.89666090880941, 0.358837704815359, -3.31295003308776
-3.7780276771137, 0.409816898723207, -3.62159193222741
-3.79890069455959, 0.400847324274242, -3.95405249955138
-3.94159108673666, 0.339530262708899, -4.25103993916425
-4.16443837564599, 0.243768097329424, -4.48261223356235
-4.43623580438561, 0.126971027694576, -4.6419155113255
-4.73170896231326, 0.000157745005633031, -4.73807363405697
-1.42442574544331, 1.01503616634025, -0.000415508301071536
-1.63764248398363, 0.948055890294368, -0.288202268206478
-1.85948286628822, 0.878366567839621, -0.568262369147477
-2.12166465905994, 0.796004324733022, -0.807533711318491
-2.38265793120596, 0.714015445557137, -1.04822857194028
-2.64252384907715, 0.632380715408418, -1.29025991167428
-2.90124430265337, 0.551105823400001, -1.53363569056672
-3.15873475976437, 0.470217324614461, -1.77844032374645
-3.414059807215, 0.390009071375296, -2.02572061030525
-3.66389652618853, 0.311524931162822, -2.27906074896812
-3.89703904588748, 0.238285135664705, -2.5491579393936
-4.06891363624855, 0.184292153751231, -2.86033838567482
-3.83178312194413, 0.258784744791444, -3.11340839865292
-3.57014697259137, 0.340975578528055, -3.35128104106732
-3.43067391470351, 0.384789886833522, -3.67937908067993
-3.49980922326108, 0.363071601095709, -4.03169153549315
-3.70707455390123, 0.297960910649643, -4.3216911220438
-3.99380262983156, 0.207887655578787, -4.52566871587593
-4.31698228466635, 0.106363438289657, -4.65854740157782
-4.65556651926462, 0.000158054738664132, -4.73804880397997
-0.923253653326993, 0.780993067198807, -0.000269315794794003
-1.1972927784991, 0.722455681841662, -0.293206487945884
-1.47870556624711, 0.662343211439898, -0.578358884705868
-1.78783479382167, 0.596310243671796, -0.832165798815172
-2.09605186679729, 0.530472120874207, -1.08713003431784
-2.40335767666669, 0.464828652615735, -1.34324184627405
-2.70975308457301, 0.399379654947947, -1.60049166754426
-3.015167121284, 0.334140287579493, -1.85895831476255
-3.31752969665978, 0.269552741617819, -2.12114061291738
-3.60959997660859, 0.207163728669412, -2.39513381980447
-3.87125838753727, 0.151270982614079, -2.69919832568322
-3.77634090315482, 0.171546267600983, -2.99957186192992
-3.41811439393703, 0.248066885604185, -3.17300268668526
-3.09799317788455, 0.316447847531768, -3.40792549104889
-2.98353897677298, 0.340896362582326, -3.78229769681539
-3.14344149516475, 0.306739651080643, -4.14801006919471
-3.44346548413802, 0.242651649603168, -4.40932393507431
-3.80513914936894, 0.165394686015006, -4.57359045193754
-4.18835030536468, 0.0835371078404083, -4.67643473821853
-4.57942407750459, 0.000316728943390464, -4.73802397390296
-0.440397390309692, 0.500594251199555, -0.000128465788882308
-0.790370453690399, 0.457473528780078, -0.30379692693624
-1.14567044245795, 0.413696467644882, -0.600935274069558
-1.51477494078558, 0.368218531536262, -0.880667219012854
-1.8834841326188, 0.322789301752212, -1.16092798673399
-2.25177022807666, 0.277412202326946, -1.44175286590494
-2.61963291647279, 0.232087271540611, -1.72314053956558
-2.98614616981598, 0.186928606734233, -2.00630568969772
-3.3454510272108, 0.142658099541404, -2.29863655630355
-3.67486349655425, 0.102070679712977, -2.62428881220923
-3.65551129930255, 0.104455093867131, -2.9503653340544
-3.21288140524222, 0.158992207700876, -3.0822033273236
-2.77126349624715, 0.213404633289558, -3.217051290183
-2.41583444270844, 0.257197596694825, -3.49729706626766
-2.43726628949306, 0.254556945705262, -3.94837487320088
-2.72805616693853, 0.21872827515961, -4.30299780305816
-3.14039836729157, 0.167922954911528, -4.50888765141656
-3.5869691276899, 0.112900280841199, -4.62615215614443
-4.04342139110839, 0.0566600915007215, -4.6965349004099
-4.50328163316765, 0.000158674204729496, -4.73800120194012
-0.0681451082277958, 0.17346371747642, -1.98786517276323E-05
-0.491076984255616, 0.156633381371674, -0.312906433754952
-0.915210907781057, 0.139755210462919, -0.624151345922444
-1.34168870887393, 0.122783766264814, -0.932179520917119
-1.76818111372672, 0.105811740918297, -1.24018744501654
-2.19467263730655, 0.0888397506415422, -1.54819658976761
-2.621159918876, 0.0718679291732044, -1.85621131516624
-3.04361528593602, 0.0550565554747921, -2.16971516112063
-3.44113439198773, 0.0392375062564057, -2.51365223556484
-3.59000888497494, 0.0333131295507975, -2.89654473600602
-3.07441231628027, 0.0538310049757617, -2.99831707490298
-2.55276841992321, 0.0745895304033916, -3.0653923611846
-2.04383328672767, 0.0948423177497667, -3.19093507695906
-1.79634250349986, 0.10469107425323, -3.61319952704487
-1.96378626954826, 0.0980277437714816, -4.10591185718241
-2.35876776427132, 0.0823096773684969, -4.44433933279289
-2.85659885309409, 0.0624987692218436, -4.60952185696278
-3.376852004258, 0.0417955877167486, -4.68479721698428
-3.90150559256618, 0.0209172932909533, -4.72097664270127
-4.42713919011912, 0.000158983937764622, -4.73797899125862
