-125.853541102052, 14.0691638710376, -7.80206886236697
-125.853541102052, 14.0507990084418, -8.9207714119376
-125.853541102052, 13.985499286877, -10.0376765521383
-125.853541102052, 13.8611315848032, -11.1494968679413
-125.853541102052, 13.6642598205205, -12.2507096965226
-125.853541102402, 13.3804160170275, -13.3326579440569
-125.853541109794, 12.9863852991796, -14.3791787454154
-125.853541097213, 12.4605757847323, -15.3658594710498
-125.853541098226, 11.787232548724, -16.2575147429536
-125.853541102052, 10.9239506727182, -16.9625946730231
-125.853541102052, 9.88965705808085, -17.3816671436616
-125.853541102052, 8.80021636788276, -17.6358165357865
-125.853541102052, 7.70279407631061, -17.8540318880589
-125.853541102052, 6.60371497010271, -18.0637898275155
-125.853541102052, 5.50422136715864, -18.2713664839445
-125.853541102052, 4.40465114986289, -18.4785375001013
-125.853541102052, 3.30502524522498, -18.6854125849517
-125.853541102052, 2.20506622372027, -18.8905044688079
-125.853541102052, 1.10358697768204, -19.0872421426519
-125.853541102052, 0, -19.2717937343974
-123.398169364693, 14.0970669047531, -7.95064199812039
-123.398169364693, 14.08088365612, -9.06889506669381
-123.398169364693, 14.0142906942012, -10.1852402541372
-123.398169364693, 13.8859862330867, -11.2961280904113
-123.398169364693, 13.6832125750044, -12.395779812728
-123.398169364693, 13.3913768395513, -13.4750773973111
-123.398169364693, 12.9807692011172, -14.5145550570264
-123.398169364693, 12.4302264125228, -15.4870266043266
-123.398169364693, 11.7348118298031, -16.3611212209129
-123.398169364693, 10.8617666118888, -17.0538083116818
-123.398169364693, 9.82771881318655, -17.4734014931225
-123.398169364693, 8.74415119036258, -17.7499608351502
-123.398169364693, 7.65322897941041, -17.9965260285714
-123.398169364693, 6.56070203895576, -18.2359125028951
-123.398169364693, 5.46776269746791, -18.4734107875661
-123.398169364693, 4.37474700367249, -18.7105580490129
-123.398169364693, 3.28185523055201, -18.9482754835807
-123.398169364693, 2.18894762888567, -19.1859183151399
-123.398169364693, 1.09515086625551, -19.4194307971037
-123.398169364693, 8.88178419700125E-16, -19.6465025321595
-120.879839377659, 14.1254591749332, -8.09284514561842
-120.879839377659, 14.1097238917413, -9.21159288529253
-120.879839377659, 14.0405916957694, -10.3282738383763
-120.879839377659, 13.9074897688827, -11.4390901980773
-120.879839377659, 13.6981294564293, -12.538005230252
-120.879839377659, 13.3971412385916, -13.6152575929829
-120.879839377659, 12.9689167519729, -14.6480098535591
-120.879839377659, 12.3960633995064, -15.6080598510658
-120.879839377659, 11.6825058587173, -16.4682228786965
-120.879839377659, 10.7993013956176, -17.1489852311018
-120.879839377659, 9.76590270907722, -17.572933879182
-120.879839377659, 8.68834146953796, -17.8740375483863
-120.879839377659, 7.60344730345265, -18.1479601664798
-120.879839377659, 6.51727115992201, -18.4167765086748
-120.879839377659, 5.43085368814793, -18.6846157706672
-120.879839377659, 4.34444816541818, -18.9525050738357
-120.879839377659, 3.25845542115911, -19.2220607044002
-120.879839377659, 2.17290823637874, -19.4934054868795
-120.879839377659, 1.08695168049352, -19.7631065019325
-120.879839377659, 1.77635683940025E-15, -20.0287653970175
-118.361509390624, 14.1535365155621, -8.22746778669435
-118.361509390624, 14.1367046360959, -9.34751625174807
-118.361509390624, 14.0639852328269, -10.4652898108299
-118.361509390624, 13.9253831261736, -11.5767614710461
-118.361509390624, 13.7088742952843, -12.6756320298184
-118.361509390624, 13.3977085316857, -13.75130965384
-118.361509390624, 12.9517112858609, -14.7778552061702
-118.361509390624, 12.3596322538483, -15.7277360745598
-118.361509390624, 11.6310217387535, -16.5770454841373
-118.361509390624, 10.7371568345945, -17.2462787516578
-118.361509390624, 9.70555479678078, -17.6793009039578
-118.361509390624, 8.63376422996646, -18.0049701579336
-118.361509390624, 7.55437764290832, -18.3048523756218
-118.361509390624, 6.47426200795373, -18.6021111214763
-118.361509390624, 5.39419643318644, -18.8995512883854
-118.361509390624, 4.31435906189183, -19.1978200889081
-118.361509390624, 3.23532033094031, -19.4989625400771
-118.361509390624, 2.15716978792941, -19.8032713799642
-118.361509390624, 1.07896678757127, -20.1073946048883
-118.361509390624, 0, -20.4087946101937
-115.84317940359, 14.1812125170874, -8.35752143170756
-115.84317940359, 14.1620546187827, -9.47950876313094
-115.84317940359, 14.0848654846268, -10.598964364811
-115.84317940359, 13.9401079172362, -11.71164482386
-115.84317940359, 13.715876829598, -12.810980770018
-115.84317940359, 13.3934917465496, -13.885349905837
-115.84317940359, 12.9299533324218, -14.9062143590955
-115.84317940359, 12.3212087123514, -15.8478827968736
-115.84317940359, 11.5791177488838, -16.6881133567391
-115.84317940359, 10.674810441568, -17.3471149150641
-115.84317940359, 9.64626481931313, -17.7932751524865
-115.84317940359, 8.57986131376134, -18.1426040954735
-115.84317940359, 7.50563668097387, -18.4674152485746
-115.84317940359, 6.43133362067613, -18.791973010422
-115.84317940359, 5.35744767642791, -19.1179085192888
-115.84317940359, 4.28414934805337, -19.4457731802338
-115.84317940359, 3.21210325356143, -19.7777068174523
-115.84317940359, 2.14135855842825, -20.1138176369836
-115.84317940359, 1.07092000813407, -20.4509028705314
-115.84317940359, 0, -20.7864543306401
-113.324849416555, 14.2084040385072, -8.48617670573432
-113.324849416555, 14.1860434599859, -9.61057097325622
-113.324849416555, 14.1036508535416, -10.7321293316933
-113.324849416555, 13.9521142213627, -11.8463964706609
-113.324849416555, 13.7195893406105, -12.9465264478135
-113.324849416555, 13.384946432823, -14.0196519295302
-113.324849416555, 12.9042493103506, -15.0352718406662
-113.324849416555, 12.2804923125291, -15.9700603463393
-113.324849416555, 11.5254633766881, -16.8019744668314
-113.324849416555, 10.6120811160209, -17.4534329130067
-113.324849416555, 9.58744619497163, -17.9151380651336
-113.324849416555, 8.5260427065221, -18.2869314116009
-113.324849416555, 7.45681974551682, -18.6359110768812
-113.324849416555, 6.38809640323853, -18.98641928336
-113.324849416555, 5.32018244610127, -19.3393863771126
-113.324849416555, 4.25329865119818, -19.6954524527415
-113.324849416555, 3.18823608139119, -20.0569287701754
-113.324849416555, 2.12488036691747, -20.4233974131448
-113.324849416555, 1.06238723049024, -20.7923608445197
-113.324849416555, 1.06284056102502E-09, -21.1616312226719
-110.80651942952, 14.2350014192264, -8.61544877607422
-110.80651942952, 14.2088484514508, -9.74258552436023
-110.80651942952, 14.1206410490378, -10.8665356299432
-110.80651942952, 13.9617458670992, -11.9826312581853
-110.80651942952, 13.7203877133403, -13.0837466250163
-110.80651942952, 13.37244190085, -14.1555238565234
-110.80651942952, 12.874944971858, -15.1661990704368
-110.80651942952, 12.2371473306392, -16.0949260468128
-110.80651942952, 11.4694824272761, -16.9189764607488
-110.80651942952, 10.5492139607503, -17.5665021100006
-110.80651942952, 9.52881875232059, -18.0445703408774
-110.80651942952, 8.47214993274098, -18.4378282745793
-110.80651942952, 7.40787814415394, -18.8102964825707
-110.80651942952, 6.34448397136202, -19.1852626249963
-110.80651942952, 5.28228140517603, -19.5635914180339
-110.80651942952, 4.22166054719425, -19.9463292684339
-110.80651942952, 3.16335603215042, -20.3354244189092
-110.80651942952, 2.10734796470252, -20.7307120641091
-110.80651942952, 1.05309489644811, -21.1306588733792
-110.80651942952, 3.24922778455559E-07, -21.5336462940863
-108.288189442486, 14.2608237473467, -8.744518351164
-108.288189442486, 14.2303706174823, -9.87468162912429
-108.288189442486, 14.1358298383136, -11.0012635210339
-108.288189442486, 13.969088393061, -12.1193846094712
-108.288189442486, 13.7184082038626, -13.2216274801091
-108.288189442486, 13.3561386036404, -14.2918806523637
-108.288189442486, 12.8425066549721, -15.2980322514374
-108.288189442486, 12.1917042749184, -16.2215670604057
-108.288189442486, 11.4120086724082, -17.0385056524003
-108.288189442486, 10.4872439948629, -17.6858982888469
-108.288189442486, 9.47116343875299, -18.1805074742173
-108.288189442486, 8.41907949546493, -18.5945572546684
-108.288189442486, 7.35967025355565, -18.9897272585924
-108.288189442486, 6.30131033377642, -19.387697513262
-108.288189442486, 5.24451331963985, -19.7897991289285
-108.288189442486, 4.1898816866233, -20.1975431299257
-108.288189442486, 3.1380447458304, -20.6124425143532
-108.288189442486, 2.08919070408142, -21.0348251370867
-108.288189442486, 1.04331505482368, -21.4645308325402
-108.288189442486, 2.05902640799304E-06, -21.9004237988286
-105.769859455451, 14.2856834710209, -8.87217525648157
-105.769859455451, 14.2504882294311, -10.0056029769075
-105.769859455451, 14.1491982448286, -11.135015143893
-105.769859455451, 13.9742207535511, -12.2553216435171
-105.769859455472, 13.7137008628083, -13.3587697044704
-105.769859459499, 13.3362234492895, -14.4272949353347
-105.769859452024, 12.8074991423489, -15.4295259740795
-105.76985945408, 12.1449263739736, -16.3488914310399
-105.769859455451, 11.3542722434869, -17.1599673721278
-105.769859455451, 10.4272537023979, -17.8107212601054
-105.769859455451, 9.41547262825703, -18.3218126226467
-105.769859455451, 8.36793029861699, -18.7562299057733
-105.769859455451, 7.31325287085486, -19.1732296156409
-105.769859455451, 6.25960957906152, -19.5928339228052
-105.769859455451, 5.20788297751012, -20.0172178936907
-105.769859455451, 4.15889633399681, -20.4483266932261
-105.769859455451, 3.1131559135428, -20.8872510218495
-105.769859455451, 2.07116428365099, -21.3349982181958
-105.769859455451, 1.0335395753997, -21.7927736581132
-105.769859455451, 6.3894398774538E-06, -22.2597172520335
-103.251529468417, 14.3093981403999, -8.99723224930826
-103.251529468417, 14.2691047290152, -10.134112200715
-103.251529468417, 14.1607677371444, -11.2665095098121
-103.251529468417, 13.9772551719246, -12.3891198539679
-103.251529468421, 13.706300827225, -13.4937673545232
-103.251529468773, 13.3129560139769, -14.5603650048307
-103.251529468086, 12.7705348212228, -15.5594610071361
-103.251529468417, 12.097663299814, -16.4758562795217
-103.251529468417, 11.2976268658716, -17.2828585507592
-103.251529468417, 10.3702572997789, -17.9398735569512
-103.251529468417, 9.36279167031624, -18.4673903288005
-103.251529468417, 8.31984436661439, -18.9219099151639
-103.251529468417, 7.26974515746904, -19.3598290479922
-103.251529468417, 6.22049779249093, -19.7997837634125
-103.251529468417, 5.17348511619962, -20.2450276772859
-103.251529468417, 4.12973877504855, -20.6978721666678
-103.251529468417, 3.08965149133414, -21.1590594507292
-103.251529468417, 2.05413343948479, -21.6304088396911
-103.251529468417, 1.02432731833405, -22.1141083377792
-103.251529468417, 1.44761317971443E-05, -22.6093399043965
-100.723199481382, 14.3318796689711, -9.11899559702405
-100.72319948139, 14.2862194714544, -10.2594802604051
-100.723199481444, 14.1706396440437, -11.3949883566828
-100.723199481588, 13.9783334310266, -12.5199866164506
-100.723199481376, 13.6960670798765, -13.6256978227287
-100.723199481257, 13.2866595324981, -14.6902819182565
-100.723199481382, 12.7321636421006, -15.6871789370138
-100.723199481382, 12.0505748959132, -16.6019001399628
-100.723199481382, 11.2432114603118, -17.4071241099807
-100.723199481382, 10.3170105504543, -18.0726651944935
-100.723199481384, 9.31401476231527, -18.616761931938
-100.723199481428, 8.27582166182595, -19.0913033045073
-100.723199481457, 7.23016047704917, -19.5493097041935
-100.723199481493, 6.18501172155042, -20.0084834625777
-100.723199481396, 5.14235462318723, -20.473282788114
-100.723199481299, 4.10340483417588, -20.9463087782298
-100.723199481382, 3.06846935055931, -21.4280543031729
-100.723199481382, 2.0388897610671, -21.9211318356914
-100.723199481382, 1.01616405619094, -22.4282697891209
-100.723199481382, 2.74796771424297E-05, -22.9484912952673
-94.4373745137958, 14.3824779940648, -9.39231584338517
-94.4373745137958, 14.3229382701297, -10.5422344191583
-94.4373745137958, 14.1895041535975, -11.6859153242493
-94.4373745137958, 13.9752231514805, -12.8171684689615
-94.4373745137959, 13.6632143400599, -13.9252170389436
-94.4373745137958, 13.2163499595109, -14.985694215916
-94.4373745137958, 12.6412137413632, -15.9826187635268
-94.4373745137958, 11.945189197825, -16.8991394801657
-94.4373745137958, 11.1300053967545, -17.7112318979537
-94.4373745137958, 10.2115592348603, -18.4047540664284
-94.4373745137958, 9.22142103831219, -18.9921037925984
-94.4373745137958, 8.19585449419369, -19.5159033641852
-94.4373745137958, 7.1604626619348, -20.020142379474
-94.4373745137958, 6.12370925702209, -20.5215813860751
-94.4373745137958, 5.08965200860278, -21.0285514626889
-94.4373745137959, 4.05968840080846, -21.5437858777018
-94.4373745137958, 3.03409437825547, -22.0676620785962
-94.4373745137958, 2.01494727301434, -22.603960722161
-94.4373745137958, 1.00381667938713, -23.1552230419027
-94.4373745137958, 7.09657394022595E-05, -23.7198286056335
-88.1415495462095, 14.4285344531893, -9.58670389236303
-88.1415495462095, 14.3555094823508, -10.7467943218103
-88.1415495462095, 14.2067591137237, -11.8995951615852
-88.1415495462095, 13.9737107511773, -13.038263256984
-88.1415495460872, 13.6360151339649, -14.1500879630794
-88.1415495457736, 13.166244198338, -15.2128166378577
-88.1415495473212, 12.5817835998366, -16.2170617302693
-88.1415495466317, 11.8833453321147, -17.1455873579126
-88.1415495462551, 11.074380833784, -17.9794464039557
-88.1415495460384, 10.1700916519628, -18.7091328042931
-88.1415495462095, 9.19732791127662, -19.3451411426038
-88.1415495462094, 8.18571068631256, -19.9178720691981
-88.1415495462094, 7.15860640211566, -20.4625112502116
-88.1415495462094, 6.12711759919346, -20.9988221018378
-88.1415495462094, 5.09640787702521, -21.5366274987145
-88.1415495462094, 4.06811133615352, -22.0790323272467
-88.1415495462094, 3.04297112125414, -22.6273762797822
-88.1415495462095, 2.022929041572, -23.1851408117504
-88.1415495462094, 1.00888730405975, -23.753741267414
-88.1415495462095, 8.4804825785856E-05, -24.3315911569386
-81.8457245786231, 14.4708135969906, -9.64045497658997
-81.8457245786231, 14.3914475917399, -10.8126138938564
-81.845724578623, 14.2332016991263, -11.9767170761064
-81.8457245786231, 13.9881954082938, -13.1256182706011
-81.845724578623, 13.6393577770801, -14.2470928421062
-81.8457245786231, 13.164353275114, -15.3212407902739
-81.8457245786231, 12.5801580355664, -16.3401357667393
-81.8457245786231, 11.892583014812, -17.2923359450369
-81.8457245786231, 11.1003765799606, -18.1592077757899
-81.8457245786231, 10.2159691522723, -18.9321315184214
-81.8457245786231, 9.26525382930452, -19.6221491457597
-81.8457245786231, 8.2689709079492, -20.2448959473731
-81.8457245786231, 7.24789140112406, -20.8263216494616
-81.845724578623, 6.21592949016001, -21.3882693867934
-81.845724578623, 5.17989300026409, -21.9426813377513
-81.8457245786231, 4.14228824448058, -22.4941546671222
-81.8457245786231, 3.10471678679539, -23.0456905090258
-81.8457245786231, 2.06841916978729, -23.5996158606438
-81.8457245786231, 1.03350815977251, -24.1561274926732
-81.8457245786231, 3.98040149283683E-05, -24.7153135976826
-75.5498996110367, 14.5024009394052, -9.4781341094055
-75.5498996110367, 14.4409259218152, -10.6675262753308
-75.5498996110367, 14.2798797850383, -11.8476103601837
-75.5498996110367, 14.0254263983382, -13.0111630284046
-75.5498996110366, 13.6787241697714, -14.1505403488186
-75.5498996110367, 13.2164864506399, -15.2479696394229
-75.5498996110367, 12.6452772514393, -16.2928343847773
-75.5498996110367, 11.9719944768215, -17.2751047884129
-75.5498996110367, 11.1984885765184, -18.1803888192808
-75.5498996110367, 10.3355397913813, -19.0011369496378
-75.5498996110367, 9.40608731063353, -19.7459165442451
-75.5498996110367, 8.42333967658414, -20.4189392927589
-75.5498996110367, 7.40248582304136, -21.0328760259315
-75.5498996110367, 6.36074910030869, -21.6108318362396
-75.5498996110367, 5.30890625673957, -22.1702316243344
-75.5498996110367, 4.25147297336005, -22.7190014081545
-75.5498996110367, 3.19087489301029, -23.2616340259341
-75.5498996110367, 2.12834245446861, -23.8004700989021
-75.5498996110367, 1.06451230628929, -24.3367401495529
-75.5498996110367, 3.61172471659677E-06, -24.8716623254524
-69.2540695311565, 14.5235945664442, -9.11498806048112
-69.2540728082618, 14.4839330225273, -10.3230274491403
-69.2540742709891, 14.3242982611145, -11.5211968503382
-69.2540746332093, 14.057916353364, -12.7003543614929
-69.2540746434503, 13.7028841892788, -13.8560135877865
-69.2540746434503, 13.2518675211272, -14.9774908320127
-69.2540746434503, 12.6979646454545, -16.0518201852501
-69.2540746434503, 12.0395363899508, -17.0655144052237
-69.2540746434503, 11.2847452648696, -18.0095760614787
-69.2540746434503, 10.4419216174789, -18.8760976501341
-69.2540746434503, 9.52783684181824, -19.6671929839205
-69.2540746434503, 8.55421225172896, -20.3838440799511
-69.2540746434503, 7.53348722682081, -21.0318150896254
-69.2540746434503, 6.48197105693983, -21.6287722589729
-69.2540746434503, 5.41469418819321, -22.1971800555674
-69.2540746434503, 4.33874568881954, -22.7490207181198
-69.2540746434503, 3.25757878684926, -23.2905775149846
-69.2540746434503, 2.17332203369653, -23.8259243741719
-69.2540746434503, 1.08710663644754, -24.3572875824034
-69.2540746434503, 0, -24.8868258005135
-62.9582571925602, 14.5233760637538, -8.5931004656221
-62.9582525279856, 14.4640137070826, -9.81635587687941
-62.9582503155552, 14.2975983117613, -11.0296010284479
-62.9582497055069, 14.0204461200153, -12.2224519595134
-62.9582496758639, 13.6444862848539, -13.3880657466862
-62.9582496758639, 13.1789604089525, -14.5208267414481
-62.9582496758639, 12.6224740935644, -15.6117847365289
-62.9582496758639, 11.9741395771723, -16.650783646282
-62.9582496758639, 11.241197900625, -17.631833560959
-62.9582496758639, 10.4188625204431, -18.5392548368739
-62.9582496758639, 9.51995841257109, -19.3709947314583
-62.9582496758639, 8.55630421034393, -20.1268956264452
-62.9582496758639, 7.54438232396628, -20.8170435551629
-62.9582496758639, 6.499197747488, -21.4558716190905
-62.9582496758639, 5.43403473632926, -22.0609130679624
-62.9582496758639, 4.3567234871602, -22.6440803650646
-62.9582496758639, 3.27169602221438, -23.2127847794227
-62.9582496758639, 2.18278613786562, -23.7740264908764
-62.9582496758639, 1.09172526800353, -24.3310774075081
-62.9582496758639, 0, -24.8868258005135
-56.6624247082775, 14.4784385247592, -7.85669738344908
-56.6624247082775, 14.3538295814207, -9.09280289635932
-56.6624247082775, 14.1535903305001, -10.3188854830208
-56.6624247082775, 13.8693694346075, -11.5282030237815
-56.6624247082775, 13.4923617308732, -12.711806529551
-56.6624247082775, 13.0132774996361, -13.8577938761101
-56.6624247082775, 12.4376528836495, -14.9586408118597
-56.6624247082775, 11.7851826354748, -16.015782492534
-56.6624247082775, 11.0648665917496, -17.0279820447278
-56.6624247082775, 10.2657822974633, -17.978912910216
-56.6624247082775, 9.38786235794917, -18.857779051743
-56.6624247082775, 8.44812223903751, -19.6702923364218
-56.6624247082775, 7.45906504206398, -20.4221487359465
-56.6624247082775, 6.43491117479128, -21.125575524909
-56.6624247082775, 5.38729142764686, -21.7936422552907
-56.6624247082775, 4.32435672304337, -22.4370955076596
-56.6624247082775, 3.25027949478911, -23.0617959140526
-56.6624247082775, 2.16979035722304, -23.6753533925964
-56.6624247082775, 1.08563382290427, -24.282411611154
-56.6624247082775, 0, -24.8868258005135
-50.3665997406911, 14.367040357908, -6.94001565849179
-50.3665997406911, 14.1551608922114, -8.18490592381836
-50.3665997406911, 13.8967625738747, -9.42096210129419
-50.3665997406911, 13.5841505705834, -10.6443866424484
-50.3665997406911, 13.2018969582741, -11.8477552080805
-50.3665997406911, 12.7244174828754, -13.0163881479323
-50.3665997406911, 12.1431884422597, -14.1371391783677
-50.3665997406911, 11.4891954888262, -15.2172783674975
-50.3665997406911, 10.7755914394194, -16.2590008773826
-50.3665997406911, 10.0030297388748, -17.2576477654307
-50.3665997406911, 9.15343797204838, -18.1915556967594
-50.3665997406911, 8.24282433627623, -19.0662794067568
-50.3665997406911, 7.28548820667333, -19.8896749163114
-50.3665997406911, 6.29239763352899, -20.6696695380815
-50.3665997406911, 5.27414351419229, -21.4165764677861
-50.3665997406911, 4.23841872119573, -22.1390957843241
-50.3665997406911, 3.18953448678776, -22.8423902667614
-50.3665997406911, 2.13132214508492, -23.5315813350411
-50.3665997406911, 1.06710173485517, -24.2114678519899
-50.3665997406911, 0, -24.8868258005135
-44.0707747731047, 14.1439819414565, -5.89519833928441
-44.0707747731047, 13.847741340864, -7.14509241944269
-44.0707747731047, 13.5194279343495, -8.38694117293846
-44.0707747731047, 13.1541246943883, -9.61839544897211
-44.0707747731047, 12.7408935279291, -10.8345469138776
-44.0707747731829, 12.2582211632309, -12.0246845156788
-44.0707747747434, 11.6862091599122, -13.1744893596571
-44.0707747758604, 11.040248177203, -14.2846556945027
-44.0707747709628, 10.3446506967304, -15.3644385873501
-44.0707747697895, 9.59773853538482, -16.4093580984611
-44.0707747723423, 8.78916738251364, -17.4071545551874
-44.0707747739598, 7.91693909469421, -18.3499500030019
-44.0707747731047, 6.99900104082954, -19.2483882510924
-44.0707747731047, 6.04551644717789, -20.1090735776806
-44.0707747731047, 5.06779707158844, -20.942181732361
-44.0707747731047, 4.0732921218235, -21.7551982658246
-44.0707747731047, 3.06605558946455, -22.5523971420243
-44.0707747731047, 2.04942863806903, -23.3375948289941
-44.0707747731047, 1.02635905687321, -24.1143848117098
-44.0707747731047, 0, -24.8868258005135
-37.7649498055183, 13.7499822678701, -4.80792650593963
-37.7649498055183, 13.3886284688084, -6.06140339212692
-37.7649498055183, 12.9939029062054, -7.3047818386344
-37.7649498055183, 12.5665721312309, -8.53733064123613
-37.7649498055183, 12.1031086575043, -9.75673483571842
-37.7649498055183, 11.5944052291482, -10.957919415427
-37.7649498055183, 11.0254406195172, -12.1316818375594
-37.7649498055183, 10.3937103485437, -13.2729427035324
-37.7649498055183, 9.71772798460754, -14.3886394582893
-37.7649498055183, 9.00013975882774, -15.4780032909111
-37.7649498055183, 8.23390415048231, -16.5336639308764
-37.7649498055183, 7.4124910046986, -17.5469688453512
-37.7649498055183, 6.5466917985232, -18.5227123861755
-37.7649498055183, 5.64796978952614, -19.4682612828256
-37.7649498055183, 4.72586999165854, -20.3910673813961
-37.7649498055183, 3.79019206731623, -21.3001233329838
-37.7649498055183, 2.84706747469236, -22.2014576771249
-37.7649498055184, 1.89839293155318, -23.0969494693428
-37.7649498055183, 0.947839306351414, -23.9904484547752
-37.7649498055183, 0, -24.8868258005135
-35.2566198184838, 13.5355892100597, -4.37809585450507
-35.2566198184838, 13.1543351016893, -5.63319810824223
-35.2566198184838, 12.7359796857886, -6.87644188739407
-35.2566198184838, 12.2841744536357, -8.10792699351506
-35.2566198184838, 11.7985619422391, -9.32647004656158
-35.2566198184838, 11.2746726869424, -10.5290296162584
-35.2566198184838, 10.7024414795342, -11.7092982614285
-35.2566198184838, 10.0762404929425, -12.8618528841741
-35.2566198184838, 9.40823426522721, -13.9907555124888
-35.2566198184838, 8.70274436229208, -15.0965901565201
-35.2566198184838, 7.95284825743928, -16.1727709121529
-35.2566198184838, 7.15329717202662, -17.2125683541844
-35.2566198184838, 6.31167452512237, -18.2186901810503
-35.2566198184838, 5.43920555085366, -19.1982205302488
-35.2566198184838, 4.54473998544094, -20.1577361697264
-35.2566198184838, 3.6377479903444, -21.1054392987446
-35.2566198184838, 2.72671412887361, -22.0492633215057
-35.2566198184838, 1.81426522740237, -22.9917189669077
-35.2566198184838, 0.903138045992398, -23.9354486973782
-35.2566198184838, 8.88178419700125E-16, -24.8868258005135
-32.7382898314492, 13.2822875010001, -3.95142470448868
-32.7382898314492, 12.8834740467441, -5.20821864062282
-32.7382898314492, 12.4430725472269, -6.45107756778658
-32.7382898314492, 11.9677007321843, -7.68099648931341
-32.7382898314492, 11.4600864056782, -8.89796426663977
-32.7382898314492, 10.9197910836067, -10.1007726673834
-32.7382898314492, 10.3419315975695, -11.2859638390152
-32.7382898314492, 9.7202685718215, -12.4487694492106
-32.7382898314492, 9.06082511614248, -13.5906121902022
-32.7382898314492, 8.36788909002318, -14.7124259958949
-32.7382898314492, 7.63492782394602, -15.8084788357888
-32.7382898314492, 6.8579004519632, -16.8737296045197
-32.7382898314492, 6.0422424275395, -17.9097540577653
-32.7382898314492, 5.19852982132642, -18.9230903942976
-32.7382898314492, 4.33504596723291, -19.9196554442305
-32.7382898314492, 3.46036060926778, -20.9064191833375
-32.7382898314492, 2.58502324741282, -21.8926059719367
-32.7382898314492, 1.71438535934347, -22.8829443240343
-32.7382898314492, 0.849880095137631, -23.8786302906282
-32.7382898314492, 0, -24.8868258005135
-30.2199598444147, 12.984150099875, -3.53243239556865
-30.2199598444147, 12.569450279859, -4.79071001454452
-30.2199598444147, 12.108631758221, -6.03288010662768
-30.2199598444147, 11.6111814007071, -7.26085846604193
-30.2199598444147, 11.0826684748618, -8.4758010090305
-30.2199598444147, 10.5260424279027, -9.67812651718537
-30.2199598444147, 9.94109133144437, -10.8669198040449
-30.2199598444147, 9.32289947891891, -12.0387592438336
-30.2199598444147, 8.67270519725267, -13.1931651591177
-30.2199598444147, 7.99317767037699, -14.3305399194647
-30.2199598444147, 7.27842796301452, -15.446093640539
-30.2199598444147, 6.52515885700051, -16.5360005666307
-30.2199598444147, 5.73751507590605, -17.6013682308874
-30.2199598444147, 4.92530465952355, -18.6481487868027
-30.2199598444147, 4.09611052996311, -19.6815455412196
-30.2199598444147, 3.25787131185972, -20.7076287319957
-30.2199598444147, 2.42202486247684, -21.7356582582342
-30.2199598444147, 1.59829602730258, -22.7734171986188
-30.2199598444147, 0.78837307346055, -23.8219744560693
-30.2199598444147, 0, -24.8868258005135
-27.7016298573801, 12.6297966029432, -3.12513640489088
-27.7016298573801, 12.1999959231128, -4.38414075836776
-27.7016298573801, 11.7203332987982, -5.62505994273563
-27.7016298573801, 11.2028722636271, -6.85072622685329
-27.7016298573801, 10.6555956159112, -8.06338830914378
-27.7016298573801, 10.0841538533102, -9.2648615853096
-27.7016298573801, 9.4921131001629, -10.4563209290728
-27.7016298573801, 8.87692818534665, -11.6359877833075
-27.7016298573801, 8.23694713167563, -12.8023902826179
-27.7016298573801, 7.57237873896743, -13.9549528691932
-27.7016298573801, 6.8781544813528, -15.0898836231753
-27.7016298573801, 6.15139244430258, -16.204255280593
-27.7016298573801, 5.39511966084953, -17.298835867839
-27.7016298573801, 4.61792034825114, -18.3786752868254
-27.7016298573801, 3.82684404281448, -19.4484035237267
-27.7016298573801, 3.02999300144989, -20.5138425351471
-27.7016298573801, 2.23842892286072, -21.5832056749033
-27.7016298573801, 1.46622217508802, -22.6666044568782
-27.7016298573801, 0.719749565911508, -23.7678860173761
-27.7016298573801, 0, -24.8868258005135
-25.1832998703456, 12.201228404748, -2.73431669932907
-25.1832998703456, 11.7550728878872, -3.99208375669438
-25.1832998703456, 11.2578433764574, -5.23061305518748
-25.1832998703456, 10.7233492655058, -6.45355484407909
-25.1832998703456, 10.1611481291611, -7.66402775949564
-25.1832998703456, 9.57865772562966, -8.86488059269576
-25.1832998703456, 8.98203677797858, -10.0587812312877
-25.1832998703456, 8.37117192406108, -11.2454525067916
-25.1832998703456, 7.74326978984256, -12.4231949909358
-25.1832998703456, 7.09637887602825, -13.590608986068
-25.1832998703456, 6.426159913947, -14.7447786673573
-25.1832998703456, 5.73030146455608, -15.8836723450444
-25.1832998703456, 5.01062940630535, -17.0076791038037
-25.1832998703456, 4.27344053234477, -18.1202889587616
-25.1832998703455, 3.52577974258926, -19.2258974151551
-25.1832998703456, 2.7762542491203, -20.3302444092331
-25.1832998703456, 2.035268673987, -21.4403268992015
-25.1832998703456, 1.31905061141733, -22.5664943093826
-25.1832998703456, 0.644586812808951, -23.7181337535704
-25.1832998703456, 0, -24.8868258005135
-22.664969883311, 11.6809002598279, -2.36339873747666
-22.664969883311, 11.2136462784512, -3.61624068921666
-22.664969883311, 10.6994779505485, -4.85063002906188
-22.664969883311, 10.1520441697515, -6.07066004995511
-22.664969883311, 9.58095864852724, -7.27981578425407
-22.664969883311, 8.99400995295209, -8.48136112718494
-22.664969883311, 8.39837441618271, -9.67862864116658
-22.664969883311, 7.79564832959786, -10.8723411770732
-22.664969883311, 7.18315001877813, -12.0610665487385
-22.664969883311, 6.55773946814343, -13.2430450500074
-22.664969883311, 5.91588213872188, -14.4161688646983
-22.664969883311, 5.25588688971876, -15.5791849869139
-22.664969883311, 4.57876521265347, -16.7323172062457
-22.664969883311, 3.888223074651, -17.8774695058429
-22.664969883311, 3.19092129893421, -19.0185236945138
-22.664969883311, 2.49599254120051, -20.1610225258255
-22.664969883311, 1.81322236709076, -21.3108150271451
-22.664969883311, 1.15850598558202, -22.4767405831853
-22.664969883311, 0.56230602168755, -23.6735503495235
-22.664969883311, 0, -24.8868258005135
-20.1466398962764, 11.0614679291011, -2.01342996714146
-20.1466398962764, 10.565229662284, -3.25622901367557
-20.1466398962764, 10.0340773578739, -4.48454717195839
-20.1466398962764, 9.47856073582803, -5.7020574732237
-20.1466398962764, 8.90626353253274, -6.91177990592627
-20.1466398962764, 8.32354540358971, -8.11652204442939
-20.1466398962764, 7.73673437258622, -9.31927857502907
-20.1466398962764, 7.14788986286326, -10.5210405552647
-20.1466398962764, 6.55495227687151, -11.720787598994
-20.1466398962764, 5.95535649853201, -12.917219032109
-20.1466398962764, 5.34639604086206, -14.1089097319822
-20.1466398962764, 4.72686617810492, -15.2951397279411
-20.1466398962764, 4.09745105798715, -16.4761556447684
-20.1466398962764, 3.46023726059751, -17.6529840334404
-20.1466398962764, 2.82106578973415, -18.8287518500088
-20.1466398962764, 2.18895490638259, -20.0083245842448
-20.1466398962764, 1.57325287005289, -21.1965295712138
-20.1466398962764, 0.988440155301181, -22.4001733029973
-20.1466398962764, 0.473609310400536, -23.6351627474724
-20.1466398962764, 1.35193295937563E-08, -24.8868258005135
-17.6283099092419, 10.343583144366, -1.68387503943602
-17.6283099092419, 9.81279453933181, -2.91231935576409
-17.6283099092419, 9.26559693530166, -4.1335508711316
-17.6283099092419, 8.70707831272706, -5.34965052786923
-17.6283099092419, 8.1411170094851, -6.56230652819776
-17.6283099092419, 7.57115496336833, -7.77308838634809
-17.6283099092419, 7.00085188845926, -8.98370976735823
-17.6283099092419, 6.43184821229295, -10.1949424427957
-17.6283099092419, 5.86324758425768, -11.4063646052917
-17.6283099092419, 5.29372077178695, -12.617351296642
-17.6283099092419, 4.72189710260673, -13.8272550059495
-17.6283099092419, 4.14699854363222, -15.0357004133941
-17.6283099092419, 3.56922424712349, -16.2427740526186
-17.6283099092419, 2.99056783963143, -17.4494250617091
-17.6283099092419, 2.41635316326073, -18.6581930165155
-17.6283099092419, 1.8548639275446, -19.8729158738527
-17.6283099092419, 1.31508946722093, -21.0974227967529
-17.6283099092419, 0.811725543019432, -22.3372822849216
-17.6283099092419, 0.381014828173946, -23.6039901661487
-17.6283099092419, 6.68207581898348E-07, -24.8868258005135
-15.1099799222073, 9.51975665728281, -1.37621459454427
-15.1099799222073, 8.95916406854189, -2.59039195774372
-15.1099799222073, 8.40089788144764, -3.80564071707683
-15.1099799222073, 7.84503964882892, -5.02199275051388
-15.1099799222073, 7.29167122037679, -6.23947950055577
-15.1099799222073, 6.74087475221492, -7.45813195861399
-15.1099799222073, 6.19301100296334, -8.67810542010649
-15.1099799222073, 5.64915521628268, -9.89987066757822
-15.1099799222073, 5.109757885303, -11.1236106758511
-15.1099799222073, 4.57513936191395, -12.3494459017146
-15.1099799222073, 4.04519552598371, -13.5773093832141
-15.1099799222073, 3.51963026495938, -14.8070535739256
-15.1099799222073, 2.99819103559882, -16.0385526534862
-15.1099799222073, 2.48308211131638, -17.2727113103153
-15.1099799222073, 1.97959264003446, -18.5116487346203
-15.1099799222073, 1.49577683525582, -19.7583892525217
-15.1099799222073, 1.03993892235575, -21.0156053772002
-15.1099799222073, 0.62816706784242, -22.2878678037196
-15.1099799222073, 0.285898880185026, -23.5804523308518
-15.1099799222073, 5.98185187996478E-07, -24.8868258005135
-11.7743195878833, 8.2439382208334, -1.00676666590361
-11.9584335438188, 7.74149205877121, -2.23587270311719
-12.1367055528753, 7.25498854360593, -3.47224301895118
-12.3110960253608, 6.77907772437807, -4.71328474693408
-12.4827954651164, 6.31051072143095, -5.95749387043371
-12.6526977754216, 5.84684807671384, -7.2037864094098
-12.8215702481261, 5.38599585420187, -8.45126084656998
-12.9894644337449, 4.92781337277008, -9.6998502642662
-13.1561779731115, 4.47285286967885, -10.9497751972173
-13.3215112615609, 4.02165906516539, -12.2012480004259
-13.4856169470755, 3.57381538356926, -13.4540850413226
-13.6489418534407, 3.12810244477859, -14.7077836491026
-13.8121091020321, 2.68281975334737, -15.9616561404371
-13.9748045737584, 2.23882453887025, -17.2160459043599
-14.1356309842534, 1.7999299841319, -18.4724673538604
-14.2921773608793, 1.37271562267411, -19.733441044981
-14.4419733547616, 0.963923025523829, -21.0013076276674
-14.5795483646182, 0.588481439105722, -22.2807631486181
-14.6962841544495, 0.269909990906726, -23.5775063805543
-14.7951886738279, 1.51537171245895E-07, -24.8868258005135
-9.51944440537415, 7.25837525011429, -0.781723078848851
-9.82376893994615, 6.82143537063347, -2.02484703005561
-10.1172175848356, 6.40011076165273, -3.27596374400737
-10.4034492772043, 5.98914803285702, -4.53219374899699
-10.6847196851815, 5.5853085647842, -5.79185177006313
-10.9627581238851, 5.18610945956227, -7.05370586153096
-11.239103172118, 4.78934167270009, -8.31669855749504
-11.514038762027, 4.39459754308603, -9.58063264176478
-11.7873739552842, 4.00215121414434, -10.8456288687284
-12.0588560101714, 3.61236556472099, -12.111846192521
-12.3289047951406, 3.22463776050583, -13.3790017074887
-12.5986323407194, 2.83737118200405, -14.6463664638039
-12.8697411962683, 2.44812136080148, -15.9128287465314
-13.142277591602, 2.05682192154091, -17.1783525585223
-13.4143681581235, 1.66616258968331, -18.4441697632877
-13.6822429567276, 1.28155612874639, -19.7127332803666
-13.9420363294094, 0.908552732522749, -20.9864223267286
-14.1845401998619, 0.560373075965855, -22.2704510232996
-14.3944332521938, 0.2590150368621, -23.5718620382252
-14.5748347999625, 5.18868401300908E-08, -24.8868258005135
-7.87526709466696, 6.47921383143003, -0.629054247051517
-8.256699195282, 6.09778173081497, -1.88341120011427
-8.62554436505956, 5.72893656103741, -3.14528552934871
-8.98594318719294, 5.36853773890403, -4.41203577646423
-9.34044494905726, 5.01403597703971, -5.68211162250455
-9.69097834476767, 4.6635025813293, -6.95438966826893
-10.0392165086678, 4.3152644174292, -8.22792767683609
-10.3856334156911, 3.96884751040588, -9.50245933936892
-10.7303152028771, 3.62416572321983, -10.7779312761292
-11.0731781412469, 3.28130278485008, -12.0543832672013
-11.4149056325782, 2.93957529351873, -13.3314443024144
-11.7571579675206, 2.59732295857633, -14.6082239609438
-12.1027365396831, 2.25174438641387, -15.8832094299583
-12.4523781432021, 1.90210278289486, -17.155977507151
-12.8042358393757, 1.55024508672129, -18.4275251161223
-13.1536837192441, 1.20079720685287, -19.7003991157624
-13.4963478267654, 0.858133099331547, -20.9769504941518
-13.8205662848217, 0.533914641275272, -22.2630486606725
-14.1060942448656, 0.248386681231347, -23.5672784976156
-14.354480926097, 1.79002261392591E-08, -24.8866761916808
-6.43232897738217, 5.75231139930947, -0.502730241238464
-6.87291733941018, 5.42324519520149, -1.76817439281618
-7.3015646420854, 5.10309751780211, -3.03999876914875
-7.72199254349534, 4.78908873876574, -4.31609297608084
-8.13645771617021, 4.47953339672425, -5.59522348214728
-8.54658462267864, 4.17321821466618, -6.8765313662034
-8.95365863623342, 3.86918317430586, -8.15935489930188
-9.35835214284764, 3.5669260846367, -9.44335198727642
-9.76132646515559, 3.26595301765761, -10.7281910166475
-10.1629201966335, 2.96601108500484, -12.0137033173901
-10.5640850484854, 2.66638947354694, -13.2994242467294
-10.9668953840869, 2.36553888479848, -14.5843428485926
-11.3753142948683, 2.06049936891537, -15.8664981425469
-11.7911117421357, 1.74994897893167, -17.1449529669411
-12.2128280509116, 1.4349779154643, -18.4203868118789
-12.6351892634397, 1.11952518691438, -19.6954887141974
-13.0538332095115, 0.806848806692916, -20.9724961150543
-13.4554965545528, 0.506854881130103, -22.2579222781747
-13.8157141964613, 0.23781588171136, -23.5622640997745
-14.1341270522337, 3.94726636234781E-07, -24.8834477838732
-5.07342923596124, 5.02735552749857, -0.390176645123963
-5.5613892784001, 4.7498608245169, -1.66804625380157
-6.0402786600937, 4.47752445437078, -2.95045247648403
-6.51266040116093, 4.20888887044827, -4.23605013091785
-6.97982806440838, 3.94321844524796, -5.52416724142202
-7.44247958933351, 3.68011627226787, -6.81443994761193
-7.90100592241371, 3.41936002679453, -8.10665984836338
-8.35635937713178, 3.16040814410119, -9.4003646812673
-8.81017363791791, 2.90233157521599, -10.6947850786415
-9.26355243191988, 2.64450264899703, -11.989407702337
-9.71770810873352, 2.38623192253559, -13.2836694797941
-10.1749128177719, 2.12622726251814, -14.576508549674
-10.6403729816653, 1.86152786360047, -15.8654389099751
-11.1174358893347, 1.59023017863915, -17.148740768979
-11.6053246569722, 1.31277600844314, -18.4266492665845
-12.0982831166962, 1.0324387892731, -19.7019836434564
-12.5925294164635, 0.751369197041269, -20.9766579374562
-13.0741082341806, 0.477503389675654, -22.2576930854967
-13.5151193480919, 0.226707755970145, -23.5578504637518
-13.913773178379, 1.26970437508437E-06, -24.8758736191263
-3.74849094286057, 4.27354480781629, -0.285422984177336
-4.27471092472275, 4.04741701790373, -1.57802799307719
-4.79523571122591, 3.82373657317768, -2.87336365403999
-5.31193936621196, 3.60169814900333, -4.17051081274674
-5.82530118078639, 3.38109578391561, -5.46922889144503
-6.33484282957001, 3.16213502438669, -6.76972761980907
-6.83902954111918, 2.94547539397426, -8.07269594591479
-7.3390434898757, 2.73060888746563, -9.37756879195501
-7.83757485585881, 2.51637947794584, -10.6831138451142
-8.33760010820147, 2.3015081140486, -11.9879818067007
-8.84027979584511, 2.08549608349336, -13.2916405622498
-9.34774527537341, 1.86742749754463, -14.5930996153251
-9.86660866725487, 1.64446098901814, -15.8892153797093
-10.402317185786, 1.41425577540371, -17.1771814268879
-10.9555088086262, 1.17653770428767, -18.4563675522762
-11.5199306652622, 0.933993765595342, -19.7297360776294
-12.093267226079, 0.687618991086065, -20.9983773117645
-12.6616672114754, 0.443365566825818, -22.269625521035
-13.1955759319536, 0.213933764275238, -23.5584249664137
-13.69341930454, 2.65472202036287E-06, -24.8637672561553
-2.43212550720592, 3.46842001683387, -0.184465624174329
-2.99272955279388, 3.29231088964722, -1.49346369516336
-3.54661445869113, 3.11831252465661, -2.80560341969337
-4.09859428485056, 2.94491262471899, -4.1186255710154
-4.64960119830317, 2.7718183572665, -5.43209649008974
-5.19745254987491, 2.59971538349624, -6.74701639342088
-5.73915625649965, 2.42954364157204, -8.06472982311371
-6.27611112438293, 2.26086370808642, -9.38457923662526
-6.81314388100541, 2.09215930649717, -10.7043939115476
-7.35438133516615, 1.92213403393068, -12.0223193282901
-7.9010620650709, 1.7503988012812, -13.3377737027612
-8.45439003382031, 1.57657539349216, -14.6501686114183
-9.02298574026906, 1.39795575210205, -15.9553605306388
-9.61540959098413, 1.21185069614484, -17.24884096628
-10.234239167557, 1.01745049966884, -18.5286728423991
-10.8727163271512, 0.816878177385968, -19.7978689551483
-11.5314402150279, 0.60994551276476, -21.0556364795186
-12.1982089405649, 0.400485628888014, -22.3087542976835
-12.8445284374864, 0.197449701155485, -23.5735771254061
-13.4730654307248, 4.56124787253896E-06, -24.8469306970009
-1.16456864152212, 2.58214326015552, -0.0882408914802207
-1.73695918329867, 2.45987515081998, -1.42478975552525
-2.30671652046169, 2.3381695192441, -2.76251504750652
-2.87676215622206, 2.21640230432285, -4.10011221050653
-3.44990716767383, 2.09397303302881, -5.43632272626061
-4.02301104870698, 1.97155254758665, -6.77255194648465
-4.58918321843687, 1.85061274215867, -8.11186593959948
-5.15113873161603, 1.7305736550105, -9.45303762414888
-5.7153961941785, 1.61004284939682, -10.7931969935718
-6.28925677960559, 1.48746072463881, -12.1290835735355
-6.87128944889336, 1.36313296439236, -13.4612696545639
-7.46283781904927, 1.23677255917846, -14.7890609198967
-8.07450495660886, 1.10611459229457, -16.1072641619212
-8.71984408397722, 0.968263965450395, -17.4085350721182
-9.40373650891674, 0.822177984492842, -18.6890638051165
-10.1191228331812, 0.669364604591713, -19.9514831518163
-10.8717351839305, 0.508599388410649, -21.1910243995292
-11.6533966507118, 0.341629002444519, -22.4117030556126
-12.442500991017, 0.173068747311503, -23.6273566128864
-13.2527115569414, 7.00003838166798E-06, -24.8251538506008
-0.339034616390369, 1.56396396695381, -0.0256743503866958
-0.857812671413385, 1.5000445204345, -1.4120126940416
-1.36974202898301, 1.43696891252085, -2.80093573655685
-1.88015434129496, 1.37408022209971, -4.19042602463408
-2.39438737407244, 1.31072077480075, -5.57848402669194
-2.91757912349926, 1.24625751016758, -6.96313648728073
-3.45078774451369, 1.18056005129365, -8.34390493943059
-3.99606378918204, 1.11337574648744, -9.71987710318405
-4.55962797078957, 1.04393813204389, -11.0883365297041
-5.14370193226651, 0.971973475901498, -12.4480468707535
-5.74164752850547, 0.898299674185734, -13.8016258138653
-6.35357580689804, 0.822903044575727, -15.1488392660063
-6.99269919002743, 0.744155664050216, -16.4831314109987
-7.67997875022332, 0.659474886468347, -17.7928257245057
-8.42014819008562, 0.568277465011478, -19.0729516708161
-9.21013722857543, 0.470941693755014, -20.3224410871934
-10.0670156118304, 0.365364382876679, -21.5262176346362
-10.9839705779736, 0.252384943304186, -22.68437452445
-11.9635977245864, 0.131683567445085, -23.7888700196042
-13.0323576831987, 9.98074705745142E-06, -24.7982141296712
-0.0292828527432301, 0.508681190096631, -0.00221678416788551
-0.524425164933773, 0.488977280303601, -1.43951268158566
-1.00493983849315, 0.469855469161764, -2.88177742180273
-1.47396531161075, 0.451190864288761, -4.32782654078783
-1.93217827943585, 0.432956536981773, -5.77734344220247
-2.37779734758738, 0.415223376828148, -7.23078455215517
-2.80961410253378, 0.398039471964636, -8.68839529879717
-3.23302309246902, 0.381190149380324, -10.1484775861264
-3.65602177997527, 0.364357154550375, -11.6086781086282
-4.0954048687405, 0.346872151688652, -13.0640058440683
-4.57131651758004, 0.327933515326311, -14.5077273085473
-5.10488002955506, 0.306700655500021, -15.9310509385678
-5.71376225045062, 0.282470530019475, -17.3236577784315
-6.4051552196277, 0.25495693572387, -18.6771829914853
-7.16329327305292, 0.22478725834513, -19.9944592716587
-8.010857204698, 0.191058928445237, -21.2555395037248
-8.97698975918861, 0.152612226894785, -22.4280446864402
-10.0855424336853, 0.108497996780884, -23.4634520945391
-11.3943701066058, 0.0564146134835696, -24.2309375197584
-12.8120038095053, 1.3511399687939E-05, -24.7658762735851
