-283.735003537284, 13.5903078703762, -6.50468551169556
-283.735003537284, 13.5694348600867, -7.54280823993436
-283.735003537284, 13.4989524146619, -8.57866514819497
-283.735003537284, 13.359310293181, -9.60737446149546
-283.735003537284, 13.1335506361149, -10.6205620437203
-283.735003537284, 12.8134085455357, -11.6078866940286
-283.735003537284, 12.380879341525, -12.5511496078646
-283.735003537283, 11.8284227647811, -13.4294521515223
-283.735003537283, 11.1558886527398, -14.218933999081
-283.735003537283, 10.2989253918057, -14.7941220476067
-283.735003537284, 9.29667365059451, -15.057044445649
-283.735003537284, 8.26805251733919, -15.1983790674723
-283.735003537284, 7.23554044070876, -15.3086733406841
-283.735003537284, 6.2021989443163, -15.4109925549005
-283.735003537284, 5.16864195943382, -15.5111212588259
-283.735003537284, 4.13510613093266, -15.61146668642
-283.735003537284, 3.10172402069467, -15.7133810230436
-283.735003537284, 2.06844170895095, -15.8163030573053
-283.735003537284, 1.03463257425749, -15.9137565815206
-283.735003537284, 0, -16.0020481741287
-278.199403168122, 13.6215254564379, -6.62899062714568
-278.199403168122, 13.6013169118588, -7.6673448978601
-278.199403168122, 13.5276223298633, -8.70319152835123
-278.199403168122, 13.3814166426435, -9.73120399984164
-278.199403168122, 13.1476745062333, -10.7428198599391
-278.199403168122, 12.8173091348888, -11.7269543213734
-278.199403168122, 12.3694077437047, -12.6632263631121
-278.199403168122, 11.8062892089205, -13.5351935274533
-278.199403168122, 11.1363906131487, -14.3272521034084
-278.199403168122, 10.2737576259654, -14.8933320510983
-278.199403168122, 9.27227734275588, -15.1620876711546
-278.199403168122, 8.24637444616255, -15.3235276707149
-278.199403168122, 7.21632913111379, -15.4567210539679
-278.199403168122, 6.18556144409717, -15.5842504578302
-278.199403168122, 5.15465467444157, -15.7106522858523
-278.199403168122, 4.12384261752578, -15.8378248733499
-278.199403168122, 3.09327998126566, -15.9670004263583
-278.199403168122, 2.06280894567845, -16.0969027901877
-278.199403168122, 1.03180693057577, -16.222514930292
-278.199403168122, -1.77635683940025E-15, -16.3413223716002
-272.521864327956, 13.6520003617194, -6.74580945149463
-272.521864327956, 13.6316687343539, -7.78519140777283
-272.521864327956, 13.5543584606191, -8.82180236057972
-272.521864327956, 13.401588840922, -9.84989762088973
-272.521864327956, 13.1600195585777, -10.8607457572255
-272.521864327956, 12.8189149896733, -11.842252703677
-272.521864327956, 12.357076466696, -12.7728939562671
-272.521864327956, 11.7874234056201, -13.6420419790721
-272.521864327956, 11.1192631578221, -14.4367302816289
-272.521864327956, 10.2495617988594, -14.9938785551072
-272.521864327956, 9.24987457681259, -15.2744717714951
-272.521864327956, 8.22633348489505, -15.4563361274217
-272.521864327956, 7.19841503391324, -15.6121884050674
-272.521864327956, 6.16998623554724, -15.7646591191756
-272.521864327956, 5.14152690937566, -15.9169237011831
-272.521864327956, 4.11325566816505, -16.0704527986485
-272.521864327956, 3.08539146975959, -16.2266814965073
-272.521864327956, 2.05769714216918, -16.3840240640364
-272.521864327956, 1.02936769246098, -16.5371545790073
-272.521864327956, 0, -16.6831314806142
-266.84432548779, 13.6810842011052, -6.85477171668974
-266.84432548779, 13.6599015851182, -7.89582742631
-266.84432548779, 13.5786271480505, -8.93382658848136
-266.84432548779, 13.4193039394326, -9.96263504656514
-266.84432548779, 13.1700283009327, -10.9733616663121
-266.84432548779, 12.8181035724553, -11.9527982811985
-266.84432548779, 12.3444741524796, -12.8794473890182
-266.84432548779, 11.7718458938217, -13.7488388422477
-266.84432548779, 11.1030588031265, -14.5448721722992
-266.84432548779, 10.2267669460573, -15.0958704278056
-266.84432548779, 9.22967572325607, -15.3923441879807
-266.84432548779, 8.20809255662719, -15.5938884571811
-266.84432548779, 7.18197120245498, -15.7714503413477
-266.84432548779, 6.15560067758698, -15.9475749442979
-266.84432548779, 5.12932987446876, -16.1242795294461
-266.84432548779, 4.10338513805042, -16.3028658353299
-266.84432548779, 3.07807616731395, -16.4850648911111
-266.84432548779, 2.05316934340031, -16.6695157018663
-266.84432548779, 1.02738668683764, -16.8490142215574
-266.84432548779, 0, -17.0190910669532
-261.166786647625, 13.7089800846713, -6.95913056400212
-261.166786647625, 13.6863047683693, -8.00234334324863
-261.166786647625, 13.6006312238867, -9.04218046532482
-261.166786647625, 13.4345535764918, -10.0721356752194
-261.166786647625, 13.1774860633035, -11.08317332433
-261.166786647625, 12.8148317617358, -12.0609962213776
-261.166786647625, 12.3315092028628, -12.9851754058263
-261.166786647625, 11.7583434727476, -13.8569646269953
-261.166786647625, 11.0862171546784, -14.6526483279204
-261.166786647625, 10.2050536699577, -15.2016384576411
-261.166786647625, 9.21107450654849, -15.5160890338459
-261.166786647625, 8.19111387814929, -15.7363561638233
-261.166786647625, 7.16654328896502, -15.9345911341383
-261.166786647625, 6.14197135866648, -16.132822998887
-261.166786647625, 5.11764780444701, -16.3323332806649
-261.166786647625, 4.09384732951852, -16.5345082869004
-261.166786647625, 3.07096552365447, -16.7412775548044
-261.166786647625, 2.04861959971588, -16.9506861716917
-261.166786647625, 1.02526435376877, -17.1550879696025
-261.166786647625, -1.77635683940025E-15, -17.3496883660262
-255.489247807459, 13.7359150518004, -7.0623062473168
-255.489247807459, 13.7111833797796, -8.10799287043091
-255.489247807459, 13.6205277254351, -9.14993416423765
-255.489247807459, 13.4472518624537, -10.1812596447027
-255.489247807459, 13.1821569955141, -11.192832637901
-255.489247807459, 12.8089724328078, -12.16937437543
-255.489247807459, 12.317730914125, -13.0923147732207
-255.489247807459, 11.7453120161139, -13.9676914852661
-255.489247807459, 11.0676673850031, -14.7616209833455
-255.489247807459, 10.1839240074028, -15.3129602111275
-255.489247807459, 9.19327248688539, -15.6458490045466
-255.489247807459, 8.17471424432859, -15.8839033592325
-255.489247807459, 7.15153662523498, -16.1017189513334
-255.489247807459, 6.12853558374198, -16.3203610679527
-255.489247807459, 5.1059332630161, -16.5408615525058
-255.489247807459, 4.08408892435481, -16.7648439068423
-255.489247807459, 3.06349054694135, -16.9944345759129
-255.489247807459, 2.04336550628423, -17.2261256073442
-255.489247807459, 1.02247172678048, -17.45440060382
-255.489247807459, 8.07998767805664E-10, -17.6754897792137
-249.811708967293, 13.7620279608379, -7.16650223859543
-249.811708967293, 13.7347193845109, -8.21485453281852
-249.811708967293, 13.6383759309283, -9.25902391687904
-249.811708967293, 13.457322628135, -10.2917891496118
-249.811708967293, 13.1839263791074, -11.3039822875698
-249.811708967293, 12.8005071176782, -12.2794932368658
-249.811708967293, 12.3027942631006, -13.202159265856
-249.811708967293, 11.7315722166801, -14.0816139629741
-249.811708967293, 11.0471194665567, -14.8730153557497
-249.811708967293, 10.1631055317592, -15.4305155295517
-249.811708967293, 9.17577215270699, -15.7813409170848
-249.811708967293, 8.15852676170683, -16.0364789492464
-249.811708967293, 7.13664391358821, -16.2727824913594
-249.811708967293, 6.11499652617985, -16.5101014262197
-249.811708967293, 5.09389621924427, -16.7497626921203
-249.811708967293, 4.07381585907863, -16.9937251056691
-249.811708967293, 3.05523255161694, -17.243862099457
-249.811708967293, 2.03740296877177, -17.4970562241364
-249.811708967293, 1.01925366494271, -17.7489597334921
-249.811708967293, 2.47271867221057E-07, -17.996352717
-244.134170127127, 13.7872195558442, -7.27093610040642
-244.134170127127, 13.7567991657951, -8.32211214807985
-244.134170127127, 13.6541167756774, -9.36859924800314
-244.134170127127, 13.4648579891308, -10.4028600346745
-244.134170127127, 13.1829759386951, -11.4157462252969
-244.134170127127, 12.7898260344599, -12.3905438086919
-244.134170127127, 12.2871551206217, -13.3139329230134
-244.134170127128, 11.717023450001, -14.1975555259023
-244.134170127128, 11.0254366313519, -14.9864847439525
-244.134170127127, 10.1432675126862, -15.5533682875635
-244.134170127127, 9.15919032825843, -15.9215605559736
-244.134170127127, 8.14326970198246, -16.1934746575103
-244.134170127128, 7.12256329078368, -16.4472203260242
-244.134170127128, 6.10200110761642, -16.7015453428022
-244.134170127128, 5.08212169152966, -16.9585930448699
-244.134170127128, 4.06352073649445, -17.2206568572202
-244.134170127127, 3.04661837593019, -17.489235746698
-244.134170127127, 2.03089392070143, -17.7622410908717
-244.134170127127, 1.01557373024096, -18.0367478932231
-244.134170127127, 1.56708509039687E-06, -18.3103188862702
-238.456631286962, 13.8113593456119, -7.37441097188601
-238.456631286962, 13.7772787212089, -8.42854273135304
-238.456631286962, 13.6677178081241, -9.47741723186302
-238.456631286962, 13.4700253474557, -10.5132370282141
-238.456631286962, 13.1795401596929, -11.5268819991427
-238.456631286962, 12.7773769710112, -12.5013668231696
-238.456631286962, 12.2713851988855, -13.4265382434864
-238.456631286962, 11.7018052469755, -14.3141194361682
-238.456631286962, 11.0037805638287, -15.1015460746293
-238.456631286962, 10.1251186428088, -15.6801913924932
-238.456631286962, 9.14433580655606, -16.0655098175245
-238.456631286962, 8.12986196952632, -16.3542555838888
-238.456631286962, 7.11018586845516, -16.6244180492882
-238.456631286962, 6.09039585216834, -16.8941504891801
-238.456631286962, 5.07140881292761, -17.1668982665768
-238.456631286962, 4.05393752924366, -17.445243088767
-238.456631286962, 3.03832248224103, -17.7302865747087
-238.456631286962, 2.02441961828497, -18.021363990491
-238.456631286962, 1.01180157229818, -18.3168826587334
-238.456631286962, 4.86302823984022E-06, -18.6152020255805
-232.779092446796, 13.8343212551333, -7.47575168161234
-232.779092446796, 13.7960336886319, -8.53294009534019
-232.779092446796, 13.6792017705013, -9.58425288115649
-232.779092446796, 13.4730391926056, -10.6217016278751
-232.779092447111, 13.1738555723311, -11.6361498682552
-232.779092446602, 12.7635933432571, -12.6107964046373
-232.779092446331, 12.2560402572493, -13.5388522123145
-232.779092446796, 11.6862122936969, -14.4299995020113
-232.779092446796, 10.9831939284189, -15.2175204960337
-232.779092446796, 10.1092773397912, -15.8095548549994
-232.779092446796, 9.13205526673764, -16.2123052597635
-232.779092446796, 8.11926834660296, -16.5182261873245
-232.779092446796, 7.10045474646918, -16.803784794088
-232.779092446796, 6.0810957590863, -17.0873964570623
-232.779092446796, 5.06264198149975, -17.3742370032677
-232.779092446796, 4.04590327550356, -17.6670959649526
-232.779092446796, 3.03112095899688, -17.9666640446275
-232.779092446796, 2.01855313635107, -18.2736314225204
-232.779092446796, 1.00829536054514, -18.5881187274339
-232.779092446796, 1.10180180172138E-05, -18.90888123275
-227.09155360663, 13.8560228178109, -7.57397782895643
-227.09155360667, 13.8129960985359, -8.63429735382782
-227.091553606954, 13.6886677034088, -9.68809040741037
-227.091553607715, 13.4741452026524, -10.7272443568724
-227.091553605909, 13.1661805405018, -11.7425262006133
-227.09155360663, 12.749044794987, -12.7179452899198
-227.09155360663, 12.2415029131148, -13.6498594551344
-227.09155360663, 11.6706761909567, -14.544205823254
-227.09155360663, 10.9644648133909, -15.3336640029568
-227.09155360663, 10.096275267365, -15.9402528363883
-227.091553606658, 9.12321504886464, -16.3614201045001
-227.091553606852, 8.11247482858723, -16.685096988953
-227.091553606876, 7.09434149487222, -16.9850684121306
-227.091553607006, 6.07505852517788, -17.2811221706898
-227.091553606615, 5.05675913239028, -17.5805378806042
-227.091553606381, 4.04032134321648, -17.8862111551873
-227.09155360663, 3.02588668692871, -18.1984679803233
-227.09155360663, 2.01411189016152, -18.5192307974581
-227.09155360663, 1.00557260222641, -18.8500256602683
-227.09155360663, 2.08892905857312E-05, -19.1897994238639
-212.907706506216, 13.9048332989155, -7.79572201795643
-212.907706506216, 13.848195443644, -8.86408196150669
-212.907706506216, 13.7054047988157, -9.92430151312883
-212.907706506216, 13.4712870019269, -10.9681467479732
-212.907706506216, 13.1419174042856, -11.985831647032
-212.907706506216, 12.7149318473597, -12.9666797312047
-212.907706506216, 12.212710337186, -13.9114249705827
-212.907706506216, 11.6377769854485, -14.81328097355
-212.907706506216, 10.9316900134562, -15.615310020956
-212.907706506216, 10.0815180306019, -16.2620315189482
-212.907706506216, 9.12285750933794, -16.7350862522698
-212.907706506216, 8.11874687289524, -17.1046009473062
-212.907706506216, 7.10147208856667, -17.4366645717387
-212.907706506216, 6.08080309569901, -17.7581950136213
-212.907706506216, 5.06100355139269, -18.0824692002854
-212.907706506216, 4.04291949485442, -18.4120909283612
-212.907706506216, 3.02664778320626, -18.7472556701053
-212.907706506216, 2.01355897265964, -19.0919102268394
-212.907706506216, 1.00475919264641, -19.4489202653529
-212.907706506216, 5.40162677747966E-05, -19.8173040187388
-198.713859405801, 13.9481041132103, -7.96211852471012
-198.713859405801, 13.8772210820663, -9.03899040581441
-198.713859405801, 13.7184081869153, -10.1063823955222
-198.713859405772, 13.4678131796035, -11.156016684752
-198.713859403273, 13.1231463495264, -12.1785734414358
-198.713859408044, 12.6958684114065, -13.1696126971581
-198.713859408739, 12.2020084152399, -14.1292959281372
-198.713859406398, 11.6278737689751, -15.0427007982508
-198.713859405015, 10.9312482284169, -15.8657945508218
-198.713859405802, 10.103967666484, -16.5568212948083
-198.713859405801, 9.16605850821468, -17.0889499961054
-198.713859405801, 8.17069600728376, -17.5058905067185
-198.713859405801, 7.15356250668502, -17.8672704007137
-198.713859405801, 6.12932145806543, -18.2081241739612
-198.713859405801, 5.1042534362658, -18.5464959996006
-198.713859405801, 4.07954287363919, -18.8859481612846
-198.713859405801, 3.0557064488156, -19.228024883217
-198.713859405801, 2.0341115404262, -19.5767327218439
-198.713859405801, 1.01562362650735, -19.9344115698051
-198.713859405801, 6.45434449929866E-05, -20.3003280755378
-184.520012305387, 13.9859059973864, -8.02809364758602
-184.520012305387, 13.907217085152, -9.1151575072647
-184.520012305387, 13.7367397855015, -10.1915927431581
-184.520012305387, 13.474638798443, -11.2495009742423
-184.520012305387, 13.1254787492968, -12.2819524056953
-184.520012305387, 12.7033938156127, -13.2869161278867
-184.520012305387, 12.2206931901564, -14.2642540586103
-184.520012305387, 11.6558058539243, -15.195982081409
-184.520012305387, 10.9730111322642, -16.0446935130809
-184.520012305387, 10.1710326816448, -16.7814592683494
-184.520012305387, 9.25961945262196, -17.3776131473431
-184.520012305387, 8.27631971992884, -17.8472014421543
-184.520012305387, 7.25902812949657, -18.2388479996389
-184.520012305387, 6.22817735114231, -18.5935793910565
-184.520012305387, 5.192383925767, -18.9336687015906
-184.520012305387, 4.15425417701167, -19.2665681828695
-184.520012305387, 3.11542449416893, -19.5972800184453
-184.520012305387, 2.07666853101832, -19.9282233078999
-184.520012305387, 1.03815200942964, -20.2599171119036
-184.520012305387, 3.02568673929218E-05, -20.592844224983
-170.326165204973, 14.0123438364642, -7.91764637091042
-170.326165204973, 13.9475306072248, -9.01951730708522
-170.326165204973, 13.7697854952167, -10.1089408020779
-170.326165204973, 13.4989160141503, -11.1792340168298
-170.326165204973, 13.1554834520475, -12.2285103232191
-170.326165204973, 12.7451911664215, -13.2535399134026
-170.326165204973, 12.2728719340814, -14.2515173015211
-170.326165204973, 11.7177318761557, -15.2054523224914
-170.326165204973, 11.0493293180238, -16.0834863621355
-170.326165204973, 10.27037914694, -16.864966699743
-170.326165204973, 9.38696304637613, -17.5258665059295
-170.326165204973, 8.41941991310949, -18.056465313271
-170.326165204973, 7.39999237089944, -18.4801674914573
-170.326165204973, 6.35695988841507, -18.8425728452101
-170.326165204973, 5.30405409913117, -19.1753990990337
-170.326165204973, 4.2465296272935, -19.4932907699165
-170.326165204973, 3.18693238771322, -19.8042140802694
-170.326165204973, 2.12579601549146, -20.1098442344072
-170.326165204973, 1.06339260435798, -20.4110417305147
-170.326165204973, 2.73467043461746E-06, -20.7087387484394
-156.132316809526, 14.0286304379862, -7.62163038153052
-156.132317745313, 13.9814895237637, -8.73892960748349
-156.132318071984, 13.8010519254949, -9.84268502797256
-156.132318104558, 13.5186541022349, -10.9252087059256
-156.132318104558, 13.1747008303512, -11.9898819450035
-156.132318104558, 12.7716581033273, -13.0336009281778
-156.132318104558, 12.3043535432529, -14.0501434625722
-156.132318104558, 11.7591566366476, -15.0268043686824
-156.132318104558, 11.1068583477889, -15.9351499882119
-156.132318104558, 10.3457599125244, -16.7543569053195
-156.132318104558, 9.48109467904419, -17.4632569549259
-156.132318104558, 8.5294568536145, -18.0503995108738
-156.132318104558, 7.51291801051571, -18.5168929515821
-156.132318104558, 6.46114507089482, -18.8984005639627
-156.132318104558, 5.39417757839662, -19.2355042693364
-156.132318104558, 4.32013479674738, -19.5494368284587
-156.132318104558, 3.24269612339302, -19.8515365775788
-156.132318104558, 2.16310735809516, -20.1458660995829
-156.132318104558, 1.08202926403195, -20.4346812567861
-156.132318104558, 0, -20.719914753726
-141.938472910921, 14.0284618678583, -7.17252768889728
-141.938471580814, 13.9642650212492, -8.29962589450146
-141.938471071922, 13.7809558654096, -9.41349733561907
-141.938471004144, 13.4904632272398, -10.5045606615332
-141.938471004144, 13.1282620537561, -11.5741462238869
-141.938471004144, 12.7066315689122, -12.6217431818457
-141.938471004144, 12.226616789285, -13.6438927826236
-141.938471004144, 11.6883026569016, -14.6364672483955
-141.938471004144, 11.0557178942777, -15.5712910240176
-141.938471004144, 10.3127421857459, -16.4208768376393
-141.938471004144, 9.46330927966145, -17.1638253277809
-141.938471004144, 8.52483275237869, -17.7909541066828
-141.938471004144, 7.52267277781064, -18.3106953952933
-141.938471004144, 6.47978463929342, -18.7436326380561
-141.938471004144, 5.41557971649878, -19.1215851970813
-141.938471004144, 4.33982845997874, -19.4654414042405
-141.938471004144, 3.25800646461524, -19.7897718741554
-141.938471004144, 2.17327687040005, -20.1042556534944
-141.938471004144, 1.08689848529824, -20.4130021324777
-141.938471004144, 0, -20.719914753726
-127.74462390373, 13.9945027935266, -6.5563924399429
-127.744623903729, 13.8767755656094, -7.68781375170963
-127.744623903729, 13.6773275132844, -8.80766465423128
-127.744623903729, 13.3903056107483, -9.90829815711177
-127.744623903729, 13.0157771837386, -10.9823162404989
-127.74462390373, 12.5612496081505, -12.0251054846241
-127.74462390373, 12.050373573927, -13.0415782690496
-127.74462390373, 11.494933011197, -14.0344555100297
-127.74462390373, 10.8788182243479, -14.9904288505448
-127.744623903729, 10.1559975300246, -15.8680900376404
-127.744623903729, 9.33117784565389, -16.6507554784362
-127.744623903729, 8.4189446837572, -17.3296827480169
-127.74462390373, 7.44269083057992, -17.913227010934
-127.744623903729, 6.42284897818048, -18.4171016751522
-127.744623903729, 5.37604592800511, -18.8625919451082
-127.744623903729, 4.31285447635567, -19.26754379456
-127.744623903729, 3.23945679777464, -19.6447044567484
-127.744623903729, 2.16111539230242, -20.0075408689764
-127.744623903729, 1.08094681124958, -20.3649076888641
-127.744623903729, 0, -20.719914753726
-113.550776803315, 13.9103762142537, -5.79529461453119
-113.550776803315, 13.7219731135839, -6.92676406589768
-113.550776803315, 13.4814209990597, -8.0482762933133
-113.550776803315, 13.1794016351675, -9.15475506078087
-113.550776803315, 12.7998674048601, -10.2369564469875
-113.550776803315, 12.3303269942059, -11.2832465738458
-113.550776803315, 11.7953576337516, -12.2978978952108
-113.550776803315, 11.2188766429557, -13.2895730040096
-113.550776803315, 10.6026961050138, -14.2570345405185
-113.550776803315, 9.90945988577035, -15.1702348065145
-113.550776803315, 9.11344569298132, -15.9954037184428
-113.550776803315, 8.23500760566442, -16.7324015144589
-113.550776803315, 7.29187524322158, -17.3848273807037
-113.550776803315, 6.30308790248663, -17.9660086554441
-113.550776803315, 5.28361107800106, -18.4917078933686
-113.550776803315, 4.24443443281287, -18.9774165675991
-113.550776803315, 3.19172205695606, -19.4331189203997
-113.550776803315, 2.13091923990519, -19.8697008480049
-113.550776803315, 1.06623497371099, -20.2967494137725
-113.550776803315, 0, -20.719914753726
-99.3569297029007, 13.7418971077013, -4.9244901324187
-99.3569297029007, 13.4851079854461, -6.05283520549296
-99.3569297029007, 13.1866049900773, -7.17085786169001
-99.3569297029007, 12.8411689326782, -8.2752501494527
-99.3569297029012, 12.4380833211231, -9.3598531111687
-99.3569297048962, 11.9620885705246, -10.4144009171371
-99.3569297158508, 11.4182861038659, -11.4357855227947
-99.3569297013652, 10.8360335492486, -12.4358414894612
-99.3569296907475, 10.2174904717851, -13.4138291568858
-99.3569296988919, 9.54757361623355, -14.3571573403912
-99.3569297029264, 8.79325525140397, -15.2340722973602
-99.3569297047688, 7.95540837046996, -16.0317840278244
-99.3569297029006, 7.05314493602815, -16.7559921789811
-99.3569297029007, 6.10253156728278, -17.4156723682149
-99.3569297029007, 5.11944760209468, -18.0260730274672
-99.3569297029007, 4.11529993543861, -18.6012619520818
-99.3569297029007, 3.09684917704588, -19.1507632595054
-99.3569297029007, 2.06883927761836, -19.6821964841157
-99.3569297029007, 1.03552605740487, -20.2032596749118
-99.3569297029007, 0, -20.719914753726
-85.1530826024863, 13.4443212057388, -4.01507523625532
-85.1530826024863, 13.1348231285232, -5.13868071914404
-85.1530826024863, 12.7777880256746, -6.24810451940359
-85.1530826024863, 12.3747422692095, -7.34165319957646
-85.1530826024864, 11.9254585968203, -8.41702388003007
-85.1530826024863, 11.4277897473033, -9.47085416552543
-85.1530826024863, 10.8793488715936, -10.4991843767997
-85.1530826024863, 10.2940441403048, -11.5070713975559
-85.1530826024863, 9.68153073677855, -12.4986381128042
-85.1530826024863, 9.02865297009198, -13.4640035807814
-85.1530826024863, 8.31328698625665, -14.3838051496817
-85.1530826024863, 7.52500260244108, -15.2419284810985
-85.1530826024863, 6.67501817935727, -16.039096915728
-85.1530826024863, 5.77609278510273, -16.7807574128517
-85.1530826024863, 4.84262611672326, -17.4785843952328
-85.1530826024863, 3.88811372667401, -18.1474176351873
-85.1530826024863, 2.92185596150393, -18.7991979743638
-85.1530826024863, 1.94853542501313, -19.4403949345978
-85.1530826024863, 0.9734468770514, -20.0789050237387
-85.1530826024863, 0, -20.719914753726
-79.4855437623206, 13.28081734905, -3.65368026731494
-79.4855437623206, 12.9545214094358, -4.77520699544973
-79.4855437623206, 12.5759763807819, -5.88020917191401
-79.4855437623206, 12.1493992416869, -6.96758570605903
-79.4855437623205, 11.6786143123643, -8.03657682999118
-79.4855437623205, 11.1669327631115, -9.08661412665371
-79.4855437623205, 10.6143865548145, -10.1157286449717
-79.4855437623205, 10.0282131006649, -11.1261186859706
-79.4855437623206, 9.41789360526843, -12.1221027662874
-79.4855437623205, 8.77233456671927, -13.0955356252422
-79.4855437623205, 8.070460671486, -14.0290042882953
-79.4855437623205, 7.3014724218027, -14.9079868861057
-79.4855437623205, 6.4746003281552, -15.7328374320995
-79.4855437623205, 5.60032568714338, -16.5073525242152
-79.4855437623206, 4.69131028799651, -17.2408980512245
-79.4855437623206, 3.76133268119118, -17.947758534216
-79.4855437623206, 2.82152545704297, -18.6415262090208
-79.4855437623206, 1.87781616687888, -19.329982077964
-79.4855437623206, 0.935907337286699, -20.0208936817861
-79.4855437623205, 0, -20.719914753726
-73.8080049221548, 13.086484245092, -3.29574075725191
-73.8080049221548, 12.7440867423044, -4.41475651961566
-73.8080049221548, 12.3449058033633, -5.51482083217823
-73.8080049221548, 11.8956078920042, -6.59541215193065
-73.8080049221548, 11.4035719359948, -7.657252555777
-73.8080049221548, 10.8764550018649, -8.70214685720971
-73.8080049221548, 10.318126560464, -9.73069828032155
-73.8080049221548, 9.73126863430757, -10.7432654531942
-73.8080049221548, 9.12300696320559, -11.7431230955176
-73.8080049221548, 8.48466232052794, -12.7239888922388
-73.8080049221548, 7.7963658497611, -13.6703182500467
-73.8080049221548, 7.04590327811775, -14.5681184625232
-73.8080049221549, 6.24224363707806, -15.4187220769317
-73.8080049221549, 5.39431105122477, -16.2252517597566
-73.8080049221548, 4.51259082231809, -16.9947850622307
-73.8080049221548, 3.61013438505406, -17.7399632627293
-73.8080049221548, 2.70003260144918, -18.4758107049044
-73.8080049221548, 1.79100294434925, -19.2129815074552
-73.8080049221548, 0.889234239126677, -19.9589963375877
-73.8080049221548, 0, -20.719914753726
-68.1304660819891, 12.8554741454189, -2.94460166401264
-68.130466081989, 12.4961815898896, -4.06011726917363
-68.130466081989, 12.0767273418812, -5.15446642838767
-68.130466081989, 11.6059845789726, -6.2277931032544
-68.130466081989, 11.094153237329, -7.28218346496982
-68.130466081989, 10.5519007393834, -8.32128832808611
-68.130466081989, 9.98682518694897, -9.34816451841648
-68.1304660819891, 9.39949027293233, -10.3624785539818
-68.1304660819891, 8.79350994768161, -11.3657675140077
-68.1304660819891, 8.16227143267781, -12.3533180727721
-68.1304660819891, 7.48802610378786, -13.3118946122492
-68.1304660819891, 6.75652893981175, -14.2274876531504
-68.1304660819891, 5.9756363024242, -15.1014365839503
-68.1304660819891, 5.15526468165788, -15.9384645566065
-68.1304660819891, 4.30362546588025, -16.7437192248728
-68.1304660819891, 3.43228174213093, -17.5276644479851
-68.130466081989, 2.55545157755156, -18.3054883143833
-68.130466081989, 1.68618465316749, -19.0917393733363
-68.130466081989, 0.832546167154485, -19.894896803708
-68.1304660819891, 0, -20.719914753726
-62.4529272418233, 12.5776131510621, -2.60409770926754
-62.4529272418233, 12.1985737810579, -3.71409582166015
-62.4529272418233, 11.7583645107277, -4.8013320146857
-62.4529272418233, 11.2678321709823, -5.86686010055647
-62.4529272418233, 10.7389589255842, -6.91393023451985
-62.4529272418233, 10.1839176501654, -7.94739897334276
-62.4529272418233, 9.612691172693, -8.97201901249523
-62.4529272418233, 9.02547894789525, -9.98756043595063
-62.4529272418233, 8.4227082791022, -10.9939453678983
-62.4529272418233, 7.79891066368581, -11.9874059811328
-62.4529272418233, 7.1394980796493, -12.9575033232116
-62.4529272418233, 6.42870900212632, -13.8905528529099
-62.4529272418233, 5.67146268149537, -14.7863984314432
-62.4529272418233, 4.87967966468486, -15.651902534103
-62.4529272418233, 4.06091184147483, -16.4919693056989
-62.4529272418233, 3.22529789307688, -17.3153154277097
-62.4529272418233, 2.38650302232101, -18.1354308588035
-62.4529272418233, 1.56213620690699, -18.9699975648715
-62.4529272418233, 0.765746804922378, -19.8312601600714
-62.4529272418233, 0, -20.719914753726
-56.7753884016575, 12.2343497046834, -2.27847270733166
-56.7753884016575, 11.8309750984427, -3.37958988162394
-56.7753884016575, 11.3693391189469, -4.45763532803784
-56.7753884016575, 10.8616159773872, -5.51480726101067
-56.7753884016575, 10.3201234103051, -6.55512621813915
-56.7753884016575, 9.756877391004, -7.58385642806267
-56.7753884016576, 9.18234478711286, -8.60633419115754
-56.7753884016576, 8.59705539227841, -9.62269023885473
-56.7753884016576, 7.99939944267808, -10.6318221645723
-56.7753884016576, 7.38461557855037, -11.6305939895926
-56.7753884016575, 6.74121237841857, -12.6111195114451
-56.7753884016575, 6.05415021770959, -13.5614995587779
-56.7753884016575, 5.32401951339633, -14.4792591136742
-56.7753884016575, 4.56302579642589, -15.3716399503845
-56.7753884016575, 3.78028878054005, -16.245048611562
-56.7753884016576, 2.98604713349353, -17.1080268119966
-56.7753884016576, 2.19200884975472, -17.97118903942
-56.7753884016576, 1.41837431853899, -18.8525940675015
-56.7753884016576, 0.688646566916588, -19.7705982945495
-56.7753884016575, 0, -20.719914753726
-51.0978495614918, 11.8033321321356, -1.97028202317275
-51.0978495614918, 11.3711101298711, -3.05833116493421
-51.0978495614918, 10.8887216162474, -4.12513978969465
-51.0978495614918, 10.3680333042211, -5.17382791742938
-51.0978495614918, 9.81996478297007, -6.20849839305732
-51.0978495614918, 9.25477955352226, -7.23393668265412
-51.0978495614918, 8.68169472705529, -8.25498700442337
-51.0978495614918, 8.10153846142761, -9.27203440602196
-51.0978495614918, 7.51200515186138, -10.283672791193
-51.0978495614918, 6.90896041596287, -11.2873049959496
-51.0978495614918, 6.2836665811845, -12.2771985808774
-51.0978495614918, 5.6234812045305, -13.2441207655822
-51.0978495614918, 4.92571282372975, -14.1843041816103
-51.0978495614918, 4.20021690203298, -15.1033043777173
-51.0978495614918, 3.45804024449926, -16.0089170998168
-51.0978495614918, 2.71143765880951, -16.9108919908178
-51.0978495614918, 1.97058198124455, -17.8175794376047
-51.0978495614918, 1.25531232900554, -18.7444709617915
-51.0978495614918, 0.600450447174993, -19.7147918384782
-51.0978495614918, 0, -20.719914753726
-45.420310721326, 11.2705550569828, -1.67988766340895
-45.420310721326, 10.8065907041938, -2.75086152965918
-45.420310721326, 10.3059313010638, -3.80521363639987
-45.420310721326, 9.77777141984335, -4.84608415600344
-45.420310721326, 9.22998908598349, -5.87677755480952
-45.420310721326, 8.66979199474488, -6.90078544658734
-45.420310721326, 8.10378911317151, -7.9215990928501
-45.420310721326, 7.53274324819504, -8.93959923143265
-45.420310721326, 6.9547603237205, -9.95367539708463
-45.420310721326, 6.36680893876023, -10.9619991011113
-45.420310721326, 5.76242943785853, -11.9605472132536
-45.420310721326, 5.13192118307778, -12.942773866487
-45.420310721326, 4.47124333206055, -13.9049742800628
-45.420310721326, 3.78736642731869, -14.8508561929221
-45.420310721326, 3.0923792666372, -15.7886258612268
-45.420310721326, 2.40030668076897, -16.728544770849
-45.420310721326, 1.72202908746864, -17.6784436019385
-45.420310721326, 1.07581181812595, -18.6503266669643
-45.420310721326, 0.501841626436456, -19.6662383151965
-45.420310721326, 4.329514226952E-08, -20.719914753726
-39.7427718811603, 10.6310704241307, -1.40657498438466
-39.7427718811603, 10.1368941564864, -2.45849315701628
-39.7427718811603, 9.62233623794653, -3.50060402462497
-39.7427718811603, 9.09236628275126, -4.53496885809732
-39.7427718811603, 8.55101755634931, -5.56342846128311
-39.7427718811603, 8.00186437129168, -6.58774496941364
-39.7427718811603, 7.44810096476099, -7.60957729652431
-39.7427718811603, 6.89017612687797, -8.62914333589748
-39.7427718811603, 6.32723423410116, -9.64594747314526
-39.7427718811603, 5.75783344388159, -10.6591468201601
-39.7427718811603, 5.17756411498081, -11.6661540811365
-39.7427718811603, 4.57943672732667, -12.6626414091449
-39.7427718811603, 3.95957453085986, -13.6457587165943
-39.7427718811603, 3.32362788899763, -14.6185659561175
-39.7427718811603, 2.68320721109843, -15.5884407283061
-39.7427718811603, 2.05347356646069, -16.5652708112082
-39.7427718811603, 1.4471538047624, -17.556766754199
-39.7427718811603, 0.88300708230357, -18.5727393664323
-39.7427718811603, 0.396775101417012, -19.6279231442331
-39.7427718811603, 2.13808173649647E-06, -20.719914753726
-34.0652330409945, 9.87421464912516, -1.15198637159489
-34.0652330409945, 9.35861706758537, -2.18667258337287
-34.0652330409945, 8.83703520038552, -3.21835583825399
-34.0652330409945, 8.31065873695742, -4.24760169930824
-34.0652330409945, 7.78024814464972, -5.27477485455038
-34.0652330409945, 7.24628794688825, -6.3001072490162
-34.0652330409945, 6.70887365507959, -7.32363322186607
-34.0652330409945, 6.16799170713863, -8.34533130413746
-34.0652330409945, 5.62403710951987, -9.36539684987711
-34.0652330409945, 5.07727141690712, -10.3839581750009
-34.0652330409945, 4.52532168610834, -11.3997176744888
-34.0652330409945, 3.96372946597061, -12.4101722624696
-34.0652330409945, 3.38967474148929, -13.4136006455365
-34.0652330409945, 2.80865237147145, -14.4130171200719
-34.0652330409945, 2.23177170252894, -15.4148236902255
-34.0652330409945, 1.67419305409857, -16.4274676852931
-34.0652330409945, 1.15003377884595, -17.4577572102289
-34.0652330409945, 0.679457887400994, -18.5134734751707
-34.0652330409945, 0.289389521824419, -19.6013388824495
-34.0652330409945, 1.8644940565594E-06, -20.719914753726
-29.9674975883369, 9.2459544560848, -0.981394610487713
-30.1488020639825, 8.75117535316475, -2.01839993038881
-30.3297306770233, 8.25742197761163, -3.05595975965216
-30.5106866720523, 7.76359387673513, -4.09347951396201
-30.6920373841652, 7.26868859470257, -5.13041654310053
-30.8741831611585, 6.77161358416847, -6.16617562614282
-31.057575722743, 6.27113610406257, -7.20007335738144
-31.2423242806239, 5.76695811613049, -8.23193063885741
-31.428157173569, 5.25982098265905, -9.26214192965074
-31.6147589802508, 4.75058548704032, -10.291178462137
-31.802998712465, 4.23688009997112, -11.3176898694539
-31.9942671645882, 3.71490934982035, -12.3394570422788
-32.189513907666, 3.18208186145229, -13.3548478806039
-32.3872763059204, 2.64238916136212, -14.3661235835112
-32.58409616075, 2.10526865806108, -15.3789468623203
-32.7750782687243, 1.5840793398116, -16.4011419705542
-32.9555654379989, 1.09153066232157, -17.4392760468199
-33.1185841409053, 0.646653351399907, -18.5014228138516
-33.2546800584381, 0.27524820131649, -19.5949534372806
-33.3555406859732, 4.64384511590098E-07, -20.719914753726
-26.7938484264598, 8.70780926138406, -0.857527285828443
-27.120158835264, 8.23930273463703, -1.89878832447695
-27.4443049319883, 7.77390366112466, -2.9421175987927
-27.7673767079727, 7.3100470645449, -3.98646688197977
-28.0904672718513, 6.84616349288009, -5.03079836473639
-28.4146697032524, 6.38068353575788, -6.07407403135269
-28.7411318172035, 5.91195919539059, -7.11518934557168
-29.0700974429665, 5.43964038916494, -8.15388995201532
-29.4010162042833, 4.96451733051623, -9.19068971958007
-29.7332413901543, 4.48751854736154, -10.2262096910582
-30.0681308462396, 4.00669448634029, -11.2590970139434
-30.4079579678685, 3.51878107581717, -12.2870316145172
-30.7544556330337, 3.02129030245384, -13.3081247000433
-31.1056256153452, 2.51709115871978, -14.3243256136749
-31.456140445233, 2.01383266284201, -15.3412164227283
-31.7981246821005, 1.52282213208945, -16.3669381836628
-32.1237783902417, 1.05525847611343, -17.4087590814751
-32.4208870744499, 0.6286788943744, -18.4762458716785
-32.6718401283612, 0.268368158056183, -19.5792040486882
-32.8587560374591, 1.58658138973027E-07, -20.719914753726
-24.1383731399041, 8.22359824904071, -0.759176094794729
-24.5802068362153, 7.78176455272951, -1.80509791390662
-25.0188338528237, 7.34313753612107, -2.85371668615902
-25.4557481224119, 6.90622326653293, -3.90376508777144
-25.8924495260735, 6.46952186287125, -4.95399064225167
-26.3304387424913, 6.0315326464535, -6.00314266732358
-26.7713161422489, 5.59065524669595, -7.0498715254507
-27.2154672919169, 5.14650409702791, -8.09382920193671
-27.6621987401179, 4.69977264882686, -9.13558297355188
-28.1106592986052, 4.25131209033958, -10.1758499423859
-28.5624515184403, 3.79951987050453, -11.2132276441138
-29.0203231095301, 3.34164827941475, -12.2452569043434
-29.4865588947986, 2.8754124941462, -13.2697673214371
-29.9591438345761, 2.40282755436872, -14.28844936737
-30.4319544577424, 1.9300169312024, -15.3069216678694
-30.8955183965751, 1.46645299236971, -16.3338388419418
-31.3400864547748, 1.02188493417004, -17.377374979715
-31.7497530468354, 0.612218342109389, -18.4489493032097
-32.0998907345506, 0.262080654394207, -19.5616785697448
-32.3619713889448, 1.23050113700193E-08, -20.7198444888945
-21.5306422629835, 7.71865445270731, -0.667038908212357
-22.0828070095988, 7.30625418781019, -1.71884426290333
-22.63164449619, 6.89633898361956, -2.77335992373695
-23.1787342732189, 6.48772910703426, -3.8292898963384
-23.7256621121024, 6.0792401786523, -4.88535059136043
-24.2740144134678, 5.66968734912772, -5.94025952465501
-24.8255778939839, 5.25773615726557, -6.99255651159263
-25.3809104347342, 4.84296993338895, -8.0417610064886
-25.939354884757, 4.42587948976416, -9.08838936902546
-26.5000187305502, 4.00713142600116, -10.1331680382115
-27.0646510246972, 3.58541941142023, -11.1746099343518
-27.6362492305865, 3.15850470350298, -12.2101112809177
-28.2175321703058, 2.72435667107272, -13.2371769164463
-28.8067797679681, 2.28426000272229, -14.2571541208936
-29.3976968135293, 1.84291645876107, -15.2756278270076
-29.9799897743412, 1.4080140627668, -16.3017913720744
-30.5426582914013, 0.987768752092245, -17.3448282682538
-31.0670217087385, 0.596132716764407, -18.4183402113562
-31.5215484690071, 0.256656215436438, -19.5400403968461
-31.8651867404312, 3.76891368788832E-07, -20.7177093709583
-18.7855677197013, 7.15564714957739, -0.574635704227084
-19.4517982574272, 6.77677300189194, -1.63437387717142
-20.1156120624763, 6.39927320960042, -2.69611769359213
-20.7783009470182, 6.02241314075932, -3.75879130797398
-21.4411600754546, 5.64545625706694, -4.82132436151322
-22.1054841218673, 5.26766629905829, -5.8826456514524
-22.772937544877, 4.88809671699484, -6.94136439415374
-23.4443308569248, 4.50628658602716, -7.99678134985504
-24.1193287732706, 4.12242657697098, -9.04915136572129
-24.7972556257834, 3.73690093097525, -10.0990268963841
-25.4799676463977, 3.34865404003001, -11.1447883876879
-26.1705261892397, 2.95594496332029, -12.1837051904812
-26.8719923325648, 2.55703291691419, -13.2129018615113
-27.5832137836279, 2.15257319039532, -14.23320658915
-28.2982710102813, 1.74593212254614, -15.2499617188987
-29.0067314753364, 1.34304252252449, -16.2727962832443
-29.6970472939971, 0.950471478991157, -17.311881567668
-30.3488554068904, 0.579799122737652, -18.3831907155909
-30.9240191562005, 0.252713132288671, -19.5106929610979
-31.3684020919216, 1.25589196848175E-06, -20.7124980808712
-15.7551993626961, 6.49584266999444, -0.477973310112647
-16.5466205358962, 6.15575235234357, -1.5493090690732
-17.3374914315136, 5.81589850053949, -2.62112667495465
-18.1283946920373, 5.47603074085474, -3.69291573283991
-18.919913367873, 5.13589852427138, -4.76416639941227
-19.7126295121056, 4.79525173034128, -5.83436747592494
-20.5077427935231, 4.45357483616329, -6.90245912952276
-21.3065021845393, 4.11033113203176, -7.9673227681851
-22.1093860407612, 3.76531505848504, -9.02850520769078
-22.9166250230781, 3.41842749568933, -10.085766011643
-23.7295945995724, 3.06907737609058, -11.1378100754976
-24.5514921142854, 2.71589073373054, -12.181597384931
-25.385938947276, 2.35731138545879, -13.213517077237
-26.2323840468869, 1.99357612975836, -14.2338005922188
-27.0857683019222, 1.62685897307719, -15.2472216701933
-27.9361550307164, 1.26142991644444, -16.2636169219375
-28.7722638641785, 0.90213637162678, -17.2939196839803
-29.5733867491593, 0.557877024446536, -18.3564591607688
-30.2959519479026, 0.247375566707645, -19.4832715984172
-30.8716174434192, 2.66039752360123E-06, -20.7040683661543
-12.2779841356359, 5.68497542479749, -0.373792437827601
-13.2137949752233, 5.39099818458919, -1.46210410303196
-14.1518717404121, 5.0963091225825, -2.54827072825906
-15.0911871050786, 4.80123096478767, -3.63326084242798
-16.0307638625967, 4.50607069258906, -4.71800230475516
-16.9704496019998, 4.21087618463211, -5.80263995592648
-17.9108024349616, 3.91547211474759, -6.88664221691325
-18.8537426345265, 3.6192552450309, -7.96817129803848
-19.8014642808144, 3.32153632334775, -9.04509721451121
-20.755612303562, 3.02179860861771, -10.1157692474594
-21.7177033863603, 2.71956564722699, -11.17860021469
-22.6908316436684, 2.413865448693, -12.2303253392799
-23.6787203388834, 2.10352838059459, -13.2668142052163
-24.6818812079904, 1.78839368530187, -14.2870630767997
-25.6964973201789, 1.46966042007966, -15.2948033216263
-26.7137733206454, 1.15009157294052, -16.2995978498463
-27.7233852871582, 0.832930318719995, -17.3128333828613
-28.7062205610356, 0.524180741165191, -18.3544301075139
-29.6162739895987, 0.238294978729462, -19.4657830822471
-30.3748327949278, 4.60091760073595E-06, -20.6922677025035
-8.22493126345201, 4.62531343421403, -0.257276638648553
-9.32334426248304, 4.39068188309813, -1.37896656619253
-10.4280204729219, 4.15471244995708, -2.49420898551374
-11.5364938558412, 3.91793190435676, -3.60550632028669
-12.6463249123432, 3.68086134665818, -4.71538639761416
-13.7550623012122, 3.444024406855, -5.82640834238388
-14.8607209847585, 3.20784510803564, -6.94063392874654
-15.9669629985499, 2.97154120428138, -8.05425349822826
-17.0791576823573, 2.73396575312158, -9.16165051242991
-18.2017086602959, 2.49417809821148, -10.2580623397348
-19.3365064061395, 2.2517744162221, -11.3412070795033
-20.4865214186584, 2.00612018012701, -12.4074259057881
-21.6556697011426, 1.75637889406634, -13.4516465409179
-22.8457508241136, 1.50216615251762, -14.4708394558824
-24.0543331534705, 1.24400137584577, -15.4670260870777
-25.2736358461187, 0.983546626759393, -16.4494803053849
-26.4957638894151, 0.722488355677535, -17.4282609824878
-27.7040181228887, 0.464393663433055, -18.4247803229768
-28.8561811705494, 0.218280586430565, -19.4880460101152
-29.8780481464511, 7.08706369646495E-06, -20.6769324454451
-3.64377339590324, 3.17115596194651, -0.119548029655636
-4.91058505564646, 3.0150701380552, -1.31159968369556
-6.18553563412423, 2.85798150539867, -2.49481174580064
-7.46703557868787, 2.70008591521723, -3.67082056186382
-8.75207250204901, 2.54175452840774, -4.84290743072719
-10.0351919610154, 2.38365939535194, -6.01712177202691
-11.3111772629061, 2.22644327282336, -7.19920324433833
-12.5863926445492, 2.06932201335929, -8.38212861627325
-13.8707448653405, 1.9110749898124, -9.55495660790847
-15.1736180015636, 1.75054597563009, -10.7068450428013
-16.4982878152183, 1.58733135910993, -11.833201464248
-17.848144582561, 1.42101341907089, -12.9287535933496
-19.2286280050492, 1.25092192148312, -13.9848096915777
-20.6430643778939, 1.07664702836913, -14.9942143371481
-22.0872309116667, 0.898709036145499, -15.9599850980362
-23.5540865608942, 0.717975482914943, -16.8904258347232
-25.0393774780161, 0.534970491814494, -17.7907178658605
-26.525179270004, 0.351902555031668, -18.6901504079366
-27.9855759190034, 0.171964825208913, -19.6307359842281
-29.3812634979931, 1.01271290002981E-05, -20.657886952458
-0.353719398822023, 1.13536552360588, -0.0119579107157109
-1.62663901530062, 1.08471040349322, -1.41296467280816
-2.90931064180109, 1.03366720762731, -2.80503870486029
-4.19776795432523, 0.982393773640574, -4.19175346641917
-5.48806204214982, 0.931047246213952, -5.57675721397799
-6.77330830008475, 0.879901594338354, -6.96645085818878
-8.05143111745859, 0.829039415772906, -8.36271024349469
-9.33188029002167, 0.778084661211291, -9.7568124340369
-10.6534687174528, 0.725492793143287, -11.1117123466704
-12.0469544792594, 0.670039811096503, -12.3922470370436
-13.509864124648, 0.611824144653931, -13.592838032131
-15.0359747392189, 0.551093431193689, -14.7117748384314
-16.6251059610687, 0.487854848116259, -15.7390785574847
-18.2724300964705, 0.422300510777898, -16.6700308965116
-19.9729129042267, 0.354630753975277, -17.4997528033641
-21.7153169243146, 0.285292766108851, -18.2375696317383
-23.4795294715028, 0.215086920173902, -18.9218588456673
-25.260593484042, 0.144210479654366, -19.5607480007729
-27.0590614291378, 0.0726414594285532, -20.1489765778107
-28.8844788495578, 1.37275302706542E-05, -20.6349427027535
