-178.286632739404, 13.6189598943366, -5.18143788261686
-178.286632739404, 13.5907545336283, -6.14075286725456
-178.286632739404, 13.4886774771033, -7.09481336194788
-178.286632739404, 13.2818634937198, -8.03150160932032
-178.286632739404, 12.9570906770189, -8.93408819388665
-178.286632739404, 12.5120278181828, -9.78353586682647
-178.286632739404, 11.9463404618042, -10.5579943606966
-178.286632739404, 11.2842826228359, -11.2520746178507
-178.286632739404, 10.4940799910749, -11.7900943667622
-178.286632739404, 9.57262931495101, -12.0488884236224
-178.286632739404, 8.61995423850581, -12.1646583003464
-178.286632739404, 7.66323474668951, -12.2421270644459
-178.286632739404, 6.7056514940725, -12.3083171200809
-178.286632739404, 5.74785630091877, -12.371378458252
-178.286632739404, 4.78998570970138, -12.4332867113207
-178.286632739404, 3.83211561172412, -12.4952045152694
-178.286632739404, 2.87428896517036, -12.5577874386673
-178.286632739404, 1.91641500346874, -12.619638780178
-178.286632739404, 0.95833602016595, -12.6782235267755
-178.286632739404, 0, -12.732433979583
-174.808304236734, 13.6499742683653, -5.2805409256204
-174.808304236734, 13.6221450566826, -6.24011558164304
-174.808304236734, 13.5146758924819, -7.19381639708896
-174.808304236734, 13.2983401968631, -8.12861084865188
-174.808304236734, 12.9642686211661, -9.02808097357759
-174.808304236734, 12.5062328660745, -9.87084210279755
-174.808304236734, 11.9306530068524, -10.638504699881
-174.808304236734, 11.2733561177466, -11.3376531466526
-174.808304236734, 10.4823143991889, -11.87371633805
-174.808304236734, 9.56007944166862, -12.1325169990161
-174.808304236734, 8.60892873593873, -12.2624669290584
-174.808304236734, 7.65339454052449, -12.3563133078396
-174.808304236734, 6.69699080988759, -12.4410064835997
-174.808304236734, 5.74041468335018, -12.5237333895469
-174.808304236734, 4.78378703689254, -12.6058639984008
-174.808304236734, 3.82718136153103, -12.6882514904068
-174.808304236734, 2.87064337652586, -12.7714179620578
-174.808304236734, 1.91404021637608, -12.8538280674715
-174.808304236734, 0.957185685471509, -12.9332648537633
-174.808304236734, -8.88178419700125E-16, -13.0086035056768
-171.24078782374, 13.6803191896489, -5.37320131820804
-171.24078782374, 13.6519407428816, -6.33359461801393
-171.24078782374, 13.5387926503805, -7.28746478098666
-171.24078782374, 13.3133745932152, -8.22097934933884
-171.24078782374, 12.9701484582943, -9.11789012755233
-171.24078782374, 12.4999790714245, -9.9549001268406
-171.24078782374, 11.9180185856505, -10.7190135951552
-171.24078782374, 11.265942995859, -11.4242144684149
-171.240787823739, 10.4717176013674, -11.9562535990114
-171.24078782374, 9.54971305255028, -12.2205104199291
-171.24078782374, 8.59994148149437, -12.3660233183405
-171.24078782374, 7.64528224226547, -12.4762118141836
-171.24078782374, 6.68981560054532, -12.579279795436
-171.24078782374, 5.73424106603485, -12.6813436679666
-171.24078782374, 4.77864231366513, -12.7831807451254
-171.24078782374, 3.82309752999944, -12.885524078205
-171.24078782374, 2.86767791186911, -12.9890277853184
-171.24078782374, 1.91217401205888, -13.091748631658
-171.24078782374, 0.956325522119926, -13.1912079115802
-171.24078782374, -8.88178419700125E-16, -13.2859646505233
-167.673271410745, 13.7093381988137, -5.45926702354011
-167.673271410745, 13.6795583458588, -6.42091687552692
-167.673271410745, 13.5605156271097, -7.37536737880782
-167.673271410745, 13.3264449527296, -8.30810308567516
-167.673271410745, 12.9743046665611, -9.20293617642343
-167.673271410745, 12.493493234815, -10.0354276454933
-167.673271410745, 11.9083251238666, -10.7989295774904
-167.673271410745, 11.2604905019681, -11.5096983056922
-167.673271410745, 10.4620891707135, -12.0376766014674
-167.673271410745, 9.54134078211076, -12.3119894239316
-167.673271410745, 8.59277715125624, -12.4732308300931
-167.673271410745, 7.63872516438646, -12.5991451285889
-167.673271410745, 6.68397242328978, -12.7197126504669
-167.673271410745, 5.72918089409662, -12.839973059134
-167.673271410745, 4.77439791076246, -12.9603020839759
-167.673271410745, 3.81972552725887, -13.0815041997358
-167.673271410745, 2.86527231589531, -13.2044197775959
-167.673271410745, 1.91071495248514, -13.3265224010575
-167.673271410745, 0.955692634771883, -13.4449286022746
-167.673271410745, -8.88178419700125E-16, -13.5577891840218
-164.10575499775, 13.737218042703, -5.54149396998119
-164.10575499775, 13.7052729441427, -6.50471093392041
-164.10575499775, 13.5799578962706, -7.4600002015328
-164.105754997751, 13.33736413279, -8.39226554346619
-164.10575499775, 12.9764647350325, -9.28535220778853
-164.10575499775, 12.4865663513947, -10.1145194648354
-164.10575499775, 11.9006428489151, -10.8796770136153
-164.10575499775, 11.2553150737927, -11.5947486484117
-164.10575499775, 10.452942112288, -12.1201878806335
-164.10575499775, 9.53433471761917, -12.4078253968414
-164.10575499775, 8.58681878120627, -12.584342324213
-164.10575499775, 7.63318859402416, -12.7252868821545
-164.10575499775, 6.67897268598537, -12.8622686653513
-164.10575499775, 5.7247771644837, -12.9993927598731
-164.10575499775, 4.77063487852325, -13.1368871790186
-164.10575499775, 3.81668840610712, -13.2757322030126
-164.10575499775, 2.8630797888756, -13.4168785148308
-164.10575499775, 1.90936552909343, -13.5573085358855
-164.10575499775, 0.955098582599218, -13.6939273179274
-164.10575499775, 0, -13.8245972663632
-160.538238584756, 13.7641680276893, -5.62277898887421
-160.538238584756, 13.7293653941877, -6.58774189697226
-160.538238584756, 13.597151708479, -7.54395751234602
-160.538238584756, 13.3458826409719, -8.4758623117503
-160.538238584756, 12.9763173277558, -9.36738622364872
-160.538238584756, 12.4787271875845, -10.1942318870697
-160.538238584756, 11.8938372581164, -10.9626435234783
-160.538238584756, 11.2490633964564, -11.6804729709482
-160.538238584756, 10.4437515981063, -12.2057447026542
-160.538238584756, 9.52794513885774, -12.5085077311684
-160.538238584756, 8.58135172366259, -12.6995284627716
-160.538238584756, 7.62804856335663, -12.8547887195913
-160.538238584756, 6.67424359015122, -13.0069786343739
-160.538238584756, 5.72049616990348, -13.1595290154887
-160.538238584756, 4.76684843704816, -13.3127011035897
-160.538238584756, 3.813510047437, -13.4677851090747
-160.538238584756, 2.86063736693865, -13.6257061613824
-160.538238584756, 1.90771373824915, -13.7833194876665
-160.538238584756, 0.954276028723456, -13.9377888810525
-160.538238584756, 8.17663852145039E-10, -14.086985413347
-156.970722171761, 13.7903125404871, -5.70499538557452
-156.970722171761, 13.751993687115, -6.67178331750051
-156.970722171761, 13.612065431222, -7.62887805141607
-156.970722171761, 13.3518847620998, -8.5604143782346
-156.970722171761, 12.9737041678569, -9.45045294403817
-156.970722171761, 12.4696313347113, -10.2757948737287
-156.970722171761, 11.8870050449124, -11.0484955110776
-156.970722171761, 11.2410668334225, -11.7676962992534
-156.970722171761, 10.4342778075645, -12.2954165706199
-156.970722171761, 9.52168314985317, -12.613905170674
-156.970722171761, 8.57595253968294, -12.8187059538229
-156.970722171761, 7.62295540481263, -12.9876404746222
-156.970722171761, 6.66946731988694, -13.1538145080926
-156.970722171761, 5.71603830409428, -13.3203265782095
-156.970722171761, 4.76276467525946, -13.4877257762734
-156.970722171761, 3.80990665091825, -13.6574729362124
-156.970722171761, 2.85761924005398, -13.8303941700145
-156.970722171761, 1.90545753925448, -14.0040069922134
-156.970722171761, 0.953022636790474, -14.1761133890994
-156.970722171761, 2.5069823087247E-07, -14.3449333554804
-153.403205758767, 13.8155464275205, -5.78749688313173
-153.403205758767, 13.7730429453628, -6.75616729519057
-153.403205758767, 13.6246880734136, -7.71407860853976
-153.403205758767, 13.3555241254233, -8.64526198800231
-153.403205758767, 12.9688789424975, -9.53392502939981
-153.403205758767, 12.4596301644339, -10.3586525714073
-153.403205758767, 11.8800349953111, -11.1362867510138
-153.403205758767, 11.2316698028862, -11.8559074473187
-153.403205758767, 10.4250568288087, -12.3887357291246
-153.403205758767, 9.51593041157403, -12.7230556829254
-153.403205758767, 8.57107862317582, -12.9413170010515
-153.403205758767, 7.61838697219676, -13.1234633679778
-153.403205758767, 6.66509060539974, -13.3024458177248
-153.403205758767, 5.71180724979436, -13.4814975098285
-153.403205758767, 4.75873653892632, -13.6616770597424
-153.403205758767, 3.80617741890301, -13.8445400215037
-153.403205758767, 2.85428244448828, -14.030829568912
-153.403205758767, 1.90280003385083, -14.2192165920286
-153.403205758767, 0.951456099947917, -14.4083023715927
-153.403205758767, 1.5890374740423E-06, -14.5968311678563
-149.835689345772, 13.8397345602083, -5.86928572146558
-149.835689345772, 13.7923765361303, -6.839880877458
-149.835689345772, 13.6350681897402, -7.79855309741843
-149.835689345864, 13.3570140521909, -8.72943362417059
-149.835689356302, 12.9621588969693, -9.61687652072485
-149.835689337695, 12.449210382698, -10.442002199732
-149.835689345772, 11.8729260532613, -11.2248274559831
-149.835689345772, 11.2214591718225, -11.9444627383087
-149.835689345772, 10.4166494672066, -12.4848151652683
-149.835689345772, 9.51119953962127, -12.8349662495
-149.835689345772, 8.56735110748343, -13.0668323578546
-149.835689345772, 7.61498058858824, -13.2618655809853
-149.835689345772, 6.66171898349232, -13.4525239169157
-149.835689345772, 5.70837049932623, -13.6427477222566
-149.835689345772, 4.75529336479214, -13.8343253720109
-149.835689345772, 3.80280806433344, -14.0288226444039
-149.835689345772, 2.85107435664347, -14.2269645361549
-149.835689345772, 1.90011588238555, -14.4287947958011
-149.835689345772, 0.949807688314572, -14.6336659384956
-149.835689345772, 4.93142422948287E-06, -14.8408683991462
-146.268172932778, 13.8627464151144, -5.94938190338458
-146.268172932778, 13.8098845414942, -6.9219261501792
-146.268172932778, 13.6433185000415, -7.88131940230828
-146.268172932791, 13.3565722991028, -8.81196548176351
-146.26817293354, 12.9538642936945, -9.69839010668973
-146.268172932253, 12.4387613443357, -10.5249573878375
-146.268172932778, 11.8657202126935, -11.3129606853872
-146.268172932778, 11.2110863164384, -12.0327527049778
-146.268172932778, 10.4095161491201, -12.5825988453604
-146.268172932778, 9.50801113754023, -12.9487511788985
-146.268172932778, 8.56542705006838, -13.1948151398745
-146.268172932778, 7.61340919530427, -13.4024931717794
-146.268172932778, 6.66000182215329, -13.6037303498088
-146.268172932778, 5.70635214964759, -13.8038181565934
-146.268172932778, 4.75303349662736, -14.0054756528073
-146.268172932778, 3.80036658383527, -14.2101889544248
-146.268172932778, 2.84850179436919, -14.418598980012
-146.268172932778, 1.89775073622911, -14.632029319532
-146.268172932778, 0.948291667663336, -14.8511355298643
-146.268172932778, 1.117330239638E-05, -15.0752900815662
-142.690656519783, 13.8845173736288, -6.02704039519454
-142.690656519844, 13.8255348931629, -7.00154556273515
-142.690656520286, 13.6496308576282, -7.96164788743264
-142.690656519512, 13.3543777357022, -8.89211736983846
-142.690656519783, 12.9443103956976, -9.7777957912375
-142.690656519783, 12.4286716107277, -10.6068942999488
-142.690656519783, 11.8585267843713, -11.3998564995091
-142.690656519783, 11.2011737800705, -12.1204016547273
-142.690656519783, 10.4040091394772, -12.6812184681044
-142.690656519787, 9.50689428619957, -13.063956388783
-142.690656519892, 8.56599749371555, -13.3252627594612
-142.690656520001, 7.61437861717987, -13.5454192342986
-142.690656520057, 6.66062708071639, -13.7561969241808
-142.690656520131, 5.7064244296383, -13.9649272563373
-142.690656519634, 4.75261160635024, -14.1754300636041
-142.690656519602, 3.79948584750162, -14.3890209741269
-142.690656519783, 2.84719940413203, -14.6063225616568
-142.690656519783, 1.89633416653906, -14.829754263753
-142.690656519783, 0.947301713583674, -15.0608453821143
-142.690656519783, 2.11965943661653E-05, -15.2990203555455
-133.781865487297, 13.9334232602996, -6.20222274064676
-133.781865487297, 13.8572861361583, -7.18165735573992
-133.781865487297, 13.659224318099, -8.14374883296573
-133.781865487297, 13.3440336051313, -9.07420836460765
-133.781865487297, 12.9196301525492, -9.96019363461668
-133.781865487297, 12.4087655012745, -10.7996597634581
-133.781865487297, 11.8436166981091, -11.6036032647498
-133.781865487297, 11.183649266139, -12.3304892868663
-133.781865487297, 10.4008512882622, -12.9223491323274
-133.781865487297, 9.51747290373641, -13.350243678436
-133.781865487296, 8.58294711428499, -13.6538962413179
-133.781865487297, 7.63233192778849, -13.9037931939458
-133.781865487297, 6.67686966113007, -14.1346210329614
-133.781865487297, 5.72012268821555, -14.3600863130066
-133.781865487297, 4.76376905307815, -14.5872144845542
-133.781865487297, 3.80795569907354, -14.8166049458229
-133.781865487297, 2.85293225332972, -15.0492573979247
-133.781865487297, 1.89963968426325, -15.2888954896591
-133.781865487296, 0.948708353584618, -15.5377353269991
-133.781865487296, 5.47832068725395E-05, -15.7951283307068
-124.86307445481, 13.9768820475682, -6.33576354649338
-124.86307445481, 13.8832595169617, -7.32051995771175
-124.86307445481, 13.6664566098358, -8.28558709607969
-124.863074454322, 13.3348413388643, -9.21760570034952
-124.863074454669, 12.9046433059815, -10.1086178431001
-124.863074458822, 12.4030002792358, -10.961648121725
-124.863074455392, 11.8426421334997, -11.7771244411363
-124.863074454549, 11.186891306852, -12.5173073280753
-124.863074454335, 10.4208894465314, -13.1422019548024
-124.86307445481, 9.55551007863589, -13.6199659883266
-124.86307445481, 8.63026805214287, -13.9702446232361
-124.86307445481, 7.68076451014823, -14.2494191759663
-124.86307445481, 6.72251056020531, -14.4972306405268
-124.86307445481, 5.76139510460496, -14.7337693321237
-124.86307445481, 4.79979223589359, -14.9683213176396
-124.86307445481, 3.83805607364021, -15.2023271327548
-124.86307445481, 2.87665073163844, -15.4376861387756
-124.86307445481, 1.91631832170638, -15.6773815653655
-124.86307445481, 0.957484510090189, -15.9230013991222
-124.86307445481, 6.54478133868451E-05, -16.1740831381894
-115.944283422324, 14.0149828617142, -6.39292259280308
-115.944283422324, 13.911531324943, -7.38485228597798
-115.944283422324, 13.6804122607605, -8.3549775611061
-115.944283422324, 13.3391927607829, -9.29232372375864
-115.944283422324, 12.9111069374581, -10.1935133146253
-115.944283422324, 12.4198136637553, -11.0619901843994
-115.944283422324, 11.8683704633659, -11.8932971605113
-115.944283422324, 11.2206669377917, -12.6514571454774
-115.944283422324, 10.4707224794435, -13.3084461271981
-115.944283422324, 9.62627686723735, -13.8381955048994
-115.944283422324, 8.71350580331687, -14.2400862283833
-115.944283422324, 7.76568695925508, -14.5517937499274
-115.944283422324, 6.80330643875732, -14.8157238052461
-115.944283422324, 5.83497917540085, -15.0570910063954
-115.944283422324, 4.86412408221416, -15.2881045952339
-115.944283422324, 3.89195088493199, -15.5135166815983
-115.944283422324, 2.91930734216844, -15.7368917562578
-115.944283422324, 1.94637832829452, -15.9590215999677
-115.944283422324, 0.973255908241762, -16.1803021168441
-115.944283422324, 3.06127168542562E-05, -16.4011298034804
-107.025492389837, 14.0417207005064, -6.31008537834101
-107.025492389837, 13.9525514436235, -7.31404908175553
-107.025492389837, 13.7103241590649, -8.29272735330276
-107.025492389837, 13.3647871882719, -9.24043903800224
-107.025492389837, 12.9471267034983, -10.1587111262742
-107.025492389837, 12.4671941615312, -11.0460681296348
-107.025492389837, 11.9229499726081, -11.8952428573676
-107.025492389837, 11.2832272063852, -12.674607414163
-107.025492389837, 10.547093618874, -13.3635991063563
-107.025492389837, 9.72299171161623, -13.9442887679185
-107.025492389837, 8.82576304372895, -14.4042510834005
-107.025492389837, 7.87987882532579, -14.7543233143657
-107.025492389837, 6.90999871114938, -15.0321259727808
-107.025492389837, 5.92976930696186, -15.2712629859414
-107.025492389837, 4.94498501275985, -15.4909890713354
-107.025492389837, 3.95803238911808, -15.7007922825171
-107.025492389837, 2.97002712594602, -15.9055842589068
-107.025492389837, 1.98094085032448, -16.1050892736685
-107.025492389837, 0.990851763517668, -16.2995572578708
-107.025492389837, 2.74727525710065E-06, -16.4901200477482
-98.1066992387169, 14.0582662956622, -6.07541664078392
-98.1067009108411, 13.9880842475223, -7.09169314750953
-98.1067013452648, 13.7398454961515, -8.08021203940778
-98.1067013573508, 13.3845395977114, -9.03634764505626
-98.1067013573508, 12.9710235719599, -9.96882039916769
-98.1067013573508, 12.4971692481364, -10.8720755205542
-98.1067013573508, 11.9588353434098, -11.7383169758748
-98.1067013573508, 11.3307093270836, -12.5414299528531
-98.1067013573508, 10.6075252491803, -13.2600691748866
-98.1067013573508, 9.79691549336128, -13.8782750920859
-98.1067013573508, 8.91232453450584, -14.3851500487051
-98.1067013573508, 7.97192148931355, -14.7791999117234
-98.1067013573508, 6.99751951946168, -15.0806637926806
-98.1067013573508, 6.00761306153287, -15.3272180351305
-98.1067013573508, 5.01107111473583, -15.5456195938341
-98.1067013573508, 4.01131723015229, -15.7488776238764
-98.1067013573508, 3.00996395651682, -15.9441171829874
-98.1067013573508, 2.00741685466389, -16.133136007649
-98.1067013573508, 1.00399797944998, -16.317474776619
-98.1067013573508, 0, -16.4986337147065
-89.1879135233508, 14.058062015668, -5.71429992660834
-89.1879110864535, 13.9697380052052, -6.73588007675287
-89.1879103614241, 13.7212174321197, -7.73076086172
-89.1879103248644, 13.3543039309214, -8.68902376611599
-89.1879103248644, 12.9202949274497, -9.61898165041068
-89.1879103248644, 12.4297106763659, -10.520397628
-89.1879103248644, 11.8893457832305, -11.3929297651528
-89.1879103248644, 11.279910821503, -12.218190939223
-89.1879103248644, 10.574234190727, -12.9625931158925
-89.1879103248643, 9.77757491047664, -13.6085784192263
-89.1879103248643, 8.9029430184494, -14.144533015206
-89.1879103248643, 7.97325784899842, -14.5784454819223
-89.1879103248644, 7.00711252637166, -14.9242409525603
-89.1879103248643, 6.02104240596378, -15.2088871737071
-89.1879103248644, 5.02505656303048, -15.4568598479573
-89.1879103248644, 4.02349356657636, -15.6813538237645
-89.1879103248644, 3.01917478139138, -15.8932303858885
-89.1879103248644, 2.01341022306568, -16.0981428074102
-89.1879103248644, 1.00682305294882, -16.2989804535945
-89.1879103248644, 0, -16.4986337147065
-80.2691192923779, 14.0233773378757, -5.22329398023965
-80.2691192923779, 13.8778523500965, -6.24157638156467
-80.2691192923779, 13.6234414231275, -7.23816188483163
-80.2691192923779, 13.2607984298397, -8.20070226825561
-80.2691192923779, 12.8033836874589, -9.12211917554643
-80.2691192923779, 12.2784637632101, -10.0071032772139
-80.269119292378, 11.7118420277728, -10.8660647650482
-80.2691192923779, 11.1105674697412, -11.7009942016192
-80.2691192923779, 10.4278674257071, -12.4700350296988
-80.2691192923779, 9.65219464805512, -13.1453139456862
-80.269119292378, 8.80077873595489, -13.7222624475542
-80.2691192923779, 7.89249883886827, -14.2052017002923
-80.269119292378, 6.94610115059989, -14.6087257134605
-80.269119292378, 5.97565150535055, -14.9507648352318
-80.269119292378, 4.99150878701673, -15.2513739270097
-80.269119292378, 3.9989127895005, -15.522867956568
-80.269119292378, 3.0015812414022, -15.776491933789
-80.2691192923779, 2.00198201439077, -16.0210415667514
-80.2691192923779, 1.00114588304563, -16.2604859414834
-80.2691192923779, 0, -16.4986337147065
-71.3503282598915, 13.937649796921, -4.6181733514669
-71.3503282598915, 13.717113459929, -5.62527583344004
-71.3503282598915, 13.4286437793136, -6.61500273819342
-71.3503282598915, 13.0610028481308, -7.57800442803622
-71.3503282598915, 12.5994273209215, -8.49952402533163
-71.3503282598915, 12.0547745194213, -9.37483284882478
-71.3503282598915, 11.4681565317857, -10.2227723935844
-71.3503282598915, 10.8529382331116, -11.0502253810279
-71.3503282598915, 10.1948733770179, -11.8436308326382
-71.3503282598915, 9.45001283631942, -12.5556554137176
-71.3503282598915, 8.62808182209506, -13.177523301165
-71.3503282598915, 7.74925924138948, -13.7162221006473
-71.3503282598915, 6.82970901137976, -14.1822966375308
-71.3503282598915, 5.88279533649414, -14.5901594927224
-71.3503282598915, 4.91869837677119, -14.9557475690876
-71.3503282598915, 3.94383135317027, -15.2916384436466
-71.3503282598915, 2.96201943568836, -15.606711652086
-71.3503282598915, 1.97621521288193, -15.9090897705004
-71.3503282598915, 0.988513521894776, -16.2052212966769
-71.3503282598915, 0, -16.4986337147065
-62.4315372274051, 13.7659411006314, -3.92477292487954
-62.4315372274051, 13.4751440425186, -4.91524384372512
-62.4315372274051, 13.1316049230051, -5.88865722755496
-62.4315372274051, 12.7296020422327, -6.83936198977258
-62.4315372275494, 12.2585772768279, -7.75771378494039
-62.4315372329824, 11.7134258387854, -8.63414239796831
-62.4315372336412, 11.1215598800403, -9.47997748392698
-62.431537218785, 10.5046635845253, -10.3077335758842
-62.431537218348, 9.85610722546054, -11.1108518554342
-62.4315372249568, 9.15063018101682, -11.8640190560641
-62.4315372299312, 8.36865203965134, -12.5373498853788
-62.4315372274051, 7.52730715342485, -13.1351351130288
-62.4315372274051, 6.64241937957677, -13.6665301859406
-62.431537227405, 5.72693704089246, -14.1434873966583
-62.4315372274051, 4.79147811365411, -14.580107002564
-62.4315372274051, 3.84370920488509, -14.9893976736523
-62.4315372274051, 2.88801498039445, -15.3798594581407
-62.4315372274051, 1.92756198833168, -15.7584826864683
-62.4315372274051, 0.964402669753744, -16.1301759007098
-62.4315372274051, 0, -16.4986337147065
-53.5027461949186, 13.4624718053952, -3.19926760544286
-53.5027461949186, 13.1216445910712, -4.17174678535008
-53.5027461949186, 12.7230355094438, -5.12201829321107
-53.5027461949186, 12.2703339469348, -6.04775629002933
-53.5027461949186, 11.7671260828539, -6.94705231028495
-53.5027461949186, 11.2164603072458, -7.81809943986218
-53.5027461949186, 10.625549885798, -8.66244533986118
-53.5027461949186, 10.0139186580761, -9.49195384006674
-53.5027461949186, 9.37971859269173, -10.3042845732689
-53.5027461949186, 8.70462195242674, -11.0827780091527
-53.5027461949186, 7.97000824734643, -11.8051854835912
-53.5027461949186, 7.17742337281024, -12.4635820657117
-53.5027461949186, 6.33997656628748, -13.0640173986738
-53.5027461949186, 5.46905708070797, -13.6149101019437
-53.5027461949186, 4.57541563335384, -14.1282429903546
-53.5027461949186, 3.66794835719991, -14.6167876572173
-53.5027461949186, 2.75286209283605, -15.0909367729741
-53.5027461949186, 1.83441309986369, -15.5585501324291
-53.5027461949186, 0.91635170265039, -16.0269237603032
-53.5027461949186, 0, -16.4986337147065
-49.945229781924, 13.2960568676284, -2.91120308138493
-49.945229781924, 12.940558105648, -3.87653603609523
-49.945229781924, 12.5227401431898, -4.8166044873139
-49.945229781924, 12.0496946831425, -5.73016928540434
-49.945229781924, 11.5299412460452, -6.61803534214488
-49.945229781924, 10.9720835482408, -7.48249871151122
-49.945229781924, 10.3815438050003, -8.32500511177774
-49.945229781924, 9.77166251172373, -9.15366179962419
-49.945229781924, 9.1437699230094, -9.96871999960471
-49.945229781924, 8.48089835569728, -10.7554444500072
-49.945229781924, 7.76379849229373, -11.4929141596686
-49.945229781924, 6.99215604457, -12.1731837754103
-49.945229781924, 6.17693825785034, -12.8006665440773
-49.945229781924, 5.32807676598378, -13.3819318496819
-49.945229781924, 4.45561233335598, -13.9272314557081
-49.945229781924, 3.56885560939394, -14.4490334139292
-49.945229781924, 2.67496525693701, -14.9585459240203
-49.945229781924, 1.77922507361589, -15.4648053810758
-49.945229781924, 0.886895414929165, -15.9770412897774
-49.945229781924, 0, -16.4986337147065
-46.3777133689295, 13.0981978566756, -2.62559520635609
-46.3777133689295, 12.7290088741689, -3.58323448283236
-46.3777133689295, 12.2934450364111, -4.51260883171197
-46.3777133689295, 11.8014779247188, -5.41346226229526
-46.3777133689295, 11.2655308027186, -6.28892993874596
-46.3777133689295, 10.6985481073676, -7.14467403581657
-46.3777133689295, 10.1074143093359, -7.98392587697603
-46.3777133689295, 9.49950583649174, -8.81113481873736
-46.3777133689295, 8.87758310941794, -9.62783980533187
-46.3777133689295, 8.22723672428296, -10.42199107621
-46.3777133689295, 7.52784269030972, -11.1731408383621
-46.3777133689295, 6.77670623359489, -11.8726109242658
-46.3777133689295, 5.98485560334459, -12.5257087921337
-46.3777133689295, 5.16027911710927, -13.137042599639
-46.3777133689295, 4.31188039286485, -13.7149400984006
-46.3777133689295, 3.4487907927432, -14.270719468805
-46.3777133689295, 2.57935768119633, -14.8165466942999
-46.3777133689295, 1.71057381104904, -15.3634059674571
-46.3777133689295, 0.849518701990866, -15.9223212740331
-46.3777133689295, 0, -16.4986337147065
-42.8101969559349, 12.863181129587, -2.34549734163862
-42.8101969559349, 12.479638024428, -3.29414517280412
-42.8101969559349, 12.0272610594544, -4.21202378100355
-42.8101969559349, 11.5184001609604, -5.09991724053261
-42.8101969559349, 10.9681091069555, -5.9628247436838
-42.8101969559349, 10.391882717433, -6.80868824196857
-42.8101969559349, 9.7993509218632, -7.64321728109889
-42.8101969559349, 9.19387005030856, -8.46840990353204
-42.8101969559349, 8.57775831877797, -9.28568696691748
-42.8101969559349, 7.93957844573275, -10.0857841607973
-42.8101969559349, 7.25897322748397, -10.8499483079566
-42.8101969559349, 6.52875363967087, -11.5668796342493
-42.8101969559349, 5.76054577559079, -12.2430537602423
-42.8101969559349, 4.96208656219681, -12.8832668180114
-42.8101969559349, 4.14081379206195, -13.4939954439241
-42.8101969559349, 3.30477706744665, -14.0844012531339
-42.8101969559349, 2.46335420945352, -14.6671272494094
-42.8101969559349, 1.62617625098638, -15.2559185598546
-42.8101969559349, 0.802917154515644, -15.8639536717069
-42.8101969559349, 0, -16.4986337147065
-39.2426805429403, 12.5807724249093, -2.07407518509068
-39.2426805429403, 12.1800126026649, -3.01112918155851
-39.2426805429403, 11.7108634973577, -3.91595939912481
-39.2426805429403, 11.1875695538606, -4.79068481847719
-39.2426805429403, 10.6262582636461, -5.64159366686073
-39.2426805429403, 10.043006271859, -6.47766572471331
-39.2426805429403, 9.44946546375386, -7.30647295979683
-39.2426805429403, 8.84728683268053, -8.12902794799509
-39.2426805429403, 8.23744974924696, -8.94591715055994
-39.2426805429403, 7.61106795400451, -9.75015265701986
-39.2426805429403, 6.95061638964845, -10.5265104147194
-39.2426805429403, 6.24360338503646, -11.260701991076
-39.2426805429403, 5.49960894696418, -11.9575089141265
-39.2426805429403, 4.72875621353027, -12.6245154136561
-39.2426805429403, 3.93783415472067, -13.2676380608327
-39.2426805429403, 3.13327256412374, -13.8936422915807
-39.2426805429403, 2.3242570502067, -14.5138972624862
-39.2426805429403, 1.52371700185238, -15.1450070699685
-39.2426805429403, 0.746217551575847, -15.8041984959647
-39.2426805429403, 0, -16.4986337147065
-35.6751641299458, 12.2324343584483, -1.81474697274352
-35.6751641299458, 11.8099622037951, -2.73604201472086
-35.6751641299457, 11.3239399445674, -3.62554350953781
-35.6751641299457, 10.7895235053162, -4.48692585336072
-35.6751641299457, 10.2220902907533, -5.32699237053676
-35.6751641299457, 9.63638502749839, -6.15446167721498
-35.6751641299457, 9.04421030433777, -6.97732124248453
-35.6751641299458, 8.44729580024374, -7.79674889286264
-35.6751641299458, 7.84522166021715, -8.61239128799977
-35.6751641299458, 7.23147289969243, -9.41926474043685
-35.6751641299457, 6.59214238817931, -10.2059348430936
-35.6751641299457, 5.9119430290758, -10.9574890576084
-35.6751641299457, 5.19537095081482, -11.6745330580544
-35.6751641299457, 4.45431724561057, -12.3662937881704
-35.6751641299458, 3.69709261085977, -13.0403528536456
-35.6751641299457, 2.92967255519175, -13.7027910378733
-35.6751641299457, 2.15912261020394, -14.3615940339658
-35.6751641299457, 1.40110659857213, -15.0346992172137
-35.6751641299457, 0.678443248277529, -15.7454672460007
-35.6751641299458, 0, -16.4986337147065
-32.1076477169512, 11.7959726753255, -1.56943338457348
-32.1076477169512, 11.3478448557132, -2.47005530293197
-32.1076477169512, 10.8462796341867, -3.34213254348265
-32.1076477169512, 10.3053244223282, -4.19040414759417
-32.1076477169512, 9.7378257230487, -5.02119714937973
-32.1076477169512, 9.15573711538796, -5.84185922751205
-32.1076477169512, 8.56938503311204, -6.65948632556466
-32.1076477169512, 7.98059286124139, -7.47535769042492
-32.1076477169512, 7.38889016611943, -8.28911998590867
-32.1076477169512, 6.78974557668671, -9.09740868229137
-32.1076477169512, 6.17264601353117, -9.89203116984517
-32.1076477169512, 5.52265356349081, -10.6599115826035
-32.1076477169512, 4.83897581104433, -11.3980008991938
-32.1076477169512, 4.13216952178164, -12.114026919084
-32.1076477169512, 3.41267273815449, -12.8173331685791
-32.1076477169512, 2.68878139820264, -13.5161198440953
-32.1076477169512, 1.96467638808262, -14.2146818598179
-32.1076477169512, 1.2569424768814, -14.9297204256173
-32.1076477169512, 0.598242182842978, -15.6898839027241
-32.1076477169512, 0, -16.4986337147065
-28.5401313039566, 11.2575264890719, -1.33826988670647
-28.5401313039566, 10.7819507057672, -2.21383527299172
-28.5401313039566, 10.2678596181636, -3.06740793679858
-28.5401313039566, 9.72569943316767, -3.90346881424894
-28.5401313039566, 9.16443846343472, -4.72685098512959
-28.5401313039566, 8.59228449792137, -5.54271463495932
-28.5401313039566, 8.01673860714184, -6.35619249354656
-28.5401313039566, 7.43981806529639, -7.16869611925164
-28.5401313039566, 6.86159607113138, -7.98027416859998
-28.5401313039566, 6.27963341535184, -8.78917010834016
-28.5401313039566, 5.68616588830461, -9.58964500216616
-28.5401313039566, 5.06879446350298, -10.3717789060865
-28.5401313039566, 4.42307194369703, -11.130690435035
-28.5401313039566, 3.75674768809863, -11.8716194481219
-28.5401313039566, 3.08075161681853, -12.6037581092845
-28.5401313039566, 2.40679169398761, -13.3377713649263
-28.5401313039566, 1.73854594654927, -14.0769814215205
-28.5401313039566, 1.09205757881518, -14.835176629481
-28.5401313039566, 0.505886527650172, -15.640510847416
-28.5401313039566, 4.19095425192891E-08, -16.4986337147065
-24.972614890962, 10.6120237650507, -1.12058245850303
-24.972614890962, 10.1116897682016, -1.96933224979069
-24.972614890962, 9.58952553326674, -2.80484666888978
-24.972614890962, 9.05118114276532, -3.63004009632495
-24.972614890962, 8.50139464743178, -4.44766191361554
-24.972614890962, 7.94447171279101, -5.26044411097827
-24.972614890962, 7.38440827064559, -6.07106680936616
-24.972614890962, 6.82309425409941, -6.88082450238908
-24.972614890962, 6.26155297010994, -7.69042445931734
-24.972614890962, 5.69953288503386, -8.49969187499865
-24.972614890962, 5.131617838327, -9.30482692303907
-24.972614890962, 4.54853659157376, -10.0990179953716
-24.972614890962, 3.94422447651784, -10.8771795953202
-24.972614890962, 3.32423901703554, -11.6429349546761
-24.972614890962, 2.69928215720771, -12.404649690833
-24.972614890962, 2.08229081686729, -13.1728172901128
-24.972614890962, 1.47954653565756, -13.952199482418
-24.972614890962, 0.907894040940799, -14.7545194900245
-24.972614890962, 0.405040098611986, -15.6012946262745
-24.972614890962, 2.06642641908227E-06, -16.4986337147065
-21.4050984779674, 9.84800856229579, -0.917696501617552
-21.4050984779674, 9.33202526993016, -1.74225449156377
-21.4050984779674, 8.80815950492936, -2.56182957838236
-21.4050984779674, 8.27822975944499, -3.37749824992283
-21.4050984779674, 7.74363652919475, -4.19011897254952
-21.4050984779674, 7.20556122511329, -5.00043889621343
-21.4050984779674, 6.66492814014796, -5.80905419182777
-21.4050984779674, 6.1230699124265, -6.61684982427024
-21.4050984779674, 5.58205859793781, -7.4252126230394
-21.4050984779674, 5.04399318176108, -8.23553909702247
-21.4050984779674, 4.50494651046587, -9.04521230323669
-21.4050984779674, 3.95850234409734, -9.84990407026175
-21.4050984779674, 3.39960917290028, -10.6459969821765
-21.4050984779674, 2.83248011699976, -11.4362543746951
-21.4050984779674, 2.26714595334702, -12.2277931771021
-21.4050984779674, 1.7166390689793, -13.029684715347
-21.4050984779674, 1.19028692010592, -13.8476102900872
-21.4050984779674, 0.706521240866021, -14.6912407911437
-21.4050984779674, 0.299655117738436, -15.5743004739258
-21.4050984779674, 1.71655499333436E-06, -16.4986337147065
-17.6946996274974, 8.90869482207084, -0.724816409512555
-17.8696204741831, 8.43133661402312, -1.55191092414785
-18.0444354280959, 7.95426738687922, -2.37919457664826
-18.2194354071042, 7.47669322707739, -3.2061476479405
-18.3949109858839, 6.99782115762702, -4.03224875956058
-18.5711518476641, 6.51686063429196, -4.85697227995094
-18.7484713754888, 6.03295643614734, -5.6797399809528
-18.9265440555782, 5.54699688884163, -6.50113326933621
-19.1045145822417, 5.0613161177784, -7.32271331885796
-19.2814973364831, 4.5783309732357, -8.1460938058243
-19.4586709732792, 4.0948249110555, -8.96912687905414
-19.6381113463975, 3.60513293559269, -9.78799468056354
-19.8215846641564, 3.10443507224843, -10.5992754677056
-20.0081313123055, 2.59535010401855, -11.4046219733194
-20.1948113295407, 2.08590117214929, -12.2097076760839
-20.3776526410677, 1.58692805098426, -13.0221819875279
-20.553800073055, 1.10622249713621, -13.8470362609394
-20.7171448918217, 0.660455217490977, -14.6936969985116
-20.8560134358543, 0.281483582093641, -15.5762779212538
-20.9591589263423, 4.15162223443078E-07, -16.4986337147065
-14.9885159097483, 8.12428055401922, -0.596551933145001
-15.2902026045589, 7.69112800436723, -1.43137556465363
-15.5910100190047, 7.25923789862951, -2.26717025084553
-15.891627637719, 6.82762029581097, -3.10317402300465
-16.1927454560597, 6.39528452163379, -3.93862635955521
-16.4950520976376, 5.96124187133261, -4.772762874587
-16.7993180679152, 5.52438607667841, -5.60471514932794
-17.105106197066, 5.08534481276673, -6.43495798438621
-17.4109826303898, 4.64617676441826, -7.26510118921976
-17.7154351014479, 4.20905319763512, -8.09684533823717
-18.0203576096299, 3.77125476589368, -8.92806141145275
-18.3290670154854, 3.32801922203982, -9.75498121833088
-18.6446484050548, 2.87491709368612, -10.5739162618693
-18.9659465174804, 2.4136070691161, -11.3860256510564
-19.2887240178562, 1.95017298447463, -12.1963401349837
-19.606976624963, 1.49323560349975, -13.0121035562588
-19.9163786105645, 1.04900567478249, -13.8382109771399
-20.2068703667265, 0.631926476399381, -14.6849264558525
-20.4577921730768, 0.271660604375588, -15.569291997349
-20.6470012402059, 1.42377743573057E-07, -16.4986337147065
-12.8779288647061, 7.45691468936298, -0.503387716761233
-13.2713735339608, 7.0634700201083, -1.34644667162808
-13.6643044964725, 6.67053905759653, -2.1899847550727
-14.0573888478196, 6.2774547062495, -3.03337986849603
-14.4512933658158, 5.88355018825329, -3.87600921617835
-14.846682896465, 5.48816065760403, -4.71724583302937
-15.2444455532743, 5.0903980007948, -5.55624176651962
-15.644153695206, 4.69068985886306, -6.39338719332613
-16.0441854653403, 4.29065808872873, -7.23022344523324
-16.4427926952515, 3.89205085881762, -8.06841818128455
-16.8423354190504, 3.49250813501864, -8.90572046958068
-17.2467955764391, 3.08804797762996, -9.7382812232749
-17.6600604387626, 2.67478311530645, -10.5621431034253
-18.0811449806067, 2.25369857346234, -11.3780551902099
-18.5054279498717, 1.82941560419736, -12.1906521693323
-18.926119594652, 1.40872395941705, -13.0069674651412
-19.3382632340469, 0.996580320022232, -13.8319471366722
-19.729545311028, 0.605298243041061, -14.6768504577911
-20.0726160823778, 0.262227471691298, -15.5624021327644
-20.3348435540692, 4.6793267781571E-09, -16.498614027208
-10.9232450427999, 6.79618144711925, -0.422316811240475
-11.3973499726764, 6.44208242165878, -1.27446323604416
-11.8721817071135, 6.08744056112033, -2.12597895868788
-12.3480340411748, 5.73203643613452, -2.97660660893765
-12.8251998724787, 5.37565128761531, -3.82608714502206
-13.3039710136801, 5.01806716681284, -4.67415951638014
-13.7850755279045, 4.65874029865331, -5.52017148991016
-14.2682096140187, 4.29789758582957, -6.36438049564946
-14.7519134998878, 3.93662930152317, -7.20808103879504
-15.2345563561277, 3.57615347798651, -8.05272785528837
-15.7189038293753, 3.21440451176951, -8.89585148104031
-16.2093279041132, 2.8481170593858, -9.73347798699613
-16.7102870556178, 2.47396117918961, -10.5613285829343
-17.2211331576617, 2.0924209430627, -11.3797201186835
-17.7373495698537, 1.70686973495457, -12.1928531827676
-18.2520655789823, 1.32243914641628, -13.0074637864377
-18.7600157715363, 0.943061804331535, -13.8286568998013
-19.2478961998355, 0.578674148107443, -14.6684514537731
-19.6828115369654, 0.253845007276459, -15.5521197057054
-20.0226858679334, 3.4544852389924E-07, -16.4971227600959
-8.9843102728251, 6.09982046458094, -0.346838785693753
-9.53634666162241, 5.78588661668071, -1.20921140116018
-10.090675751991, 5.47064894779882, -2.06963578002114
-10.6469564649195, 5.1543014238561, -2.92839176062719
-11.2049139676799, 4.83700033762157, -3.78570700247981
-11.7642749411617, 4.51890112109541, -4.64181113520904
-12.3253695573826, 4.19981601098138, -5.49641231127247
-12.8881372447862, 3.87977945330915, -6.34955663556256
-13.4517114161069, 3.55928426174153, -7.20199627500805
-14.0150299630473, 3.23893443947738, -8.05465942385422
-14.5812972640985, 2.91690771014094, -8.90473104561232
-15.1551217607503, 2.59058333024676, -9.74806085464607
-15.7413736720723, 2.25719168778433, -10.5799939596785
-16.3398408743775, 1.91685341394141, -11.4003424023148
-16.946454384398, 1.57188247134853, -12.2127441381136
-17.5546340567157, 1.22602087848985, -13.0235974445063
-18.1595499628892, 0.882015334770452, -13.8376725367586
-18.7474453265822, 0.547689088471871, -14.6679585512312
-19.2813288982649, 0.244078443611636, -15.5448809613537
-19.7105281818042, 1.23258956378285E-06, -16.4931872562937
-6.98880631770729, 5.33265063673115, -0.2736677068106
-7.61822586988848, 5.06217582169502, -1.14954836785293
-8.2526413833507, 4.78955413705702, -2.02114993314583
-8.89054613789478, 4.51543305216529, -2.88973023511578
-9.53044957551379, 4.24045309113422, -3.75656768106207
-10.170872022693, 3.96525010078301, -4.62295108224092
-10.8112767032275, 3.69005474513261, -5.48935002011671
-11.4524230320968, 3.41454068759965, -6.35509886607039
-12.0945912302957, 3.13858751133111, -7.21994997948572
-12.7383193011431, 2.86196402498937, -8.08342568618227
-13.3862789166085, 2.58352215495765, -8.94314095740583
-14.0439271314733, 2.30091689006244, -9.79408085838489
-14.7167261813137, 2.01180099283388, -10.6308647292956
-15.4046499196636, 1.71618569895817, -11.4529570535472
-16.1044822905649, 1.41545301529771, -12.2630651889602
-16.8101950385585, 1.11219340996652, -13.0671170222644
-17.5179040018297, 0.808075988960384, -13.86908839542
-18.2139578577356, 0.50896701263626, -14.6829531753635
-18.8593871308679, 0.23161248390516, -15.5445081727533
-19.3983704956875, 2.67537526276653E-06, -16.4866992905163
-4.9201050282866, 4.45016566794251, -0.198948706069651
-5.62448259501244, 4.22889127746635, -1.09533240423958
-6.33666655018152, 4.00516457458532, -1.98491664343535
-7.05421926303161, 3.77975132085485, -2.86975007029274
-7.77458261763796, 3.55345512724833, -3.75207209737623
-8.49518887263512, 3.32708262849176, -4.63417653294605
-9.21376729673061, 3.10134715605168, -5.51809636796372
-9.93140835726356, 2.87590614862689, -6.40285273207238
-10.650219134581, 2.65009768434268, -7.28656486287527
-11.3728219330482, 2.42309798795765, -8.1668702401243
-12.1027297514386, 2.19380347994417, -9.04052317171264
-12.8461667326408, 1.96025889726018, -9.90153125932491
-13.6083026408439, 1.72084020121692, -10.7443754813578
-14.3898632877133, 1.47531938407896, -11.5674458355128
-15.1884541056741, 1.22444867945738, -12.372368923202
-15.9986680893099, 0.969926653411586, -13.164442278146
-16.8185465381454, 0.71236861550602, -13.9455141688536
-17.6340413923512, 0.456187647620273, -14.7315558689483
-18.4077397874472, 0.213136691890594, -15.5624648288532
-19.0862128095897, 4.68218059638755E-06, -16.4775429754703
-2.80108169292461, 3.41198031635451, -0.118125746524805
-3.5761206877046, 3.24642455392184, -1.04520578015354
-4.35836636903888, 3.07932937412417, -1.96593620895911
-5.14772541484243, 2.9107147114539, -2.88029703945213
-5.94166532848509, 2.74112153147958, -3.79050464665246
-6.73586841367948, 2.57147213553781, -4.70047220979104
-7.52592003237423, 2.40270953265574, -5.61420971061887
-8.3134223690133, 2.2344914808701, -6.53024674836561
-9.1022187834995, 2.06599700164523, -7.44511702159111
-9.8983880143647, 1.89592761813152, -8.35327840570628
-10.7072549400658, 1.72314588522138, -9.24961570424396
-11.5360955132167, 1.54609758965519, -10.1266374819994
-12.3899210333266, 1.36371226979602, -10.9782088202014
-13.2704937202007, 1.17561349859265, -11.8008009893274
-14.1755240529555, 0.982290339663782, -12.5951746065782
-15.100514954861, 0.78470341172899, -13.3651407733984
-16.045622443846, 0.582819387862345, -14.1091245022733
-16.9940480785169, 0.380226576253933, -14.8486975380512
-17.9163958386366, 0.183204248754115, -15.6218777408587
-18.7740551235172, 7.26012109442862E-06, -16.4655941109459
-0.952692752045676, 2.15733618959999, -0.04138453017174
-1.73926933415954, 2.06042087237142, -1.04583699252297
-2.53972768359865, 1.96179516112069, -2.03909210084648
-3.35402600330109, 1.86146420572845, -3.02086145921562
-4.18041477991743, 1.75964356644034, -3.99232509612983
-5.01507566687787, 1.65680370764279, -4.95658997126875
-5.85039875552966, 1.55388225795067, -5.92027386371333
-6.68188340785759, 1.45143374793468, -6.88732041367391
-7.51533891067454, 1.34874240638174, -7.85263940573244
-8.36235110740526, 1.24438072360444, -8.80588073926999
-9.23344456980726, 1.13705195083888, -9.73678672581344
-10.1364678551299, 1.0257890552075, -10.6362365702286
-11.0769242650498, 0.909913966399133, -11.495803794874
-12.0572589073837, 0.789125418898001, -12.3088757587702
-13.0738362289752, 0.663871354831374, -13.075460452455
-14.1248618574856, 0.534372861590329, -13.7932971314821
-15.2068405154375, 0.401060597718789, -14.4629461050182
-16.2977342937009, 0.266649888085226, -15.1178722227635
-17.3856138212355, 0.132610568945906, -15.7778624614125
-18.4618974374767, 1.04145821967575E-05, -16.4507194960507
-0.0864820741792589, 0.718817178559956, -0.00382054154002051
-0.848534420719849, 0.688491734088498, -1.09676823294406
-1.61718422287276, 0.65790374758206, -2.18508206690651
-2.38812048368146, 0.627224772739564, -3.27177599152049
-3.15705129723737, 0.596625603542417, -4.35989114817238
-3.91767973545953, 0.566356822701539, -5.45382593250131
-4.65983834133821, 0.536823038449376, -6.56037483061944
-5.37879733087917, 0.508212469879446, -7.68217407165044
-6.104110880665, 0.479349025159051, -8.7998416954252
-6.8849169151813, 0.44827728822367, -9.87903402881625
-7.75251069608852, 0.413751881739303, -10.8895927646075
-8.69877640548624, 0.376095770114101, -11.8268668712482
-9.71028630072921, 0.335843302813442, -12.6932998968469
-10.7823299438006, 0.293181929068557, -13.4833110991844
-11.9200554206795, 0.247906783693739, -14.1749978549493
-13.1087900137639, 0.20060175923246, -14.7752827440922
-14.3220272431059, 0.152321666144199, -15.3244965154252
-15.5683462791149, 0.102725101168343, -15.7930556818329
-16.8463383141393, 0.0518696081000898, -16.166896839163
-18.1497397514747, 1.41486046648977E-05, -16.4327762169595
