-189.282082881127, 13.7240106043125, -6.22806652747886
-189.282082881127, 13.7013222578135, -7.24972797624181
-189.282082881127, 13.6223121922739, -8.26848294042449
-189.282082881127, 13.4661310547323, -9.27815684470064
-189.282082881127, 13.2149487763512, -10.2683487916114
-189.282082881127, 12.8582523705585, -11.2254150315007
-189.282082881127, 12.3783785560557, -12.1267972399409
-189.282082881127, 11.7735037170504, -12.9493997545911
-189.282082881127, 11.0420614783355, -13.6605934627608
-189.282082881127, 10.1421660670216, -14.1337739545895
-189.282082881127, 9.14472727409309, -14.3514221634421
-189.282082881127, 8.13175815622392, -14.4865595130877
-189.282082881127, 7.11609376859835, -14.6001292015801
-189.282082881127, 6.09982370420136, -14.708183118683
-189.282082881127, 5.0833921042443, -14.8147094853942
-189.282082881127, 4.06699506740231, -14.9215657010239
-189.282082881127, 3.05072558386374, -15.0296278346371
-189.282082881127, 2.0344796831132, -15.1379081090042
-189.282082881127, 1.01765424103896, -15.2405772206209
-189.282082881127, 0, -15.3346841340649
-185.589235841425, 13.7543001279716, -6.3469888544022
-185.589235841425, 13.7326448615865, -7.36863246947299
-185.589235841425, 13.6503989724916, -8.38708551702846
-185.589235841425, 13.4875120761145, -9.39565493715248
-185.589235841425, 13.228174654901, -10.3837183461649
-185.589235841425, 12.8598038378926, -11.3362364059462
-185.589235841425, 12.3628577794365, -12.2282488837069
-185.589235841425, 11.7470582897201, -13.0429263497311
-185.589235841425, 11.0170842806513, -13.7555866312351
-185.589235841425, 10.1136103212773, -14.2216734383676
-185.589235841425, 9.1182244194996, -14.4496352638112
-185.589235841425, 8.10810248625898, -14.6045135300378
-185.589235841425, 7.095161573428, -14.7400871172628
-185.589235841425, 6.08170988379452, -14.8718060750547
-185.589235841425, 5.06815382209853, -15.002720378191
-185.589235841425, 4.05468787645312, -15.1343314767461
-185.589235841425, 3.04143558199767, -15.2675751797563
-185.589235841425, 2.02820893694754, -15.4010109640728
-185.589235841425, 1.01447784956899, -15.5305550300892
-185.589235841425, 0, -15.6541070498922
-181.80170041609, 13.7841906146595, -6.45918150712267
-181.80170041609, 13.7624612244081, -7.48151841183805
-181.80170041609, 13.6763597898349, -8.50034573969498
-181.80170041609, 13.5066199586126, -9.50848736339971
-181.80170041609, 13.2390816231045, -10.4950938945904
-181.80170041609, 12.8585135076721, -11.4434843294933
-181.80170041609, 12.3464505098707, -12.327740637981
-181.80170041609, 11.7238593603343, -13.138372777972
-181.80170041609, 10.9938447542264, -13.8517422698366
-181.80170041609, 10.0862735570707, -14.3122521175013
-181.80170041609, 9.09347587757854, -14.5549646995792
-181.80170041609, 8.08584709105107, -14.7295409071087
-181.80170041609, 7.07533471304167, -14.8868675961766
-181.80170041609, 6.06449460130764, -15.0420819763062
-181.80170041609, 5.05363403380846, -15.1971632657717
-181.80170041609, 4.04294205551681, -15.3533386664301
-181.80170041609, 3.03260988734867, -15.5118240847467
-181.80170041609, 2.02239097941426, -15.6710298794664
-181.80170041609, 1.01163798350781, -15.8268047879955
-181.80170041609, 0, -15.9767167729424
-178.014164990755, 13.8129908581773, -6.56416291525733
-178.014164990755, 13.7901794985124, -7.58777390574801
-178.014164990755, 13.6997011869203, -8.60752110867465
-178.014164990755, 13.5230090028452, -9.61578426037011
-178.014164990755, 13.2472344497724, -10.6014732031204
-178.014164990755, 12.8544889902532, -11.5462375569812
-178.014164990755, 12.3298905903768, -12.4247008385826
-178.014164990755, 11.7037892565159, -13.2344698961644
-178.014164990755, 10.971342332085, -13.9468324264797
-178.014164990755, 10.0605557550663, -14.4054289469913
-178.014164990755, 9.07068982267928, -14.6653856084409
-178.014164990755, 8.06517576880143, -14.858836420065
-178.014164990755, 7.05679752642476, -15.037019405551
-178.014164990755, 6.04831663253555, -15.2146230770438
-178.014164990755, 5.0399247015904, -15.3927306188157
-178.014164990755, 4.03182720708965, -15.5724959181622
-178.014164990755, 3.02429778798597, -15.7554161883435
-178.014164990755, 2.01696814906551, -15.939436016871
-178.014164990755, 1.00903042216659, -16.1200909091883
-178.014164990755, 0, -16.2945306322597
-174.22662956542, 13.8408236922315, -6.66489926433652
-174.22662956542, 13.8160765142699, -7.69021991679532
-174.22662956542, 13.7206667225987, -8.71127680376169
-174.22662956542, 13.53675563468, -9.72003228822976
-174.22662956542, 13.2525427669753, -10.7051467629149
-174.22662956542, 12.8478374927469, -11.6467284179261
-174.22662956542, 12.3130691337984, -12.5211922284245
-174.22662956542, 11.6854185539693, -13.3321173664551
-174.22662956542, 10.948348119049, -14.0418539921859
-174.22662956542, 10.0360107891104, -14.5029718856777
-174.22662956542, 9.04923827331016, -14.7811201730717
-174.22662956542, 8.04554305728336, -14.9925584924144
-174.22662956542, 7.03907755998395, -15.1906242916228
-174.22662956542, 6.03272598643379, -15.3892682424967
-174.22662956542, 5.0266001974324, -15.5890535406886
-174.22662956542, 4.02095325889176, -15.7912327054703
-174.22662956542, 3.01612302724417, -15.997430215778
-174.22662956542, 2.0115909625015, -16.2050794449801
-174.22662956542, 1.00641847373794, -16.409601955869
-174.22662956542, -8.88178419700125E-16, -16.6078939011773
-170.439094140085, 13.8678300497011, -6.76450990439253
-170.439094140085, 13.8404513305429, -7.79182713470675
-170.439094140085, 13.739468421553, -8.81441894809426
-170.439094140085, 13.547879991543, -9.82384780906699
-170.439094140085, 13.2549060749988, -10.8085405859607
-170.439094140085, 12.8385537478842, -11.7472819937133
-170.439094140084, 12.2954864803746, -12.6191538981377
-170.439094140085, 11.6671546443885, -13.4322333914584
-170.439094140084, 10.9240838303133, -14.1384202083383
-170.439094140084, 10.0120586905315, -14.6061357543805
-170.439094140084, 9.02836905136186, -14.9022572159236
-170.439094140084, 8.02631621429194, -15.1308880979827
-170.439094140084, 7.02161583881104, -15.3477953613459
-170.439094140084, 6.01719023912877, -15.565970405279
-170.439094140084, 5.01313847539903, -15.7858596545328
-170.439094140084, 4.00979505313055, -16.0089560592946
-170.439094140085, 3.00755270607028, -16.2369460394599
-170.439094140085, 2.00574942164578, -16.4668631429639
-170.439094140085, 1.00345341878192, -16.694619720141
-170.439094140085, 8.76074347676516E-10, -16.9172154625694
-166.651558714749, 13.8940796157694, -6.86500095384541
-166.651558714749, 13.8634873106421, -7.89448873592911
-166.651558714749, 13.7562206581899, -8.91871309099113
-166.651558714749, 13.5563981467514, -9.92885636683006
-166.651558714749, 13.2543052030191, -10.9131484220847
-166.651558714749, 12.8266935600226, -11.8493225331378
-166.651558714749, 12.2767462190542, -12.7196602527607
-166.651558714749, 11.6479127845058, -13.5352273779525
-166.651558714749, 10.8984740898053, -14.2378815486536
-166.651558714749, 9.98837958451594, -14.7152699273124
-166.651558714749, 9.00765943332945, -15.0285775082658
-166.651558714749, 8.0071927605501, -15.2738139018322
-166.651558714749, 7.00415405500349, -15.5084899010427
-166.651558714749, 6.00145888177801, -15.7446286636747
-166.651558714749, 4.99929800068404, -15.9830245938038
-166.651558714749, 3.99809686867607, -16.2254158828466
-166.651558714749, 2.9982238510102, -16.4732283654757
-166.651558714749, 1.99908169803225, -16.7239763716417
-166.651558714749, 0.999882292312773, -16.974495561031
-166.651558714749, 2.6830652361051E-07, -17.2222733839272
-162.864023289414, 13.919449777994, -6.96564223831487
-162.864023289414, 13.8850778144824, -7.9974442901804
-162.864023289414, 13.770891478415, -9.02336928727358
-162.864023289414, 13.5624189462515, -10.0342594702197
-162.864023289414, 13.2509129270168, -11.0181565095563
-162.864023289414, 12.8126252657814, -11.9521181682567
-162.864023289414, 12.2572699467189, -12.8220193609878
-162.864023289414, 11.627718190792, -13.6400718435174
-162.864023289414, 10.8724731567836, -14.34021423939
-162.864023289414, 9.96554846669419, -14.8294528619469
-162.864023289414, 8.98769406604196, -15.1592802067235
-162.864023289414, 7.98882369739873, -15.4208024818755
-162.864023289414, 6.98731366332453, -15.6721877293707
-162.864023289414, 5.98610794822069, -15.9247818417239
-162.864023289414, 4.98559711236708, -16.1801134951887
-162.864023289414, 3.98629513453625, -16.4401322172241
-162.864023289414, 2.98851937950213, -16.7059474847407
-162.864023289414, 1.99190277503349, -16.976080100598
-162.864023289414, 0.995898073121904, -17.2484613519561
-162.864023289414, 1.70049464953641E-06, -17.5212386579962
-159.076487864079, 13.9437934468382, -7.06532343353761
-159.076487864079, 13.9050894187695, -8.09955927560824
-159.076487864079, 13.783469848573, -9.12723725550244
-159.076487864079, 13.566105997607, -10.1389150336614
-159.076487866604, 13.2449433390312, -11.1224119580226
-159.076487863616, 12.7967584600139, -12.0546103147307
-159.076487858777, 12.2376339366509, -12.9252816989734
-159.076487864079, 11.6068731766941, -13.7455946714482
-159.076487864079, 10.8470842105744, -14.4449676277128
-159.076487864079, 9.94422766332507, -14.9474900389897
-159.076487864079, 8.9692481413024, -15.2935558974738
-159.076487864079, 7.97205218892787, -15.5712738306738
-159.076487864079, 6.97190578409218, -15.8383207021465
-159.076487864079, 5.97191086847687, -16.1059339155171
-159.076487864079, 4.97276682666383, -16.3767037615671
-159.076487864079, 3.97506221424864, -16.6527278042779
-159.076487864079, 2.97905794195167, -16.9348263133616
-159.076487864079, 1.98474209107266, -17.2228200093753
-159.076487864079, 0.991836224758373, -17.5156396952563
-159.076487864079, 5.27714649729939E-06, -17.8120812340122
-155.288952438744, 13.966968214558, -7.16295444078739
-155.288952438744, 13.9234116746724, -8.1997157276
-155.288952438744, 13.7939965697465, -9.22918514159434
-155.288952438744, 13.5676585474657, -10.2416967774462
-155.288952438979, 13.2366176017, -11.2247691214437
-155.288952438523, 12.7796570405398, -12.1558261798312
-155.288952438548, 12.2182833764975, -13.0283849359845
-155.288952438744, 11.5858420564492, -13.8507367859166
-155.288952438744, 10.8231615445029, -14.5514186832581
-155.288952438744, 9.92503686405034, -15.0681461014328
-155.288952438744, 8.95313812764632, -15.430675223861
-155.288952438744, 7.95776378236725, -15.7246645316323
-155.288952438744, 6.9587955937373, -16.0063465324338
-155.288952438744, 5.9597094988688, -16.2876122139673
-155.288952438744, 4.96161888964799, -16.5723867529966
-155.288952438744, 3.96516506122931, -16.8628343192619
-155.288952438744, 2.97053489610453, -17.1594669109375
-155.288952438744, 1.97807396586285, -17.4632748119659
-155.288952438744, 0.987989295938074, -17.7747399212189
-155.288952438744, 1.1956411977806E-05, -18.0928304998259
-151.491417013408, 13.9888948068988, -7.25771275971169
-151.491417013442, 13.9400065569488, -8.29706924468212
-151.491417013678, 13.8025890201296, -9.3283641604082
-151.491417014313, 13.5672942254115, -10.3417579049489
-151.491417012835, 13.2261932349466, -11.3243800511333
-151.491417013409, 12.7617367268998, -12.2550076031376
-151.491417013408, 12.199701653218, -13.1305969198349
-151.491417013408, 11.5651756182377, -13.9548256022522
-151.491417013408, 10.8013498217369, -14.6588990017202
-151.491417013409, 9.9085317962553, -15.190537419187
-151.491417013443, 8.94018623695812, -15.5703421388548
-151.491417013589, 7.94684968576993, -15.8808230159768
-151.491417013616, 6.94886878120133, -16.1761911211628
-151.491417013734, 5.95037963205232, -16.4698409915037
-151.491417013356, 4.95301130455861, -16.7672713412573
-151.491417013217, 3.95742873267893, -17.0706241553876
-151.491417013409, 2.96375926512937, -17.3801852423012
-151.491417013409, 1.97271552506942, -17.69804545733
-151.491417013409, 0.984875692886956, -18.0257261356381
-151.491417013408, 2.2679868266622E-05, -18.3622824451934
-142.03257845007, 14.0382033386382, -7.47124325287693
-142.03257845007, 13.9745730446648, -8.51730387314901
-142.03257845007, 13.8175488108867, -9.55339340557368
-142.03257845007, 13.5608333800611, -10.5693372812754
-142.03257845007, 13.1951564473294, -11.5511110639858
-142.03257845007, 12.7197952858382, -12.4849211429917
-142.03257845007, 12.1610237733411, -13.371594152694
-142.03257845007, 11.5218914636032, -14.2016520820867
-142.032578450071, 10.7620950159377, -14.9219190643779
-142.03257845007, 9.88513353207282, -15.4936246969878
-142.032578450071, 8.92864073491616, -15.9211432960341
-142.03257845007, 7.94115515148285, -16.2727698770179
-142.03257845007, 6.94476775144388, -16.598570663761
-142.03257845007, 5.94629069688141, -16.9179331388971
-142.03257845007, 4.94897578278115, -17.2409039730766
-142.03257845007, 3.95334838106235, -17.5690398117977
-142.03257845007, 2.959591199084, -17.9027931406212
-142.03257845007, 1.96902693884925, -18.2458971846537
-142.032578450071, 0.982595676097275, -18.6007064949605
-142.03257845007, 5.86192159377252E-05, -18.9661683894984
-132.563739886732, 14.0822638671573, -7.62971563624716
-132.563739886732, 14.0036602225434, -8.68306036762389
-132.563739886732, 13.8297785236149, -9.72485354083501
-132.563739886705, 13.5549502707252, -10.7446280145204
-132.563739884548, 13.1719618524592, -11.7287883872739
-132.563739888739, 12.6954311636584, -12.6714487246419
-132.563739888861, 12.1432849644882, -13.5720067872156
-132.563739887478, 11.5061702332617, -14.4140754977429
-132.563739886056, 10.7576949905875, -15.1584109005772
-132.563739886732, 9.90087192087795, -15.7746176406894
-132.563739886732, 8.96088328069124, -16.2556451191917
-132.563739886732, 7.98030773975612, -16.6487323519072
-132.563739886732, 6.98440685894052, -17.0016300013204
-132.563739886732, 5.98359953975554, -17.3404355518901
-132.563739886732, 4.98254828137657, -17.6785243020272
-132.563739886732, 3.98204319986749, -18.0182255680064
-132.563739886732, 2.9826138726836, -18.361075932268
-132.563739886732, 1.98550541099454, -18.7106133251044
-132.563739886732, 0.991406015630881, -19.0686178857996
-132.563739886732, 7.00382754577858E-05, -19.4342090734474
-123.094901323394, 14.1213339060203, -7.68856164383225
-123.094901323394, 14.0348266835913, -8.75110841684868
-123.094901323394, 13.8490671438713, -9.80079474196703
-123.094901323394, 13.5623473452651, -10.8275192427548
-123.094901323394, 13.1745073382748, -11.8204352020443
-123.094901323394, 12.7024652984982, -12.7763745866279
-123.094901323394, 12.1607598940987, -13.6946919238974
-123.094901323394, 11.5337721822072, -14.5565281658758
-123.094901323394, 10.7998150439626, -15.3290646785743
-123.094901323394, 9.96590716682988, -15.9922871304494
-123.094901323394, 9.04691305113124, -16.5318199689374
-123.094901323394, 8.07500850762488, -16.9699737787041
-123.094901323394, 7.07837713780733, -17.3492107696616
-123.094901323394, 6.07166433458361, -17.7009900053495
-123.094901323394, 5.06121489235402, -18.04191807695
-123.094901323394, 4.048968812973, -18.3774804547767
-123.094901323394, 3.0363045443828, -18.7117801794357
-123.094901323394, 2.02384321967094, -19.0466939676407
-123.094901323394, 1.01171183790725, -19.3826034472131
-123.094901323394, 3.28034229335416E-05, -19.7198727044222
-113.626062760056, 14.1492059537052, -7.57754242582272
-113.626062760056, 14.078030844136, -8.65420918234807
-113.626062760056, 13.8849969390949, -9.71589659666217
-113.626062760056, 13.5900278175406, -10.7541169693257
-113.626062760056, 13.209357485999, -11.7640366831018
-113.626062760056, 12.749528210035, -12.740548251694
-113.626062760056, 12.2182813460194, -13.6801474845623
-113.626062760056, 11.6017012613061, -14.5656670214622
-113.626062760056, 10.8823521306293, -15.3698174767388
-113.626062760056, 10.0696071753174, -16.0793949280569
-113.626062760056, 9.17288307949966, -16.6793082151042
-113.626062760056, 8.21100780045161, -17.1684303530569
-113.626062760056, 7.21020914617795, -17.5729014445965
-113.626062760056, 6.1915360564732, -17.9303899631687
-113.626062760056, 5.16513304694842, -18.2651464345987
-113.626062760056, 4.13494214237583, -18.5880852641813
-113.626062760056, 3.10296453296627, -18.9052742981598
-113.626062760056, 2.06963187306644, -19.218021617968
-113.626062760056, 1.03521979774965, -19.5271809750937
-113.626062760056, 2.95638617957109E-06, -19.8336355000875
-104.157221903159, 14.1668423376862, -7.29252461546616
-104.157223560132, 14.1150766356827, -8.38402477349022
-104.157224137974, 13.9192084314216, -9.45921044475608
-104.157224196718, 13.612178551463, -10.5084795200049
-104.157224196718, 13.2325142377289, -11.5338038071928
-104.157224196718, 12.7819362374393, -12.5299910922714
-104.157224196718, 12.2579338358589, -13.4895701387734
-104.157224196718, 11.6529004891522, -14.3999405158597
-104.157224196718, 10.949429818861, -15.2364151187136
-104.157224196718, 10.152653765828, -15.9845033683307
-104.157224196718, 9.27093443036269, -16.6302874301218
-104.157224196718, 8.31979793664905, -17.1687793504874
-104.157224196718, 7.31830278555834, -17.607182720091
-104.157224196718, 6.2900882835238, -17.9793081764405
-104.157224196718, 5.25007171965816, -18.3172865027797
-104.157224196718, 4.20422409679995, -18.6368250820432
-104.157224196718, 3.15546901768757, -18.9467058810202
-104.157224196718, 2.10480795766668, -19.25006499911
-104.157224196718, 1.05280388276306, -19.5487365619936
-104.157224196718, 0, -19.8445771215749
-94.6883890571705, 14.1666400061875, -6.86512719980503
-94.6883866681501, 14.096584722566, -7.9658327757833
-94.6883857555701, 13.8972657976802, -9.05051823727133
-94.6883856333802, 13.580829652956, -10.1072497602339
-94.6883856333803, 13.1832004403607, -11.1363976372768
-94.6883856333803, 12.7168484026459, -12.1363071880991
-94.6883856333803, 12.1852268207157, -13.1030964822243
-94.6883856333803, 11.5921853249498, -14.0333681062353
-94.6883856333803, 10.9091276620274, -14.8992783544866
-94.6883856333803, 10.129149935974, -15.6789756401316
-94.6883856333802, 9.26017368117543, -16.3580058311928
-94.6883856333803, 8.32016621937878, -16.9351078921889
-94.6883856333803, 7.33003860582267, -17.4215874598358
-94.6883856333803, 6.30843266129974, -17.838417960247
-94.6883856333803, 5.27013653216545, -18.2120042047551
-94.6883856333803, 4.22234902761667, -18.5581674777611
-94.6883856333803, 3.16947688423436, -18.8885923230874
-94.6883856333803, 2.11409069318096, -19.2109069003512
-94.6883856333802, 1.05726748205425, -19.5284824210101
-94.6883856333803, 0, -19.8445771215749
-85.2195470700423, 14.1295739370652, -6.27582094400244
-85.2195470700423, 14.0009344373933, -7.37967449126226
-85.2195470700423, 13.7835903377376, -8.46946926932241
-85.2195470700423, 13.4712861988612, -9.53589482301703
-85.2195470700423, 13.0635330082541, -10.5695870852017
-85.2195470700423, 12.568247798443, -11.5644461211747
-85.2195470700423, 12.0119109477534, -12.5266324263855
-85.2195470700422, 11.4091848802161, -13.4605416220145
-85.2195470700423, 10.7466826752679, -14.3525802427587
-85.2195470700423, 9.9875432796127, -15.1637048408127
-85.2195470700423, 9.14234703133939, -15.8848526890014
-85.2195470700423, 8.22609340941248, -16.5134628555611
-85.2195470700423, 7.25884161504111, -17.0606881685164
-85.2195470700423, 6.2570486103033, -17.5420576516296
-85.2195470700423, 5.23389331228662, -17.9763958032793
-85.2195470700423, 4.19732247202066, -18.3777456682528
-85.2195470700423, 3.15218186747476, -18.7562806602238
-85.2195470700423, 2.10279347180661, -19.122910341378
-85.2195470700423, 1.05175864434051, -19.4847980099733
-85.2195470700423, 0, -19.8445771215749
-75.7507085067043, 14.0378515311404, -5.54679037857474
-75.7507085067043, 13.8321594911803, -6.64796085729652
-75.7507085067043, 13.5711273664142, -7.73730791539694
-75.7507085067043, 13.2449039692214, -8.8088599071233
-75.7507085067043, 12.8359418288058, -9.85146386552122
-75.7507085067043, 12.331010906418, -10.8511172903415
-75.7507085067043, 11.7572364766337, -11.8132262172786
-75.7507085067043, 11.1405320354671, -12.7484295977641
-75.7507085067042, 10.4849417848069, -13.6567549798547
-75.7507085067042, 9.75713745474338, -14.5077203131675
-75.7507085067042, 8.94050289406648, -15.2739910917407
-75.7507085067042, 8.05597510995899, -15.9609589040519
-75.7507085067042, 7.11909403155708, -16.5748306643205
-75.7507085067042, 6.14542265499104, -17.1287048466269
-75.7507085067042, 5.14702234723425, -17.636803007954
-75.7507085067042, 4.13251469271206, -18.1119981131881
-75.7507085067042, 3.10671209712713, -18.5623438502686
-75.7507085067042, 2.07396098848063, -18.9965475446955
-75.7507085067043, 1.03771378682755, -19.4223542104378
-75.7507085067043, 0, -19.8445771215749
-66.2818699433662, 13.8541551764128, -4.71310815694024
-66.2818699433662, 13.5750562193942, -5.80714093069791
-66.2818699433662, 13.2538258901386, -6.88954111350519
-66.2818699433662, 12.8849917475156, -7.95662190233007
-66.2818699433667, 12.4567018780516, -9.00116395630019
-66.2818699449983, 11.9518862166675, -10.0108285949622
-66.2818699538215, 11.3762822968589, -10.9820618431787
-66.2818699420219, 10.7611690948257, -11.9288786478966
-66.2818699335463, 10.1102253250931, -12.8513945752574
-66.2818699404374, 9.41095513755766, -13.7376369252564
-66.2818699437644, 8.63582936654158, -14.5580612471675
-66.2818699446625, 7.79030537190184, -15.3059682450918
-66.2818699433662, 6.89184309413916, -15.9895082130873
-66.2818699433662, 5.95406150343721, -16.6181909947161
-66.2818699433662, 4.98995615293899, -17.205826646662
-66.2818699433662, 4.00858725192658, -17.7642210439472
-66.2818699433662, 3.01529303000006, -18.3011409365277
-66.2818699433662, 2.01396763058768, -18.8229504023189
-66.2818699433662, 1.00799828411204, -19.3357622303504
-66.2818699433662, 0, -19.8445771215749
-56.8030313800282, 13.5296406196997, -3.84284053445065
-56.8030313800282, 13.1955574421504, -4.92802472005468
-56.8030313800282, 12.8150082744578, -5.99781128959552
-56.8030313800282, 12.3899748751604, -7.05071488689761
-56.8030313800282, 11.919604491809, -8.08414775300101
-56.8030313800282, 11.4000046226314, -9.09369005830374
-56.8030313800282, 10.8275542983897, -10.0742390182138
-56.8030313800282, 10.2168583940294, -11.0315362401705
-56.8030313800282, 9.57923145611306, -11.9710933608587
-56.8030313800282, 8.90344324963687, -12.8834944480602
-56.8030313800282, 8.17094963772815, -13.7508462321175
-56.8030313800282, 7.37487280553264, -14.5602609780533
-56.8030313800282, 6.52704154820286, -15.3154032004063
-56.8030313800282, 5.63896139921367, -16.0228697025226
-56.8030313800282, 4.7227366922887, -16.6935912926412
-56.8030313800282, 3.78945934824569, -17.3404319620194
-56.8030313800282, 2.84663823300021, -17.9733017416235
-56.8030313800282, 1.89801195298344, -18.5974444974544
-56.8030313800282, 0.948139960545527, -19.2196929530799
-56.8030313800282, 0, -19.8445771215749
-53.025495954693, 13.3519499205582, -3.49757432254493
-53.025495954693, 13.0010552458115, -4.57918496956717
-53.025495954693, 12.5992558425301, -5.64295920145686
-53.025495954693, 12.1516084296119, -6.68828200113786
-53.025495954693, 11.6614292711236, -7.71435575360873
-53.025495954693, 11.1304030454954, -8.71989594635099
-53.025495954693, 10.5569639843696, -9.70185684943562
-53.025495954693, 9.9485321918994, -10.6625897911505
-53.025495954693, 9.3160909690353, -11.607688908564
-53.025495954693, 8.6503179588548, -12.5295374127612
-53.0254959546929, 7.93344298585666, -13.4120829675252
-53.0254959546929, 7.15766992252663, -14.2433345576625
-53.025495954693, 6.33282848411958, -15.0260056528475
-53.025495954693, 5.46881697545848, -15.7652839871059
-53.025495954693, 4.57643484440842, -16.4701400352162
-53.025495954693, 3.66712890065521, -17.1530813562335
-53.0254959546929, 2.75014034817456, -17.8256919682658
-53.0254959546929, 1.83014959393126, -18.4941937042385
-53.025495954693, 0.912111409339896, -19.1653684768644
-53.025495954693, 0, -19.8445771215749
-49.2379605293578, 13.1411535608475, -3.15530727189305
-49.2379605293578, 12.7746970475958, -4.23299577411348
-49.2379605293578, 12.3529048074862, -5.29028987316008
-49.2379605293578, 11.8836569170444, -6.32742382449394
-49.2379605293578, 11.3739142439413, -7.34528935988268
-49.2379605293578, 10.8298258750376, -8.34523613206894
-49.2379605293577, 10.2535381902475, -9.32697076902908
-49.2379605293577, 9.64758521028615, -10.2907043951258
-49.2379605293577, 9.02026192625807, -11.2406728944787
-49.2379605293578, 8.36457623196381, -12.1712369552922
-49.2379605293577, 7.66356494860655, -13.0680230344767
-49.2379605293577, 6.90789277260631, -13.9192476123724
-49.2379605293577, 6.10677362640379, -14.7279324231199
-49.2379605293577, 5.26882970621044, -15.4984446509519
-49.2379605293577, 4.4032883185253, -16.2378849403032
-49.2379605293577, 3.5210329870043, -16.9573524776135
-49.2379605293577, 2.6332081893082, -17.6699528911825
-49.2379605293577, 1.74690357553391, -18.3844425285129
-49.2379605293577, 0.867368025349722, -19.1072288921642
-49.2379605293577, 0, -19.8445771215749
-45.4504251040225, 12.8914066437519, -2.81947493794525
-45.4504251040225, 12.5092988995206, -3.8923579346901
-45.4504251040225, 12.0684103859182, -4.94250369566138
-45.4504251040225, 11.5791100282154, -5.97102814491459
-45.4504251040225, 11.0512557338369, -6.9803438634575
-45.4504251040225, 10.49414640506, -7.97383879989612
-45.4504251040225, 9.91374859834517, -8.9539125106686
-45.4504251040226, 9.3103780670928, -9.92001907870653
-45.4504251040226, 8.68845545994051, -10.8742952524366
-45.4504251040225, 8.04292746241171, -11.8127264402775
-45.4504251040225, 7.35845867845282, -12.7230380964964
-45.4504251040225, 6.6236752129018, -13.5932183209258
-45.4504251040225, 5.84653084734461, -14.4258766982672
-45.4504251040225, 5.03633532850498, -15.2264395483713
-45.4504251040225, 4.20061686467105, -16.0003676747916
-45.4504251040225, 3.34907007684123, -16.756884676364
-45.4504251040225, 2.49399480576713, -17.5094230148454
-45.4504251040226, 1.64644515523879, -18.2704137090291
-45.4504251040225, 0.813113578330428, -19.046916766372
-45.4504251040225, 0, -19.8445771215749
-41.6628896786873, 12.5922053472488, -2.49365423633068
-41.6628896786873, 12.1925482724818, -3.55987018660227
-41.6628896786873, 11.7328198012902, -4.60165908214921
-41.6628896786873, 11.22546335856, -5.62115467851456
-41.6628896786873, 10.6822135927307, -6.62202568201524
-41.6628896786873, 10.1141015197172, -7.60902570076876
-41.6628896786873, 9.52979624134696, -8.586533481706
-41.6628896786873, 8.92936019821217, -9.55421559060221
-41.6628896786873, 8.31379627639939, -10.5123476747488
-41.6628896786873, 7.67895487033907, -11.4577924449552
-41.6628896786873, 7.01212286364234, -12.3808774986696
-41.6628896786873, 6.30028045676247, -13.269671315678
-41.6628896786873, 5.54855926502456, -14.1250778745867
-41.6628896786873, 4.76779345227708, -14.95408817834
-41.6628896786873, 3.96499800393295, -15.7618192176453
-41.6628896786873, 3.14881733227982, -16.5560471302397
-41.6628896786873, 2.33116974459755, -17.3487687521677
-41.6628896786873, 1.52745161308996, -18.1555663555741
-41.6628896786873, 0.749266001331569, -18.9869815977757
-41.6628896786873, 0, -19.8445771215749
-37.8753542533521, 12.2251408772971, -2.1818421835004
-37.8753542533521, 11.804254216902, -3.23816434851409
-37.8753542533521, 11.3257377288123, -4.26973295940248
-37.8753542533521, 10.8032388458161, -5.27979012226332
-37.8753542533521, 10.2489661687123, -6.27280451818918
-37.8753542533521, 9.67414259464292, -7.25409076376372
-37.8753542533521, 9.08841614318217, -8.22891609712599
-37.8753542533521, 8.49244878910709, -9.19751253180658
-37.8753542533521, 7.88511738128631, -10.159023143847
-37.8753542533521, 7.26266594849928, -11.1108004717847
-37.8753542533521, 6.61501816859336, -12.0455704230891
-37.8753542533521, 5.92943261760708, -12.9528333792175
-37.8753542533521, 5.20698110568865, -13.8310682999363
-37.8753542533521, 4.45851709481578, -14.6872798002703
-37.8753542533521, 3.69230004895715, -15.5276705011257
-37.8753542533521, 2.91720847172818, -16.359895863085
-37.8753542533521, 2.14351899369776, -17.1934191135443
-37.8753542533521, 1.38924361655702, -18.0444697228025
-37.8753542533521, 0.675585039191388, -18.9297847116327
-37.8753542533521, 0, -19.8445771215749
-34.0878188280169, 11.7691281389366, -1.88650994554314
-34.0878188280169, 11.3226463656792, -2.9286625073169
-34.0878188280169, 10.8262283656743, -3.9480403481345
-34.0878188280169, 10.292902922721, -4.94864639022741
-34.0878188280169, 9.73363450969839, -5.93501498199682
-34.0878188280169, 9.15829341033981, -6.9121130290596
-34.0878188280169, 8.57579158532592, -7.88496511608921
-34.0878188280169, 7.98738604141833, -8.85425653763075
-34.0878188280169, 7.39124260890528, -9.8188066326739
-34.0878188280169, 6.78395260539712, -10.7763695921233
-34.0878188280169, 6.15782187971389, -11.721696952909
-34.0878188280169, 5.5019325196032, -12.6465857073822
-34.0878188280169, 4.81417616530991, -13.5480487831889
-34.0878188280169, 4.10315006137249, -14.4313075301721
-34.0878188280169, 3.37858533336862, -15.3035175673737
-34.0878188280169, 2.65112259255841, -16.1733165040885
-34.0878188280169, 1.92963169944099, -17.0480620200943
-34.0878188280169, 1.23208220100203, -17.9419140839149
-34.0878188280169, 0.591186899545729, -18.8770423451491
-34.0878188280169, -8.88178419700125E-16, -19.8445771215749
-30.3002834026817, 11.2118806959578, -1.60807734958463
-30.3002834026817, 10.7360075913744, -2.63159590495649
-30.3002834026817, 10.2236883701123, -3.63740634352728
-30.3002834026817, 9.68482945622613, -4.62927557220125
-30.3002834026817, 9.12744636283624, -5.61086941557215
-30.3002834026817, 8.55867960158592, -6.58592014012214
-30.3002834026817, 7.98523390601272, -7.55822972183483
-30.3002834026817, 7.40846169867082, -8.52856925002763
-30.3002834026817, 6.82691580201656, -9.49605453848452
-30.3002834026817, 6.23811289048265, -10.4591366833924
-30.3002834026817, 5.63636574598202, -11.4141735069301
-30.3002834026817, 5.0131648088528, -12.3553260319312
-30.3002834026817, 4.36492796003951, -13.279419576792
-30.3002834026817, 3.69762262671341, -14.1898605341735
-30.3002834026817, 3.02163398985973, -15.0938876557183
-30.3002834026817, 2.34903609471348, -16.0004361603055
-30.3002834026817, 1.68913793526795, -16.9162508805368
-30.3002834026817, 1.05867924070523, -17.8524756100471
-30.3002834026817, 0.496692260462435, -18.8310271646332
-30.3002834026817, 3.51336243133627E-08, -19.8445771215749
-26.5127479773465, 10.5497655518369, -1.34588037698782
-26.5127479773465, 10.0446181750814, -2.34817383230087
-26.5127479773465, 9.51990196113405, -3.34037485333936
-26.5127479773465, 8.98081161905626, -4.32484697133775
-26.5127479773465, 8.43149758545588, -5.30365556907981
-26.5127479773465, 7.87564230543591, -6.2787671550116
-26.5127479773465, 7.31674052660349, -7.25213646132458
-26.5127479773465, 6.75582387907991, -8.22434620219618
-26.5127479773465, 6.19242007176106, -9.1951165815309
-26.5127479773465, 5.62549767133951, -10.163835303038
-26.5127479773465, 5.05124650804846, -11.1282233767054
-26.5127479773465, 4.46346826777311, -12.0844150250972
-26.5127479773465, 3.85844720498931, -13.0297927557241
-26.5127479773465, 3.24097870444585, -13.96709930357
-26.5127479773465, 2.62090553857244, -14.9026884783785
-26.5127479773465, 2.01106987675866, -15.8449678927788
-26.5127479773465, 1.42226019310473, -16.8004964885458
-26.5127479773465, 0.871873556409236, -17.7785584984424
-26.5127479773465, 0.395762264226657, -18.7945451503324
-26.5127479773465, 1.73395021550167E-06, -19.8445771215749
-22.7252125520113, 9.77247904233901, -1.10135412576772
-22.7252125520113, 9.24619585311294, -2.0842255948666
-22.7252125520113, 8.71555973522922, -3.06475422994979
-22.7252125520113, 8.18140517950552, -4.04337092258166
-22.7252125520113, 7.64456162233367, -5.02051533113921
-22.7252125520113, 7.10585456561946, -5.9966337870644
-22.7252125520113, 6.56588349649365, -6.97205359863298
-22.7252125520113, 6.02493614180154, -7.94693234817835
-22.7252125520113, 5.48369846268689, -8.92165004629167
-22.7252125520113, 4.94292864190604, -9.89662756653892
-22.7252125520113, 4.40025063088553, -10.8705431955603
-22.7252125520113, 3.85158932928313, -11.8410973935152
-22.7252125520113, 3.29440239486084, -12.8067837968111
-22.7252125520113, 2.73333569343856, -13.7702238017474
-22.7252125520113, 2.17743393215262, -14.7366460606987
-22.7252125520113, 1.63970952692233, -15.7132726038138
-22.7252125520113, 1.13209239199258, -16.7058405323895
-22.7252125520113, 0.673532988536057, -17.7218858989804
-22.7252125520113, 0.291663999559095, -18.7689952582493
-22.7252125520113, 1.48310170172424E-06, -19.8445771215749
-18.998030194392, 8.87944307545031, -0.880384434523881
-19.1781446793803, 8.38791145171007, -1.86737702253329
-19.3565384585445, 7.90107562646569, -2.85700693021587
-19.533816644581, 7.41728424987618, -3.84832947142959
-19.7105873287243, 6.93487784368252, -4.84041755695161
-19.8874599854033, 6.45219315489537, -5.83235204504988
-20.0649770639068, 5.96774984183199, -6.82331335420638
-20.2430853048478, 5.4816932491213, -7.81337853803711
-20.4214257403728, 4.99500299842999, -8.80309060053513
-20.5996859330679, 4.50853173006227, -9.79292490910503
-20.7784149696782, 4.02078098874743, -10.7820439359318
-20.958998457378, 3.52796945870599, -11.7683103941271
-21.1426034440569, 3.02691227146797, -12.7498537518951
-21.3280023049398, 2.52095960955255, -13.7285472311533
-21.5125655971387, 2.01728721083756, -14.7085707640815
-21.6922806421857, 1.52684565691025, -15.6961585004192
-21.8633409514643, 1.06002283817563, -16.6966138179419
-22.0193486309963, 0.634278578677025, -17.7175349580044
-22.1507991081265, 0.27555081466965, -18.7670957396384
-22.2517706238438, 3.64974394247124E-07, -19.8445771215749
-16.2542767726105, 8.13519121191754, -0.730933289129497
-16.5668925919286, 7.68634695882852, -1.7253611527032
-16.8754176488071, 7.24337609760993, -2.72369566254163
-17.1814566327629, 6.80397466402473, -3.72437108493828
-17.4861966181738, 6.36643829290797, -4.72625983771486
-17.7907634068765, 5.92915059233922, -5.72830993786183
-18.0964109135045, 5.49031122995438, -6.72935153976096
-18.403276460023, 5.04972304306637, -7.72925217430979
-18.7107683717512, 4.60823554012547, -8.72856356832503
-19.0182038111385, 4.1668291184482, -9.72792815052009
-19.326747415103, 3.72383162788956, -10.7262458523679
-19.6386323416153, 3.276036768386, -11.7213770245526
-19.9558476269465, 2.82058874236, -12.7113360912564
-20.2769959497248, 2.35949378119441, -13.6974082449841
-20.5982674822106, 1.89822191929073, -14.6833572704714
-20.9133407777729, 1.44584929680653, -15.6753978216602
-21.2161448404034, 1.01109246453816, -16.6790396327035
-21.4957207112474, 0.609685961167981, -17.7029947181842
-21.7348386704226, 0.266367692693029, -18.7576771673037
-21.9203612741274, 1.24744143328333E-07, -19.8445771215749
-14.0905754353768, 7.49837648903397, -0.620492721359232
-14.5003167078455, 7.08863521656526, -1.6221611369693
-14.9050337971127, 6.68391812729804, -2.62790931598376
-15.3066237651094, 6.2823281593013, -3.63616240008785
-15.7065540075595, 5.88239791685119, -4.64573450425871
-16.1062270196605, 5.48272490475017, -5.6555103869199
-16.5071945890502, 5.08175733536047, -6.6642588986411
-16.9097420680053, 4.67920985640544, -7.67174847805503
-17.3132979630979, 4.27565396131286, -8.67843090322475
-17.7171200442196, 3.87183188019115, -9.68489993907655
-18.1226625793137, 3.46628934509705, -10.6899834481044
-18.5326170632493, 3.05633486116142, -11.6914780472588
-18.949678612267, 2.63927331214366, -12.6870838985034
-19.3729200662267, 2.21603185818405, -13.6774641423282
-19.7978492730136, 1.79110265139709, -14.666400016332
-20.2171095700427, 1.37184235436799, -15.6601531744585
-20.62337381001, 0.96557811440076, -16.6646203014003
-21.0026910631625, 0.58626086124817, -17.6898285910396
-21.3316573520204, 0.257294572390269, -18.7490499138703
-21.5889519244107, 8.88146744618703E-09, -19.8445266004493
-12.0676054299347, 6.8637712496468, -0.522916067467128
-12.5631638443769, 6.49364906665577, -1.5324858305466
-13.0539343363994, 6.12710288246994, -2.54569385413179
-13.5414328496663, 5.76300047057094, -3.56136047457639
-14.0271858916397, 5.40020171456129, -4.57832951968647
-14.5127257096174, 5.03756221108064, -5.59545723279963
-14.9995372033295, 4.67397291967351, -6.61163732980275
-15.4880219522038, 4.30913390909044, -7.62656585184103
-15.9779205341635, 3.94323893623795, -8.64043213451235
-16.4686942213801, 3.57669036562874, -9.6536391940298
-16.9620461913373, 3.20821612973259, -10.6648922839355
-17.4609535380938, 2.83559269945615, -11.6718873224595
-17.9687163275669, 2.4563553248008, -12.6719595433426
-18.4849489507495, 2.07079200904396, -13.6652575284782
-19.005261161132, 1.68218173519677, -14.6552386004297
-19.5217348997654, 1.29643833536823, -15.6483396704504
-20.0264080952918, 0.919508513612386, -16.6508280932836
-20.5033256441052, 0.56330880207639, -17.6741453527344
-20.923501862149, 0.249488000065889, -18.735270757404
-21.2575425746952, 3.64454597550682E-07, -19.8424414901305
-10.0417716857643, 6.18975409825171, -0.430631122260704
-10.6191516560118, 5.86140778007653, -1.45019939349838
-11.1930573775531, 5.53503720894817, -2.47236080887503
-11.7644857097381, 5.21007548765137, -3.49635778309998
-12.3344388287088, 4.88595269540031, -4.52144270269646
-12.90392165446, 4.56209735102585, -5.54687304525222
-13.4740211653191, 4.23789130815985, -6.57185010478308
-14.0455268356669, 3.91288560594525, -7.59579005138936
-14.6189084425956, 3.58681309001831, -8.61834084135301
-15.1942054054008, 3.25965134328599, -9.63946696568512
-15.7733861815413, 2.93028093696232, -10.6576815991715
-16.3595481608599, 2.59694043732384, -11.6705915988429
-16.9565485302455, 2.25743632679341, -12.6750840042134
-17.5647825590604, 1.91154382230522, -13.6706210359204
-18.1803744264636, 1.56146703825298, -14.6601620135623
-18.7953673141889, 1.2117308839109, -15.6501949885004
-19.4014694531965, 0.867050749447764, -16.6474445438033
-19.981927462309, 0.53695400212608, -17.6645649412779
-20.502756943743, 0.240766999739001, -18.7232896438969
-20.9261332249857, 1.24698271724361E-06, -19.8372034104084
-7.93023495239125, 5.44219715938197, -0.340039039716979
-8.58941702371774, 5.15893276411604, -1.37278030634974
-9.2475905433727, 4.87610176470804, -2.40628331021937
-9.90465505356129, 4.59374732998451, -3.44062193251287
-10.5605099352641, 4.31191269805358, -4.47586982912513
-11.2151410539259, 4.03060394283088, -5.512034513527
-11.8688813945726, 3.74967797364974, -6.54886549912629
-12.5232120766741, 3.46849832233361, -7.58525509582677
-13.1799935197965, 3.18626552747985, -8.61980596085659
-13.8407899777079, 2.90230739635612, -9.65132289994668
-14.5069655238644, 2.61603775791884, -10.6787312966199
-15.1820099733772, 2.32595696524181, -11.6992515268439
-15.8707275796341, 2.03000052963553, -12.7088840318367
-16.5743228397909, 1.72765085334773, -13.7062907946917
-17.2897888026645, 1.42020008652255, -14.6936538070587
-18.0093844847086, 1.11097469254296, -15.6774606669527
-18.7254617002929, 0.803261257576504, -16.6642995387077
-19.4212150907048, 0.504281397592365, -17.6681089250226
-20.0591728482202, 0.230137536209473, -18.7161518169473
-20.5947238752874, 2.66688739640175E-06, -19.8286755716776
-5.69568428052358, 4.57630063111232, -0.247802578830071
-6.43508044841432, 4.34402543653034, -1.30104505436174
-7.17674550729482, 4.11103748859769, -2.35253378422269
-7.91939814257211, 3.8777393017029, -3.40325656858626
-8.66175986655844, 3.64453250218562, -4.45420514214424
-9.40254807860949, 3.41182000843677, -5.50637259719367
-10.1402307349433, 3.18008309934716, -6.56093456014106
-10.8770703947509, 2.94861101064839, -7.61614407480182
-11.61715878769, 2.71611835928914, -8.66885070378981
-12.3640874190605, 2.48147690356539, -9.71623412218815
-13.1194410339235, 2.2441888089151, -10.7569556559028
-13.8869220932274, 2.00309097783444, -11.7878728081066
-14.6718540231153, 1.75651110000196, -12.8042400555453
-15.4768953339006, 1.50361402637682, -13.8031728232176
-16.3002783081876, 1.24495507076771, -14.7855560126795
-17.1345349149879, 0.982880253381746, -15.7578233985126
-17.9735757926728, 0.719302496842279, -16.7255606813224
-18.8013827200827, 0.459253792926291, -17.7037983251221
-19.5799577334028, 0.214670887889757, -18.7252536023683
-20.2633145256061, 4.6338848992487E-06, -19.8167121015274
-3.34635837836163, 3.54283186253942, -0.149664620118473
-4.16401881679955, 3.36817175097297, -1.23358547164097
-4.98392047183972, 3.19303289404549, -2.31573490223954
-5.80514205323228, 3.01761208819016, -3.3968374536924
-6.62676496048132, 2.8421055552829, -4.47762116459603
-7.44773752464333, 2.66673794189626, -5.55892106264016
-8.26374950781211, 2.4924299561851, -6.64413899709434
-9.07782282364112, 2.31853608841084, -7.73087972360784
-9.89671436587386, 2.1436130012667, -8.81382326904305
-10.7269797854187, 1.96626034484552, -9.88766879164107
-11.5707164348587, 1.78603010452054, -10.9504735044278
-12.4320222609639, 1.60204691955961, -11.9984229584313
-13.3173447756928, 1.41293353957237, -13.0252073369444
-14.2317354536764, 1.2176109211306, -14.024983107958
-15.173813982921, 1.01637391211427, -14.9975311976877
-16.1363278573146, 0.810771717385372, -15.9489487801356
-17.1165070235347, 0.60139604690023, -16.8813229616533
-18.0978007031474, 0.391782305665485, -17.8124633404035
-19.0481157614559, 0.188785895047248, -18.7765091077142
-19.9319051759476, 7.15665085120774E-06, -19.8011574240604
-1.15960518253249, 2.27213065750893, -0.0530602804876372
-1.99712538282845, 2.168938498293, -1.21593288904514
-2.8423197456924, 2.06480079363796, -2.37315126946167
-3.69828445852816, 1.95933605750509, -3.52230292157784
-4.56444140452368, 1.85261552056095, -4.66367803582856
-5.43685829527946, 1.74512368614105, -5.80020704303775
-6.30783592284314, 1.63780918556507, -6.93785550594793
-7.1749642999381, 1.53096895709272, -8.07848595973606
-8.0504867824926, 1.42309447790408, -9.21257383029197
-8.94412615624798, 1.31298778853039, -10.332212918601
-9.86033332600584, 1.2001004861071, -11.4331662718212
-10.8047858170829, 1.08373303395888, -12.5095830114505
-11.7873097376409, 0.962674742101755, -13.5507576507527
-12.8158544058445, 0.835946162749938, -14.5457626525201
-13.8861478147232, 0.704073656489504, -15.4950633107331
-14.993391676639, 0.567648427761538, -16.4003075390194
-16.1362939282057, 0.426829673694194, -17.2594289875759
-17.29441134967, 0.28413623501146, -18.0977406478708
-18.4516227649013, 0.141554426757961, -18.9373197382364
-19.6004958263182, 1.02423790499857E-05, -19.7818456577143
-0.10330879147276, 0.762691342103598, -0.00478711805470573
-0.903863590329713, 0.730833714200086, -1.27308571945768
-1.70213712630119, 0.699066867869875, -2.54282323135629
-2.4960226584265, 0.667474639684442, -3.8153123933622
-3.28339934426186, 0.636141427375851, -5.09184440772179
-4.0606408658597, 0.605211538227, -6.37457666777032
-4.82299684556941, 0.574874010844378, -7.6662238567497
-5.57465614965982, 0.544962151651081, -8.96414337530377
-6.34021195148021, 0.514497289147484, -10.2538552375781
-7.15913064037247, 0.481908880569815, -11.5100861634627
-8.06143792320516, 0.446002069802882, -12.7076231825876
-9.04711313208773, 0.406777679313766, -13.8374009900574
-10.1096722152147, 0.364493738296745, -14.8951446620832
-11.2404761425341, 0.319494032093231, -15.8794323580723
-12.4456739228011, 0.27153386435867, -16.7706216278321
-13.7225278780664, 0.220722179447086, -17.5557813282609
-15.0421667946021, 0.168207891068555, -18.2670481230583
-16.4070184579755, 0.113894386862063, -18.8861733939263
-17.8176309160359, 0.0577598575717311, -19.3925628168532
-19.2690864767232, 1.38961996393047E-05, -19.7586000700415
