-138.831664093442, 13.3789081188747, -5.78142009254561
-138.831664093443, 13.3559247235802, -6.77676607527236
-138.831664093443, 13.2780401561509, -7.76919722159717
-138.831664093443, 13.1194135174938, -8.75179605013248
-138.831664093843, 12.8651178888619, -9.71405717906056
-138.831664103675, 12.5148179422322, -10.6455148040513
-138.831664086246, 12.0535670873986, -11.5271745980028
-138.831664093442, 11.4934588669728, -12.3498494686057
-138.831664093443, 10.815214482498, -13.0752643285518
-138.831664093443, 9.92672713653855, -13.5078351923305
-138.831664093442, 8.94585278023264, -13.673406768884
-138.831664093442, 7.95388929670556, -13.7585562116465
-138.831664093442, 6.96011879250655, -13.8201493540307
-138.831664093442, 5.96599877978166, -13.875888120936
-138.831664093442, 4.97175493414931, -13.9293819965546
-138.831664093442, 3.97748558775008, -13.9824017842021
-138.831664093442, 2.98325315621875, -14.0361066429824
-138.831664093442, 1.98902164686408, -14.0898234098727
-138.831664093442, 0.994621172174018, -14.1403097262846
-138.831664093442, 0, -14.1862326332016
-136.123092357753, 13.4115750849211, -5.89210979610768
-136.123092357753, 13.3883783088161, -6.88818321975045
-136.123092357753, 13.3057325586713, -7.8809503720036
-136.123092357753, 13.1384550652773, -8.86285030197706
-136.123092357753, 12.875904749762, -9.82368769764134
-136.123092357753, 12.5156796574485, -10.7521052428785
-136.123092357753, 12.044560948937, -11.6294555589839
-136.123092357753, 11.4886824403889, -12.4560953625303
-136.123092357753, 10.8131244369679, -13.1842895824411
-136.123092357753, 9.91833249333867, -13.6069544311488
-136.123092357753, 8.93862562024833, -13.7845947425493
-136.123092357753, 7.94758961974332, -13.8875128266013
-136.123092357753, 6.95456627791085, -13.9697994799522
-136.123092357753, 5.96123788658108, -14.0483417381218
-136.123092357753, 4.96781548792229, -14.1256912613238
-136.123092357753, 3.97439928992336, -14.2031198735492
-136.123092357753, 2.98105197366368, -14.281424880354
-136.123092357753, 1.9876739569852, -14.3593347902654
-136.123092357753, 0.994017534256788, -14.4336053364992
-136.123092357753, 0, -14.5028680791272
-133.345070064737, 13.4429544977757, -5.99492232155739
-133.345070064737, 13.4192528033054, -6.99245462092368
-133.345070064737, 13.3319125241776, -7.98628366857383
-133.345070064737, 13.156559459506, -8.96826547196007
-133.345070064737, 12.8862431576907, -9.92849867191221
-133.345070064737, 12.5162078724999, -10.8546137416428
-133.345070064737, 12.038033944308, -11.7299443133539
-133.345070064737, 11.4886831165468, -12.5628114030484
-133.345070064737, 10.8119989944542, -13.2910907406668
-133.345070064737, 9.9122858422511, -13.7090444544786
-133.345070064737, 8.93392919849741, -13.902300281398
-133.345070064737, 7.94342679951851, -14.0232152112814
-133.345070064737, 6.95083301936076, -14.1261192760197
-133.345070064737, 5.95803082300069, -14.2269996460212
-133.345070064737, 4.96517963540404, -14.3273981784598
-133.345070064737, 3.97237569953453, -14.4282632872177
-133.345070064737, 2.97971074956528, -14.5304852890772
-133.345070064737, 1.98697987353258, -14.6320605723374
-133.345070064737, 0.993792665784056, -14.7290652385092
-133.345070064737, 0, -14.8196459892191
-130.567047771722, 13.4724703042805, -6.08989556561438
-130.567047771722, 13.4479631435919, -7.08945940120813
-130.567047771722, 13.3559790942506, -8.08491799713464
-130.567047771722, 13.1730582934295, -9.06760535041341
-130.567047771722, 12.8953933826845, -10.0278879627691
-130.567047771722, 12.5162286534987, -10.9525219238971
-130.567047771722, 12.0338957313973, -11.8280464658223
-130.567047771722, 11.4916394630983, -12.6680216585099
-130.567047771722, 10.8106634690749, -13.3942390367131
-130.567047771722, 9.90838752813569, -13.8138124406894
-130.567047771722, 8.93148715167477, -14.0244473285437
-130.567047771722, 7.94117477739338, -14.1627556337298
-130.567047771722, 6.94873675141301, -14.2853362831062
-130.567047771722, 5.95619750541863, -14.4070955375676
-130.567047771722, 4.96365726422487, -14.5288483520196
-130.567047771722, 3.97122807875137, -14.6515015215686
-130.567047771722, 2.97905934703183, -14.7762425440232
-130.567047771722, 1.98690652356993, -14.9011087026806
-130.567047771722, 0.993983467759983, -15.0196679197253
-130.567047771722, 0, -15.1289879554412
-127.789025478706, 13.5004558358722, -6.18034177987549
-127.789025478706, 13.4747993557615, -7.18235023637587
-127.789025478706, 13.377976053236, -8.17982466901713
-127.789025478706, 13.1876348422802, -9.16362606520265
-127.789025478706, 12.9028515596307, -10.1244091774297
-127.789025478706, 12.5154485403254, -11.0483307004723
-127.789025478706, 12.0314237896706, -11.9258752984891
-127.789025478706, 11.4955943434681, -12.7728600183349
-127.789025478706, 10.8084557962071, -13.4960375049554
-127.789025478706, 9.90608741512237, -13.9230391786594
-127.789025478706, 8.93066930491784, -14.15149651246
-127.789025478706, 7.94029106710539, -14.3063715327549
-127.789025478706, 6.94779870630318, -14.4474421752892
-127.789025478706, 5.95528760165643, -14.5883809649923
-127.789025478706, 4.96282525889615, -14.7296636495908
-127.789025478706, 3.9705685023559, -14.8723810817882
-127.789025478706, 2.97873352981731, -15.0179993108763
-127.789025478706, 1.98694237264773, -15.1639147776947
-127.789025478706, 0.994162706256025, -15.3029175914347
-127.789025478706, 8.88178419700125E-16, -15.4316637201921
-125.011003185691, 13.5272770086667, -6.26974192694375
-125.011003185691, 13.5000468199289, -7.274443072015
-125.011003185691, 13.3978449539079, -8.27412012700207
-125.011003185691, 13.1998544689246, -9.25921137610681
-125.011003185691, 12.9081000231107, -10.2207647546099
-125.011003185691, 12.5134177080205, -11.1446219608265
-125.011003185691, 12.0296573870716, -12.0255476416738
-125.011003185691, 11.4988038659474, -12.878796117864
-125.011003185691, 10.8050075795775, -13.5991815568357
-125.011003185691, 9.9046345407704, -14.0379451710824
-125.011003185691, 8.93064415159723, -14.2836987701475
-125.011003185691, 7.94004969192195, -14.4542440154537
-125.011003185691, 6.94736280872589, -14.6124757243318
-125.011003185691, 5.95468993906527, -14.7707954950382
-125.011003185691, 4.96210785348666, -14.9296835938656
-125.011003185691, 3.9698464585492, -15.0905599942145
-125.011003185691, 2.97818838231159, -15.2551135648222
-125.011003185691, 1.98663364255806, -15.4202892498149
-125.011003185691, 0.99406096276567, -15.579211211793
-125.011003185691, 6.83021326438859E-10, -15.7285473082658
-122.232980892676, 13.5531835641651, -6.36035955126549
-122.232980892676, 13.5238571447424, -7.3678748259472
-122.232980892676, 13.415459045024, -8.3697816118644
-122.232980892676, 13.2094106819583, -9.35617672262693
-122.232980892676, 12.910861194077, -10.3186598373197
-122.232980892676, 12.5098600245482, -11.2429901554077
-122.232980892676, 12.0279483493679, -12.1283009080345
-122.232980892676, 11.5001880288494, -12.9867115044282
-122.232980892676, 10.8003329407692, -13.7054614961346
-122.232980892676, 9.90352686567322, -14.158730525389
-122.232980892676, 8.930880318274, -14.4208722218221
-122.232980892676, 7.94002690925508, -14.6063494930842
-122.232980892676, 6.94705339090095, -14.7803961048964
-122.232980892676, 5.95405513479822, -14.954301861268
-122.232980892676, 4.96118222627618, -15.1289218209549
-122.232980892676, 3.96874388368796, -15.3059919386165
-122.232980892676, 2.97703106404623, -15.4870807084888
-122.232980892676, 1.98541799141903, -15.6687176492481
-122.232980892676, 0.993224543782208, -15.8471530050251
-122.232980892676, 2.10265224240821E-07, -16.0197502050831
-119.45495859966, 13.5781095290828, -6.45143964038426
-119.45495859966, 13.5460987131588, -7.46186705827881
-119.45495859966, 13.4307457530016, -8.46600681119881
-119.45495859966, 13.2165155369123, -9.45375738381343
-119.45495859966, 12.9113839048889, -10.4173290742826
-119.45495859966, 12.5051482859765, -11.3427233575699
-119.45495859966, 12.026536307103, -12.2333063455778
-119.45495859966, 11.4997496639717, -13.0956720823936
-119.45495859966, 10.7952880640311, -13.8146851118828
-119.45495859966, 9.90320293789849, -14.2841622086487
-119.45495859966, 8.93187733069453, -14.5621456409313
-119.45495859966, 7.94079175042305, -14.7622369617666
-119.45495859966, 6.94740481219264, -14.9508171845308
-119.45495859966, 5.95385964284376, -15.1385629495272
-119.45495859966, 4.96046196850233, -15.3270872010533
-119.45495859966, 3.96759927436186, -15.5184059565733
-119.45495859966, 2.97555186638921, -15.7139079283449
-119.45495859966, 1.98390903656008, -15.9114561476786
-119.45495859966, 0.99218676614716, -16.10860394243
-119.45495859966, 1.33318611267581E-06, -16.3034044523029
-116.676936306645, 13.6019461826464, -6.54180179347549
-116.676936306645, 13.5666105480223, -7.55522116315077
-116.676936306645, 13.4437041544256, -8.56159170383577
-116.676936306656, 13.2214940051119, -9.55080793586372
-116.676936311265, 12.9099870878169, -10.5156211294786
-116.676936301878, 12.4997637987139, -11.4427458594007
-116.676936306645, 12.0255994418305, -12.3392814325807
-116.676936306645, 11.4978055980097, -13.2045217908266
-116.676936306645, 10.7907071657396, -13.9260582873635
-116.676936306645, 9.90419400427883, -14.4127512164446
-116.676936306645, 8.93434928225816, -14.7066969423576
-116.676936306645, 7.94313391423958, -14.9214389699125
-116.676936306645, 6.94917163981916, -15.1233168865448
-116.676936306645, 5.9548076439419, -15.3232097268133
-116.676936306645, 4.96060394841639, -15.5238974324758
-116.676936306645, 3.9670159140275, -15.7276090969241
-116.676936306645, 2.97430196237155, -15.9355382893445
-116.676936306645, 1.98239176383895, -16.1472698180523
-116.676936306645, 0.991043263074952, -16.361617139809
-116.676936306645, 4.1379085830426E-06, -16.5773910317865
-113.89891401363, 13.6245893844151, -6.63028595818308
-113.89891401363, 13.5852510035728, -7.64675502291773
-113.89891401363, 13.4544080632701, -8.6553569383693
-113.898914013632, 13.2246042813551, -9.64617502103606
-113.898914014025, 12.9069700074208, -10.6123851277199
-113.898914013282, 12.4942247124356, -11.541992341554
-113.89891401363, 12.0250428484665, -12.4448000479114
-113.89891401363, 11.4948242680354, -13.3121914663461
-113.89891401363, 10.7872105537722, -14.0384913538426
-113.89891401363, 9.90696274644676, -14.5430548384177
-113.89891401363, 8.93903455751832, -14.8538581496782
-113.89891401363, 7.9478654503516, -15.0835248970038
-113.89891401363, 6.95313980814658, -15.2975010194103
-113.89891401363, 5.9576507693538, -15.5079056780008
-113.89891401363, 4.96233068847627, -15.7191064616992
-113.89891401363, 3.96768193282321, -15.9334454476621
-113.89891401363, 2.9739229237528, -16.1518727632243
-113.89891401363, 1.98134249317801, -16.3755899545833
-113.89891401363, 0.990090640191921, -16.6051233781242
-113.89891401363, 9.37598905512206E-06, -16.8396577379816
-111.110891720614, 13.646016001811, -6.71606140490872
-111.110891720689, 13.6019652635409, -7.73562567847906
-111.110891721235, 13.4630379166277, -8.74648030029402
-111.110891720603, 13.2260896940247, -9.73904958690669
-111.110891720473, 12.902599488118, -10.7068212106224
-111.110891720614, 12.488921047684, -11.6397136209663
-111.110891720614, 12.0247769446539, -12.5488479171717
-111.110891720614, 11.4913524300089, -13.4180633621762
-111.110891720614, 10.7852063975081, -14.1510964445165
-111.110891720614, 9.91197015292328, -14.6742597050724
-111.110891720694, 8.94672878762644, -15.0036192020835
-111.110891720908, 7.95585194431175, -15.2486889757945
-111.110891720956, 6.96015142547897, -15.473630004932
-111.110891721149, 5.96320546137814, -15.6930061951443
-111.110891720529, 4.96643770608815, -15.9131893040166
-111.110891720302, 3.9703677754816, -16.1365068803472
-111.110891720614, 2.9751686393963, -16.3636720137193
-111.110891720614, 1.98146262995027, -16.5972739147607
-111.110891720614, 0.989772569864353, -16.8392892743199
-111.110891720614, 1.77956976301826E-05, -17.0891070307251
-104.175835988076, 13.6939985760461, -6.90951807837672
-104.175835988076, 13.6357259227633, -7.93689035516352
-104.175835988076, 13.4775718585997, -8.95358919168644
-104.175835988076, 13.2248489121238, -9.95114532210121
-104.175835988076, 12.8893496074359, -10.9239708203674
-104.175835988076, 12.4800019265404, -11.8682547805668
-104.175835988076, 12.0261272226318, -12.7920565144049
-104.175835988076, 11.4854812369847, -13.6668558391585
-104.175835988076, 10.7897697732758, -14.4227483644197
-104.175835988076, 9.9377104071168, -14.9956150947563
-104.175835988076, 8.98344600510248, -15.3788128739367
-104.175835988076, 7.99424764521553, -15.6630408085356
-104.175835988076, 6.99525086914915, -15.9111679274804
-104.175835988076, 5.99329241011307, -16.1471266737283
-104.175835988076, 4.99137747544376, -16.3832736540358
-104.175835988076, 3.98993485518807, -16.6214158575334
-104.175835988076, 2.9891328732084, -16.8622332682828
-104.175835988076, 1.99009176395284, -17.1102420791028
-104.175835988076, 0.993729688134213, -17.3687976358395
-104.175835988076, 4.59811477864127E-05, -17.6374708139412
-97.2307802555375, 13.7360959176378, -7.0600034515008
-97.2307802555375, 13.6623986717795, -8.09547070008114
-97.2307802555375, 13.4877317681596, -9.11870084269248
-97.230780255087, 13.2219907277243, -10.1222997579736
-97.2307802543044, 12.8812727404459, -11.1030527517245
-97.2307802606979, 12.4817981132822, -12.0614749295731
-97.230780257261, 12.0359897855657, -12.9991694564935
-97.230780256259, 11.4947837693758, -13.884407214313
-97.2307802544675, 10.8148149273654, -14.6673035004329
-97.2307802555376, 9.98868982518341, -15.2928093018077
-97.2307802555375, 9.05134981022197, -15.7369048123211
-97.2307802555375, 8.06529979480047, -16.0616510084964
-97.2307802555376, 7.06235076193996, -16.3306840440186
-97.2307802555375, 6.05372359917958, -16.5777753694442
-97.2307802555375, 5.04388215234852, -16.8198756877672
-97.2307802555376, 4.03355724489371, -17.0599513522218
-97.2307802555375, 3.0232472720397, -17.3000893977526
-97.2307802555375, 2.01390113759365, -17.5442413780816
-97.2307802555375, 1.00616747419257, -17.7949625794324
-97.2307802555375, 5.49103214661193E-05, -18.0521164396347
-90.2857245229991, 13.7719973968058, -7.13035713291396
-90.2857245229991, 13.6891057759655, -8.17531603569177
-90.2857245229991, 13.5010511653987, -9.20652515732941
-90.2857245229991, 13.2263273751811, -10.2183316479779
-90.2857245229991, 12.8875885282688, -11.2106191669016
-90.2857245229991, 12.4994670615437, -12.1847110423292
-90.2857245229991, 12.0642051445624, -13.1385091960401
-90.2857245229991, 11.5290400043238, -14.0393488019544
-90.2857245229991, 10.864460830532, -14.8490272226607
-90.2857245229991, 10.0658968306579, -15.5260277359747
-90.2857245229991, 9.15122729751244, -16.036058548149
-90.2857245229991, 8.17116233786135, -16.4075078685086
-90.2857245229991, 7.16407436901448, -16.6993519707689
-90.2857245229991, 6.1465397121956, -16.9528055172012
-90.2857245229991, 5.12489355135516, -17.1892235080148
-90.2857245229991, 4.10118519857749, -17.416568216538
-90.2857245229991, 3.07659344647189, -17.6399029116799
-90.2857245229991, 2.05145232424136, -17.8607030810713
-90.2857245229991, 1.02588808390028, -18.0795300007998
-90.2857245229991, 2.5560055188417E-05, -18.2969545938663
-83.3406687904607, 13.7961320072721, -7.04492290258061
-83.3406687904607, 13.7250202051831, -8.1034651047078
-83.3406687904608, 13.5264907794521, -9.14581339417724
-83.3406687904607, 13.245402142895, -10.1694117277938
-83.3406687904607, 12.9151135289299, -11.178234229168
-83.3406687904607, 12.5387137988075, -12.1707808713429
-83.3406687904608, 12.1111112537607, -13.1421954281986
-83.3406687904608, 11.5829992349843, -14.0622364241041
-83.3406687904607, 10.9318012848242, -14.8994654107731
-83.3406687904608, 10.1580542040176, -15.6244775386384
-83.3406687904608, 9.27080918918655, -16.205003944151
-83.3406687904608, 8.30132910597739, -16.6352530180256
-83.3406687904607, 7.28849983111563, -16.9523180365828
-83.3406687904608, 6.25779243339746, -17.2062702722978
-83.3406687904607, 5.21981231353822, -17.4289165592898
-83.3406687904607, 4.17855524229348, -17.6357756254641
-83.3406687904608, 3.13590209538493, -17.8354925243343
-83.3406687904607, 2.09187336735033, -18.0278843413653
-83.3406687904607, 1.04647090100058, -18.2126690861202
-83.3406687904607, 2.2587388342289E-06, -18.3913240889619
-76.3956111680453, 13.8101690475201, -6.78423047634161
-76.395612644929, 13.7546351402481, -7.85619634469523
-76.3956130449301, 13.5513052294651, -8.91044720524106
-76.3956130579223, 13.260140393259, -9.944481960327
-76.3956130579224, 12.9307773028599, -10.9670237271634
-76.3956130579223, 12.5577845550925, -11.9744243690743
-76.3956130579223, 12.1317860306092, -12.9604842518654
-76.3956130579223, 11.6137014220409, -13.9008967786255
-76.3956130579223, 10.9768918595217, -14.7650897306702
-76.3956130579223, 10.2205703331278, -15.5265623811956
-76.3956130579223, 9.35350705614722, -16.1590458672727
-76.3956130579223, 8.39898814450974, -16.649783675719
-76.3956130579223, 7.38598770746129, -17.0059050152592
-76.3956130579223, 6.34580296052314, -17.2739882376733
-76.3956130579224, 5.29482671889204, -17.4966257637352
-76.3956130579223, 4.23908461081209, -17.6956082594134
-76.3956130579223, 3.18121091390603, -17.8829678497001
-76.3956130579223, 2.12182048029328, -18.0615587089364
-76.3956130579223, 1.06129057715248, -18.2332605780674
-76.3956130579223, 0, -18.4002016719008
-69.450560303915, 13.8099489739633, -6.37612150891463
-69.4505580607416, 13.7384205273122, -7.45444439416873
-69.4505573659497, 13.5357610254175, -8.51598449338831
-69.4505573253839, 13.2352212392219, -9.55451246430401
-69.450557325384, 12.8836508559541, -10.5770046239851
-69.450557325384, 12.4881816625032, -11.5833277468012
-69.450557325384, 12.0481660012846, -12.5709929674952
-69.4505573253839, 11.5416840243849, -13.5258584708314
-69.450557325384, 10.9232461749688, -14.4118659453904
-69.450557325384, 10.1849607792368, -15.2005302552677
-69.4505573253839, 9.33232641660788, -15.8637879026178
-69.4505573253839, 8.39249521751243, -16.3969037249107
-69.450557325384, 7.39296629543611, -16.8079878280266
-69.4505573253839, 6.35964223585768, -17.125834073438
-69.4505573253839, 5.31046832557926, -17.3872623986204
-69.4505573253839, 4.25313543014346, -17.6136769526062
-69.4505573253839, 3.19166813964209, -17.8199488166726
-69.4505573253839, 2.12841313438994, -18.0168372414317
-69.450557325384, 1.06438582247884, -18.2095142689793
-69.450557325384, 0, -18.4002016719008
-62.5055015928456, 13.7806829493454, -5.82829868219325
-62.5055015928456, 13.6618247361987, -6.90575374093423
-62.5055015928456, 13.4536359664827, -7.96950405517422
-62.5055015928456, 13.1550567921912, -9.01152807702739
-62.5055015928455, 12.7767416362676, -10.0274084727247
-62.5055015928455, 12.3391196577906, -11.01934438857
-62.5055015928455, 11.8617537198312, -11.9928083291652
-62.5055015928456, 11.3478894112944, -12.9474305755182
-62.5055015928455, 10.7483006727268, -13.8499381517442
-62.5055015928455, 10.0298819630558, -14.6608519602025
-62.5055015928455, 9.20416325013427, -15.362135147473
-62.5055015928456, 8.2906982921297, -15.9449780310805
-62.5055015928455, 7.31708826783263, -16.4211109463505
-62.5055015928456, 6.30481398168573, -16.808921089912
-62.5055015928456, 5.27090299299169, -17.1351885910526
-62.5055015928455, 4.22462391131857, -17.4195061777401
-62.5055015928456, 3.17134265263824, -17.676811115289
-62.5055015928456, 2.11507996172961, -17.9216560708234
-62.5055015928456, 1.05775798801279, -18.1618917177256
-62.5055015928456, 0, -18.4002016719008
-55.5604458603072, 13.7086645514106, -5.15527030505305
-55.5604458603072, 13.5269904869483, -6.22722913892599
-55.5604458603072, 13.2867182335885, -7.28754960356799
-55.5604458603072, 12.9777282074567, -8.32984116719673
-55.5604458603072, 12.5870970493843, -9.3442630132739
-55.5604458603071, 12.1198644021303, -10.3259345235076
-55.5604458603072, 11.6106921509708, -11.2866579847522
-55.5604458603072, 11.0697909865782, -12.2298875381075
-55.5604458603072, 10.4827112172642, -13.1447839333157
-55.5604458603072, 9.79483755154732, -13.9857589534861
-55.5604458603071, 9.0001637676071, -14.726892340106
-55.5604458603072, 8.12149731664223, -15.366409383711
-55.5604458603071, 7.18055335323031, -15.9105748814637
-55.5604458603071, 6.19756767842449, -16.3748816660061
-55.5604458603072, 5.18811941108931, -16.7787813256079
-55.5604458603072, 4.1627951725785, -17.1406446496312
-55.5604458603072, 3.12757355341696, -17.4732516927895
-55.5604458603072, 2.08696949655494, -17.7886683857552
-55.5604458603072, 1.04396336156024, -18.0960667104612
-55.5604458603071, 0, -18.4002016719008
-48.6153901277688, 13.5643607836455, -4.38217061150401
-48.6153901277688, 13.3214297664603, -5.44564119739349
-48.6153901277688, 13.0285974761742, -6.49644618880538
-48.6153901277688, 12.6803012426377, -7.53015404250893
-48.6153901277687, 12.2682409071079, -8.54007286630353
-48.6153901277688, 11.7875230097692, -9.51919007211285
-48.6153901277688, 11.2597761029597, -10.4739553887945
-48.6153901277688, 10.705031827513, -11.4132894168454
-48.6153901277026, 10.1145441005557, -12.3305034740511
-48.6153901247607, 9.45940061104969, -13.2022740350454
-48.6153901306193, 8.70750316543566, -13.9917835353136
-48.6153901278404, 7.87096587928339, -14.6912907038033
-48.6153901277688, 6.97024193516335, -15.306182548821
-48.6153901277688, 6.02374234442349, -15.8482731293309
-48.6153901277688, 5.04728748743191, -16.3345794906432
-48.6153901277688, 4.05267384432615, -16.7827263560896
-48.6153901277688, 3.04668011269901, -17.2047690386522
-48.6153901277688, 2.03400167206017, -17.6105443629031
-48.6153901277688, 1.01776874120682, -18.0073494393362
-48.6153901277688, 0, -18.4002016719008
-41.6603343952304, 13.3089425343466, -3.57130020529997
-41.6603343952304, 13.0189029153209, -4.62473797949298
-41.6603343952304, 12.670986723178, -5.66049699079427
-41.6603343952304, 12.2667020245574, -6.67559164462476
-41.6603343952304, 11.8104308488772, -7.66842872948295
-41.6603343952304, 11.3082472081073, -8.63887099424838
-41.6603343952304, 10.7671299691598, -9.58820647497711
-41.6603343952304, 10.2038110215551, -10.5245741922218
-41.6603343952304, 9.61499823571006, -11.4450718704055
-41.6603343952304, 8.97927869485892, -12.3336292196995
-41.6603343952303, 8.27121501540347, -13.1654164127184
-41.6603343952303, 7.48622082311272, -13.9250695048286
-41.6603343952304, 6.63787403961189, -14.6133998293314
-41.6603343952304, 5.74092789656874, -15.2372698502094
-41.6603343952304, 4.81070274535607, -15.8105290119277
-41.6603343952303, 3.8601568217205, -16.349543585122
-41.6603343952304, 2.89843684138547, -16.8684106383383
-41.6603343952304, 1.93166296143802, -17.3778197844305
-41.6603343952304, 0.964907689666055, -17.8872654202381
-41.6603343952304, 0, -18.4002016719008
-38.892312102215, 13.1683356251414, -3.24943881934924
-38.892312102215, 12.8630255606027, -4.29857455747934
-38.892312102215, 12.4948387983553, -5.32732815769301
-38.892312102215, 12.0676224442858, -6.33303359331322
-38.892312102215, 11.5903397191337, -7.31601632979075
-38.892312102215, 11.0746661749455, -8.27945738578962
-38.892312102215, 10.5276850138889, -9.22549482297331
-38.892312102215, 9.96048833977131, -10.1595823448066
-38.892312102215, 9.37253047371998, -11.0807066488886
-38.892312102215, 8.74434031880759, -11.9747211248257
-38.892312102215, 8.05056623625271, -12.8186320851416
-38.892312102215, 7.28572658831778, -13.5987426701217
-38.892312102215, 6.46076476874176, -14.3150645953012
-38.892312102215, 5.58757952277269, -14.9718825664999
-38.892312102215, 4.68020248290927, -15.5807562230807
-38.892312102215, 3.75189956414817, -16.1573338065846
-38.892312102215, 2.81286155020791, -16.7163071356565
-38.892312102215, 1.87070381265079, -17.2700185655412
-38.892312102215, 0.932294313676857, -17.8300467105822
-38.892312102215, 0, -18.4002016719008
-36.1142898091996, 13.0000401901176, -2.93006954967211
-36.1142898091996, 12.67937093581, -3.97424019252242
-36.1142898091996, 12.2915373987884, -4.99537113086994
-36.1142898091996, 11.842364419642, -5.99109469798551
-36.1142898091996, 11.3445168073211, -6.96346597784169
-36.1142898091996, 10.8138791063936, -7.91839681946394
-36.1142898091996, 10.2601015021507, -8.86010501145787
-36.1142898091996, 9.68911362213332, -9.7914961924668
-36.1142898091996, 9.1015305748176, -10.7124851987531
-36.1142898091996, 8.48078736370526, -11.6113477757516
-36.1142898091996, 7.80104988384293, -12.4662536119033
-36.1142898091996, 7.05473550121077, -13.2637243339907
-36.1142898091996, 6.25328673747646, -14.005848216388
-36.1142898091997, 5.4056936335555, -14.6948878318219
-36.1142898091996, 4.52391041328959, -15.3397213921986
-36.1142898091996, 3.62077250459783, -15.9543895546822
-36.1142898091996, 2.70772491394922, -16.5542833975491
-36.1142898091996, 1.7946295815931, -17.1541064280799
-36.1142898091996, 0.890768080314954, -17.7677157346135
-36.1142898091996, 0, -18.4002016719008
-33.3362675161843, 12.7986868348147, -2.61698782253901
-33.3362675161843, 12.4607466757508, -3.65481686034423
-33.3362675161843, 12.053117731407, -4.66731230989436
-33.3362675161843, 11.5834691906943, -5.65263814836998
-33.3362675161843, 11.0670018946084, -6.61433310406002
-33.3362675161843, 10.5219207418772, -7.56016495062938
-33.3362675161843, 9.96091379675999, -8.49664560725513
-33.3362675161843, 9.38655918637103, -9.42500603564215
-33.3362675161843, 8.79908758350456, -10.3451094476121
-33.3362675161843, 8.18501562155325, -11.2476050455423
-33.3362675161843, 7.51993429364001, -12.1129893889917
-33.3362675161843, 6.79180940834203, -12.926037573399
-33.3362675161843, 6.01277528780228, -13.6905757234131
-33.3362675161843, 5.19186363661316, -14.4100046095282
-33.3362675161843, 4.33845396128162, -15.0906560565708
-33.3362675161843, 3.46380839456152, -15.7438729649616
-33.3362675161843, 2.58035262014624, -16.3851639720889
-33.3362675161843, 1.70110323608799, -17.0321897121609
-33.3362675161843, 0.838946432654155, -17.7017436535388
-33.3362675161843, 0, -18.4002016719008
-30.5582452231689, 12.5546627543439, -2.31389009475405
-30.5582452231689, 12.1949265036102, -3.34268514134042
-30.5582452231689, 11.7660643020849, -4.34465907902385
-30.5582452231689, 11.2777036900967, -5.31909331014271
-30.5582452231689, 10.7460653648282, -6.27068952820393
-30.5582452231689, 10.1895236838429, -7.20799281068638
-30.5582452231689, 9.62233087870471, -8.1388979952561
-30.5582452231689, 9.04564614661302, -9.06395343647431
-30.5582452231689, 8.45867073571235, -9.98250617669073
-30.5582452231689, 7.8505748309114, -10.8871713174253
-30.5582452231689, 7.20083943539451, -11.7622419422248
-30.5582452231689, 6.49255677184888, -12.5905896549669
-30.5582452231689, 5.73536657664938, -13.3746242873425
-30.5582452231689, 4.94149639095819, -14.1215338855056
-30.5582452231689, 4.1191907834152, -14.8370803942897
-30.5582452231689, 3.27745087496021, -15.529707082639
-30.5582452231689, 2.42814864700596, -16.2130719347172
-30.5582452231689, 1.58797036500073, -16.9075663246123
-30.5582452231689, 0.775973259818417, -17.6346904418557
-30.5582452231689, 0, -18.4002016719008
-27.7802229301536, 12.2491313760533, -2.02462246992573
-27.7802229301536, 11.8614446079687, -3.04016487626873
-27.7802229301536, 11.4097699459546, -4.02895178577635
-27.7802229301536, 10.9053562258005, -4.9919736347717
-27.7802229301536, 10.363569162289, -5.93454299021868
-27.7802229301536, 9.80079254228829, -6.86477338479418
-27.7802229301536, 9.23048662988789, -7.79041476963399
-27.7802229301536, 8.65368668079784, -8.71202245713235
-27.7802229301536, 8.06866075520608, -9.62842627881021
-27.7802229301536, 7.46715467142694, -10.5340709992494
-27.7802229301536, 6.83305011704651, -11.4170910272839
-27.7802229301536, 6.14762824981496, -12.2608114205411
-27.7802229301536, 5.41482735197896, -13.0638270981488
-27.7802229301536, 4.64903477482506, -13.8355070726446
-27.7802229301536, 3.86035446915142, -14.5838357032322
-27.7802229301536, 3.05709936128852, -15.3165157053808
-27.7802229301536, 2.2483244393259, -16.0431143662409
-27.7802229301536, 1.45355595620451, -16.784909320048
-27.7802229301536, 0.701030530015831, -17.5693264844458
-27.7802229301536, 0, -18.4002016719008
-25.0022006371382, 11.8572970245209, -1.75110747719696
-25.0022006371382, 11.4372320845511, -2.74870982815724
-25.0022006371382, 10.9635291218026, -3.72203619685251
-25.0022006371382, 10.4474265234305, -4.67361229369775
-25.0022006371382, 9.90158241973808, -5.60848860899332
-25.0022006371382, 9.33879991305951, -6.53329315338842
-25.0022006371382, 8.76999980018608, -7.45441459095467
-25.0022006371382, 8.19614749536645, -8.37239616300676
-25.0022006371382, 7.61569893735185, -9.28621913003774
-25.0022006371382, 7.02271073538663, -10.191938954191
-25.0022006371382, 6.40503970694302, -11.080952375853
-25.0022006371382, 5.74536508151188, -11.9391716288092
-25.0022006371382, 5.04220766728689, -12.7621902881699
-25.0022006371382, 4.30835538265516, -13.5580337824158
-25.0022006371382, 3.55651514796868, -14.3369555261653
-25.0022006371382, 2.79768448882727, -15.1090773987798
-25.0022006371382, 2.03774864993382, -15.8801099778946
-25.0022006371382, 1.2968483479491, -16.6693254900778
-25.0022006371382, 0.613047283924593, -17.5081699410581
-25.0022006371382, 0, -18.4002016719008
-22.2241783441229, 11.3615282926062, -1.49322967915287
-22.2241783441229, 10.9085822627781, -2.46927544370327
-22.2241783441229, 10.4166291426126, -3.4262876660139
-22.2241783441229, 9.89450443691862, -4.36720716874421
-22.2241783441229, 9.35085824381662, -5.29587905849838
-22.2241783441229, 8.79407865634393, -6.21675030552367
-22.2241783441229, 8.23147851579932, -7.13408086907577
-22.2241783441229, 7.66413406156799, -8.04848432934866
-22.2241783441229, 7.09133527110908, -8.95948040314118
-22.2241783441229, 6.50954545773381, -9.86475249518535
-22.2241783441229, 5.90979528067577, -10.7581987808642
-22.2241783441229, 5.27803785240055, -11.6292408913822
-22.2241783441229, 4.60957585185569, -12.4724619566138
-22.2241783441229, 3.91400696582647, -13.293522023903
-22.2241783441229, 3.20462043003775, -14.1027076683823
-22.2241783441229, 2.49610347903623, -14.9126570279226
-22.2241783441229, 1.79441748777016, -15.7285187009623
-22.2241783441229, 1.11907819875493, -16.5661763753348
-22.2241783441229, 0.512602616156257, -17.4545450113476
-22.2241783441229, 5.8110822962223E-08, -18.4002016719008
-19.4461560511075, 10.7531068516247, -1.2500306129064
-19.4461560511075, 10.2723380092941, -2.20377345049037
-19.4461560511075, 9.76822384403073, -3.14539900082702
-19.4461560511075, 9.24584283991684, -4.07702434234122
-19.4461560511075, 8.70965091566206, -5.00077673566189
-19.4461560511075, 8.16375349702701, -5.91883150084479
-19.4461560511075, 7.61155843635635, -6.83311434768718
-19.4461560511075, 7.05416720333575, -7.74423882816012
-19.4461560511075, 6.49216695393666, -8.65252801036326
-19.4461560511075, 5.92455364892697, -9.55731686249708
-19.4461560511075, 5.34499959708806, -10.4544910881314
-19.4461560511075, 4.74299761533752, -11.3367216932466
-19.4461560511075, 4.11289957794195, -12.1991163865772
-19.4461560511075, 3.46194256513865, -13.0459102094681
-19.4461560511075, 2.80323850044431, -13.8867098537781
-19.4461560511075, 2.1522629065189, -14.7334929334804
-19.4461560511075, 1.51836357448645, -15.5931093470399
-19.4461560511075, 0.922443098551929, -16.4792999018378
-19.4461560511075, 0.403925053950366, -17.4125571659915
-19.4461560511075, 2.85531333218593E-06, -18.4002016719008
-16.6681337580921, 10.0171239995093, -1.02292252703808
-16.6681337580921, 9.51950660086303, -1.95721798587707
-16.6681337580921, 9.0111647750603, -2.88572491330756
-16.6681337580921, 8.49400110056166, -3.80934881420289
-16.6681337580921, 7.96930055739635, -4.72871287512931
-16.6681337580921, 7.43793207169036, -5.64423988825501
-16.6681337580921, 6.90006013763736, -6.55596091529889
-16.6681337580921, 6.35659021381426, -7.46435756620097
-16.6681337580921, 5.80948654007679, -8.3705712002483
-16.6681337580921, 5.26008740037177, -9.27539477120902
-16.6681337580921, 4.70454943725555, -10.1764581372199
-16.6681337580921, 4.13574652039277, -11.0691906604565
-16.6681337580921, 3.54869917217439, -11.9500356601378
-16.6681337580921, 2.9498226314765, -12.822897690959
-16.6681337580921, 2.35141915647936, -13.6960823615203
-16.6681337580921, 1.76882315160506, -14.5798607803592
-16.6681337580921, 1.21432144551641, -15.4814900969321
-16.6681337580921, 0.710795603543, -16.4123389738194
-16.6681337580921, 0.292514508409292, -17.384273728306
-16.6681337580921, 2.12297668349493E-06, -18.4002016719008
-13.0808233080832, 8.84210286805779, -0.75767738823984
-13.2437617914919, 8.39744447578684, -1.70006260828515
-13.4080881485806, 7.94899858245196, -2.64040992236582
-13.5738632920484, 7.49659895757019, -3.57860651563457
-13.7412697740808, 7.03974741704408, -4.51435274650381
-13.9106534950271, 6.57750000036732, -5.44708720604475
-14.0826171835633, 6.10821186368014, -6.37582383612238
-14.2568682465437, 5.63268149236778, -7.30095407362805
-14.4325173708132, 5.15333581805221, -8.22384939780125
-14.6088450335072, 4.67213841541195, -9.14565120244094
-14.7869004998854, 4.18622584424723, -10.0646402862729
-14.9688248185167, 3.6897551925921, -10.9771945132172
-15.1564220133266, 3.17780328722483, -11.8799928485958
-15.3482587116727, 2.6542817956738, -12.7752457970391
-15.5409865281613, 2.12832844669868, -13.6688838979544
-15.7302259493611, 1.61189491286046, -14.5687813326307
-15.91228434859, 1.11505835585436, -15.4810800513714
-16.0797426930214, 0.65806528307318, -16.4165385675085
-16.2210121604526, 0.272541538462065, -17.3876249391464
-16.3208809714638, 4.85707704177587E-07, -18.4002016719008
-10.5949075592878, 7.87217541457781, -0.593882913177818
-10.8654723389608, 7.48370676091382, -1.54945635030408
-11.1391553430038, 7.09076105586033, -2.50230789093136
-11.4156994874544, 6.69370741272457, -3.45262712880152
-11.6952102025249, 6.29239445802557, -4.40028538400219
-11.9781884949976, 5.88610286151461, -5.34478670426014
-12.265482444898, 5.47361497577248, -6.28528995328245
-12.5571455105609, 5.05485404695354, -7.22166827827675
-12.851544515845, 4.63216493952089, -8.15542398943158
-13.1473514160796, 4.20745441948381, -9.08781640217086
-13.4462335990203, 3.77832850238765, -10.0171987694569
-13.751479172565, 3.34006622325771, -10.9402173913355
-14.0660689219148, 2.88838786166875, -11.8535775153823
-14.3884465855655, 2.4255278503952, -12.7585959432932
-14.7140648996186, 1.95801501217056, -13.6600624260367
-15.0366444408488, 1.4948651512292, -14.5648597159701
-15.3506895682922, 1.04396874115284, -15.478783872173
-15.6440822173299, 0.622724529307104, -16.4133315157972
-15.8963196931564, 0.260569659200442, -17.3837506320218
-16.077804020826, 1.72313190314254E-07, -18.4002016719008
-8.75589819082035, 7.07882887936718, -0.48321701531031
-9.09977577840511, 6.73495129178243, -1.44978732209025
-9.44881554360529, 6.38591152658225, -2.41265134956445
-9.80211614229442, 6.03261092789313, -3.37240287481421
-10.1594200085979, 5.67530706158967, -4.3291857845961
-10.5210203256801, 5.31370674450744, -5.28273430674895
-10.8877325860945, 4.946994484093, -6.23236933800447
-11.2598168545699, 4.57491021561762, -7.17781644629612
-11.6356746956311, 4.19905237455644, -8.12027569383989
-12.0140182844805, 3.82070878570704, -9.06074325007304
-12.3967931978843, 3.4379338723032, -9.99761467142867
-12.7878335690326, 3.04689350115495, -10.927623953084
-13.19073212029, 2.64399494989756, -11.8474502605455
-13.6043040808825, 2.230422989305, -12.7577618529505
-14.0238686090127, 1.81085846117482, -13.6625813781495
-14.4426460654279, 1.39208100475962, -14.5681284983113
-14.8542701915852, 0.980456878602348, -15.480199763723
-15.2442075772495, 0.590519492937994, -16.4109928597738
-15.585184531094, 0.249542539093539, -17.3792313450152
-15.8347270701912, 2.3148220961057E-09, -18.4002016719008
-7.12466430386343, 6.32381406939328, -0.392708409671088
-7.53252041601474, 6.01919489599955, -1.36856969440369
-7.94678551905752, 5.70978898176884, -2.3402186321577
-8.36600093328659, 5.39668578397001, -3.3085551376287
-8.78954131875911, 5.08035235588684, -4.27395576630883
-9.2173517672296, 4.76082970733589, -5.23641821300697
-9.65001922849099, 4.43767945783094, -6.19549164676599
-10.0882697635949, 4.11035932760523, -7.15060788578441
-10.5311825446256, 3.77955706371017, -8.10236940966867
-10.9780347206758, 3.44581254832307, -9.05125719000574
-11.4310290466445, 3.10748059002343, -9.9955935800859
-11.8942947737263, 2.76147713772519, -10.932124647581
-12.3717742484682, 2.40485773550227, -11.8574623489798
-12.8629021465318, 2.0380446122427, -12.7716112545448
-13.36337649792, 1.66425081908242, -13.6778400095384
-13.8664450206192, 1.28851949379535, -14.5818322619866
-14.3658129076642, 0.91555209563956, -15.4890100300259
-14.8454161948179, 0.557346462483629, -16.412523820241
-15.2723510051723, 0.238477809670778, -17.3752015457634
-15.59165011955, 2.75367392240049E-07, -18.3989708509813
-5.57877102314716, 5.55592283966129, -0.312803019706083
-6.04711199303409, 5.28958517462757, -1.29746078734537
-6.52257172671398, 5.01919918786149, -2.27759616915263
-7.00315139179619, 4.74590158186391, -3.25442242469558
-7.48766659715537, 4.47036590002968, -4.22867295246905
-7.97534490939158, 4.19303141229537, -5.20083284404374
-8.46630214671893, 3.91383225478253, -6.17080552862218
-8.96194084251239, 3.63197083025274, -7.13762163306531
-9.46282598800646, 3.34712583765435, -8.10085256892952
-9.96961547984197, 3.05892314218724, -9.05998610645182
-10.4848519910867, 2.76591676826662, -10.013140546533
-11.0128532250227, 2.46565131035588, -10.9569937119572
-11.5577736538309, 2.15576418971172, -11.8880261629053
-12.1197825131987, 1.83615916483335, -12.8055219743261
-12.6954999083336, 1.5087583252772, -13.7117103817019
-13.2784917196989, 1.17722064705462, -14.6117333691012
-13.8631145822507, 0.844755417341806, -15.5103562686345
-14.4327010058736, 0.520841158592985, -16.4215650064866
-14.9498779211898, 0.226731309377948, -17.372955307655
-15.3485731689216, 1.17714367223208E-06, -18.3948777364657
-4.09114944310005, 4.73309638449305, -0.237090077563637
-4.61310869142001, 4.50879952136495, -1.23366657694752
-5.14281067232878, 4.28117544325351, -2.22539350774657
-5.67834464221717, 4.05104523686071, -3.21340439643337
-6.21783464397193, 3.81921504039988, -4.19886337392591
-6.75941158014086, 3.58648804434375, -5.18296555751879
-7.30187003431799, 3.35338224146571, -6.16649281533052
-7.84714069027167, 3.1190679763581, -7.14817488072871
-8.39782463590419, 2.88242750686179, -8.12626874723282
-8.95671871700652, 2.64225896953707, -9.09882645964276
-9.52723427004049, 2.3970964413834, -10.0633505372379
-10.1139452418339, 2.14497440128222, -11.0162824286852
-10.7211928877627, 1.88402732052422, -11.9538387359609
-11.3501428828212, 1.61375428405607, -12.8742906668116
-11.9984110467311, 1.33517982427052, -13.778737395926
-12.6601576982949, 1.05081337495667, -14.6715609044115
-13.3311928281324, 0.762455471239558, -15.5561386431406
-13.9947045257891, 0.477330544509723, -16.4473494723796
-14.6106519059632, 0.212645005035706, -17.377857739558
-15.1054962183122, 2.70956610677537E-06, -18.3878109383171
-2.66574362701662, 3.8314848395265, -0.160794749476645
-3.23302836889191, 3.65327702682122, -1.17404760539139
-3.80722225836221, 3.4728987625073, -2.18301528090281
-4.38779004748788, 3.29051819030081, -3.18796853800738
-4.97261293849886, 3.10680091300807, -4.19020890542538
-5.55899721313431, 2.92259313995548, -5.19144681347092
-6.14390579830299, 2.73884894255141, -6.19363288024464
-6.72952705218723, 2.55488086616098, -7.19536103767172
-7.31993956043231, 2.36940765681575, -8.1939909913117
-7.92107099404616, 2.18056718566437, -9.18556252208005
-8.53806403373421, 1.98674392207065, -10.1663602056122
-9.17621208259408, 1.78627498720468, -11.1321546153484
-9.84025038846274, 1.57767284209818, -12.0785617516227
-10.5327466754612, 1.36013085744233, -13.0022826814072
-11.2522705729689, 1.13409837234473, -13.9030355213537
-11.9936961250314, 0.901185663499297, -14.7840744163863
-12.7552693197572, 0.661943739243733, -15.6460293917129
-13.5191476695957, 0.421977669563051, -16.5057365421765
-14.2459035891385, 0.193673304520173, -17.3998944281846
-14.8624192677316, 4.87404544959758E-06, -18.3776576380567
-1.35711499572629, 2.83293894954415, -0.084419114545319
-1.9465450388986, 2.70703103929014, -1.12795520345529
-2.54517221580619, 2.57915853306355, -2.16600070854643
-3.15334488202494, 2.44924701877241, -3.19822903309092
-3.76848665035013, 2.31784683743293, -4.22613324687953
-4.38652904447312, 2.18582705460407, -5.25221814038975
-5.00121124396428, 2.05452504157512, -6.28041054036075
-5.61353678197467, 1.92372643404043, -7.3100730365003
-6.22839751339956, 1.79238628487819, -8.33815065410769
-6.85635797307093, 1.65824790812725, -9.35790079386632
-7.50589577486187, 1.51950040415829, -10.3633984900884
-8.18370791220577, 1.37471323094522, -11.3491656088022
-8.895475806731, 1.22267278233957, -12.3095508874958
-9.64632315301689, 1.0622845880395, -13.2382716642111
-10.435823921095, 0.89363965213217, -14.1328628993985
-11.2601871426743, 0.717547761802509, -14.9939469501409
-12.1194202605796, 0.534007327191734, -15.8186232302033
-12.9920964384605, 0.347595326042147, -16.6285153481385
-13.8445187918676, 0.165509736048019, -17.4605584985579
-14.6193423171896, 7.66989826099412E-06, -18.3642974321886
-0.441916538512719, 1.71687267042008, -0.0280312991424056
-1.0104030436662, 1.64682856887939, -1.12042186543495
-1.58631718963657, 1.57586929622581, -2.2088549406572
-2.17001498644759, 1.5039509879137, -3.29307032794098
-2.76139760799783, 1.43108582045985, -4.37305046363061
-3.35928260361885, 1.35741948543995, -5.4493914864636
-3.95931077509323, 1.28348908640845, -6.52452229449827
-4.55927041157122, 1.20956713167985, -7.59969202953605
-5.16419237186711, 1.13503376135875, -8.67202607148332
-5.78924559730266, 1.05801998672408, -9.73254532321547
-6.4459869678224, 0.977101866723625, -10.7734033216706
-7.1424068231708, 0.891294899239321, -11.7877119222504
-7.88487872085754, 0.799813788392843, -12.7682345861983
-8.68143563461106, 0.701668779067037, -13.7046128267645
-9.53544514566837, 0.596444946369273, -14.5880370323775
-10.4487177867641, 0.483919211761082, -15.4090091046615
-11.4154765094045, 0.364803374322368, -16.1654487292445
-12.4044600436198, 0.242949183475864, -16.8923995715519
-13.3964125517139, 0.120729180765826, -17.6152378017358
-14.3762653666955, 1.10937937965791E-05, -18.3476016348393
-0.0416444347535626, 0.560765066142252, -0.00267461804753437
-0.597509323509045, 0.538644735571645, -1.14654703252576
-1.15610891266799, 0.516415579136769, -2.28908502316417
-1.71476679750142, 0.494184102858318, -3.43159447953026
-2.2708067757145, 0.472056804701235, -4.57538170024079
-2.82045958890371, 0.450183680183457, -5.72225272452046
-3.35418766690529, 0.42894427154471, -6.87661712800342
-3.86111586546392, 0.408771349033298, -8.04299579332854
-4.34822163167083, 0.389387249067083, -9.21784461225219
-4.85072641470548, 0.369390353888249, -10.3861308856858
-5.41037566048573, 0.347119426958566, -11.5278690481564
-6.05788473108467, 0.321352167721914, -12.6219517308206
-6.79444636335568, 0.292041111886136, -13.6581255575636
-7.61114592495102, 0.259541012230975, -14.632281706153
-8.51684312566818, 0.22349930158868, -15.5237002972523
-9.52164387598587, 0.183513820936388, -16.3015276948757
-10.5840788983939, 0.141234816845891, -16.9994081791
-11.7050134631234, 0.0966278563750688, -17.5967301013636
-12.8992506389175, 0.0491050649552068, -18.0298643196607
-14.1331884162578, 1.51390528516212E-05, -18.3274325099475
