-127.23280429275, 13.5229744182164, -5.05352445134985
-127.23280429275, 13.4945651787342, -6.00510857679222
-127.23280429275, 13.3914523921241, -6.95126370423885
-127.23280429275, 13.1805572209041, -7.87908098103137
-127.232804294414, 12.8525716610298, -8.77232583561007
-127.232804293816, 12.4082850389659, -9.6135062551395
-127.232804287405, 11.8499679813897, -10.3839467849113
-127.23280429275, 11.2051857583729, -11.0836846103163
-127.23280429275, 10.4222632376052, -11.6171447508396
-127.23280429275, 9.50411940904568, -11.8589139514982
-127.23280429275, 8.55767013997172, -11.9612431442608
-127.23280429275, 7.60768345181808, -12.0250219491718
-127.23280429275, 6.65698906257842, -12.0775282564288
-127.23280429275, 5.70612021741495, -12.1267894080422
-127.23280429275, 4.75518092550144, -12.1746754198742
-127.23280429275, 3.80422900995538, -12.2223119536217
-127.23280429275, 2.85330028194497, -12.2704054077012
-127.23280429275, 1.9023409757064, -12.3178858349602
-127.23280429275, 0.951251371714643, -12.3626784300732
-127.23280429275, -8.88178419700125E-16, -12.4038896790489
-124.75052346863, 13.554645599811, -5.15025727463969
-124.75052346863, 13.5261898766916, -6.10231495451137
-124.75052346863, 13.4169823093488, -7.04824077840394
-124.75052346863, 13.1958107212507, -7.97415945042246
-124.75052346863, 12.8588607999291, -8.86459159597376
-124.75052346863, 12.4028128552389, -9.69997929376754
-124.75052346863, 11.8382136172996, -10.4666637896694
-124.75052346863, 11.201069266071, -11.1740825199061
-124.75052346863, 10.4157831523467, -11.703580847539
-124.75052346863, 9.49687165602743, -11.9462869061132
-124.75052346863, 8.55150892827168, -12.0625659905357
-124.75052346863, 7.60221541995472, -12.1422561616952
-124.75052346863, 6.65219636082581, -12.2129742649603
-124.75052346863, 5.70202947176587, -12.2816817876103
-124.75052346863, 4.75180810018172, -12.3496337215061
-124.75052346863, 3.80158735481691, -12.4175948219352
-124.75052346863, 2.85140063956365, -12.4860281739242
-124.75052346863, 1.90114732816503, -12.5535278835526
-124.75052346863, 0.95069689493476, -12.6181894226345
-124.75052346863, -8.88178419700125E-16, -12.6791155571985
-122.20459441825, 13.585399612426, -5.24022991643354
-122.204594418249, 13.5562277407562, -6.19333132018341
-122.204594418249, 13.4408664716675, -7.13958030136234
-122.204594418249, 13.2101399363716, -8.06427844517237
-122.20459441825, 12.8645167558741, -8.95252642628378
-122.20459441825, 12.3977506291759, -9.78322744273538
-122.20459441825, 11.8304679237331, -10.5494855909245
-122.20459441825, 11.2002953612718, -11.2644662806917
-122.204594418249, 10.4107623628571, -11.7888399108676
-122.20459441825, 9.49206370487702, -12.0380290032436
-122.20459441825, 8.54759233100845, -12.1695201926701
-122.20459441825, 7.59867258847202, -12.2651795376803
-122.20459441825, 6.64907273783363, -12.353967354004
-122.204594418249, 5.69937303829289, -12.4416810890065
-122.20459441825, 4.74963750734976, -12.52900668148
-122.20459441825, 3.79992327163034, -12.6165651766982
-122.20459441825, 2.85028146490524, -12.704902222206
-122.20459441825, 1.90052969283288, -12.7920468587113
-122.20459441825, 0.950466057548969, -12.875718749418
-122.20459441825, -8.88178419700125E-16, -12.9546819908276
-119.658665367869, 13.6146132525099, -5.32343786173593
-119.658665367869, 13.5840918227829, -6.27802237501533
-119.658665367869, 13.462555897977, -7.22502043288417
-119.658665367869, 13.2229458464333, -8.14905361383262
-119.658665367869, 12.8690197396382, -9.03566061094583
-119.658665367869, 12.3931917961113, -9.86304363786442
-119.658665367869, 11.8262530767842, -10.6316415245372
-119.658665367869, 11.2010904065509, -11.3528366810927
-119.658665367869, 10.406884735921, -11.8730198561811
-119.658665367869, 9.48935377893268, -12.1331871077953
-119.658665367869, 8.54558073125285, -12.2799908129453
-119.658665367869, 7.59677441405621, -12.3910527956485
-119.658665367869, 6.64737084994481, -12.4969778024272
-119.658665367869, 5.69791616201091, -12.6024440804304
-119.658665367869, 4.74844575833951, -12.7077685172873
-119.658665367869, 3.79903692801489, -12.8136475829878
-119.658665367869, 2.84977236504345, -12.9208109916261
-119.658665367869, 1.90035279168711, -13.0265886448493
-119.658665367869, 0.950479623923167, -13.1282066665463
-119.658665367869, -1.77635683940025E-15, -13.2239776487054
-117.112736317489, 13.6425327610787, -5.4027332795185
-117.112736317489, 13.6100503554037, -6.35910885431453
-117.112736317489, 13.4820816492669, -7.30711934079681
-117.112736317489, 13.233956092536, -8.23085594673979
-117.112736317489, 12.8719617463551, -9.11619889312334
-117.112736317489, 12.3887605751443, -9.94156285414551
-117.112736317489, 11.8244227909234, -10.714516783844
-117.112736317489, 11.2018019953455, -11.4400989751216
-117.112736317489, 10.4036244545031, -11.9584009288106
-117.112736317489, 9.48808148606414, -12.2326501870111
-117.112736317489, 8.54483953943618, -12.3942823271556
-117.112736317489, 7.59596804194499, -12.5200439738962
-117.112736317489, 6.64658435840132, -12.6419415002159
-117.112736317489, 5.69718597016446, -12.763724825953
-117.112736317489, 4.74779775296736, -12.885586903575
-117.112736317489, 3.79853514686187, -13.0084242826083
-117.112736317489, 2.8495214426358, -13.1331688279405
-117.112736317489, 1.90043207066085, -13.2573344856192
-117.112736317489, 0.950658824716869, -13.3761396144001
-117.112736317489, -8.88178419700125E-16, -13.4876409053233
-114.566807267109, 13.6694308395081, -5.48111371662188
-114.566807267109, 13.6343676502926, -6.43944886320658
-114.566807267109, 13.4993686675822, -7.38854648072192
-114.566807267109, 13.2427726460385, -8.31214279536875
-114.566807267109, 12.8728996418075, -9.1964537691718
-114.566807267109, 12.3838436217181, -10.0208835547988
-114.566807267109, 11.8235402827636, -10.7994021719484
-114.566807267109, 11.2011421662239, -11.5276039802189
-114.566807267109, 10.4004066590969, -12.0469416672053
-114.566807267109, 9.48747266206142, -12.33690793472
-114.566807267109, 8.54464562528536, -12.5125892317699
-114.566807267109, 7.59562008720349, -12.6522791644185
-114.566807267109, 6.64613676089399, -12.7888677658113
-114.566807267109, 5.69665249706777, -12.9254499258331
-114.566807267109, 4.74720191668858, -13.0622658682758
-114.566807267109, 3.79796308937952, -13.2005419313967
-114.566807267109, 2.84906876074202, -13.3411634086395
-114.566807267109, 1.90002496578032, -13.4807708926026
-114.566807267109, 0.950424331533431, -13.6165341724017
-114.566807267109, 7.60850251140929E-10, -13.7463978149921
-112.020878216729, 13.6954823790631, -5.5605262613577
-112.020878216729, 13.6571810617469, -6.52088662965516
-112.020878216729, 13.5142931282835, -7.47099881273546
-112.020878216729, 13.2490935750375, -8.3944647332376
-112.020878216729, 12.8715810968749, -9.27790319263463
-112.020878216729, 12.3780030960325, -10.1022893733872
-112.020878216729, 11.8224640590803, -10.8869300010645
-112.020878216729, 11.19847796165, -11.6163619299139
-112.020878216729, 10.3969116581651, -12.1396715535585
-112.020878216729, 9.48698161831889, -12.4458293811034
-112.020878216729, 8.54452215470023, -12.6348358759245
-112.020878216729, 7.59532356032076, -12.7877436775672
-112.020878216729, 6.64565436405087, -12.9377349207239
-112.020878216729, 5.69596358028184, -13.0875891248403
-112.020878216729, 4.74633336943454, -13.2378264485518
-112.020878216729, 3.79699134373419, -13.3898728670509
-112.020878216729, 2.84807652169723, -13.5445645091259
-112.020878216729, 1.89916123999942, -13.6992533593926
-112.020878216729, 0.949891186176675, -13.8517477170587
-112.020878216729, 2.34043444545335E-07, -14.0003214248611
-109.474949166349, 13.7205970205153, -5.64031702858664
-109.474949166349, 13.6783651210097, -6.60274678589979
-109.474949166349, 13.5268406960254, -7.55378726232231
-109.474949166349, 13.2530891143038, -8.47716584507917
-109.474949166349, 12.8682673989254, -9.35992404342129
-109.474949166349, 12.3715801528761, -10.1852061152033
-109.474949166349, 11.8210040364997, -10.9761210326728
-109.474949166349, 11.1942040878464, -11.7059203528396
-109.474949166349, 10.3936459851422, -12.2360238247154
-109.474949166349, 9.48697824549001, -12.5584108663102
-109.474949166349, 8.54491672603185, -12.7604635666126
-109.474949166349, 7.59554560336223, -12.9260860734835
-109.474949166349, 6.64557170248069, -13.0882442365868
-109.474949166349, 5.69550918095486, -13.2498826662164
-109.474949166349, 4.74553258702272, -13.4120250299839
-109.474949166349, 3.79590860519527, -13.5762183011888
-109.474949166349, 2.84678225428273, -13.743264544587
-109.474949166349, 1.89791188178044, -13.9117609559365
-109.474949166349, 0.949055804330694, -14.0803370721535
-109.474949166349, 1.48385997247654E-06, -14.2477919908568
-106.929020115968, 13.7446491336482, -5.71946630793631
-106.929020115968, 13.6977738034648, -6.68399590157789
-106.929020115968, 13.5370779650779, -7.63589274781733
-106.929020116127, 13.2550101917681, -8.55927333268152
-106.929020122114, 12.8632956689737, -9.44158700342857
-106.929020111215, 12.3650538451988, -10.2687946297438
-106.929020115968, 11.8191153292833, -11.0657675080056
-106.929020115968, 11.1889431435215, -11.7956615519934
-106.929020115968, 10.3911297516223, -12.3350056370076
-106.929020115968, 9.48795627314453, -12.6736296237936
-106.929020115968, 8.54643454389334, -12.8889602372241
-106.929020115968, 7.59690563371365, -13.0669515491278
-106.929020115968, 6.64647343008575, -13.2400822360522
-106.929020115968, 5.6958327728141, -13.4120676169956
-106.929020115968, 4.7453042460294, -13.5846703188928
-106.929020115968, 3.79517714782247, -13.7594678696579
-106.929020115968, 2.84561148007624, -13.9372895111513
-106.929020115968, 1.89663196750729, -14.1182136527347
-106.929020115968, 0.948135602983357, -14.3016546064727
-106.929020115968, 4.60546088158578E-06, -14.4869752888256
-104.383091065588, 13.7675178077882, -5.79697208467534
-104.383091065588, 13.7152881686662, -6.76361514585998
-104.383091065588, 13.5451444013129, -7.71632157650098
-104.383091065607, 13.2551047801012, -8.6398195236994
-104.383091065849, 12.8570261630934, -9.52198076956531
-104.383091065302, 12.3587411859902, -10.3520946139924
-104.383091065588, 11.8168236827805, -11.1547128511674
-104.383091065588, 11.1833722825051, -11.8849880758407
-104.383091065588, 10.3897708341584, -12.4354624900648
-104.383091065588, 9.49041283499641, -12.7905891466155
-104.383091065588, 8.54971297494961, -13.019921205695
-104.383091065588, 7.60005494519536, -13.2100254491965
-104.383091065588, 6.6489834611495, -13.392964879478
-104.383091065588, 5.69753164837008, -13.5739185464841
-104.383091065588, 4.74622047111196, -13.7556108962811
-104.383091065588, 3.79534145046668, -13.9395498393792
-104.383091065588, 2.84505334193936, -14.1265163653858
-104.383091065588, 1.89565900932087, -14.3179666159853
-104.383091065588, 0.947339194081945, -14.5146698067305
-104.383091065588, 1.04352804791399E-05, -14.7160946028031
-101.827162015208, 13.7891711775509, -5.8721442953365
-101.827162015287, 13.7308848543898, -6.84090585344867
-101.827162015861, 13.5512698795679, -7.79441658870484
-101.827162014647, 13.2535834976902, -8.7181445407027
-101.827162015208, 12.8497911010328, -9.60051692634919
-101.827162015208, 12.353006053939, -10.434528802017
-101.827162015208, 11.8142469406625, -11.242232577068
-101.827162015208, 11.1781321208768, -11.9736246214069
-101.827162015208, 10.3898748778394, -12.5365628597889
-101.827162015215, 9.49487069856365, -12.9089821150665
-101.827162015346, 8.55544320213243, -13.1535448083382
-101.82716201546, 7.60569391794202, -13.3555918291498
-101.827162015527, 6.65377898029641, -13.547235511153
-101.827162015601, 5.70126240439477, -13.735873412899
-101.827162015033, 4.74891950440874, -13.9253859168597
-101.827162015001, 3.79701887642155, -14.1171060979317
-101.827162015208, 2.84572544089352, -14.3118157636992
-101.827162015208, 1.89559870715055, -14.5121337764964
-101.827162015208, 0.947045924989016, -14.7197746273132
-101.827162015208, 1.98097681742478E-05, -14.9342761380285
-95.4723393892575, 13.8376973856331, -6.04157489253154
-95.4723393892575, 13.7621070460722, -7.01560162945787
-95.4723393892575, 13.5603996729461, -7.971388342552
-95.4723393892575, 13.2452231988645, -8.89624550080108
-95.4723393892575, 12.8316676307076, -9.78152567225372
-95.4723393892575, 12.3438327956581, -10.6284801953152
-95.4723393892575, 11.8092107571861, -11.4465639986406
-95.4723393892575, 11.1709819021528, -12.1852700290544
-95.4723393892575, 10.3992277951068, -12.7822639975039
-95.4723393892575, 9.51831276515239, -13.2023089214353
-95.4723393892575, 8.58434483212706, -13.489703083516
-95.4723393892575, 7.63436045918726, -13.7200485104853
-95.4723393892575, 6.67949473252898, -13.9294293378546
-95.4723393892575, 5.72320645545909, -14.1322455529935
-95.4723393892575, 4.76705859186334, -14.335724880471
-95.4723393892575, 3.81118691269652, -14.5404971999808
-95.4723393892575, 2.85583767076349, -14.7476875467085
-95.4723393892575, 1.90189429103969, -14.9612491232406
-95.4723393892574, 0.949976601870433, -15.1836618606754
-95.4723393892574, 5.11738753335286E-05, -15.4144417429387
-89.107516763307, 13.8806301028163, -6.17284506795987
-89.107516763307, 13.7871061710453, -7.15242049108424
-89.107516763307, 13.566767812389, -8.11142038798342
-89.1075167624165, 13.2374288274839, -9.03892444143403
-89.1075167639486, 12.8220268494397, -9.93138690214742
-89.1075167676977, 12.346075242999, -10.7932561663307
-89.1075167638094, 11.8148408614211, -11.6218802930696
-89.10751676282, 11.1810880294748, -12.3741626291473
-89.107516762868, 10.4278227653793, -13.0060900389114
-89.1075167633069, 9.56569047075097, -13.4786520631041
-89.1075167633069, 8.64026346840499, -13.8134741153437
-89.107516763307, 7.69020609011453, -14.0718311976557
-89.107516763307, 6.73143588723082, -14.2961152089002
-89.107516763307, 5.7697461305706, -14.5076221324616
-89.107516763307, 4.80737234644763, -14.7159989956177
-89.107516763307, 3.8446620841382, -14.9228174526165
-89.107516763307, 2.88216171311006, -15.1306066724939
-89.107516763307, 1.9204616870048, -15.3420689990488
-89.107516763307, 0.959710622001584, -15.5578008044484
-89.107516763307, 6.11161234742075E-05, -15.7783799312064
-82.7426941373565, 13.9178783324591, -6.23313907539018
-82.7426941373565, 13.8138901234113, -7.21993647861744
-82.7426941373565, 13.5786306577335, -8.18393054676711
-82.7426941373564, 13.2411648407157, -9.11744496715741
-82.7426941373564, 12.8301219467909, -10.0211370349211
-82.7426941373565, 12.3661119178158, -10.8989127193341
-82.7426941373564, 11.8426580087313, -11.7421998615428
-82.7426941373564, 11.2163504359533, -12.5116125074846
-82.7426941373564, 10.4800539014476, -13.1762016063085
-82.7426941373565, 9.63982607430816, -13.7028761757475
-82.7426941373565, 8.72643662974887, -14.0904879647295
-82.7426941373565, 7.77708476477479, -14.380768796752
-82.7426941373564, 6.81333384402295, -14.6196556716129
-82.7426941373564, 5.84375039548692, -14.8338569278208
-82.7426941373565, 4.87164107261077, -15.0363219887531
-82.7426941373565, 3.89822995562715, -15.2324458377182
-82.7426941373565, 2.92423732528251, -15.4256633122991
-82.7426941373565, 1.9498132279458, -15.616693510643
-82.7426941373565, 0.975047716185041, -15.8059742229408
-82.7426941373565, 2.84752057889183E-05, -15.9939438220246
-76.377871511406, 13.9435684193787, -6.15717426073063
-76.3778715114059, 13.8527609385041, -7.15581932472751
-76.377871511406, 13.6052147024158, -8.12795931111138
-76.377871511406, 13.2643042889406, -9.07205738701405
-76.377871511406, 12.864186006307, -9.99265803260015
-76.377871511406, 12.4109786786417, -10.8883458924891
-76.377871511406, 11.8936734054788, -11.7482346251876
-76.377871511406, 11.2746403825273, -12.537633402854
-76.377871511406, 10.5524975795196, -13.2338364222177
-76.377871511406, 9.73405229357745, -13.8134730144038
-76.3778715114059, 8.83682215463126, -14.2619245530955
-76.377871511406, 7.88893691103336, -14.5912496012754
-76.377871511406, 6.91723708779626, -14.8430681976728
-76.377871511406, 5.93557588542123, -15.0532459927423
-76.377871511406, 4.94961022257241, -15.2423371446146
-76.377871511406, 3.9616554119049, -15.4207884928054
-76.377871511406, 2.97273749436914, -15.5938252720099
-76.377871511406, 1.98276092948344, -15.7606969649264
-76.377871511406, 0.991769735962837, -15.9214357489654
-76.377871511406, 2.52381314815169E-06, -16.0773196520624
-70.0130463249276, 13.9590809783696, -5.92908678119402
-70.0130483965046, 13.8860801651788, -6.93961380792419
-70.0130488784292, 13.6319403197137, -7.92105489272861
-70.0130488854555, 13.281892802192, -8.87342735546407
-70.0130488854555, 12.8852906313447, -9.80737165906483
-70.0130488854555, 12.4357637949291, -10.7169792876436
-70.0130488854555, 11.9238383088784, -11.5927542734908
-70.0130488854555, 11.3160794850609, -12.4045381356908
-70.0130488854555, 10.6068342116202, -13.1292222965657
-70.0130488854555, 9.80280910117037, -13.7468867648802
-70.0130488854555, 8.91953722006379, -14.2448566110955
-70.0130488854555, 7.97750091430176, -14.6202996187846
-70.0130488854555, 7.00120545081537, -14.8960994507203
-70.0130488854554, 6.0099706501919, -15.1130910678726
-70.0130488854554, 5.01254910419166, -15.299866755373
-70.0130488854555, 4.01224199904662, -15.4706057946625
-70.0130488854555, 3.01053278903761, -15.6329323414662
-70.0130488854554, 2.00774161312248, -15.788440468393
-70.0130488854555, 1.00414218142862, -15.9386487981701
-70.0130488854555, 0, -16.0851885350467
-63.6482302782879, 13.9588417772634, -5.573289183924
-63.6482271411982, 13.8682953938886, -6.5883078813923
-63.6482262878841, 13.615487881888, -7.57566019485861
-63.648226259505, 13.2529824763801, -8.52898929548743
-63.648226259505, 12.8334327598933, -9.45873744335608
-63.648226259505, 12.3645347615284, -10.364608175256
-63.648226259505, 11.850744433289, -11.2457858509991
-63.648226259505, 11.261488251659, -12.0778086637352
-63.648226259505, 10.569575247611, -12.8263928692362
-63.648226259505, 9.77990666946648, -13.4708279166203
-63.648226259505, 8.90720310746588, -13.9977105719918
-63.648226259505, 7.97674168700551, -14.4146526012615
-63.648226259505, 7.00890852739179, -14.7362046110343
-63.648226259505, 6.02151454460929, -14.9922345827974
-63.648226259505, 5.02473303588758, -15.2091646974989
-63.6482262595049, 4.02283927210541, -15.4012458157181
-63.648226259505, 3.01850112322932, -15.5801730953971
-63.648226259505, 2.01288244490502, -15.7517686433733
-63.648226259505, 1.00654221949734, -15.9190873595323
-63.648226259505, -8.88178419700125E-16, -16.0851885350467
-57.2834036335545, 13.9262641168476, -5.09443938781039
-57.2834036335545, 13.7821430004624, -6.10512993140721
-57.2834036335545, 13.5275923602662, -7.09372514046756
-57.2834036335545, 13.1665137140772, -8.04867242960505
-57.2834036335545, 12.7173063480182, -8.96564115856853
-57.2834036335545, 12.2101634706045, -9.85211903881603
-57.2834036335545, 11.6678196227696, -10.7175735812281
-57.2834036335545, 11.0886746029342, -11.5585896464409
-57.2834036335545, 10.4188953682511, -12.328622645574
-57.2834036335545, 9.65085498812558, -13.000812367514
-57.2834036335545, 8.80204221066687, -13.567688392093
-57.2834036335545, 7.89378620031256, -14.0339349402859
-57.2834036335545, 6.94623931994089, -14.4144652895396
-57.2834036335545, 5.97458970700188, -14.7288749257334
-57.2834036335545, 4.98968063877726, -14.9991844647968
-57.2834036335545, 3.99682530047805, -15.2387955380128
-57.2834036335545, 2.9997126426775, -15.460120097685
-57.2834036335545, 2.00060404632696, -15.6722707072198
-57.2834036335545, 1.0004225394524, -15.8793125597237
-57.2834036335545, -1.77635683940025E-15, -16.0851885350467
-50.918581007604, 13.8460452206278, -4.50577316917387
-50.918581007604, 13.631274792912, -5.50468848041668
-50.918581007604, 13.3464069947579, -6.4858507405543
-50.918581007604, 12.9804091463448, -7.43960214150902
-50.918581007604, 12.5218603627976, -8.3523836744696
-50.918581007604, 11.9891286847783, -9.22430303728076
-50.918581007604, 11.4213209108579, -10.073910799858
-50.918581007604, 10.8279620983944, -10.9058887889279
-50.918581007604, 10.1848534083197, -11.6995137546496
-50.918581007604, 9.44733614303356, -12.405788221526
-50.918581007604, 8.62905147449396, -13.0170601277932
-50.918581007604, 7.750879394846, -13.5389134757694
-50.918581007604, 6.83063725707319, -13.9827325023007
-50.918581007604, 5.88256760290087, -14.363803105794
-50.918581007604, 4.91751777294099, -14.6997962539322
-50.918581007604, 3.94209264503138, -15.0044544308478
-50.918581007604, 2.9602439531444, -15.2878006793112
-50.918581007604, 1.97482703196899, -15.5585076943207
-50.918581007604, 0.987762725194735, -15.8231565497137
-50.918581007604, -8.88178419700125E-16, -16.0851885350467
-44.5537583816535, 13.6853260975431, -3.82990912348446
-44.5537583816535, 13.4039126979864, -4.81207945329022
-44.5537583816535, 13.0662245135402, -5.7763237511781
-44.5537583816535, 12.6667750500951, -6.71660956197319
-44.5537583819768, 12.1972976759577, -7.62387475622498
-44.553758389857, 11.6584378107178, -8.4918327863578
-44.5537583863872, 11.0810838668816, -9.3348783457273
-44.5537583702365, 10.4810164808841, -10.161892518694
-44.5537583727771, 9.84798261786502, -10.9638459535386
-44.55375837775, 9.15147916958679, -11.7108146753811
-44.5537583846534, 8.37358167796168, -12.3725780003719
-44.5537583816535, 7.53359476500004, -12.9538083289768
-44.5537583816535, 6.64828091547909, -13.4635689976706
-44.5537583816535, 5.73152868443286, -13.914581237999
-44.5537583816535, 4.79454244698203, -14.3220732832132
-44.5537583816535, 3.84544352228921, -14.7005939368965
-44.5537583816535, 2.88882173671797, -15.0597222231037
-44.5537583816535, 1.92787380389375, -15.4071281040097
-44.5537583816535, 0.964498898540482, -15.7477547059457
-44.5537583816535, 0, -16.0851885350467
-38.178935755703, 13.4009580527741, -3.1212375040768
-38.178935755703, 13.0719572515245, -4.0853978993067
-38.178935755703, 12.680417610604, -5.02590556956738
-38.178935755703, 12.2302903532256, -5.93984539707014
-38.178935755703, 11.7279459194379, -6.82619467031534
-38.178935755703, 11.1805977692516, -7.6855085208544
-38.178935755703, 10.5989098582239, -8.52204446674672
-38.178935755703, 10.0007930881667, -9.34693719027644
-38.178935755703, 9.37958792704135, -10.1545203559148
-38.178935755703, 8.71371560959308, -10.9254665073214
-38.178935755703, 7.9840249035972, -11.636104390609
-38.178935755703, 7.19341016377114, -12.2784009167592
-38.178935755703, 6.35573815246065, -12.8581444769344
-38.178935755703, 5.48328757364013, -13.3842549475317
-38.178935755703, 4.5873781005241, -13.8694819264064
-38.178935755703, 3.67721490193704, -14.3274995305484
-38.178935755703, 2.75932417697171, -14.7698654624158
-38.178935755703, 1.83847934822199, -15.20606182705
-38.178935755703, 0.918367866854666, -15.6438017872919
-38.178935755703, -8.88178419700125E-16, -16.0851885350467
-35.6430067053228, 13.2449832812552, -2.84011939574478
-35.6430067053228, 12.9018500836702, -3.79705608335459
-35.6430067053228, 12.4914643736914, -4.72715429630103
-35.6430067053228, 12.0209616182882, -5.6283884659504
-35.6430067053228, 11.5017394477383, -6.50252928333958
-35.6430067053228, 10.9464682457845, -7.35427485517262
-35.6430067053228, 10.3632964488711, -8.18720173028407
-35.6430067053228, 9.76536657586874, -9.0096247315542
-35.6430067053228, 9.1495390578242, -9.81868793227275
-35.6430067053228, 8.49555555108462, -10.5970464914272
-35.6430067053228, 7.78325459077956, -11.3222461426711
-35.6430067053228, 7.01372266572072, -11.9864955470371
-35.6430067053228, 6.19831320213518, -12.5936514941637
-35.6430067053228, 5.34771263987729, -13.1505609468222
-35.6430067053228, 4.47260417506441, -13.668229292317
-35.6430067053228, 3.58253457863337, -14.1598076721831
-35.6430067053228, 2.68479737490856, -14.6372760560452
-35.6430067053228, 1.78542875538126, -15.111671678069
-35.6430067053228, 0.889973015066085, -15.5933996537655
-35.6430067053228, -8.88178419700125E-16, -16.0851885350467
-33.0970776549426, 13.0589474506039, -2.56108517669559
-33.0970776549426, 12.7022419102823, -3.5101267940355
-33.0970776549426, 12.2743079444969, -4.42927933233819
-33.0970776549426, 11.7848908350095, -5.31730088202536
-33.0970776549426, 11.2492499802772, -6.17832176480566
-33.0970776549426, 10.6842076661624, -7.02040413320223
-33.0970776549426, 10.0989375843962, -7.84856754427139
-33.0970776549426, 9.50120422982196, -8.66779879831695
-33.0970776549426, 8.89026838646228, -9.47720529133932
-33.0970776549426, 8.24853332512487, -10.2622800042974
-33.0970776549426, 7.55362316207663, -11.0005224283464
-33.0970776549426, 6.80440330213711, -11.6836654428963
-33.0970776549426, 6.01234304248182, -12.3167135121368
-33.0970776549426, 5.18582267013333, -12.9041475229391
-33.0970776549426, 4.33435493393356, -13.454893536856
-33.0970776549426, 3.46733716786202, -13.9808934238177
-33.0970776549426, 2.59300661157041, -14.4946788892269
-33.0970776549426, 1.7191185939316, -15.009216000067
-33.0970776549426, 0.853667591746123, -15.5377789260217
-33.0970776549426, 0, -16.0851885350467
-30.5511486045624, 12.837399704822, -2.28752172377627
-30.5511486045624, 12.4658922194402, -3.22718109291276
-30.5511486045624, 12.0210622096882, -4.13447258081393
-30.5511486045624, 11.5148178975742, -5.00908310143122
-30.5511486045624, 10.9648208910135, -5.85696607363258
-30.5511486045624, 10.3900631947478, -6.68833018744865
-30.5511486045624, 9.80221474616701, -7.51049703706016
-30.5511486045624, 9.20507671687537, -8.3259492898728
-30.5511486045624, 8.5986603565323, -9.13451165528634
-30.5511486045624, 7.96868644171091, -9.92477324919776
-30.5511486045624, 7.29223588924533, -10.6754400007367
-30.5511486045624, 6.56331028187311, -11.3753112757294
-30.5511486045624, 5.79464999384137, -12.031405508294
-30.5511486045624, 4.99396028226867, -12.6480572261655
-30.5511486045624, 4.16915531105077, -13.232126999371
-30.5511486045624, 3.32849728474269, -13.793198624096
-30.5511486045624, 2.48115289840689, -14.3441499279238
-30.5511486045624, 1.63722650798108, -14.9003041737895
-30.5511486045624, 0.808019253145097, -15.4780884298726
-30.5511486045624, -8.88178419700125E-16, -16.0851885350467
-28.0052195541822, 12.5703645409743, -2.02263041154883
-28.0052195541822, 12.1803797721527, -2.94998715573149
-28.0052195541822, 11.7182136479915, -3.84362586910501
-28.0052195541822, 11.1976187314869, -4.70464560990624
-28.0052195541822, 10.636886500006, -5.5401821713551
-28.0052195541822, 10.0548724206158, -6.36109449885814
-28.0052195541822, 9.46505686771077, -7.17642774520468
-28.0052195541822, 8.8696500178551, -7.98768784918239
-28.0052195541822, 8.26798093551149, -8.79430778096775
-28.0052195541822, 7.64895514664796, -9.58764012188895
-28.0052195541822, 6.99241784113158, -10.3500414421204
-28.0052195541822, 6.28594180928174, -11.0664101845553
-28.0052195541822, 5.54072333680808, -11.7425214715742
-28.0052195541822, 4.76708442443844, -12.3859561525988
-28.0052195541822, 3.97213450033174, -13.0029148450345
-28.0052195541822, 3.16218399222504, -13.600078411015
-28.0052195541822, 2.34620334871644, -14.1890018965225
-28.0052195541822, 1.53724993837526, -14.7874919398747
-28.0052195541822, 0.75193301959114, -15.4165458684121
-28.0052195541822, -8.88178419700125E-16, -16.0851885350467
-25.459290503802, 12.2391684489771, -1.76976647586252
-25.459290503802, 11.8254470873477, -2.68027419165473
-25.459290503802, 11.3453772168804, -3.55769300736392
-25.459290503802, 10.8137245238882, -4.40494975032462
-25.459290503802, 10.2474073714094, -5.22952042530582
-25.459290503802, 9.66320898323656, -6.04156519406557
-25.459290503802, 9.07425889148197, -6.85017690344102
-25.459290503802, 8.48233236895206, -7.65661234204319
-25.459290503802, 7.88671867297279, -8.46032579460005
-25.459290503802, 7.27900055945606, -9.25490101314727
-25.459290503802, 6.64315758124081, -10.0270385236565
-25.459290503802, 5.96278589760138, -10.7601797730445
-25.459290503802, 5.24379906631261, -11.4556007895838
-25.459290503802, 4.49894316730519, -12.1232944970642
-25.459290503802, 3.73696827171829, -12.7714283636829
-25.459290503802, 2.9633821966109, -13.4056675620397
-25.459290503802, 2.18474068447257, -14.0337061694167
-25.459290503802, 1.41680674348877, -14.674709790365
-25.459290503802, 0.684251275385755, -15.355651831741
-25.459290503802, 0, -16.0851885350467
-22.9133614534218, 11.8204643123365, -1.53064844956651
-22.9133614534218, 11.3790292469006, -2.41920769583321
-22.9133614534218, 10.8823590196886, -3.2781945559208
-22.9133614534218, 10.344241399819, -4.11191476298918
-22.9133614534218, 9.77842357486949, -4.92714235166005
-22.9133614534218, 9.19808148210734, -5.73212364184666
-22.9133614534218, 8.61433184554744, -6.5346429044257
-22.9133614534218, 8.02907274706306, -7.33606169762963
-22.9133614534218, 7.44195822487092, -8.13612139399688
-22.9133614534218, 6.84720538471385, -8.93050714884788
-22.9133614534218, 6.23273184065968, -9.70968142852059
-22.9133614534218, 5.58187300662236, -10.4586469574165
-22.9133614534218, 4.89459532313399, -11.1743942234248
-22.9133614534218, 4.18266599116255, -11.8656911670647
-22.9133614534218, 3.45721834912729, -12.5428300405394
-22.9133614534218, 2.72628400514783, -13.2140459338466
-22.9133614534218, 1.99287479691485, -13.8825577574524
-22.9133614534218, 1.27403954575837, -14.5666110693974
-22.9133614534218, 0.603541263848537, -15.2977613700152
-22.9133614534218, -8.88178419700125E-16, -16.0851885350467
-20.3674324030416, 11.2986641901352, -1.30522229190868
-20.3674324030416, 10.8286884976277, -2.16769551413955
-20.3674324030416, 10.318939251718, -3.00732604156417
-20.3674324030416, 9.77974694914196, -3.82839750936274
-20.3674324030416, 9.22052068228446, -4.63598337491598
-20.3674324030416, 8.65007866910693, -5.43570124054632
-20.3674324030416, 8.07631187415692, -6.23304060154258
-20.3674324030416, 7.50137968100434, -7.02954029553653
-20.3674324030416, 6.92573583983043, -7.82552602413437
-20.3674324030416, 6.34629618151953, -8.61874777671904
-20.3674324030416, 5.75412154776191, -9.40248386074936
-20.3674324030416, 5.13506825477138, -10.1650994832256
-20.3674324030416, 4.48478443713753, -10.9012869215123
-20.3674324030416, 3.81208018010622, -11.6170968209373
-20.3674324030416, 3.12865128588006, -12.3227038600406
-20.3674324030416, 2.44641971804073, -13.0294696691075
-20.3674324030416, 1.76773607372868, -13.7396370492805
-20.3674324030416, 1.10914110091428, -14.4683464006753
-20.3674324030416, 0.510034286738716, -15.2462612327283
-20.3674324030416, 4.87140154164822E-08, -16.0851885350467
-17.8215033526614, 10.6668391155547, -1.09268611092261
-17.8215033526614, 10.1724773507467, -1.92791254111571
-17.8215033526614, 9.65485244023865, -2.7489440805213
-17.8215033526614, 9.11971074422809, -3.55868024382228
-17.8215033526614, 8.57204028856806, -4.36000428010417
-17.8215033526614, 8.01643922907728, -5.15585557693723
-17.8215033526614, 7.45707085997467, -5.9490656225155
-17.8215033526614, 6.89608708080868, -6.74113438134495
-17.8215033526614, 6.33503854196116, -7.53315713570826
-17.8215033526614, 5.77353921720234, -8.32485987900188
-17.8215033526614, 5.20523672883735, -9.1116846640724
-17.8215033526614, 4.61944728703412, -9.88553856184366
-17.8215033526614, 4.00970151364194, -10.640666294885
-17.8215033526614, 3.38233660682514, -11.3812510478932
-17.8215033526614, 2.74873000480379, -12.1165185083472
-17.8215033526614, 2.1220280845239, -12.8576678570293
-17.8215033526614, 1.50765913396449, -13.6090618848083
-17.8215033526614, 0.923094738612388, -14.383700631173
-17.8215033526614, 0.407463373577148, -15.2054663326207
-17.8215033526614, 2.39521556072591E-06, -16.0851885350467
-15.2755743022812, 9.91128836471213, -0.894283910961937
-15.2755743022812, 9.40263525476164, -1.70530200461265
-15.2755743022812, 8.88408750567285, -2.510033151307
-15.2755743022812, 8.35777660647404, -3.30971065049714
-15.2755743022812, 7.82534427803837, -4.10532705213903
-15.2755743022812, 7.28815825971443, -4.89774220013819
-15.2755743022812, 6.74720807004745, -5.68759298231245
-15.2755743022812, 6.20419263852315, -6.47602634361065
-15.2755743022812, 5.66178022072114, -7.26487434607277
-15.2755743022812, 5.12240652226725, -8.05580319178198
-15.2755743022812, 4.58116679106925, -8.84545416976597
-15.2755743022812, 4.03075277290425, -9.62872688929688
-15.2755743022812, 3.46552636285945, -10.4013751749745
-15.2755743022812, 2.89018381621667, -11.1665351909533
-15.2755743022812, 2.31530279156478, -11.9320402575102
-15.2755743022812, 1.75414017079222, -12.7076299251673
-15.2755743022812, 1.21544992577514, -13.4989715203766
-15.2755743022812, 0.718408322892532, -14.3169018320425
-15.2755743022812, 0.300297326317377, -15.1776123942023
-15.2755743022812, 1.82017382400545E-06, -16.0851885350467
-11.7914693636677, 8.63962816678087, -0.64974391023241
-11.9562689251218, 8.18989090084977, -1.46742591814443
-12.121743203347, 7.73831233586914, -2.28395629183469
-12.2880424327134, 7.28448248291459, -3.09906933574927
-12.455358367667, 6.82787804496124, -3.91242279957258
-12.6239537550046, 6.36778198717618, -4.72354051922686
-12.794210717913, 5.90315149709143, -5.5317205423721
-12.9656473765916, 5.43530162252781, -6.33779284866787
-13.1371774518523, 4.96719681452967, -7.14369744515423
-13.3077694395454, 4.5016520433064, -7.95128217974886
-13.478864479336, 4.03473444515993, -8.75796602846517
-13.6527265704981, 3.56026557619961, -9.55962838051573
-13.831332216185, 3.07285156816287, -10.3524278653422
-14.0136940018952, 2.57518707080657, -11.1379816248438
-14.1969335605039, 2.07512713513721, -11.9218114787067
-14.3773164946303, 1.58286291490027, -12.7112057622898
-14.5523612989892, 1.1051664269171, -13.5106749229661
-14.7158660483173, 0.6589626974852, -14.3303601891226
-14.855515506263, 0.277859951512617, -15.1862923505647
-14.9573331709825, 4.20443070387705E-07, -16.0851885350467
-9.43016057169774, 7.6159011089028, -0.502932937851431
-9.70103160031741, 7.22699275234726, -1.33327128993841
-9.97353416195962, 6.83574189046845, -2.16197381234597
-10.2476617515887, 6.44215786299806, -2.98903391932849
-10.5235933778367, 6.04598365480508, -3.81425511694569
-10.8017486498949, 5.64661680381819, -4.63718728600812
-11.0828861103145, 5.24296821779135, -5.45701008751589
-11.3662511444248, 4.83612134943957, -6.27448349336223
-11.6501832707281, 4.42846026742342, -7.09135474597871
-11.9331006357777, 4.02225614864718, -7.90930306144273
-12.2173063705401, 3.61420222795525, -8.72588097628502
-12.5062863798213, 3.19929354960865, -9.53730490041453
-12.8033153375274, 2.77282843674836, -10.339775685102
-13.1073787355692, 2.3362634891283, -11.1341492063578
-13.4145789723537, 1.89519476417038, -11.9248259300329
-13.7197141892427, 1.45709093175881, -12.7179423948527
-14.0191764904687, 1.02713209853246, -13.5176440554435
-14.3031445108644, 0.619419480873746, -14.3343231351593
-14.5504037128138, 0.264412264474906, -15.1865569675116
-14.7345643790751, 1.4788468684099E-07, -16.0851885350467
-7.71507740712357, 6.79671818004357, -0.405767962374007
-8.05609908847526, 6.45569649869188, -1.24659734924392
-8.4003389107606, 6.11145667640654, -2.08480065509653
-8.74724122632241, 5.76455436084472, -2.92080595392815
-9.09666141908667, 5.41513416808047, -3.75471135164031
-9.44881178457937, 5.06298380258777, -4.58631631506908
-9.80439524933114, 4.70740033783599, -5.41499407158472
-10.16264964043, 4.34914594673709, -6.24136894265928
-10.5219503820211, 3.989845205146, -7.06683521659784
-10.8807603450369, 3.63103524213026, -7.89272830771307
-11.241939382398, 3.26985620476916, -8.71655089759837
-11.6095618941971, 2.90223369297, -9.53464484125331
-11.9876506733385, 2.5241449138286, -10.3431355804576
-12.3754814532983, 2.13631413386882, -11.1423521054861
-12.7690426126526, 1.74275297451457, -11.9359549914733
-13.1627467580779, 1.34904882908918, -12.7294165806601
-13.5528741230146, 0.958921464152493, -13.5264006458746
-13.9275893060135, 0.584206281153625, -14.3379143031897
-14.2595105307403, 0.252285056426842, -15.1856485218132
-14.5117955873443, 5.74344055832408E-10, -16.0851885350467
-6.21507343560516, 6.03026637375687, -0.327451906049334
-6.61509582841057, 5.73149804099211, -1.17736559642908
-7.01969103272947, 5.42931437124495, -2.02390234921804
-7.42754299960481, 5.12469829387087, -2.86800142525051
-7.83829985777435, 4.81791261413343, -3.70990346828737
-8.25169860270049, 4.50915376460394, -4.54978871512579
-8.66800124675963, 4.19822605373547, -5.3874364004044
-9.08683214605852, 3.88541004207093, -6.22311883505761
-9.50715795520003, 3.57147751360796, -7.05763155726223
-9.92833735667518, 3.25690745493925, -7.89147332285327
-10.352787357279, 2.93989465439809, -8.72272514087912
-10.785440535262, 2.61675507277415, -9.54734922803556
-11.2311581676667, 2.2838579242333, -10.3610563520244
-11.689403581283, 1.94160403873681, -11.1638565834049
-12.156472630871, 1.59275996465192, -11.9587061294689
-12.6268892576015, 1.24141565543103, -12.7504789861272
-13.0973902557389, 0.890008330976473, -13.5421735907762
-13.5550054224392, 0.548225163679033, -14.3454423843779
-13.9676066045001, 0.240061997120881, -15.18560404413
-14.2890267952604, 2.89040832185564E-07, -16.084038058787
-4.81462342207841, 5.26124962485387, -0.258758163470917
-5.26720591056049, 5.00387354424624, -1.11836950874891
-5.72590762230389, 4.74301756386467, -1.97368038762935
-6.1888269349687, 4.47976310448238, -2.82597987870971
-6.65466598789489, 4.21484823771802, -3.6761720451077
-7.12234969250743, 3.94888434843689, -4.52502321333847
-7.59127113435855, 3.68221657871982, -5.37297021140966
-8.06205546055663, 3.41448941787728, -6.21954990329529
-8.53455083703695, 3.14578921139869, -7.06486719403455
-9.00922972304439, 2.87584727962502, -7.90856326785584
-9.48908897872095, 2.60295935838984, -8.74836829995418
-9.97962060234336, 2.32400224026212, -9.57995830214016
-10.4858388748199, 2.03612438767675, -10.3990053161336
-11.0077676329895, 1.73931224502264, -11.2049026071345
-11.5424507494827, 1.43524691242074, -11.999667706841
-12.0847386669288, 1.12685685689463, -12.7875939228637
-12.6323064949772, 0.815464204645548, -13.5706733077229
-13.1716453221854, 0.508751247341513, -14.3611971179978
-13.6673671780248, 0.226842531086503, -15.1884188947885
-14.0662580033635, 1.18849936163482E-06, -16.0804028145258
-3.48400740600254, 4.45168713854913, -0.193683466774642
-3.98151860383747, 4.23789611673152, -1.0662049531388
-4.48648051738185, 4.02090336572323, -1.93364282626711
-4.9970664582704, 3.80149385192071, -2.79717361749079
-5.51118334377489, 3.58056701697908, -3.65822024178935
-6.02666738324646, 3.35905268723356, -4.51829844940733
-6.54161647501454, 3.13776823576343, -5.37875643254953
-7.05672221280708, 2.91641647020313, -6.23910312892788
-7.57341659763452, 2.69438202961083, -7.09831974740114
-8.09409870480894, 2.4706339808847, -7.95467790435661
-8.6226529690893, 2.24350310073907, -8.80529717853363
-9.16523348843815, 2.01034484389033, -9.64537164948648
-9.72688700118336, 1.76899052077198, -10.4704525339917
-10.3084303237005, 1.51908912821398, -11.2790469451411
-10.9076867780328, 1.26157603049874, -12.0721829058737
-11.5199947575958, 0.998454417985198, -12.8534318217135
-12.1448164534528, 0.729955398480938, -13.6228512185927
-12.7678929583817, 0.462206324210865, -14.3939115980701
-13.3527481319311, 0.21088175963305, -15.1994610033407
-13.8434892114866, 2.70310458953799E-06, -16.074186409157
-2.21764128860571, 3.5821830555681, -0.128066220258793
-2.7534886161367, 3.41385104672965, -1.01712423798119
-3.29588669912959, 3.24346117220884, -1.90180643107242
-3.84473251054578, 3.07104579709826, -2.78210966249398
-4.397906482498, 2.89727076613018, -3.65943316393708
-4.95246877808171, 2.72305960476861, -4.53579395495064
-5.50484811499761, 2.54953420182904, -5.41366761234269
-6.05572306090716, 2.37648139088942, -6.29257970643569
-6.60755374702647, 2.20312834206266, -7.17083197831096
-7.16544267927105, 2.02787214529077, -8.04486439859984
-7.73486867002079, 1.84899167695031, -8.91067211236324
-8.32295960019415, 1.66424777216704, -9.76263881643239
-8.93498536670704, 1.47198493638375, -10.595862508669
-9.57290398722944, 1.27158807453362, -11.4074632794471
-10.2352065982192, 1.06353118362676, -12.1973260230823
-10.9180346301079, 0.849026401399607, -12.9677541489685
-11.6229761682853, 0.627574843953496, -13.7159673110186
-12.333971967673, 0.404221390390368, -14.4578916441396
-13.0168867922557, 0.189689342955809, -15.2281302876657
-13.6207204196401, 4.8359028370944E-06, -16.0652869489703
-1.08723914272138, 2.62968625482687, -0.0645365811468512
-1.63433554051796, 2.51282121723337, -0.985879749228764
-2.19151035806855, 2.39380333252157, -1.90088355783842
-2.75922089278548, 2.2725349175784, -2.80909137323208
-3.33530072771377, 2.14947873984283, -3.71177548210117
-3.91598843988596, 2.02543827533531, -4.61137004665645
-4.4939757149152, 1.90197465010054, -5.51277927695904
-5.06755996365388, 1.77945155350944, -6.41712595958978
-5.64066734237903, 1.65703032092673, -7.32178819562616
-6.22209653695138, 1.53283146866721, -8.22087118254022
-6.82031606661225, 1.40504603980214, -9.10833999323294
-7.44382753239034, 1.27185801081566, -9.97738558798553
-8.09833615852471, 1.13204869109338, -10.8222333554702
-8.78787593889813, 0.984756380853186, -11.6374029712489
-9.5115383270055, 0.83017515434216, -12.4210501072027
-10.2671507815536, 0.668769087216674, -13.1724830845244
-11.057193660094, 0.500008351315396, -13.8859276430085
-11.86141952212, 0.328217994117197, -14.5827411604593
-12.6529595161399, 0.159137459991135, -15.29455253466
-13.3979516278344, 7.588005472279E-06, -16.0535956630045
-0.343250799277942, 1.5810421925158, -0.0207319552451586
-0.867160615533167, 1.5164904537581, -0.987572453730285
-1.39835527769498, 1.45104113786927, -1.95036883952193
-1.93710214348752, 1.38466130329059, -2.90889551087778
-2.48344984525162, 1.31734495795615, -3.86304463623304
-3.03658613730198, 1.24919217991307, -4.81321694360712
-3.59271621215902, 1.18067053326009, -5.76161469943829
-4.14927821652013, 1.11209566790488, -6.70975539057189
-4.71044358783229, 1.0429536145879, -7.65512991735716
-5.28885500175888, 0.971686649687084, -8.58986677738934
-5.89508984426915, 0.896991517117799, -9.50649161982398
-6.53698014697192, 0.817903220152239, -10.3981027796804
-7.22048192893715, 0.73368790846901, -11.2576830751311
-7.951447176542, 0.643624549775701, -12.0766143901241
-8.73199984126128, 0.547451448726124, -12.847637583641
-9.56573295335645, 0.44472590250466, -13.5597863397712
-10.4474983189049, 0.336082228046887, -14.2107959352567
-11.3473793216529, 0.225206497911487, -14.8363721033504
-12.2579107667012, 0.113018510307931, -15.4460896574156
-13.1751828360794, 1.09580475443331E-05, -16.0389962985878
-0.0318449985674274, 0.514166777255872, -0.00194481392411423
-0.546199121010453, 0.493698344280605, -1.0133128359742
-1.06329088120612, 0.473120968550911, -2.02328245590281
-1.58042269335779, 0.452541998976159, -3.03323154751648
-2.09489713738181, 0.432068777871261, -4.04453830511888
-2.60285821176549, 0.41185475264739, -5.05913262338041
-3.09530283898538, 0.392258195710306, -6.08134421183485
-3.56219586641538, 0.373678450313927, -7.11547378714702
-4.01180329273556, 0.355786575690458, -8.15728806719156
-4.47760775899127, 0.337250148973688, -9.19189510067168
-4.99936189926411, 0.316487236451442, -10.1991655877346
-5.6025360680718, 0.292484259692919, -11.1596955897956
-6.28538630095163, 0.265310618782921, -12.0652973633171
-7.03741883177635, 0.235383907241673, -12.9142387911561
-7.867629199856, 0.20234615264238, -13.6863126778055
-8.78042866739344, 0.166021811287041, -14.3588164958797
-9.73824546750255, 0.127906030504539, -14.9659011193736
-10.7612378213018, 0.0871966252245869, -15.4524096962926
-11.8432485742715, 0.0441386159478597, -15.7901905573077
-12.9524140443844, 1.49414981497822E-05, -16.0213644669089
