-107.775321343876, 13.701318900929, -8.72695147938158
-107.775321343876, 13.6860196600181, -9.90116561078161
-107.775321343876, 13.63632011558, -11.0744019001351
-107.775321343876, 13.5416914853853, -12.2448364747929
-107.775321343876, 13.391086383219, -13.4093448789603
-107.775321343935, 13.1733507699469, -14.5631354759122
-107.775321347043, 12.8755923260664, -15.6987713107153
-107.775321344692, 12.4750893131115, -16.8021789938865
-107.77532133826, 11.9534667632708, -17.8534396589067
-107.775321343876, 11.2789613977045, -18.8126131106042
-107.775321343876, 10.3675008724484, -19.5414729889486
-107.775321343876, 9.25652174608379, -19.912791446762
-107.775321343876, 8.10571782186895, -20.1462310232154
-107.775321343876, 6.9491248533771, -20.3496064704997
-107.775321343876, 5.79133240834864, -20.5460762595003
-107.775321343876, 4.63346971304606, -20.7421327294557
-107.775321343876, 3.47607617426934, -20.9409378942366
-107.775321343876, 2.31923402153558, -21.1429288534599
-107.775321343876, 1.16106448566894, -21.3371089553433
-107.775321343876, -1.77635683940025E-15, -21.5131443879844
-105.67265124262, 13.7317569758425, -8.89337129059384
-105.67265124262, 13.7175975605025, -10.067862493453
-105.672651242619, 13.6663580465547, -11.2412945246688
-105.672651242619, 13.5678919133696, -12.4116747353855
-105.672651242619, 13.4116374894626, -13.5757029547679
-105.672651242619, 13.1870998931371, -14.7284568103645
-105.672651242619, 12.8777688937003, -15.8612144920668
-105.672651242619, 12.4584281933083, -16.9578276174656
-105.672651242619, 11.9173237463555, -17.9995542935141
-105.672651242619, 11.2339728641247, -18.9529420321465
-105.672651242619, 10.311101898109, -19.6669463211128
-105.672651242619, 9.20129758535472, -20.0453398890512
-105.672651242619, 8.0566659715526, -20.308654448855
-105.672651242619, 6.90630814632258, -20.5461087846025
-105.672651242619, 5.7550071825811, -20.7789658281523
-105.672651242619, 4.60382331151433, -21.0123998197113
-105.672651242619, 3.45337547774791, -21.2494316554088
-105.672651242619, 2.3038498325898, -21.4908996031575
-105.672651242619, 1.15332067495269, -21.7275142163814
-105.672651242619, 0, -21.9501162677894
-103.516066523382, 13.7617364435856, -9.05121496187128
-103.516066523382, 13.7478152784266, -10.2271909684593
-103.516066523382, 13.6943986698255, -11.4020085378816
-103.516066523382, 13.5916752311867, -12.5735091877931
-103.516066523382, 13.429451962873, -13.7382158581486
-103.516066523382, 13.1975085091721, -14.8910083941449
-103.516066523382, 12.8754479482955, -16.0216995798073
-103.516066523382, 12.4381120388395, -17.1128350733566
-103.516066523382, 11.881303928746, -18.1480330227456
-103.516066523382, 11.1899656804171, -19.0973838406804
-103.516066523382, 10.2536305422866, -19.7963099432902
-103.516066523382, 9.14686564552244, -20.1897748268403
-103.516066523382, 8.00785739432258, -20.4825113266591
-103.516066523382, 6.86339563291613, -20.7534699811992
-103.516066523382, 5.71847920891748, -21.0225058086416
-103.516066523382, 4.57395289179964, -21.2931948016127
-103.516066523382, 3.43055656067463, -21.5686133641187
-103.516066523382, 2.28858592713101, -21.849888868778
-103.516066523382, 1.1457951739169, -22.1277992881836
-103.516066523382, 0, -22.3930414915545
-101.359481804145, 13.7905758194505, -9.19956632738711
-101.359481804145, 13.7760633950491, -10.3780316497997
-101.359481804145, 13.7199067500108, -11.5552199286256
-101.359481804145, 13.6125591585698, -12.7288115822202
-101.359481804145, 13.4440875787077, -13.8951518676003
-101.359481804145, 13.2041791699195, -15.0488509008539
-101.359481804145, 12.8688067428866, -16.1782222404754
-101.359481804145, 12.415282068342, -17.2654412622236
-101.359481804145, 11.8465505040811, -18.2970965172162
-101.359481804145, 11.1459740515221, -19.2424354110119
-101.359481804145, 10.1969272934417, -19.9296262354827
-101.359481804145, 9.09446532011037, -20.3431449604717
-101.359481804145, 7.96037465229094, -20.6637415223825
-101.359481804145, 6.82139408862599, -20.9667732608159
-101.359481804145, 5.68256405657081, -21.2703702871005
-101.359481804145, 4.54450957665057, -21.5768593688575
-101.359481804145, 3.40813527193816, -21.8895146081236
-101.359481804145, 2.27374733460844, -22.2093085578301
-101.359481804145, 1.13858766045116, -22.5263406990105
-101.359481804145, 0, -22.8308227614264
-99.2028970849081, 13.8184135379376, -9.34229585888641
-99.2028970849081, 13.802609484846, -10.5240337198883
-99.2028970849081, 13.7431641346482, -11.7043529837326
-99.2028970849081, 13.6307502247212, -12.8807730699318
-99.2028970849081, 13.4556439255302, -14.0494600552946
-99.2028970849081, 13.2071261212946, -15.2046813452407
-99.2028970849081, 12.8581439139279, -16.3333288520361
-99.2028970849081, 12.3903087031025, -17.4180760000815
-99.2028970849081, 11.8125514655668, -18.4485803260779
-99.2028970849081, 11.1003012824135, -19.3888418391198
-99.2028970849081, 10.1412286718361, -20.0697061821912
-99.2028970849081, 9.04361651604633, -20.5053897294458
-99.2028970849081, 7.9138750314059, -20.852413156405
-99.2028970849081, 6.78003737205511, -21.1860198588721
-99.2028970849081, 5.64696041493659, -21.5222004446471
-99.2028970849081, 4.51518091845903, -21.8627207585055
-99.2028970849081, 3.38576630405102, -22.2109969455848
-99.2028970849081, 2.25868553737415, -22.5667633823638
-99.2028970849081, 1.13081072397636, -22.9200007529281
-99.2028970849081, -1.77635683940025E-15, -23.2637063773298
-97.046312365671, 13.8454068866163, -9.48347563071132
-97.046312365671, 13.8277495150022, -10.6690456698312
-97.046312365671, 13.764450400134, -11.8530276031561
-97.046312365671, 13.6464233111151, -13.0327744055983
-97.046312365671, 13.464196408738, -14.2042762921122
-97.0463123656709, 13.2063817737407, -15.3613877954321
-97.0463123656709, 12.8436795836947, -16.4897329959592
-97.046312365671, 12.3630941011626, -17.5731484888117
-97.046312365671, 11.778062172076, -18.6040573782082
-97.046312365671, 11.0519754072071, -19.5381446464519
-97.046312365671, 10.0863777556154, -20.2184867144843
-97.046312365671, 8.9935593935209, -20.6763334838169
-97.0463123656709, 7.86783838253072, -21.0487117090665
-97.0463123656709, 6.73886123494752, -21.4112574487698
-97.0463123656709, 5.61117135971587, -21.7777862638634
-97.046312365671, 4.4853668227486, -22.1500614676103
-97.0463123656709, 3.36277910793405, -22.5319193455789
-97.046312365671, 2.24297664603913, -22.9218832908395
-97.046312365671, 1.1227881806876, -23.3107352882409
-97.0463123656709, 8.57060884694344E-10, -23.6920039099815
-94.8897276464338, 13.8716381255237, -9.62572095839555
-94.8897276464338, 13.8516683054946, -10.8155043648519
-94.8897276464338, 13.7839333101378, -12.0034970338043
-94.8897276464338, 13.6596849439102, -13.1868778182813
-94.8897276464338, 13.4698291006784, -14.3614731693835
-94.8897276464338, 13.2020322778258, -15.5206501349444
-94.8897276464338, 12.8256885624428, -16.6489961256969
-94.8897276464338, 12.3335227576643, -17.7319124511692
-94.8897276464338, 11.7419864089751, -18.7640375106806
-94.8897276464338, 11.0011475177476, -19.6916248758176
-94.8897276464338, 10.0323682892288, -20.3764357778936
-94.8897276464338, 8.94398988757759, -20.8554945893841
-94.8897276464338, 7.82220430755607, -21.2525395206033
-94.8897276464338, 6.69780911226916, -21.6422514037601
-94.8897276464338, 5.57510007278834, -22.0367923988392
-94.8897276464338, 4.45498196242138, -22.4386237421865
-94.8897276464338, 3.33880880821999, -22.8512808848689
-94.8897276464338, 2.22596173998541, -23.2728385892277
-94.8897276464338, 1.11370521438576, -23.6959539418531
-94.8897276464338, 2.63421305050491E-07, -24.1152373757049
-92.7331429271967, 13.8969866526277, -9.76804174075943
-92.7331429271967, 13.8742548025772, -10.9623556705008
-92.7331429271967, 13.80154540053, -12.1546423165996
-92.7331429271967, 13.6705562256402, -13.3419040968021
-92.7331429271967, 13.472678665452, -14.519820921599
-92.7331429271967, 13.1942539071907, -15.6811714542471
-92.7331429271967, 12.8046623349865, -16.8098743807411
-92.7331429271967, 12.3022461573546, -17.8931741444355
-92.7331429271967, 11.7044360832086, -18.9269476941893
-92.7331429271967, 10.9493734653972, -19.8488497571328
-92.7331429271967, 9.98024402900671, -20.5421722012619
-92.7331429271966, 8.8959916471032, -21.0416453542461
-92.7331429271967, 7.77815370428417, -21.4628832730339
-92.7331429271967, 6.6579773654898, -21.8779525174093
-92.7331429271967, 5.53977501163737, -22.2983062811755
-92.7331429271967, 4.42490155226976, -22.7274041568739
-92.7331429271967, 3.31460506408312, -23.1682055186682
-92.7331429271967, 2.20829105184293, -23.6189199385541
-92.7331429271967, 1.1039873144928, -24.0745415804414
-92.7331429271967, 1.67000877510525E-06, -24.5309341118553
-90.5765582079596, 13.9213058272834, -9.90894353058865
-90.5765582079596, 13.8953664484008, -11.108048922433
-90.5765582079596, 13.8172171126347, -12.3048581904512
-90.5765582079596, 13.6790935414972, -13.4962014631683
-90.5765582079621, 13.472934665202, -14.677630757367
-90.5765582099285, 13.1832727131235, -15.8412072713017
-90.5765582075202, 12.7811391912116, -16.9706919939866
-90.5765582048854, 12.2701364838581, -18.0553940301685
-90.5765582079596, 11.6658886949687, -19.0909656877208
-90.5765582079596, 10.8985597189812, -20.0091963004826
-90.5765582079596, 9.93112324543758, -20.7138794556769
-90.5765582079596, 8.8509265923547, -21.2334908170617
-90.5765582079596, 7.73709740998573, -21.6785102673455
-90.5765582079596, 6.62072199582277, -22.1171760559269
-90.5765582079596, 5.50650724277333, -22.5612952885892
-90.5765582079596, 4.39634175730658, -23.0154333993813
-90.5765582079595, 3.29125783665523, -23.4817996110091
-90.5765582079596, 2.19101369030939, -23.9594763492543
-90.5765582079596, 1.09433854061837, -24.445297090421
-90.5765582079596, 5.18308549054668E-06, -24.9363733209738
-88.4199734887224, 13.9444539199933, -10.046959114022
-88.4199734887224, 13.9148787405056, -11.2510554057102
-88.4199734887224, 13.8309211938664, -12.4525584902355
-88.4199734887224, 13.6854064766452, -13.6481355012358
-88.4199734887235, 13.4707452241925, -14.8332093237273
-88.4199734889036, 13.1693532184421, -15.9990234921896
-88.4199734885892, 12.755833830499, -17.129842856776
-88.4199734886012, 12.2379698576128, -18.2169649720362
-88.4199734887224, 11.6270955982462, -19.2544178257948
-88.4199734887224, 10.850346569124, -20.1717000632749
-88.4199734887224, 9.8860458978089, -20.8896674418033
-88.4199734887224, 8.81020339683126, -21.4297785081843
-88.4199734887225, 7.7004752296276, -21.8981581574109
-88.4199734887224, 6.58745882829197, -22.3587372625824
-88.4199734887224, 5.47668730960655, -22.8246966779219
-88.4199734887224, 4.37061147131775, -23.3016871795327
-88.4199734887225, 3.26997763652849, -23.791105144561
-88.4199734887224, 2.17485295025413, -24.2927284158454
-88.4199734887225, 1.08518046350102, -24.8060907262001
-88.4199734887225, 1.17439421846348E-05, -25.3289113399526
-86.2533887694853, 13.9663948139283, -10.1812593171523
-86.2533887695049, 13.932770910635, -11.3905063940976
-86.2533887696414, 13.842730304305, -12.5968403254829
-86.2533887700118, 13.6896711635265, -13.7967754164927
-86.2533887696266, 13.4661519971, -14.9855565242943
-86.2533887689995, 13.1528123297263, -16.1536474142285
-86.2533887694853, 12.7293009908139, -17.2864376449474
-86.2533887694853, 12.2064985945118, -18.3770788323986
-86.2533887694853, 11.5888935885635, -19.4165392884697
-86.2533887694853, 10.8058384943118, -20.3357704389302
-86.2533887694853, 9.84585517976624, -21.0685209066823
-86.2533887695431, 8.77511292811817, -21.6302016589606
-86.2533887696785, 7.6696208321216, -22.1215890842928
-86.253388769739, 6.55953323678277, -22.6025792976892
-86.2533887696693, 5.45165682809063, -23.0886317393175
-86.2533887692651, 4.34899643903306, -23.5863968880933
-86.2533887694853, 3.25198775088351, -24.0964993143705
-86.2533887694853, 2.1611527197819, -24.6196666460689
-86.2533887694853, 1.07741050947967, -25.1573732594924
-86.2533887694853, 2.2302828572555E-05, -25.7077085084477
-80.8719269713925, 14.0155878292144, -10.482802956089
-80.8719269713925, 13.9705811436423, -11.7051938737601
-80.8719269713925, 13.8652363115846, -12.9238475342572
-80.8719269713925, 13.6938023586925, -14.1349402587818
-80.8719269713925, 13.4478382135088, -15.3330494103518
-80.8719269713924, 13.1060752741924, -16.5072539717802
-80.8719269713924, 12.6668037706073, -17.6486411942235
-80.8719269713924, 12.1386803890801, -18.7517862029518
-80.8719269713924, 11.5074096764703, -19.7986967078225
-80.8719269713924, 10.7214644446647, -20.7340517938867
-80.8719269713925, 9.77782273498242, -21.5097725431609
-80.8719269713925, 8.72424611518169, -22.1302095041638
-80.8719269713925, 7.62933353026398, -22.6756929697746
-80.8719269713925, 6.52476128466575, -23.2014892374129
-80.8719269713925, 5.42118358688297, -23.7293634846406
-80.8719269713925, 4.32310857194607, -24.2685888798254
-80.8719269713925, 3.23037690268262, -24.8185637485878
-80.8719269713925, 2.14467776238565, -25.3822791135011
-80.8719269713925, 1.06811742957179, -25.9632535715295
-80.8719269713924, 5.75888468806862E-05, -26.5597231783104
-75.4804651732996, 14.0595555077153, -10.7032905669844
-75.4804651732996, 14.002644541259, -11.9391484031396
-75.4804651732996, 13.8837421925836, -13.170566380877
-75.4804651732996, 13.6965783308913, -14.3934342835414
-75.4804651730328, 13.4310581667404, -15.6016165432909
-75.4804651716685, 13.0713864924166, -16.7851524009106
-75.4804651758994, 12.6275105330872, -17.9397881767792
-75.4804651752599, 12.1010848538853, -19.0591843228242
-75.480465174363, 11.4687468365343, -20.1217892704374
-75.4804651725843, 10.6949316823648, -21.0857109792977
-75.4804651732996, 9.77784835586983, -21.9141521613788
-75.4804651732996, 8.7486783169315, -22.5996489556699
-75.4804651732996, 7.66516741255188, -23.1967480558691
-75.4804651732996, 6.5633072625622, -23.7595558618235
-75.4804651732996, 5.4587542689032, -24.317086496872
-75.4804651732996, 4.35688503106519, -24.8799016143394
-75.4804651732996, 3.25815180159142, -25.4488123215086
-75.4804651732996, 2.16492894144898, -26.0282309569317
-75.4804651732996, 1.07909633919685, -26.6213807613205
-75.4804651732996, 6.87830194132218E-05, -27.2268291865451
-70.0890033752068, 14.0984710896793, -10.7770733202677
-70.0890033752068, 14.035444065541, -12.0276870303637
-70.0890033752068, 13.9075161684969, -13.2733100853439
-70.0890033752068, 13.7091764679678, -14.5096490745005
-70.0890033752068, 13.4335711002278, -15.7310162012926
-70.0890033752068, 13.0699093274559, -16.9291253820397
-70.0890033752068, 12.6289997009779, -18.1010311022091
-70.0890033752068, 12.1129563095245, -19.2418182797246
-70.0890033752068, 11.4936170763651, -20.3294714793641
-70.0890033752068, 10.7414832129861, -21.3296360308126
-70.0890033752068, 9.85954302673225, -22.2172239271879
-70.0890033752068, 8.862754781959, -22.9739449605728
-70.0890033752068, 7.79319222341091, -23.6247942798833
-70.0890033752068, 6.69120618368122, -24.219621141972
-70.0890033752068, 5.57780521090644, -24.7929058666612
-70.0890033752068, 4.46075883745305, -25.3590630051253
-70.0890033752068, 3.34276573323017, -25.9233500152048
-70.0890033752068, 2.2263563420149, -26.4907627418475
-70.0890033752068, 1.1120349201604, -27.0622647463826
-70.0890033752068, 3.20789547437329E-05, -27.6382647964306
-64.697541577114, 14.1260849920302, -10.6102976709657
-64.697541577114, 14.0774125755925, -11.8803954551754
-64.697541577114, 13.9465188451034, -13.144680087466
-64.697541577114, 13.7386488808399, -14.3986460542324
-64.697541577114, 13.4614979495115, -15.6391524446852
-64.697541577114, 13.106798403183, -16.8596998924809
-64.697541577114, 12.6777101192679, -18.0561251111988
-64.697541577114, 12.173695896576, -19.2229444629296
-64.697541577114, 11.570395395892, -20.3412390351209
-64.697541577114, 10.8424591353847, -21.3825457827334
-64.697541577114, 9.99451690438597, -22.3285824572664
-64.697541577114, 9.03248333563609, -23.1582593031793
-64.697541577114, 7.97825429498458, -23.8676111173659
-64.697541577114, 6.8700681264075, -24.4901736236669
-64.697541577114, 5.73834314568665, -25.0691515605234
-64.697541577114, 4.59655604379337, -25.6280756835846
-64.697541577114, 3.44997368587508, -26.1771113666725
-64.697541577114, 2.30117441520498, -26.7214952545651
-64.697541577114, 1.15095192164254, -27.2628663830829
-64.697541577114, 2.85216996219449E-06, -27.802691526313
-59.3060759385761, 14.1434242575323, -10.207022106923
-59.3060783948687, 14.1120469214332, -11.4982226576014
-59.306079501639, 13.982121021726, -12.7832751856434
-59.3060797716999, 13.764097935808, -14.0564358708305
-59.3060797790211, 13.4779873855871, -15.3161423451553
-59.3060797790211, 13.1281482231057, -16.5596013262734
-59.3060797790211, 12.7090452922172, -17.7814236854864
-59.3060797790211, 12.2128919538239, -18.9740110151532
-59.3060797790211, 11.6246226114682, -20.1236572815506
-59.3060797790211, 10.9193819591939, -21.2052994034479
-59.3060797790211, 10.0959621901791, -22.1998034471259
-59.3060797790211, 9.15781227745185, -23.0868339211652
-59.3060797790211, 8.12095901555864, -23.8563005433825
-59.3060797790211, 7.01189975964702, -24.5181950887514
-59.3060797790211, 5.86587564802891, -25.1143779615204
-59.3060797790211, 4.70342114321837, -25.6779840486844
-59.3060797790211, 3.53261116874146, -26.2240615032568
-59.3060797790211, 2.3574386732472, -26.7606941161939
-59.3060797790211, 1.1794468983632, -27.2911128692698
-59.3060797790211, 0, -27.8182899039247
-53.9146239793967, 14.1431624124015, -9.61245981385869
-53.9146202671862, 14.0948096435315, -10.9218783380622
-53.9146184932851, 13.9591045240778, -12.2250842588084
-53.9146180047757, 13.7334444938328, -13.5157840584449
-53.9146179809283, 13.4303226127699, -14.7906145924161
-53.9146179809283, 13.0624657907075, -16.0482898320444
-53.9146179809283, 12.6291749994281, -17.2849480933093
-53.9146179809283, 12.1261263833922, -18.4948824763744
-53.9146179809283, 11.5491625499713, -19.6712013523781
-53.9146179809283, 10.8639398945394, -20.7875786506971
-53.9146179809283, 10.0599682623151, -21.8216155536605
-53.9146179809283, 9.13871733457823, -22.7525687875791
-53.9146179809283, 8.11948977673085, -23.5754594106704
-53.9146179809283, 7.02839409733992, -24.300745488618
-53.9146179809283, 5.89202570469958, -24.9532624673132
-53.9146179809283, 4.73079368447764, -25.5606077226676
-53.9146179809283, 3.55526594804945, -26.1398845351274
-53.9146179809283, 2.37300348294511, -26.7053159354535
-53.9146179809283, 1.18712390636304, -27.2631282479986
-53.9146179809283, 0, -27.8182899039247
-48.5231561828355, 14.1064873404821, -8.78859510012298
-48.5231561828355, 14.0055035712943, -10.1155687774938
-48.5231561828355, 13.8427956583682, -11.4363662095911
-48.5231561828355, 13.6113429027767, -12.7468325434214
-48.5231561828355, 13.3046103474552, -14.0417140275763
-48.5231561828355, 12.9166143618506, -15.3145650674071
-48.5231561828355, 12.4513186334089, -16.5613313124076
-48.5231561828355, 11.9238121817821, -17.7830902625741
-48.5231561828355, 11.3381317628532, -18.9780747836326
-48.5231561828355, 10.6690581918741, -20.1279877911758
-48.5231561828355, 9.88317239335972, -21.2013330843299
-48.5231561828355, 8.98926429086607, -22.1865284504588
-48.5231561828355, 8.000170770461, -23.07633806547
-48.5231561828355, 6.94077911694203, -23.8814725325397
-48.5231561828355, 5.83243448786335, -24.6180143620867
-48.5231561828355, 4.69255753776987, -25.3049008531607
-48.5231561828355, 3.53134901351502, -25.9551618178005
-48.5231561828355, 2.35801961024425, -26.5833486352478
-48.5231561828355, 1.17998419359467, -27.202678681971
-48.5231561828355, 0, -27.8182899039247
-43.1316943847426, 14.0161157056008, -7.76768553689215
-43.1316943847426, 13.8444766249116, -9.11220287182266
-43.1316943847426, 13.6327366113569, -10.4509792362694
-43.1316943847426, 13.3742424844225, -11.7814906099335
-43.1316943847426, 13.0565122084116, -13.0990444144478
-43.1316943847426, 12.6591672771977, -14.3946865578027
-43.1316943847426, 12.1737497980481, -15.6600212167484
-43.1316943847426, 11.6253081674139, -16.8994798173888
-43.1316943847426, 11.0238018490008, -18.1140610724307
-43.1316943847426, 10.3637431985599, -19.2976978367662
-43.1316943847426, 9.60343219800553, -20.4191330985479
-43.1316943847426, 8.73834109560389, -21.4620647956807
-43.1316943847426, 7.78641960051999, -22.4264804915023
-43.1316943847427, 6.76532477175233, -23.3175624641681
-43.1316943847427, 5.69526431841147, -24.1493732945523
-43.1316943847427, 4.59102910118585, -24.9353622730881
-43.1316943847427, 3.46160952787311, -25.6847583083721
-43.1316943847426, 2.31496317768228, -26.4075733279899
-43.1316943847426, 1.15924800687944, -27.1158271445997
-43.1316943847426, 0, -27.8182899039247
-37.7402325866498, 13.8350741891333, -6.60020857602669
-37.7402325866498, 13.592895651626, -7.96208087627264
-37.7402325866498, 13.3190132015151, -9.31792857556336
-37.7402325866498, 13.0093861474944, -10.6660480574939
-37.7402325866498, 12.6551617295012, -12.0031045337775
-37.740232586847, 12.2395815968094, -13.322286216948
-37.7402325909779, 11.7459806495904, -14.6142596596413
-37.7402325941272, 11.1867327682433, -15.8793381201946
-37.7402325813129, 10.5820099128854, -17.1233285316912
-37.7402325772455, 9.9257182330362, -18.3408524787333
-37.7402325849459, 9.19589240246229, -19.5154917365708
-37.7402325886962, 8.36889997251108, -20.623824964261
-37.7402325866498, 7.45960426618089, -21.665841238455
-37.7402325866498, 6.4829358860312, -22.6451164282188
-37.7402325866498, 5.45845790723647, -23.5744203590472
-37.7402325866498, 4.40186478942082, -24.4671121795326
-37.7402325866498, 3.32190031760531, -25.3314083276554
-37.7402325866498, 2.22349201534224, -26.1721678522967
-37.7402325866498, 1.11395613211127, -26.9982111181157
-37.7402325866498, 0, -27.8182899039247
-32.338770788557, 13.5148059094621, -5.38140549887174
-32.338770788557, 13.2147153355008, -6.75992445855139
-32.338770788557, 12.8779971564284, -8.12996265974817
-32.338770788557, 12.5055114145298, -9.49070954588939
-32.338770788557, 12.0950032019218, -10.8404620614427
-32.338770788557, 11.64057054841, -12.1760400930354
-32.338770788557, 11.1315861832011, -13.4917491213009
-32.338770788557, 10.5662719304757, -14.7842929911962
-32.338770788557, 9.9602538076512, -16.058302997875
-32.338770788557, 9.31189524731708, -17.3112491230545
-32.338770788557, 8.60537040250427, -18.5322272518284
-32.338770788557, 7.82132101873193, -19.704816160227
-32.338770788557, 6.96346473360929, -20.8246329288003
-32.338770788557, 6.04431386045328, -21.894777290348
-32.338770788557, 5.07839917473316, -22.9230225812222
-32.338770788557, 4.08421690597437, -23.9240354327037
-32.338770788557, 3.07477926487788, -24.9096868827276
-32.338770788557, 2.05389154857423, -25.8834750597464
-32.338770788557, 1.02645758225365, -26.8503640362414
-32.338770788557, 0, -27.8182899039247
-30.1921860693198, 13.3398684776672, -4.89947615423163
-30.1921860693199, 13.02050953637, -6.28449648480484
-30.1921860693199, 12.6601151240096, -7.65942142062952
-30.1921860693199, 12.2618416459426, -9.02385959060928
-30.1921860693199, 11.826363616014, -10.3768809527907
-30.1921860693199, 11.351980485636, -11.7167480398875
-30.1921860693199, 10.8328503254106, -13.0398910215196
-30.1921860693199, 10.2648273366943, -14.3428031222873
-30.1921860693199, 9.65827897284285, -15.628269408076
-30.1921860693199, 9.01327273462527, -16.8948378790615
-30.1921860693199, 8.3150887162983, -18.1327977791105
-30.1921860693199, 7.5468262127885, -19.3284397444412
-30.1921860693199, 6.71062341619077, -20.4776682669386
-30.1921860693199, 5.81759217032541, -21.5833621939227
-30.1921860693198, 4.87985978879961, -22.6514919375284
-30.1921860693199, 3.91509869908601, -23.6953418256353
-30.1921860693199, 2.93948377933942, -24.7290776620586
-30.1921860693199, 1.95904158335449, -25.758235568767
-30.1921860693199, 0.976581189047557, -26.7854680117341
-30.1921860693198, 0, -27.8182899039247
-28.0356013500827, 13.1318710502033, -4.42077445383749
-28.0356013500827, 12.7940215840925, -5.81209425388793
-28.0356013500827, 12.4104608440228, -7.19153062237598
-28.0356013500827, 11.9866258491706, -8.55914060080785
-28.0356013500827, 11.5260564463296, -9.91482690570021
-28.0356013500827, 11.0307577078719, -11.2582162910944
-28.0356013500827, 10.4996790990617, -12.5878535215804
-28.0356013500827, 9.9282800909638, -13.9006644959917
-28.0356013500827, 9.32163550938259, -15.197588335675
-28.0356013500827, 8.68016877065228, -16.4776186797105
-28.0356013500827, 7.99062816964823, -17.7323338691514
-28.0356013500827, 7.23785665324654, -18.9500948897254
-28.0356013500827, 6.42335363415044, -20.1275273793698
-28.0356013500827, 5.55786620851603, -21.2680369791271
-28.0356013500827, 4.65112583455344, -22.3760923330359
-28.0356013500827, 3.71913500006789, -23.4630521335566
-28.0356013500827, 2.78058567846921, -24.5443709904016
-28.0356013500827, 1.84616565311063, -25.6292598850756
-28.0356013500827, 0.916977033078933, -26.7186256396801
-28.0356013500827, 0, -27.8182899039247
-25.8790166308456, 12.8853236873601, -3.95095352945783
-25.8790166308456, 12.5286961420588, -5.34795919743261
-25.8790166308456, 12.1222326069125, -6.73131257952069
-25.8790166308456, 11.6735427375773, -8.10157065170441
-25.8790166308456, 11.1887719181358, -9.45949613944721
-25.8790166308456, 10.6730003605904, -10.8059618441202
-25.8790166308456, 10.1292576645871, -12.1413756270303
-25.8790166308456, 9.55404966736151, -13.4635327012553
-25.8790166308456, 8.94803711424187, -14.7718658963392
-25.8790166308456, 8.31068850773193, -16.0652033202026
-25.8790166308456, 7.63051233965055, -17.3364845726744
-25.8790166308456, 6.89383128260215, -18.5758242454343
-25.8790166308456, 6.10147248914032, -19.7803814336871
-25.8790166308456, 5.26477692183953, -20.9546008888129
-25.8790166308456, 4.39161302057328, -22.1020037808857
-25.8790166308456, 3.49632798127465, -23.2322729864721
-25.8790166308456, 2.59853921421346, -24.360561051905
-25.8790166308456, 1.71507814342485, -25.5000912478299
-25.8790166308456, 0.847925654556483, -26.6520756117759
-25.8790166308456, 0, -27.8182899039247
-23.7224319116084, 12.5898018542246, -3.49485164907051
-23.7224319116085, 12.212525704808, -4.89618559665066
-23.7224319116085, 11.7828736283726, -6.28239161474102
-23.7224319116085, 11.3104342369892, -7.65462913599238
-23.7224319116085, 10.8034439957421, -9.01449783385994
-23.7224319116085, 10.2692293969952, -10.363917416885
-23.7224319116085, 9.71373302196257, -11.7047207255101
-23.7224319116084, 9.13510379552648, -13.0356969377406
-23.7224319116085, 8.53095625857098, -14.3552852263378
-23.7224319116085, 7.89899098941048, -15.6617646200277
-23.7224319116085, 7.22964271539476, -16.949453892435
-23.7224319116085, 6.51106571912272, -18.2102907757844
-23.7224319116085, 5.74294903261463, -19.4416111728113
-23.7224319116084, 4.93672989375432, -20.6483565908904
-23.7224319116085, 4.09995304505344, -21.8341471633343
-23.7224319116085, 3.24620160870726, -23.0078041740629
-23.7224319116085, 2.39444676472686, -24.1829048397906
-23.7224319116085, 1.5665628630001, -25.3749011302725
-23.7224319116085, 0.770574029038392, -26.5884340882446
-23.7224319116085, 0, -27.8182899039247
-21.5658471923713, 12.2268347541528, -3.0578888103121
-21.5658471923713, 11.8252061292582, -4.46106092748414
-21.5658471923713, 11.3718215442862, -5.84841400144783
-21.5658471923713, 10.8776812144267, -7.22180578098731
-21.5658471923713, 10.3521673291771, -8.58351989727822
-21.5658471923713, 9.80369301862438, -9.93616230709758
-21.5658471923713, 9.23967290708177, -11.2824026855322
-21.5658471923713, 8.65964822294202, -12.6218200644112
-21.5658471923713, 8.05960772209671, -13.9523857520776
-21.5658471923713, 7.43553501200464, -15.2718390673842
-21.5658471923713, 6.77966745067015, -16.5757558313493
-21.5658471923713, 6.08272844305969, -17.8581613593268
-21.5658471923713, 5.34325739041067, -19.1165392725102
-21.5658471923713, 4.57101553840365, -20.355106051042
-21.5658471923713, 3.77455050343731, -21.5782593609125
-21.5658471923713, 2.96805224243687, -22.7948365560886
-21.5658471923713, 2.16955322313911, -24.0166624304137
-21.5658471923713, 1.40221188895211, -25.258214214073
-21.5658471923713, 0.685671972282225, -26.5297535970527
-21.5658471923713, 0, -27.8182899039247
-19.4092624731342, 11.7748673362662, -2.64344440439879
-19.4092624731342, 11.3439464405523, -4.04494260048318
-19.4092624731342, 10.866919780356, -5.43146213233246
-19.4092624731342, 10.3547768435241, -6.80542130055121
-19.4092624731342, 9.81655960473748, -8.16939242230722
-19.4092624731342, 9.26028815150198, -9.5261104313013
-19.4092624731342, 8.69326011891861, -10.8783727035175
-19.4092624731342, 8.11571637440338, -12.2261742618582
-19.4092624731342, 7.52325740452982, -13.5674807033542
-19.4092624731342, 6.91086793018479, -14.8997977896452
-19.4092624731342, 6.27244773411339, -16.2198251531735
-19.4092624731342, 5.60148124792572, -17.5235953838338
-19.4092624731342, 4.89634938666003, -18.8092155016713
-19.4092624731342, 4.16412917715017, -20.0796239334193
-19.4092624731342, 3.41410092587072, -21.3396176954933
-19.4092624731342, 2.66154198636547, -22.5981052132408
-19.4092624731342, 1.92461670686763, -23.8657864178367
-19.4092624731342, 1.22413594333347, -25.1538711507326
-19.4092624731342, 0.59274026105504, -26.4771028642659
-19.4092624731342, 0, -27.8182899039247
-17.2526777538971, 11.2208294567271, -2.25214000715315
-17.2526777538971, 10.755528730288, -3.6480302110661
-17.2526777538971, 10.2560719740996, -5.03208893739331
-17.2526777538971, 9.73114293742937, -6.40670257530199
-17.2526777538971, 9.18761460684399, -7.77407658054791
-17.2526777538971, 8.6314926059372, -9.13638224874543
-17.2526777538971, 8.06829489308365, -10.4957803612051
-17.2526777538971, 7.49821586598759, -11.8523055837423
-17.2526777538971, 6.91744467025495, -13.2042839520334
-17.2526777538971, 6.32119060012485, -14.5495004119626
-17.2526777538971, 5.70490588281788, -15.8856519118426
-17.2526777538971, 5.0644821788796, -17.2103964631219
-17.2526777538971, 4.39906871588244, -18.5227701553928
-17.2526777538971, 3.71386860280108, -19.8249345523564
-17.2526777538971, 3.01850156314639, -21.1217075723802
-17.2526777538971, 2.32782026710494, -22.4209741714019
-17.2526777538971, 1.66124242753971, -23.7327366475567
-17.2526777538971, 1.03647131174521, -25.0648407121157
-17.2526777538971, 0.492349600529426, -26.431673481841
-17.2526777538971, 3.72067815623246E-08, -27.8182899039247
-15.0960930346599, 10.5599763637879, -1.88295643132548
-15.0960930346599, 10.0589887225669, -3.27054934322651
-15.0960930346599, 9.54041816792168, -4.65167379052045
-15.0960930346599, 9.00871457700513, -6.02779909271446
-15.0960930346599, 8.4672527348217, -7.40011639575222
-15.0960930346599, 7.91889151861424, -8.76969243527935
-15.0960930346599, 7.36624583366692, -10.137545878054
-15.0960930346599, 6.80879806777724, -11.5034485354326
-15.0960930346599, 6.24380588271397, -12.8662463478752
-15.0960930346599, 5.66821485405949, -14.2245989522864
-15.0960930346599, 5.07890171980301, -15.5770519965146
-15.0960930346599, 4.4736287062965, -16.9224364767618
-15.0960930346599, 3.85267016055784, -18.2606559023083
-15.0960930346599, 3.22115866725507, -19.5939341974879
-15.0960930346599, 2.58850790080905, -20.9266728079543
-15.0960930346599, 1.96837191242391, -22.2652634263682
-15.0960930346599, 1.38065251369344, -23.6183522171625
-15.0960930346599, 0.842737478234415, -24.9919420100002
-15.0960930346599, 0.387696211582746, -26.3949548829755
-15.0960930346599, 1.83072322513257E-06, -27.8182899039247
-12.9395083154228, 9.78002785313676, -1.53741924687309
-12.9395083154228, 9.25133767374077, -2.91750855946694
-12.9395083154228, 8.72109875265354, -4.29700330245157
-12.9395083154228, 8.1892966264151, -5.67589644775232
-12.9395083154228, 7.65591710878213, -7.05418019694214
-12.9395083154228, 7.12094592563521, -8.43184693158448
-12.9395083154228, 6.58413931908794, -9.80879970233615
-12.9395083154228, 6.04432449170823, -11.1845753777961
-12.9395083154228, 5.50021742250173, -12.5586586886992
-12.9395083154228, 4.95037576352587, -13.9304569311823
-12.9395083154228, 4.39368916413893, -15.2994912564472
-12.9395083154228, 3.82938028125316, -16.6654008278079
-12.9395083154228, 3.25892815481169, -18.0287582718839
-12.9395083154228, 2.68807369512691, -19.3919472345117
-12.9395083154228, 2.12607235270425, -20.7588022973461
-12.9395083154228, 1.58582036703716, -22.1343759310702
-12.9395083154228, 1.08579753475942, -23.5250198361869
-12.9395083154228, 0.644328288681934, -24.9352912985549
-12.9395083154228, 0.281726324009285, -26.3677541544401
-12.9395083154228, 1.42341940927793E-06, -27.8182899039247
-9.62574977360599, 8.30756847924623, -1.05949852151394
-9.79369851180115, 7.84923712407767, -2.46143212098037
-9.95835400708612, 7.39989301407778, -3.86666388242013
-10.1207981321478, 6.95658372352412, -5.27406944511225
-10.282117297469, 6.51634444306918, -6.68256831309903
-10.4434003170844, 6.07620380408395, -8.09110216988924
-10.6056077398598, 5.63354047301062, -9.49873846807471
-10.7691401752473, 5.18726118844645, -10.9050793905486
-10.9342878002491, 4.73657405865105, -12.3098245742042
-11.1013830381695, 4.2805719019138, -13.712622191249
-11.2708043607692, 3.81822187049347, -15.1130605983903
-11.4429204728473, 3.34851777064233, -16.5107197917827
-11.61775451086, 2.87139646307493, -17.9055273068044
-11.7942443567557, 2.38975646320277, -19.2985731010939
-11.9701567928646, 1.90969221205535, -20.6922349797619
-12.1418634250176, 1.44110558108801, -22.0903100290945
-12.3038752295496, 0.998976091325531, -23.4980883611456
-12.4499513300907, 0.60033506646141, -24.920474959149
-12.5730311383799, 0.264450820272464, -26.3610222902115
-12.6699352255173, 3.32362077095144E-07, -27.8182899039247
-7.48324170328069, 7.17596490270421, -0.78637954801103
-7.75113372325774, 6.79133371584552, -2.20716723812411
-8.01414841236575, 6.41370525180411, -3.63074353296412
-8.27391575982611, 6.0407392217993, -5.05614512875846
-8.5320714694146, 5.67008713226757, -6.48244333969048
-8.79025420403513, 5.29939624101958, -7.90872656625116
-9.04993847438897, 4.92654949058899, -9.33417457066209
-9.31200136836765, 4.55028758494776, -10.7582891486369
-9.57723775310518, 4.16946927812233, -12.1806032198099
-9.84641877143986, 3.78298738675891, -13.6006463642992
-10.1201566459471, 3.38996290036732, -15.0180195682433
-10.399037156886, 2.98955477352799, -16.4323195290973
-10.6835918524523, 2.58099982556339, -17.8431550946763
-10.9731584851349, 2.16524889123944, -19.2508661501331
-11.2650188296984, 1.74620471539546, -20.6571287241205
-11.553740092586, 1.33166753722457, -22.0653687141527
-11.8307849877889, 0.933894931440505, -23.4807462180919
-12.0856665677094, 0.567943737367422, -24.9087727514097
-12.3055248380417, 0.252277942373378, -26.3544084448751
-12.4812340625847, 1.15950550486245E-07, -27.8182899039247
-5.98489379658176, 6.3076391030699, -0.612085481434312
-6.31416465463508, 5.97836824501658, -2.04593013523859
-6.63858004050846, 5.6539528591432, -3.48198766867304
-6.95972340788169, 5.33280949176997, -4.91951600168975
-7.27918271912783, 5.01335018052382, -6.35779494248639
-7.59854833791458, 4.69398456173707, -7.79611551611568
-7.9192646227954, 4.37326827685626, -9.23383484037265
-8.24276402556603, 4.04976887408563, -10.670305800765
-8.57072879218698, 3.72180410746468, -12.1047490386565
-8.90470966968769, 3.38782322996397, -13.5364125865143
-9.2453385786876, 3.04719432096405, -14.9649398464915
-9.59319912998933, 2.69933376966233, -16.3899767727461
-9.94937106052257, 2.34316183912908, -17.8109004834331
-10.3142025172406, 1.97833038241102, -19.227423357958
-10.6853147139928, 1.60721818565888, -20.640683499169
-11.0562598832192, 1.23627301643244, -22.054030878255
-11.417184518072, 0.875348381579668, -23.4725410057044
-11.7549038845642, 0.537629015087447, -24.9023920128883
-12.0520821358361, 0.240450763815554, -26.3500273921709
-12.2925328996517, 6.8139270903803E-11, -27.8182894673234
-4.71239661757919, 5.52050781906703, -0.475115419179881
-5.08960318884907, 5.23878014473397, -1.9196467967046
-5.46225377628968, 4.96045523913899, -3.36601979986621
-5.83179635412797, 4.68445164071032, -4.81363496527649
-6.19963549761626, 4.40972030165982, -6.26192604313642
-6.56665316181061, 4.13560250825943, -7.71054183292446
-6.93384967972123, 3.86135113277068, -9.15908691391074
-7.30359919999043, 3.58519297338199, -10.6066192087055
-7.67895918178451, 3.30484447798717, -12.0518985200809
-8.06267736627658, 3.01825341635131, -13.4937529054928
-8.4553961424927, 2.72494000158809, -14.9318271339595
-8.85744269854256, 2.42465986376275, -16.3658799399331
-9.27042929853249, 2.11620883663937, -17.7950783360324
-9.69640115397998, 1.79805939464383, -19.2183255479002
-10.1336419057183, 1.47149345042875, -20.6362449565472
-10.5751011364964, 1.14177681272203, -22.0521300466513
-11.0105451043905, 0.816552848663896, -23.4709056866809
-11.4251689366023, 0.506879007142932, -24.8993266436325
-11.7976301639199, 0.228695530651146, -26.3456260396521
-12.1038317367203, 3.03539449844206E-07, -27.8156451130392
-3.56027095396968, 4.751268724928, -0.357967824182652
-3.97653851533438, 4.5145443351102, -1.81267003977624
-4.38887376116511, 4.28005618727172, -3.26885389273294
-4.7981114828769, 4.04732954951728, -4.7261938984473
-5.20508830712198, 3.81588864628294, -6.18437170916399
-5.61064221111774, 3.585256933961, -7.64307417676104
-6.01515580024641, 3.35521683127908, -9.10215888729192
-6.42124245244372, 3.12428215397824, -10.5606648522995
-6.83358776329055, 2.8897882823337, -12.0168415946681
-7.25717507929675, 2.64890127065451, -13.4687394405891
-7.69250657406024, 2.40133554122678, -14.9160331498899
-8.1394758763388, 2.14715158559427, -16.3586244989121
-8.60023296935244, 1.8851267443112, -17.7954583373529
-9.07886585656501, 1.61293623828026, -19.2245328003682
-9.57529356747106, 1.33062611407166, -20.6455567021886
-10.0819426896802, 1.0425032444599, -22.0618076633315
-10.5890323999921, 0.754129819773827, -23.4778493369311
-11.0813743329586, 0.474143209044129, -24.9007334185856
-11.5340687302452, 0.216703487773811, -26.3408401509022
-11.9151305738004, 1.20037988749015E-06, -27.8077333102031
-2.49258010999174, 3.9679791850549, -0.252030149437018
-2.94092632889454, 3.77531538837168, -1.71724723652881
-3.38427628814541, 3.58479858950661, -3.18426468838411
-3.82377489791244, 3.39593679648886, -4.65265469261613
-4.26057000798895, 3.20823675412886, -6.12200026614833
-4.69581143703736, 3.02120436117257, -7.59189203608028
-5.12859402274578, 2.83522858489633, -9.06264336141901
-5.56186609672464, 2.64904246521886, -10.5332236833933
-6.00246392903712, 2.45970831316232, -12.0012193916289
-6.45705299199046, 2.2643618351356, -13.4641480321081
-6.92660942997061, 2.06258356137277, -14.9214664618659
-7.41031577743634, 1.85472477400397, -16.3732926024064
-7.91099757219743, 1.63957128002581, -17.8182763014977
-8.4355874234848, 1.41414399149453, -19.2531638254611
-8.98626627954791, 1.1775057090932, -20.6764311185209
-9.55522514922939, 0.933012120505162, -22.0911695231625
-10.1343772203891, 0.68413829893119, -23.5010053604391
-10.7093902328836, 0.437043117888834, -24.9128361824697
-11.2529223559327, 0.203475936922745, -26.3392907035999
-11.7264294109033, 2.69655178501781E-06, -27.7943797984069
-1.49603527226907, 3.15451484757527, -0.152527076436555
-1.96755318161728, 3.00639139373701, -1.63041183221141
-2.43156621676258, 2.86062553409722, -3.1109065812533
-2.89242723005102, 2.71584985607039, -4.5924834413375
-3.35107106043279, 2.57177068772732, -6.07481591707453
-3.80706775618514, 2.42852309484789, -7.5580452014905
-4.25826922790484, 2.28678188196286, -9.04288445425018
-4.70888503261264, 2.14522465152873, -10.527919529321
-5.16726102427533, 2.00122962250541, -12.0103379147108
-5.64259402473847, 1.85190768932745, -13.4868699924529
-6.13652456398273, 1.69674349306143, -14.9566819008061
-6.64736136416302, 1.53626833466292, -16.4201328888516
-7.17862215280522, 1.36937714910584, -17.8755586262988
-7.74135236783899, 1.19260010336188, -19.3179036018834
-8.34098827585118, 1.00422943921683, -20.7438232030026
-8.96990654315433, 0.806659963937118, -22.1558361115247
-9.62342448915192, 0.60136270292691, -23.555524410218
-10.290035601139, 0.391952332044124, -24.948433942489
-10.9416448586805, 0.187254669735926, -26.3490905082364
-11.5377282480408, 4.79666680623578E-06, -27.7754022358395
-0.686831288208573, 2.27754727985385, -0.0704262709995913
-1.14268284420874, 2.18017301556776, -1.57170790568315
-1.59254189381787, 2.08407880811898, -3.07488132401249
-2.04270473204277, 1.98791970850834, -4.577959085144
-2.49617399515174, 1.89105432483162, -6.07999783941081
-2.95245973845379, 1.7935873139737, -7.58114429038287
-3.40889297666413, 1.6960887967888, -9.08224418136368
-3.86419280824645, 1.59883238612978, -10.5837035773105
-4.32622470114676, 1.50013794260822, -12.0830042798518
-4.80786863978141, 1.39725417802503, -13.5758285641847
-5.31155882323257, 1.28966112411065, -15.0610262110369
-5.8351779886766, 1.17781104851019, -16.5390030538017
-6.38294633903875, 1.06080247540422, -18.0077786586643
-6.97089602180688, 0.935210784330202, -19.4601654423544
-7.60949173175474, 0.798800616120972, -20.8900151229391
-8.29358294649507, 0.652672171755438, -22.297707650162
-9.02395029617307, 0.496658701147811, -23.6808540428351
-9.79463134492362, 0.332033837782676, -25.0410042082113
-10.579507946992, 0.164376668083899, -26.3926679540022
-11.3490270852248, 7.50357286731411E-06, -27.7506101182208
-0.208735814499656, 1.34936235525632, -0.0214818577173098
-0.632618258409582, 1.29713514375105, -1.54907798015434
-1.04678668588485, 1.24610481123473, -3.07938055843705
-1.45555451927439, 1.19573989426846, -4.61115765759191
-1.86127313549235, 1.14575067606592, -6.14375798103844
-2.26590386282142, 1.09589549833595, -7.67665002972732
-2.66994472291425, 1.04611299906047, -9.2097001080496
-3.07965335470407, 0.995632164868225, -10.7412195238383
-3.50398121929332, 0.943350072392158, -12.2686826001331
-3.95604021887565, 0.887651183883671, -13.7880288568671
-4.44102305205781, 0.827895698916217, -15.2970334524841
-4.95456970175147, 0.764620821938605, -16.7964252735562
-5.49773892903404, 0.697696101360967, -18.2851590547864
-6.09002690842229, 0.624719383367644, -19.7546749485884
-6.7457242563084, 0.543929899010595, -21.1965724178511
-7.47002686552754, 0.454687454297454, -22.6046883028259
-8.27831509755875, 0.355097011102594, -23.9654811228522
-9.16806049851407, 0.245470104140144, -25.2738394707377
-10.1249339184864, 0.127572250132114, -26.5330921499408
-11.1603259224673, 1.08178275772292E-05, -27.7198048592799
-0.0191464207411307, 0.43584771463934, -0.00197516532039693
-0.432390586050311, 0.419402895533242, -1.56496656529798
-0.831724736657424, 0.403511617637746, -3.13157915758391
-1.22007925193099, 0.388057268154236, -4.70095504116495
-1.59844320605991, 0.373000487431727, -6.27277346691614
-1.96610826584556, 0.358369463191414, -7.847131350033
-2.32151705409482, 0.344226170382663, -9.42430631254433
-2.66723534914194, 0.33046850529993, -11.0036389403576
-3.00719711818621, 0.316939917931398, -12.5842242372664
-3.35070036269237, 0.303270399538962, -14.1640404446961
-3.70984116172415, 0.288978593460401, -15.7403557712689
-4.10558817646813, 0.273230063618793, -17.3078163456855
-4.5628171632522, 0.255034893283837, -18.8583366343994
-5.10260864328025, 0.233554194972147, -20.3819778187811
-5.7235696844553, 0.20884339963299, -21.8743680220252
-6.43344673788475, 0.180594241601973, -23.3262929767072
-7.27313797973323, 0.147179200964099, -24.7066584089016
-8.26067591802598, 0.107880684205901, -25.9842434976571
-9.51719331265501, 0.0578785221875059, -26.9925502595464
-10.9716247597783, 1.47370236708368E-05, -27.6827801095862
