-3.68144171301753, 0.111359216812442, -2.22044604925031E-16
-3.68144171301763, 0.110665794691251, -0.00748893658070041
-3.68144171301773, 0.108694463098418, -0.0147461695049418
-3.68144171301783, 0.105550326016885, -0.0215792503631818
-3.68144171301793, 0.101405275704105, -0.0278574037514487
-3.68144171301803, 0.0964462230455515, -0.0335167370200369
-3.68144171301813, 0.0908532229628165, -0.038552371298694
-3.68144171301823, 0.0847933878331913, -0.043017635890406
-3.68144171301834, 0.0784002585717437, -0.0469925065356406
-3.68144171301845, 0.0717587945043158, -0.0505378791059409
-3.68144171301857, 0.0649325642133195, -0.0537138793647726
-3.68144171301871, 0.0579699074909107, -0.0565790401851499
-3.6814417130189, 0.0508972509756191, -0.0591609518583622
-3.6814417130192, 0.0437345351196803, -0.061481778587907
-3.68144171301956, 0.0365071094078432, -0.0635930038769785
-3.68144171301994, 0.0292361549596058, -0.0655494604492162
-3.68144171302033, 0.021938860723556, -0.0674055205038625
-3.68144171302072, 0.0146279125330342, -0.0692071532341718
-3.68144171302111, 0.00731269861269867, -0.0709914178996899
-3.6814417130215, 0, -0.0727859516007656
-3.60781287876107, 0.131533168370275, -7.03970643037362E-17
-3.60781287876107, 0.130502029641034, -0.00871235348164196
-3.60781287876107, 0.127916409154057, -0.017096728455785
-3.60781287876107, 0.123962972416537, -0.0249318834934818
-3.60781287876107, 0.118878509762268, -0.0320876062285783
-3.60781287876107, 0.112900472186396, -0.0385181496821632
-3.60781287876107, 0.106236128314821, -0.0442366296525853
-3.60781287876107, 0.0990742457757086, -0.0493208595828184
-3.60781287876107, 0.0915635241010284, -0.0538755467171412
-3.60781287876107, 0.0837907246476239, -0.0579678719815628
-3.60781287876107, 0.0758160316670774, -0.0616520440505489
-3.60781287876107, 0.0676842330105015, -0.064975599543988
-3.60781287876108, 0.0594226813305989, -0.067962259071954
-3.60781287876107, 0.0510551886537391, -0.0706383609712636
-3.60781287876107, 0.0426142812112354, -0.0730737212013285
-3.60781287876107, 0.0341254389013482, -0.0753367669512457
-3.60781287876107, 0.0256070024871263, -0.0774860076354498
-3.60781287876107, 0.0170733393219257, -0.0795740951574662
-3.60781287876107, 0.00853565792557201, -0.0816457266162744
-3.60781287876107, 8.19916994298554E-13, -0.0837256663392085
-3.53418404450064, 0.150967986311814, -5.97996938108721E-17
-3.53418404450064, 0.149920284468797, -0.010029602655668
-3.53418404450064, 0.147096149259592, -0.0197109976148013
-3.53418404450064, 0.142669700128045, -0.0287744752032619
-3.53418404450064, 0.136895851523076, -0.0370480723838687
-3.53418404450064, 0.130056894543233, -0.0444686528767925
-3.53418404450064, 0.122406014315807, -0.0510517659285788
-3.53418404450064, 0.114165232958005, -0.0568826094382905
-3.53418404450064, 0.105505785946515, -0.062073272501782
-3.53418404450064, 0.0965351285987087, -0.0667065982853832
-3.53418404450065, 0.0873291703071218, -0.0708537678869656
-3.53418404450064, 0.0779444825089002, -0.0745795631470814
-3.53418404450064, 0.0684159338318567, -0.0779206543796448
-3.53418404450064, 0.0587724853822836, -0.0809146851535518
-3.53418404450064, 0.049050284291652, -0.0836429509972536
-3.53418404450064, 0.0392767415229431, -0.0861815982852113
-3.53418404450064, 0.0294706301707696, -0.0885916685301846
-3.53418404450064, 0.0196477893022153, -0.0909327730670891
-3.53418404450064, 0.00982177450262594, -0.0932605496128867
-3.53418404450064, 1.65278054668673E-12, -0.0956061404857765
-3.46055521024021, 0.169770202777217, -6.61978126355225E-17
-3.46055521024021, 0.168914856458204, -0.0114117790741774
-3.46055521024021, 0.166108889640323, -0.0225057394883948
-3.46055521024021, 0.161449728990655, -0.0329584369424995
-3.46055521024021, 0.155170538965854, -0.0425289179302456
-3.46055521024021, 0.147589691906341, -0.0511090026623648
-3.46055521024022, 0.139016750333103, -0.0587013960341648
-3.46055521024021, 0.129715633415593, -0.0653853853265765
-3.46055521024021, 0.119889809591687, -0.0712734587667777
-3.46055521024021, 0.109682652771271, -0.0764743900800296
-3.46055521024021, 0.0991982813104946, -0.0810926514780302
-3.46055521024021, 0.0885137364475697, -0.0852278423638624
-3.46055521024021, 0.0776749505589313, -0.0889405262738214
-3.46055521024021, 0.0667165485567307, -0.0922844633388253
-3.46055521024021, 0.0556761234735994, -0.0953475129090369
-3.46055521024021, 0.0445814629045322, -0.0982083060684801
-3.46055521024021, 0.0334509425605551, -0.100926508474112
-3.46055521024021, 0.0223012471187297, -0.103565145658933
-3.46055521024021, 0.0111478300254851, -0.106188034559607
-3.46055521024021, 2.49438383369949E-12, -0.108834547392153
-3.38692637597978, 0.1880595818163, -7.57324250464067E-17
-3.38692637597978, 0.187482020323205, -0.0128283042612671
-3.38692637597978, 0.184817933590611, -0.0253882893262228
-3.38692637597978, 0.180063512219856, -0.037314457700881
-3.38692637597978, 0.1733987407499, -0.0482902908991426
-3.38692637597978, 0.165159679427622, -0.0581436974686644
-3.38692637597978, 0.155711945463427, -0.0668490640339493
-3.38692637597978, 0.14536791697759, -0.0744717580905512
-3.38692637597978, 0.134374465276445, -0.0811271123625717
-3.38692637597978, 0.122921562927807, -0.0869591526206299
-3.38692637597978, 0.111147435113041, -0.0921142651453469
-3.38692637597978, 0.0991520447780921, -0.0967326551676991
-3.38692637597978, 0.086993711338616, -0.10090401300199
-3.38692637597978, 0.0747132445764865, -0.104701570005515
-3.38692637597978, 0.0623488545601686, -0.108216965978395
-3.38692637597978, 0.0499278226685086, -0.111526997750081
-3.38692637597978, 0.0374668918317519, -0.114683727220991
-3.38692637597978, 0.024982251685595, -0.117745534593679
-3.38692637597978, 0.012489811659234, -0.12077541688499
-3.38692637597978, 3.33973269527345E-12, -0.123816091378149
-3.31329754171935, 0.205944357076691, -7.62713193012762E-17
-3.31329754171935, 0.205617090504791, -0.0142584231329671
-3.31329754171935, 0.203085544985021, -0.0282911900940333
-3.31329754171935, 0.198260522273945, -0.0417077038777011
-3.31329754171935, 0.191256456200968, -0.0541277896133485
-3.31329754171935, 0.182403358494921, -0.0653097270224096
-3.31329754171935, 0.172111108040813, -0.0751876443815729
-3.31329754171935, 0.160744845572471, -0.0838128110528955
-3.31329754171935, 0.148603158483793, -0.0913115274153651
-3.31329754171935, 0.135925879602817, -0.0978678407540506
-3.31329754171935, 0.122884890921598, -0.103669940410569
-3.31329754171935, 0.109601432067959, -0.108894904830336
-3.31329754171935, 0.096146919583481, -0.113663093660128
-3.31329754171935, 0.0825697065522907, -0.118070527629778
-3.31329754171935, 0.0689088319551656, -0.12221193532286
-3.31329754171935, 0.0551903839485248, -0.126158655886634
-3.31329754171935, 0.0414274176294621, -0.129947341993588
-3.31329754171935, 0.0276330047551467, -0.133620039217163
-3.31329754171935, 0.0138206969352635, -0.137224918930932
-3.31329754171935, 4.18442776198765E-12, -0.140797524400042
-3.23966870745892, 0.223421069358509, -6.73463009408058E-17
-3.23966870745892, 0.223299617805598, -0.0156906887011479
-3.23966870745892, 0.22086218203529, -0.0311877895558883
-3.23966870745892, 0.215955144248157, -0.0460858002650236
-3.23966870745892, 0.208627453863149, -0.059954432213927
-3.23966870745892, 0.199186157963443, -0.0724844357584189
-3.23966870745892, 0.188073110846187, -0.0835636352981016
-3.23966870745892, 0.175708190317296, -0.0932314172348855
-3.23966870745892, 0.16244593476109, -0.10163140279062
-3.23966870745892, 0.148575402911776, -0.10898803687797
-3.23966870745892, 0.134300425586037, -0.115528632829077
-3.23966870745892, 0.119762174833227, -0.121463054705445
-3.23966870745893, 0.105045679789764, -0.126941604434204
-3.23966870745892, 0.090208174559048, -0.132084102534878
-3.23966870745892, 0.0752898423939566, -0.136987596074399
-3.23966870745892, 0.0603149726956013, -0.141715722190373
-3.23966870745892, 0.0452910307026352, -0.146285570823209
-3.23966870745892, 0.0302253245166437, -0.150715856741444
-3.23966870745892, 0.0151261464855386, -0.155030743940801
-3.23966870745892, 5.02762169350791E-12, -0.159250153980323
-3.16603987319849, 0.240449253937274, -5.25117373476134E-17
-3.16603987319849, 0.24050655559137, -0.0171121236759784
-3.16603987319849, 0.238137809948328, -0.034055525404438
-3.16603987319849, 0.23313634687251, -0.0504133169439601
-3.16603987319849, 0.225490433202578, -0.0657137816473082
-3.16603987319849, 0.215478083490109, -0.0795855256521078
-3.16603987319849, 0.203565728960773, -0.0918695027279884
-3.1660398731985, 0.190227833428743, -0.102595285582244
-3.16603987319849, 0.175875994580386, -0.111927100275866
-3.16603987319849, 0.160846059355411, -0.120127210018521
-3.16603987319849, 0.14537237266574, -0.127459204657595
-3.16603987319849, 0.129615787254122, -0.134163810471566
-3.16603987319849, 0.113674817131982, -0.140418493387384
-3.16603987319849, 0.0976157595231717, -0.146364045430537
-3.16603987319849, 0.0814797070224461, -0.152097643749675
-3.16603987319849, 0.065288702697598, -0.157674222724342
-3.16603987319849, 0.049044127529582, -0.163092751255186
-3.16603987319849, 0.0327465297367798, -0.168349649522224
-3.16603987319849, 0.0163977303539618, -0.173445086082679
-3.16603987319849, 5.86939235415192E-12, -0.178380795833208
-3.09241103893806, 0.256991459216537, -3.53198033515055E-17
-3.09241103893806, 0.257218437291116, -0.0185061495292199
-3.09241103893806, 0.254909499360038, -0.036864542210991
-3.09241103893806, 0.249805819853638, -0.0546462110973509
-3.09241103893806, 0.241840949057752, -0.071341615157476
-3.09241103893806, 0.231268245224995, -0.0865239938830054
-3.09241103893806, 0.218577340066597, -0.0999915293518016
-3.09241103893806, 0.204295550436529, -0.111766181059006
-3.09241103893806, 0.188889851301306, -0.122033591447206
-3.09241103893806, 0.172738786635182, -0.131088937784422
-3.09241103893806, 0.156105578896559, -0.139228662404462
-3.09241103893806, 0.139171213203316, -0.146723960267408
-3.09241103893806, 0.122046641680709, -0.153774970354478
-3.09241103893806, 0.104805608038866, -0.160536759565391
-3.09241103893806, 0.0874888974040745, -0.167102537572778
-3.09241103893806, 0.0701160208156746, -0.173518242298408
-3.09241103893806, 0.0526840489798675, -0.179771554451789
-3.09241103893806, 0.0351889091918897, -0.185845857787236
-3.09241103893806, 0.0176280015759997, -0.191727283547076
-3.09241103893806, 6.71004171779345E-12, -0.197404419275364
-3.01878220467763, 0.273007552200465, -1.9360475993197E-17
-3.01878220467764, 0.2734107869642, -0.0198543695761766
-3.01878220467763, 0.271168501393614, -0.0395807166089238
-3.01878220467763, 0.26596225519982, -0.0587350908402392
-3.01878220467763, 0.257676313207331, -0.0767698038943065
-3.01878220467763, 0.246551721096374, -0.0932096626732877
-3.01878220467763, 0.233105283161441, -0.107817431811084
-3.01878220467763, 0.217914411869129, -0.120609916524195
-3.01878220467763, 0.201497247194188, -0.131792806414957
-3.01878220467763, 0.184269598745616, -0.141687587941409
-3.01878220467763, 0.166521409306689, -0.150619199246086
-3.01878220467763, 0.148454474881788, -0.158889412790201
-3.01878220467763, 0.130190242481412, -0.166715316165762
-3.01878220467763, 0.111806534688631, -0.174256766802537
-3.01878220467763, 0.0933416181705771, -0.181597305137847
-3.01878220467763, 0.0748124519673934, -0.188774127546375
-3.01878220467763, 0.0562160853528122, -0.19577493932778
-3.01878220467763, 0.037549397025342, -0.202586005458376
-3.01878220467763, 0.0188111405481028, -0.209197606190607
-3.01878220467763, 7.54988610468781E-12, -0.21559886612449
-2.9351533704172, 0.290460932745235, -7.95856378452548E-18
-2.9351533704172, 0.291074184435618, -0.0213114575142011
-2.9351533704172, 0.288915773670015, -0.0425163772706041
-2.9351533704172, 0.283596138832499, -0.0631513667355645
-2.9351533704172, 0.274952405304963, -0.0826263424387083
-2.9351533704172, 0.263223862453961, -0.100418462194221
-2.9351533704172, 0.248960303818705, -0.116257123882533
-2.9351533704172, 0.232791586418529, -0.130154774366035
-2.9351533704172, 0.215288131259455, -0.142336756450363
-2.9351533704172, 0.196902686601207, -0.153148045582913
-2.9351533704172, 0.177952500003001, -0.162940122607001
-2.9351533704172, 0.158661857102152, -0.172045616380288
-2.9351533704172, 0.139161367836084, -0.180693560292107
-2.93515337041721, 0.119529803529119, -0.189040110825179
-2.93515337041721, 0.0998007665048343, -0.197153703948202
-2.9351533704172, 0.0799891454450621, -0.205063528034166
-2.9351533704172, 0.0600974724627716, -0.212769828167458
-2.9351533704172, 0.0401307866538693, -0.220279669964937
-2.9351533704172, 0.0200969001016807, -0.227608388589774
-2.9351533704172, 8.50294679741881E-12, -0.234762507695259
-2.76108128476613, 0.323719439964706, -3.29920444082084E-17
-2.76108128476613, 0.3247807987328, -0.0240181188457331
-2.76108128476613, 0.32278479778877, -0.0479697170025746
-2.76108128476613, 0.317238829910432, -0.0713498103330844
-2.76108128476613, 0.307934458480926, -0.0935009406212143
-2.76108128476613, 0.295113611691764, -0.113823633363356
-2.76108128476613, 0.279368611762262, -0.131981842641888
-2.76108128476613, 0.261416783358061, -0.147972433889865
-2.76108128476613, 0.241918577667163, -0.162045324887108
-2.76108128476613, 0.221396512196184, -0.174585147780534
-2.76108128476613, 0.200214215152005, -0.185979009374227
-2.76108128476613, 0.178625578792578, -0.196585420960774
-2.76108128476613, 0.156769822720205, -0.206630849852186
-2.76108128476613, 0.134723806635561, -0.216251987449775
-2.76108128476613, 0.112517220140741, -0.225496590255214
-2.76108128476613, 0.0901704674086082, -0.234397199476449
-2.76108128476613, 0.0677095727628406, -0.243005909485087
-2.76108128476613, 0.0451696402971267, -0.251405747601526
-2.76108128476613, 0.02259115159565, -0.259701514615079
-2.76108128476613, 1.04833625438674E-11, -0.267962741287775
-2.57700919911505, 0.353291964416414, -1.36823031276792E-16
-2.57700919911505, 0.354761458777799, -0.026302289981862
-2.57700919911505, 0.352852936365442, -0.0525692495228398
-2.57700919911505, 0.347089173031971, -0.0782618599380549
-2.57700919911505, 0.337297643663839, -0.1027017239378
-2.57700919911505, 0.323688509212678, -0.125242213994841
-2.57700919911505, 0.30681596233319, -0.145462040569646
-2.57700919911505, 0.287442562325924, -0.163311375076071
-2.57700919911505, 0.266299167928836, -0.179034207350693
-2.57700919911505, 0.243983337185236, -0.193051205687761
-2.57700919911505, 0.220893666702921, -0.205757863302845
-2.57700919911505, 0.197284540096547, -0.217473785421448
-2.57700919911505, 0.173295185372463, -0.228391203354295
-2.57700919911505, 0.149010721839284, -0.238636112682111
-2.57700919911505, 0.124479713626062, -0.24827612245154
-2.57700919911505, 0.099746389845963, -0.257385118881256
-2.57700919911505, 0.0748659825672807, -0.266084943003344
-2.57700919911505, 0.0499049180505799, -0.274551127125796
-2.57700919911505, 0.0249347169641993, -0.282990392081834
-2.57700919911505, 1.2570638209477E-11, -0.291533820485969
-2.39293711346398, 0.375606138689784, -2.10704370578059E-16
-2.39293711346398, 0.377202839568237, -0.0279493238831976
-2.39293711346398, 0.375250260637523, -0.055869532073585
-2.39293711346398, 0.369344123267754, -0.0832236688704548
-2.39293711346398, 0.359328263482139, -0.109351153272778
-2.39293711346398, 0.34535351236373, -0.133593708006078
-2.39293711346398, 0.327861464399282, -0.155438472134414
-2.39293711346398, 0.307589135680182, -0.174741868230951
-2.39293711346398, 0.285315611345559, -0.191708391922708
-2.39293711346398, 0.261699950505972, -0.20675944036553
-2.39293711346398, 0.237174891758302, -0.220283327465027
-2.39293711346398, 0.21201075447446, -0.232580105713349
-2.39293711346398, 0.186354611768433, -0.243815695384354
-2.39293711346398, 0.160305614326648, -0.254108780315025
-2.39293711346398, 0.133932681589607, -0.263541675277449
-2.39293711346398, 0.107306323218029, -0.272235015338918
-2.39293711346398, 0.0805120432568945, -0.28039748851179
-2.39293711346398, 0.0536403036949097, -0.288302145718658
-2.39293711346398, 0.0267823006706561, -0.296253247842104
-2.39293711346398, 1.46428244452308E-11, -0.304455281144357
-2.2088650278129, 0.389813092724068, -1.92122163109627E-16
-2.2088650278129, 0.391235346128935, -0.0289694190029098
-2.2088650278129, 0.389154266383377, -0.057893160000573
-2.2088650278129, 0.383198520487891, -0.0862696705755487
-2.2088650278129, 0.373158551643035, -0.11346688956367
-2.2088650278129, 0.359120115087501, -0.13883201131553
-2.2088650278129, 0.341412568268362, -0.161788206348004
-2.2088650278129, 0.320705659818637, -0.182090169625523
-2.2088650278129, 0.297798249783745, -0.199883970552262
-2.2088650278129, 0.27338169444129, -0.215551873920242
-2.2088650278129, 0.247927685324937, -0.229477469366779
-2.2088650278129, 0.221745532360407, -0.241983820245673
-2.2088650278129, 0.194996311254419, -0.253227861386055
-2.2088650278129, 0.167788679668171, -0.263313412308358
-2.2088650278129, 0.14020232262037, -0.272312476366729
-2.2088650278129, 0.112328730478419, -0.280380787844923
-2.2088650278129, 0.084274839952437, -0.287800302455707
-2.2088650278129, 0.0561418193850176, -0.294915340451897
-2.2088650278129, 0.0280260203573178, -0.302097903198802
-2.2088650278129, 1.66956184961982E-11, -0.309622212094112
-2.02479294216183, 0.395899377427236, -1.11181725077424E-16
-2.02479294216183, 0.397087047330243, -0.0294095886936721
-2.02479294216183, 0.394925201287261, -0.0587579586505011
-2.02479294216183, 0.388958862263956, -0.0875697980164434
-2.02479294216183, 0.37890374301733, -0.11521708443391
-2.02479294216183, 0.364804943431388, -0.141037088918477
-2.02479294216183, 0.347012362516204, -0.164467391582214
-2.02479294216183, 0.326186782449289, -0.185257376016798
-2.02479294216183, 0.303100365201843, -0.203515347293676
-2.02479294216183, 0.278431003103295, -0.219578822258944
-2.02479294216183, 0.252651317059153, -0.233798621538372
-2.02479294216183, 0.22607886726225, -0.246478947117069
-2.02479294216183, 0.198888806767154, -0.25777617833099
-2.02479294216183, 0.171201191052338, -0.26779365149491
-2.02479294216183, 0.143106727979169, -0.276607065247148
-2.02479294216183, 0.114706069387895, -0.284380579617566
-2.02479294216183, 0.0861058595309668, -0.291387191077639
-2.02479294216183, 0.0574021470072419, -0.297959096392743
-2.02479294216183, 0.0286803448383917, -0.304451866080223
-2.02479294216183, 1.87317388731793E-11, -0.311124868177597
-1.84072085651075, 0.39420379275378, -4.04658854795543E-17
-1.84072085651075, 0.395044524336806, -0.0293002175811436
-1.84072085651075, 0.392630973729002, -0.0585074623945752
-1.84072085651075, 0.386456921914479, -0.0871510495015299
-1.84072085651075, 0.376242265710068, -0.114610385253293
-1.84072085651075, 0.362052558481561, -0.140242830730814
-1.84072085651075, 0.34433444003638, -0.16358034604319
-1.84072085651075, 0.323756157922963, -0.18444746983058
-1.84072085651075, 0.30100722339326, -0.20293325262248
-1.84072085651075, 0.276699096782462, -0.219322011322659
-1.84072085651075, 0.251255783021392, -0.233891135279575
-1.84072085651075, 0.22496498589347, -0.246871870535934
-1.84072085651075, 0.198013929690048, -0.258421561038469
-1.84072085651075, 0.170536665240248, -0.268658100380124
-1.84072085651075, 0.142634218061001, -0.277672843023266
-1.84072085651075, 0.114406818313734, -0.285614416605551
-1.84072085651075, 0.0859515454288834, -0.292698747466153
-1.84072085651075, 0.0573552554521845, -0.299192893722342
-1.84072085651075, 0.0286907246873146, -0.305379978522475
-1.84072085651075, 2.07564944190829E-11, -0.311444701899103
-1.65664877085968, 0.385085115612002, -5.57395347626239E-17
-1.65664877085968, 0.385210983210218, -0.0286570165056415
-1.65664877085968, 0.382003905500818, -0.0571304326330737
-1.65664877085968, 0.375170821110618, -0.084953856797999
-1.65664877085968, 0.364601109439766, -0.111581070140362
-1.65664877085968, 0.350457727616823, -0.136496309220882
-1.65664877085968, 0.333193117305572, -0.159363955339619
-1.65664877085968, 0.313381323010672, -0.180069959881324
-1.65664877085968, 0.291580307997526, -0.198676196898748
-1.65664877085968, 0.268287234840594, -0.215382056062577
-1.65664877085968, 0.2438539892255, -0.230374336784391
-1.65664877085968, 0.218523758238015, -0.243798174204686
-1.65664877085968, 0.192485836763247, -0.255793983370057
-1.65664877085968, 0.165885490391027, -0.266486490621907
-1.65664877085968, 0.138830773281909, -0.275972071513317
-1.65664877085968, 0.111423803274458, -0.284388206684215
-1.65664877085968, 0.0837628058865557, -0.291929800892903
-1.65664877085968, 0.0559319854131519, -0.29882039047452
-1.65664877085968, 0.027998873912578, -0.305284969149771
-1.65664877085968, 2.27768183069484E-11, -0.311458925163666
-1.4725766852086, 0.368087125597379, -8.26652456280215E-17
-1.4725766852086, 0.366975472913112, -0.0274648143083043
-1.4725766852086, 0.362667231012739, -0.0546108471743771
-1.4725766852086, 0.355115985294505, -0.0810378960684525
-1.4725766852086, 0.344358215978635, -0.106329585193023
-1.4725766852086, 0.330625725807627, -0.130139547639191
-1.4725766852086, 0.314288124670155, -0.152246042895515
-1.4725766852086, 0.295767859460552, -0.172562952255511
-1.4725766852086, 0.275486269941471, -0.191125605219233
-1.4725766852086, 0.253806317019329, -0.208037219874805
-1.4725766852086, 0.231003866013588, -0.223404030937244
-1.4725766852086, 0.207282684366829, -0.237312429461917
-1.4725766852086, 0.182804836091042, -0.249842782329618
-1.4725766852086, 0.157705866394787, -0.261078838998241
-1.4725766852086, 0.132099916007164, -0.271107215522155
-1.4725766852086, 0.106097572693928, -0.280059972770936
-1.4725766852086, 0.0798073242457212, -0.288130297441319
-1.4725766852086, 0.0533189522140272, -0.295526281997275
-1.4725766852086, 0.0267032743872782, -0.302451250388596
-1.4725766852086, 2.47964568904013E-11, -0.309030800528193
-1.28850459955753, 0.342830966944504, -4.04097669312715E-17
-1.28850459955753, 0.340006528764086, -0.0256666308674754
-1.28850459955753, 0.334655870250934, -0.0509269410492223
-1.28850459955753, 0.326749698444892, -0.0755065328389055
-1.28850459955753, 0.316297938218922, -0.0991163105380421
-1.28850459955753, 0.303482501003598, -0.121532540604405
-1.28850459955753, 0.288556015771131, -0.142603362601398
-1.28850459955753, 0.271797470429118, -0.162250865519916
-1.28850459955753, 0.25351413468731, -0.180490170224423
-1.28850459955753, 0.233953440258335, -0.197353910349996
-1.28850459955753, 0.213322225719236, -0.212891310775466
-1.28850459955753, 0.191800641965678, -0.227171019282301
-1.28850459955753, 0.169489345197722, -0.240182347253501
-1.28850459955753, 0.146475610817145, -0.251907309091792
-1.28850459955753, 0.122873396160967, -0.262398604022473
-1.28850459955753, 0.0988060711039936, -0.271776132216838
-1.28850459955753, 0.0743941052915303, -0.280217947740169
-1.28850459955753, 0.0497396596653233, -0.287924913930881
-1.28850459955753, 0.0249257666632662, -0.295103170598299
-1.28850459955753, 2.68184886089848E-11, -0.301883293470451
-1.09443251390645, 0.308207276854032, -1.04623193329674E-17
-1.09443251390645, 0.303639402740177, -0.023147832266255
-1.09443251390645, 0.297362057223436, -0.0458911362997244
-1.09443251390645, 0.289323660935338, -0.0680724127197947
-1.09443251390645, 0.279478223347098, -0.0895124543002205
-1.09443251390645, 0.267904199797126, -0.110071415520562
-1.09443251390645, 0.254740072937028, -0.12965085352711
-1.09443251390645, 0.240136148376494, -0.148182248975935
-1.09443251390645, 0.224287646968735, -0.165662338397692
-1.09443251390645, 0.207353650877721, -0.182093750559852
-1.09443251390645, 0.189465942672482, -0.197482310647918
-1.09443251390645, 0.170754560528256, -0.211858595336176
-1.09443251390645, 0.151264390928225, -0.225159237764236
-1.09443251390645, 0.131031424682046, -0.237300245079998
-1.09443251390645, 0.110149354675541, -0.248288070114235
-1.09443251390645, 0.0887374621178365, -0.258205814411762
-1.09443251390645, 0.0669232289794636, -0.267205866997899
-1.09443251390645, 0.0448116129080277, -0.275449919933301
-1.09443251390645, 0.0224867176510164, -0.283098678489608
-1.09443251390645, 2.89564795548871E-11, -0.290258271762613
-1.03080367964602, 0.295254538433636, -1.55854423737113E-17
-1.03080367964602, 0.290222162109596, -0.0222052938394592
-1.03080367964602, 0.283700249004427, -0.0440192407872864
-1.03080367964602, 0.275650566295033, -0.0653161400497977
-1.03080367964602, 0.266024537573863, -0.0859480909452332
-1.03080367964602, 0.254870961364942, -0.105796199204954
-1.03080367964602, 0.242298409068898, -0.124777612799822
-1.03080367964602, 0.228423896273669, -0.14282995808959
-1.03080367964602, 0.213407899886726, -0.159945472953561
-1.03080367964602, 0.197386289536021, -0.176124060579419
-1.03080367964602, 0.18046769145374, -0.191362742020644
-1.03080367964602, 0.162756385180174, -0.205672741004075
-1.03080367964602, 0.144285161466413, -0.218986703634706
-1.03080367964602, 0.125081060984676, -0.231219913065781
-1.03080367964602, 0.105228001345235, -0.242369681244653
-1.03080367964602, 0.0848356641023076, -0.252501149867187
-1.03080367964602, 0.0640283151684944, -0.261751899280151
-1.03080367964602, 0.0429058075714583, -0.270259752004901
-1.03080367964602, 0.0215462312746573, -0.278154480328968
-1.03080367964602, 2.96604994085229E-11, -0.285525066698503
-0.957174845385591, 0.27934253587026, -2.56621923020791E-17
-0.957174845385591, 0.273856387158826, -0.0210501025642432
-0.957174845385591, 0.267106362747074, -0.0417294310633994
-0.957174845385591, 0.25907497342955, -0.0619451728173895
-0.957174845385591, 0.24971761899912, -0.0815819601213207
-0.957174845385591, 0.239055563331366, -0.100542145294986
-0.957174845385591, 0.227167872090286, -0.118759155217639
-0.957174845385591, 0.214140083460948, -0.136179517613275
-0.957174845385591, 0.200096226199091, -0.152792306821595
-0.957174845385591, 0.18514693977321, -0.168595672208117
-0.957174845385591, 0.16937692027903, -0.183580460552608
-0.957174845385591, 0.152860427613786, -0.197738405628965
-0.957174845385591, 0.135617919794428, -0.211001952683971
-0.957174845385591, 0.117668488722031, -0.22329194366375
-0.957174845385591, 0.0990842489148673, -0.234599494366815
-0.957174845385591, 0.0799596221529486, -0.244968135482353
-0.957174845385591, 0.0604093984520772, -0.254511324801411
-0.957174845385591, 0.0405238907327459, -0.263335494959322
-0.957174845385591, 0.0203713891785608, -0.271532295858386
-0.957174845385591, 3.04789613841381E-11, -0.27916930974851
-0.883546011125161, 0.262482893089922, -3.54709318428693E-17
-0.883546011125161, 0.256641741081584, -0.0198297134041267
-0.883546011125161, 0.249735940866408, -0.0393142127600148
-0.883546011125161, 0.241767530905293, -0.0583885405777829
-0.883546011125161, 0.232700116390235, -0.0769652677280179
-0.883546011125161, 0.222536633343961, -0.0949657367720736
-0.883546011125161, 0.211332381265796, -0.112337652473583
-0.883546011125161, 0.1991489836929, -0.129037728004009
-0.883546011125161, 0.186080013410465, -0.145054744711315
-0.883546011125161, 0.172212078886836, -0.160385490713934
-0.883546011125161, 0.157608808969269, -0.175017673303209
-0.883546011125161, 0.142318889238257, -0.188930812680562
-0.883546011125161, 0.126352459107288, -0.202061585768412
-0.883546011125161, 0.109720740923981, -0.214338772245756
-0.883546011125161, 0.0924825818727519, -0.225749076962322
-0.883546011125161, 0.0747140494093456, -0.236315326554908
-0.883546011125161, 0.0565133840606046, -0.246119401418473
-0.883546011125161, 0.0379579657908718, -0.255234845240938
-0.883546011125161, 0.0191051153976715, -0.263718539715129
-0.883546011125161, 3.13029424212969E-11, -0.2716181147678
-0.809917176864731, 0.244722129712819, -4.03944487003483E-17
-0.809917176864731, 0.238633332934375, -0.0185471222509184
-0.809917176864731, 0.231657661999224, -0.0367792851019347
-0.809917176864731, 0.223809174076819, -0.0546529360498946
-0.809917176864731, 0.215060698150009, -0.0721034765648206
-0.809917176864731, 0.205406962859799, -0.0890699628578597
-0.809917176864731, 0.194885662779312, -0.105512647514775
-0.809917176864731, 0.183541250520638, -0.121398780043753
-0.809917176864731, 0.171444349013183, -0.136720002229718
-0.809917176864731, 0.15865930379553, -0.151472026638404
-0.809917176864731, 0.145230240532062, -0.165640371265388
-0.809917176864731, 0.131188206598282, -0.179201436695826
-0.809917176864731, 0.116537316931528, -0.192101944739014
-0.809917176864731, 0.101279900522056, -0.204279001318981
-0.809917176864731, 0.0854571454943166, -0.215711970107532
-0.809917176864731, 0.0691243115637555, -0.226404041212031
-0.809917176864731, 0.052356546904824, -0.236400802190278
-0.809917176864731, 0.0352157589882634, -0.245743883853345
-0.809917176864731, 0.0177494619575968, -0.254463628478722
-0.809917176864731, 3.21334890478697E-11, -0.26259177942639
-0.736288342604301, 0.226102131425408, -3.96827778337695E-17
-0.736288342604301, 0.219879254875857, -0.0172009265109019
-0.736288342604301, 0.212928581419107, -0.0341209539920827
-0.736288342604301, 0.205267952402883, -0.0507315239997256
-0.736288342604301, 0.196879103781295, -0.0669863106650662
-0.736288342604301, 0.187756124363801, -0.0828406778248117
-0.736288342604301, 0.177924787825224, -0.0982658753144327
-0.736288342604301, 0.167417354616089, -0.113238818273385
-0.736288342604301, 0.156288332931699, -0.127755936669846
-0.736288342604301, 0.144583572479779, -0.141813043754158
-0.736288342604301, 0.132328978941885, -0.155393513883744
-0.736288342604301, 0.119544470884348, -0.168476332938117
-0.736288342604301, 0.106233563505147, -0.181022953740047
-0.736288342604301, 0.0923925921076039, -0.19298214860571
-0.736288342604301, 0.0780408805315328, -0.204323345366936
-0.736288342604301, 0.0632102709717233, -0.215030852999899
-0.736288342604301, 0.0479490499202723, -0.225115396020416
-0.7362883426043, 0.0323011562496913, -0.234589025369851
-0.736288342604301, 0.0163050334515337, -0.243462247056543
-0.736288342604301, 3.29687142939998E-11, -0.251754399731157
-0.662659508343871, 0.206663034544895, -3.44374071130428E-17
-0.662659508343871, 0.200424727833038, -0.015785850270165
-0.662659508343871, 0.193600680793954, -0.0313275387502664
-0.66265950834387, 0.186206573156096, -0.0466062003858074
-0.662659508343871, 0.178232271048595, -0.061590124672814
-0.662659508343871, 0.169675047187026, -0.0762489385200112
-0.662659508343871, 0.160553214992962, -0.0905632813513095
-0.662659508343871, 0.150890114176442, -0.104518023334088
-0.662659508343871, 0.140728794730398, -0.118114438188636
-0.662659508343871, 0.130101606172746, -0.131349918263533
-0.662659508343871, 0.11901868281618, -0.14420618027161
-0.662659508343871, 0.107492351609382, -0.156666450332237
-0.662659508343871, 0.0955291360120144, -0.168707781628411
-0.662659508343871, 0.0831258988335962, -0.180295233533517
-0.662659508343871, 0.0702804902110936, -0.191390343893251
-0.662659508343871, 0.0569994261416061, -0.201960039495097
-0.662659508343871, 0.0433043853745223, -0.211987570517778
-0.662659508343871, 0.0292195186723388, -0.221459771624234
-0.662659508343871, 0.0147730079252906, -0.230370806829524
-0.662659508343871, 3.38050307808234E-11, -0.238729605115491
-0.589030674083441, 0.186446204124064, -2.58184478745494E-17
-0.589030674083441, 0.180316597865341, -0.0142935340034
-0.589030674083441, 0.17372778831507, -0.0283813169013284
-0.589030674083441, 0.166690389231135, -0.0422504410567694
-0.589030674083441, 0.159201170640706, -0.0558808430957335
-0.589030674083441, 0.151261177263401, -0.0692536832824339
-0.589030674083441, 0.142884077534817, -0.0823571686751775
-0.589030674083441, 0.134086337277246, -0.0951820679595456
-0.589030674083441, 0.124901690904374, -0.107732911978663
-0.589030674083441, 0.115353479020805, -0.120009418322647
-0.589030674083441, 0.105440224580196, -0.131993051215395
-0.589030674083441, 0.0951683321505245, -0.143670744260462
-0.589030674083441, 0.0845474667603555, -0.155031957465663
-0.589030674083441, 0.0735803795887202, -0.166059259992518
-0.589030674083441, 0.0622503008272717, -0.176713038295447
-0.589030674083441, 0.0505400873381499, -0.186947370381867
-0.589030674083441, 0.0384494143750302, -0.196729191364679
-0.589030674083441, 0.0259833233090169, -0.206027752091402
-0.589030674083441, 0.0131571862302867, -0.214823064958074
-0.589030674083441, 3.4638677273034E-11, -0.22311510817189
-0.515401839823011, 0.165490867879381, -1.53051064271357E-17
-0.51540183982301, 0.159600867299985, -0.0127141900595145
-0.51540183982301, 0.153363629774796, -0.0252616885602563
-0.51540183982301, 0.146785360739063, -0.0376338048574631
-0.51540183982301, 0.139868018124387, -0.0498195649265932
-0.51540183982301, 0.132614620955466, -0.0618083450291976
-0.51540183982301, 0.125035163018101, -0.0735937124634946
-0.51540183982301, 0.117140427188587, -0.0851702726554221
-0.515401839823011, 0.108954879239971, -0.0965431488942645
-0.515401839823011, 0.100495411100003, -0.107713755297764
-0.51540183982301, 0.0917544430682869, -0.11866545003942
-0.51540183982301, 0.0827336730287857, -0.129387858386811
-0.51540183982301, 0.0734427409019813, -0.139877055904053
-0.51540183982301, 0.063889608116951, -0.150128004765191
-0.51540183982301, 0.0540542060567804, -0.160108238134203
-0.51540183982301, 0.0439051820860496, -0.169769202942963
-0.51540183982301, 0.033428727721264, -0.179073938898812
-0.51540183982301, 0.0226153773958302, -0.187984763172216
-0.515401839823011, 0.0114655443394946, -0.196470731752974
-0.515401839823011, 3.54668457928049E-11, -0.204525133225336
-0.441773005562581, 0.143805221699694, -6.89253529888367E-18
-0.441773005562581, 0.138294970854539, -0.0110542763480612
-0.44177300556258, 0.132534397784741, -0.021980189158972
-0.44177300556258, 0.126527394395321, -0.0327725902437375
-0.441773005562581, 0.120278992609675, -0.0434270407818693
-0.441773005562581, 0.113792500171995, -0.0539382479062692
-0.44177300556258, 0.107074578512569, -0.0643030830138209
-0.44177300556258, 0.100131298692797, -0.0745183312643889
-0.441773005562581, 0.0929780537437081, -0.084587714855988
-0.441773005562581, 0.0856262283443859, -0.0945130246630527
-0.441773005562581, 0.0780668364002527, -0.10428113843055
-0.441773005562581, 0.0702986439899962, -0.113884041026368
-0.441773005562581, 0.0623285894713691, -0.12332009243755
-0.44177300556258, 0.0541648642466635, -0.132589099426522
-0.44177300556258, 0.0457921753195301, -0.141669655552611
-0.44177300556258, 0.0371783420107303, -0.150521659487244
-0.441773005562581, 0.0283051460892983, -0.159113547312761
-0.441773005562581, 0.019155667930459, -0.167410436009784
-0.441773005562581, 0.00971664659471549, -0.175376272234821
-0.44177300556258, 3.62985867716796E-11, -0.183001077335935
-0.386065898731972, 0.126907850407108, -5.28059012216287E-18
-0.387910621995515, 0.12187360887379, -0.010659077008919
-0.38982559720304, 0.116647650099636, -0.0212129640305478
-0.391809530941552, 0.111233503802924, -0.0316587085209313
-0.393860903337651, 0.105635317711363, -0.0419938270510462
-0.395978931097521, 0.0998552294302722, -0.0522147449975402
-0.398162484326724, 0.0938963224365188, -0.0623185115213303
-0.400410270540873, 0.0877621239142112, -0.0723025956712042
-0.402717998188337, 0.0814643454885506, -0.0821705046667649
-0.405086171269851, 0.0750016117437909, -0.0919166552890307
-0.407518056264907, 0.0683650084720058, -0.101529343506955
-0.410013151883139, 0.0615559036923625, -0.111004202087329
-0.412569720290248, 0.0545790399468943, -0.120339615825379
-0.415187329116399, 0.0474355971709391, -0.129530982568527
-0.417874347863179, 0.0401027350321121, -0.13855146055954
-0.420639165860275, 0.0325575590872294, -0.147371013530034
-0.423486947414208, 0.0247859759669019, -0.155964583500369
-0.426423534584653, 0.0167720427164085, -0.164301725633346
-0.429452382097978, 0.00850633140465185, -0.172355174542752
-0.432569401280027, 1.82017941097781E-11, -0.180119272381862
-0.346315613964742, 0.114590577657974, -8.16556889869594E-18
-0.349592565083323, 0.109885631246634, -0.0105205419762323
-0.352976535621826, 0.105027029618147, -0.0209368435043076
-0.356464313014524, 0.100019385276342, -0.0312477984584393
-0.360053339430341, 0.0948663706770235, -0.0414518266560446
-0.363742211707886, 0.0895700004364918, -0.0515462610950707
-0.367530265065683, 0.0841312290277052, -0.0615276035607742
-0.371414571413224, 0.0785542605136545, -0.0713950648956609
-0.375390402998826, 0.072845882855927, -0.0811502859704062
-0.379462623836923, 0.0669991124510377, -0.0907829803933065
-0.383633897768, 0.0610101246381103, -0.100285036421813
-0.387902533501461, 0.0548813477205707, -0.109653783412404
-0.392266041529647, 0.0486163560575402, -0.118887761133093
-0.396728436815265, 0.042209385088091, -0.127975840252823
-0.401303411704195, 0.0356407757598679, -0.136890826942493
-0.406000423836235, 0.0288969490822718, -0.145609298349996
-0.4108264475482, 0.0219678915153458, -0.154109245107468
-0.41578959579725, 0.0148419547227848, -0.162363822933144
-0.420892217355735, 0.00751576641124529, -0.170353814798016
-0.426126878282239, 1.82386389604406E-11, -0.178077932517629
-0.314962512997701, 0.104721842286751, -1.35061980464658E-17
-0.319394462203012, 0.10028989308144, -0.0104354220212342
-0.323952040128963, 0.095732315155489, -0.0207620544008836
-0.328629911048519, 0.0910544442359325, -0.0309805512674034
-0.333424763708521, 0.0862595915759302, -0.0410900240973527
-0.338334901047429, 0.0813494542370222, -0.0510882125145367
-0.343360537245651, 0.0763238180388005, -0.0609709518976531
-0.348496811497623, 0.0711875437868282, -0.070739285010186
-0.353742240913262, 0.0659421143711901, -0.0803908898930726
-0.359103406008742, 0.0605809492757099, -0.089914440491181
-0.364580454187217, 0.0551039010972342, -0.0993051866529078
-0.370171165360899, 0.0495131899235523, -0.108561004952195
-0.375873663815091, 0.0438106914693607, -0.117679399855049
-0.381697106765507, 0.0379872485189449, -0.126643543403119
-0.387654816066315, 0.032029539218137, -0.135429392599736
-0.393754748408953, 0.0259296068754982, -0.144017785635928
-0.400004247394047, 0.0196801078904045, -0.152388273458772
-0.406410885262514, 0.0132734700223845, -0.160517629084432
-0.412974036569688, 0.00671031872673523, -0.168393338846599
-0.419684355284452, 1.82755711170785E-11, -0.176017021442341
-0.285577949667187, 0.0953494755556148, -2.14149299794682E-17
-0.291137516118407, 0.091197152012233, -0.0103696188886622
-0.296832997139015, 0.0869433167284459, -0.0206236937657099
-0.302656968491248, 0.0825935147116804, -0.0307647252756296
-0.308605223070592, 0.0781508881600327, -0.0407927546004273
-0.314676610066107, 0.07361629659005, -0.0507051517945075
-0.320871686972119, 0.0689893236209164, -0.060497603200416
-0.32718467768291, 0.0642742833048111, -0.0701720356700224
-0.333618814117993, 0.0594687617888543, -0.0797212990273464
-0.340178818631562, 0.0545692320457744, -0.0891362038298256
-0.346862902351939, 0.0495770301462954, -0.0984141579580424
-0.353668803619708, 0.0444938452763869, -0.107553112929298
-0.360597221694597, 0.0393191551736288, -0.116547477041222
-0.367659799188191, 0.0340442642156879, -0.125377736192583
-0.374866757983224, 0.0286615378928049, -0.134024304652101
-0.382224291302075, 0.0231663506171177, -0.142470963070415
-0.389739533693478, 0.0175533737438582, -0.150698407991365
-0.397417848985075, 0.0118186011441374, -0.158687803479302
-0.405255310281777, 0.00596496574184712, -0.166432751887397
-0.413241832286664, 1.83125961046972E-11, -0.173936765629538
-0.255956430452965, 0.0857818186306043, -3.24780725341928E-17
-0.262707863423902, 0.0819423917840798, -0.0103139569722988
-0.269599653552608, 0.0780231461728634, -0.0205043284728234
-0.276622833178452, 0.0740291815553516, -0.0305752983011122
-0.283771774569915, 0.069963698328196, -0.040528479527051
-0.291047330246164, 0.0658262116780255, -0.050359479901168
-0.298448807727243, 0.0616171154065927, -0.0600652987110282
-0.305972306367905, 0.057338627745515, -0.0696461436795215
-0.313623931787535, 0.0529872765313155, -0.0790917300478974
-0.321404431882587, 0.0485626364478073, -0.0883969507346188
-0.329311756926449, 0.0440658731401824, -0.0975595920495139
-0.337344039523467, 0.0394980485650715, -0.106577250568598
-0.345505732331608, 0.0348566305704686, -0.115439754341389
-0.353806832405659, 0.0301359339987642, -0.124129170596028
-0.362254016212826, 0.0253321620548858, -0.13263019748252
-0.370852122090723, 0.0204425632572736, -0.140928524194562
-0.379607402374341, 0.0154635820077414, -0.149006386089657
-0.388522000145542, 0.0103939995743953, -0.15685024323675
-0.397589227606011, 0.00523761920094571, -0.164459082687578
-0.406799309288876, 1.83497194652931E-11, -0.171837393442807
-0.224590186628134, 0.0755306033449684, -4.66585884261645E-17
-0.232667857444306, 0.0720594583632857, -0.0102624566700625
-0.240884869124587, 0.0685284356826718, -0.0203930256167415
-0.249231225284434, 0.0649418309597375, -0.0303975686141768
-0.257700278269734, 0.0613025008312213, -0.0402791986702342
-0.266296353094953, 0.0576085867474745, -0.0500300166628012
-0.275016245012447, 0.053861465855939, -0.0596497221798369
-0.28386080096377, 0.0500607742080218, -0.0691336194581919
-0.29283412298009, 0.0462047490746859, -0.0784731173490214
-0.301934317878057, 0.0422942039966206, -0.0876660319327534
-0.31116024968321, 0.0383296271259353, -0.0967092593142625
-0.320511433380976, 0.0343112268835895, -0.10559875614135
-0.329993678134775, 0.030236506949925, -0.1143221975625
-0.339613198504994, 0.026102796797683, -0.122865702515412
-0.349373831317124, 0.0219084476622809, -0.131217427445668
-0.359279825530275, 0.0176516336766557, -0.139363828687466
-0.369335251003746, 0.0133306059366982, -0.147290346141637
-0.379538736371917, 0.00894595375173289, -0.154989464345441
-0.389882123969029, 0.00450118264241902, -0.162464187494064
-0.400356786291089, 1.83869467572385E-11, -0.169719135116313
-0.18993236490857, 0.0640792273425983, -1.81446588343152E-16
-0.199546864340969, 0.0610589118156197, -0.0102104759403949
-0.209294922510267, 0.0579966399153888, -0.0202808618394538
-0.219164630094443, 0.0548961528569805, -0.0302202466232556
-0.229151790677104, 0.0517587689099192, -0.040029858520139
-0.239262114474594, 0.0485826942569386, -0.0496998629145936
-0.249492021731445, 0.0453690534486298, -0.0592306776530529
-0.259845995389705, 0.0421164382058029, -0.0686131274034572
-0.270323832971874, 0.038824912135091, -0.0778432638125223
-0.280924747783908, 0.0354947223699258, -0.0869176768765623
-0.291647310175423, 0.032126318023158, -0.0958336743876679
-0.302492305182555, 0.0287194524821743, -0.104585448913032
-0.313463164938627, 0.0252730475706603, -0.113163114184
-0.324562688478558, 0.0217862239949318, -0.121556928961101
-0.335793183086866, 0.0182582569406283, -0.129757077734112
-0.347158250859341, 0.0146880148391312, -0.137750897848038
-0.358658592755963, 0.0110752774902282, -0.145529243992067
-0.370289716603231, 0.00742145607830368, -0.153090939708845
-0.382043928353802, 0.00372896762075614, -0.160440571071252
-0.393914263293301, 1.84242835546594E-11, -0.167582222734786
-0.149954396137883, 0.0507359826638946, -1.99719531490138E-16
-0.161417358830385, 0.0482873838952182, -0.0101554763109078
-0.173004829720403, 0.0458121889814346, -0.0201621187787618
-0.184699770978042, 0.0433140373664139, -0.0300371967686577
-0.196508730669483, 0.0407915303204191, -0.0397693252389057
-0.208430694499761, 0.0382448845065827, -0.0493563189317825
-0.220467304489115, 0.0356737491736336, -0.0587923136383117
-0.23262083210243, 0.0330776391148874, -0.0680702766427037
-0.244892576035008, 0.0304562769165723, -0.0771840616015644
-0.257282562953275, 0.0278096568824838, -0.0861290027696358
-0.269788319312545, 0.0251383073854898, -0.0949038659575447
-0.282408657463045, 0.0224424821189724, -0.103505486683892
-0.29514313762179, 0.0197222750247949, -0.111929355278662
-0.307992347002741, 0.0169775606684233, -0.120169025661548
-0.320958556280591, 0.0142078540119662, -0.128214741935843
-0.334042359040487, 0.0114130282599431, -0.136058868516519
-0.347241155280974, 0.00859363880065614, -0.143698908302274
-0.360549292087394, 0.00575089315135065, -0.151137989523069
-0.373961151211109, 0.00288599142010653, -0.158379693168528
-0.387471740295513, 1.84617354468053E-11, -0.165426890212942
-0.101547828244493, 0.0344353342007481, -2.22626459434202E-16
-0.115322698483167, 0.0327381111339544, -0.0101042856234513
-0.129210058781467, 0.0310270279929336, -0.0200510845507798
-0.143196591629545, 0.0293037256486703, -0.029855738627515
-0.157286261941487, 0.0275677155779688, -0.039509352259147
-0.171477269317944, 0.0258192196108168, -0.0490110603281941
-0.185775793895068, 0.0240574762830811, -0.0583476744307234
-0.200186930384988, 0.0222818578674002, -0.0675068151185301
-0.214710221299802, 0.0204924207315662, -0.0764843212594676
-0.229341866514425, 0.0186896330948683, -0.0852814008517728
-0.244079193328623, 0.0168738242648361, -0.0938975317327496
-0.258919284918333, 0.0150453536278733, -0.102332712290568
-0.273859762489016, 0.0132045142789346, -0.110586027197014
-0.288898231513814, 0.0113516012513774, -0.118656646833905
-0.304032348782623, 0.00948690325590216, -0.12654368016301
-0.319259524723027, 0.0076107393600151, -0.134246732089986
-0.334576050593393, 0.0057235665230963, -0.14176781211826
-0.349978501101951, 0.00382580677914364, -0.149108600628076
-0.365463807865582, 0.00191783818689233, -0.156270248768449
-0.381029217297726, 1.84993080374117E-11, -0.163253373274373
-0.0393094779752012, 0.0133421682281472, -9.90898728794348E-17
-0.0560830628705998, 0.0126746728524795, -0.0101545780809896
-0.0729919456335454, 0.0120017933742786, -0.0200822858291419
-0.0899895562195664, 0.0113253830222683, -0.0298570767912398
-0.107090313927634, 0.0106448679885571, -0.0394499265319112
-0.124301597105257, 0.00995995465595625, -0.0488426933495496
-0.141621847942969, 0.00927070501661707, -0.0580326536002554
-0.15904710408961, 0.00857727675007521, -0.0670216114726686
-0.176573344822111, 0.00787982985874352, -0.075811732609331
-0.19419645828198, 0.00717852797171774, -0.0844056876110301
-0.211911458124066, 0.00647356951779826, -0.0928083124589828
-0.229712527749535, 0.00576518596526381, -0.101026752409428
-0.247593050153735, 0.00505364063409247, -0.109070609153878
-0.265546433328325, 0.00433919584954811, -0.116950265242507
-0.283566317122307, 0.00362210471033634, -0.124676411672151
-0.301648173859097, 0.00290254739506505, -0.132256152916781
-0.319791270563147, 0.00218055307197509, -0.139687875701113
-0.337995446545133, 0.00145612813401568, -0.146968456654472
-0.356260604377189, 0.000729276456685443, -0.154094418638757
-0.374586694299938, 1.85370069440547E-11, -0.161061909429886
