-3.69319926835904, 0.115627981724411, -3.33066907387547E-16
-3.69319926835954, 0.114969230271568, -0.00878700225323859
-3.69319926836005, 0.113424450234569, -0.0174614705558038
-3.69319926836056, 0.110982026413206, -0.0259272718203312
-3.69319926836109, 0.107675136173248, -0.0340942144740967
-3.69319926836163, 0.1035367664664, -0.0418729647390945
-3.69319926836219, 0.0986270994974034, -0.0491897039878183
-3.69319926836278, 0.0930246022589977, -0.0559911623302993
-3.69319926836339, 0.0868501785487216, -0.0622791475220915
-3.69319926836405, 0.0802086949024543, -0.0680722453440014
-3.69319926836479, 0.0731748503245727, -0.0733827597461112
-3.69319926836559, 0.0658403754365791, -0.0782708003311832
-3.69319926836656, 0.058247787739495, -0.0827463242513011
-3.69319926836814, 0.0503409168456598, -0.0866376600547876
-3.69319926837032, 0.0421696640374789, -0.089940599136637
-3.69319926837274, 0.0338321306611171, -0.0928003440442759
-3.69319926837525, 0.0254078273918591, -0.0953951929843648
-3.69319926837775, 0.0169485042345084, -0.0978739184220231
-3.69319926838025, 0.00847439024153683, -0.100301701872398
-3.69319926838276, 0, -0.102728523104
-3.6193352830151, 0.135467486103002, -1.39371174193256E-16
-3.6193352830151, 0.134563740047972, -0.0101105588601053
-3.6193352830151, 0.132563462754032, -0.0200621792198476
-3.6193352830151, 0.12949341215021, -0.0297376355891948
-3.6193352830151, 0.125404724131463, -0.0390287732122769
-3.6193352830151, 0.12036504186807, -0.047840657687284
-3.6193352830151, 0.114460406599708, -0.0560984358529012
-3.6193352830151, 0.107793417592282, -0.0637548410493559
-3.6193352830151, 0.100513740862048, -0.0708327340210994
-3.6193352830151, 0.0927447461004358, -0.0773704687501232
-3.6193352830151, 0.0845623682806687, -0.0833833697017218
-3.6193352830151, 0.0760482183273439, -0.0889173940351979
-3.6193352830151, 0.0672335946925303, -0.0939575599033097
-3.6193352830151, 0.0580525937116427, -0.0982919482895327
-3.6193352830151, 0.0485849451742197, -0.101962961365128
-3.6193352830151, 0.0389656226633767, -0.105218517261737
-3.6193352830151, 0.0292629151926376, -0.108217505543915
-3.6193352830151, 0.0195187759945103, -0.111079452171111
-3.6193352830151, 0.00975952448640858, -0.113889566365572
-3.6193352830151, 4.90116324483164E-12, -0.116698732568083
-3.54547129764744, 0.154598332179989, -1.31860928408069E-16
-3.54547129764744, 0.153701859554365, -0.0115359016802815
-3.54547129764744, 0.151558065592428, -0.0229060244659606
-3.54547129764745, 0.148180893994325, -0.033972581838862
-3.54547129764744, 0.143604763061567, -0.0445996200551175
-3.54547129764744, 0.137903442637347, -0.0546681899244796
-3.54547129764744, 0.131180287765803, -0.0640858522802291
-3.54547129764744, 0.123560887922444, -0.0727953907799668
-3.54547129764744, 0.115211614615293, -0.0808095313794715
-3.54547129764744, 0.106275399057051, -0.0881644776504034
-3.54547129764744, 0.0968536312037723, -0.0948869976055653
-3.54547129764744, 0.0870378267386528, -0.10102077609129
-3.54547129764745, 0.076870046472367, -0.106550151234524
-3.54547129764745, 0.0663111674538394, -0.111288018695519
-3.54547129764745, 0.0554614912927048, -0.115321162112459
-3.54547129764745, 0.0444685349038356, -0.118948238645885
-3.54547129764745, 0.0333927669608832, -0.122314687285839
-3.54547129764745, 0.0222703540870422, -0.125524145896562
-3.54547129764745, 0.0111334593517465, -0.128683141927607
-3.54547129764745, 9.87697075580869E-12, -0.131854204650718
-3.47160731227979, 0.173126213360224, -1.34871152733418E-16
-3.47160731227979, 0.172399994546958, -0.0130411828494797
-3.47160731227979, 0.170319259995872, -0.0259351973300851
-3.47160731227979, 0.166853018943095, -0.0385271474325554
-3.47160731227979, 0.161994500737995, -0.0506498159834293
-3.47160731227979, 0.155800972076804, -0.0621479725650712
-3.47160731227979, 0.148384332047718, -0.0728986364301139
-3.47160731227979, 0.139889552099978, -0.0828204902622807
-3.47160731227979, 0.130494193581747, -0.0918957337023485
-3.47160731227979, 0.120366989789504, -0.100147842642257
-3.47160731227979, 0.109652619773942, -0.107623055479405
-3.47160731227979, 0.0984655962035807, -0.114371521256538
-3.47160731227979, 0.0868738720902899, -0.120397691500189
-3.47160731227979, 0.0748839731845781, -0.125585664510716
-3.47160731227979, 0.0626085607617276, -0.130061495468317
-3.47160731227979, 0.0501925969377927, -0.134133565706014
-3.47160731227979, 0.0376907189097894, -0.137934217755596
-3.47160731227979, 0.0251361975972881, -0.141557687054269
-3.47160731227979, 0.0125654615744052, -0.14512467981894
-3.47160731227979, 1.49024250166835E-11, -0.1487101728056
-3.39774332691214, 0.191169162672011, -1.38727655133193E-16
-3.39774332691214, 0.190679336707697, -0.0146039798675514
-3.39774332691214, 0.18875241007972, -0.0290875653508023
-3.39774332691214, 0.185302528499624, -0.0432846807696894
-3.39774332691214, 0.180272085025852, -0.0570008131054306
-3.39774332691214, 0.173684391027414, -0.070040543685925
-3.39774332691213, 0.165648930544873, -0.0822422497105083
-3.39774332691214, 0.156323827690733, -0.093490147088292
-3.39774332691214, 0.145898911647863, -0.103728549156779
-3.39774332691214, 0.134577185127022, -0.112967778858989
-3.39774332691213, 0.122557028051258, -0.121279957460811
-3.39774332691214, 0.109981848989554, -0.128727173408714
-3.39774332691213, 0.0969517206976161, -0.13534662822674
-3.39774332691213, 0.0835252363283728, -0.141120338661484
-3.39774332691213, 0.0698223109563095, -0.146207380026979
-3.39774332691214, 0.0559779567088642, -0.150897749807969
-3.39774332691214, 0.0420416283174483, -0.15530771031513
-3.39774332691213, 0.0280438569482148, -0.159519036634541
-3.39774332691213, 0.0140221452944733, -0.163650164457513
-3.39774332691213, 1.99496964452942E-11, -0.167779820084731
-3.32387934154448, 0.208832620759651, -1.34945442772124E-16
-3.32387934154448, 0.208557751292513, -0.0162061413946428
-3.32387934154448, 0.206766701163915, -0.0323140406388454
-3.32387934154448, 0.203328742159684, -0.0481510892583358
-3.32387934154448, 0.198141177082919, -0.0635030071238144
-3.32387934154448, 0.191184224704922, -0.0781376945179326
-3.32387934154448, 0.182553371280865, -0.0918525678743869
-3.32387934154448, 0.17241214679834, -0.104492509841796
-3.32387934154448, 0.160970238536828, -0.115969991636629
-3.32387934154448, 0.148471629158135, -0.126289717904264
-3.32387934154448, 0.135169648866802, -0.135553454275423
-3.32387934154448, 0.121235812270483, -0.143837916989442
-3.32387934154448, 0.10679993913861, -0.151214385486061
-3.32387934154448, 0.0919734638781983, -0.157772088044414
-3.32387934154448, 0.0768834270428162, -0.16370110701258
-3.32387934154448, 0.0616513686482615, -0.169256411233918
-3.32387934154448, 0.0463201309986927, -0.174532056519961
-3.32387934154448, 0.0309144920309073, -0.179586651567673
-3.32387934154448, 0.0154672224758869, -0.184512775391364
-3.32387934154448, 2.49932177777472E-11, -0.189375941509545
-3.25001535617682, 0.226108870365274, -1.22924046921245E-16
-3.25001535617682, 0.226015022395922, -0.017829696936637
-3.25001535617683, 0.2243230422285, -0.0355776472800039
-3.25001535617683, 0.220868109232973, -0.0530666169574069
-3.25001535617683, 0.215510377040252, -0.0700677177617572
-3.25001535617682, 0.208184252472904, -0.0863168355092882
-3.25001535617682, 0.198963795967887, -0.10157133074997
-3.25001535617682, 0.188012511051673, -0.115635821392082
-3.25001535617682, 0.175567459467281, -0.128399447430133
-3.25001535617682, 0.161916688631742, -0.139868174700924
-3.25001535617682, 0.14736518524772, -0.150173244332199
-3.25001535617682, 0.132112013449648, -0.159409681656918
-3.25001535617683, 0.11631360874312, -0.167681432876314
-3.25001535617683, 0.10013365146665, -0.175181888404724
-3.25001535617683, 0.0837087463784268, -0.182131478194874
-3.25001535617682, 0.0671435334403281, -0.188740482490298
-3.25001535617682, 0.0504722518223208, -0.195077257238544
-3.25001535617683, 0.0337108941857265, -0.201171952439463
-3.25001535617682, 0.0168815831617053, -0.207076581720346
-3.25001535617682, 3.00273987138491E-11, -0.212830126650908
-3.17615137080917, 0.242952937665967, -1.04774236268462E-16
-3.17615137080917, 0.243020027489776, -0.0194529085476988
-3.17615137080917, 0.241404764424532, -0.0388370378952113
-3.17615137080917, 0.237913015673267, -0.0579707375574857
-3.17615137080917, 0.232372223815937, -0.0766124423003501
-3.17615137080917, 0.224672775420248, -0.0944695196092755
-3.17615137080917, 0.21486555934155, -0.111261710887553
-3.17615137080917, 0.203112292502271, -0.126755117476948
-3.17615137080917, 0.189682331204442, -0.140822341142205
-3.17615137080917, 0.1749077889515, -0.153474362455962
-3.17615137080917, 0.159139674955895, -0.164867863527045
-3.17615137080917, 0.14260648161772, -0.175121516461835
-3.17615137080917, 0.125490774323252, -0.184373183044418
-3.17615137080917, 0.108004523233668, -0.192906657152604
-3.17615137080917, 0.0902950488647437, -0.200967848722402
-3.17615137080917, 0.0724472938825504, -0.208718555726484
-3.17615137080917, 0.0544863095811658, -0.216203148909176
-3.17615137080917, 0.0364190661156824, -0.223427506259708
-3.17615137080917, 0.018254554699882, -0.230403741912282
-3.17615137080917, 3.50538851676789E-11, -0.237140867515921
-3.10228738544151, 0.259322818873871, -8.26212770482542E-17
-3.10228738544151, 0.259544881321955, -0.021050187323063
-3.10228738544151, 0.257999991611763, -0.0420428718855077
-3.10228738544152, 0.254463554496962, -0.0627913136690135
-3.10228738544151, 0.248730617831725, -0.0830407620249036
-3.10228738544151, 0.240653121722574, -0.102472277069732
-3.10228738544151, 0.230262525521302, -0.12077144517713
-3.10228738544152, 0.217720786604924, -0.137669896061251
-3.10228738544152, 0.203331827727835, -0.1530288400042
-3.10228738544151, 0.187468967611895, -0.166865092628069
-3.10228738544151, 0.170521378619033, -0.179353291992756
-3.10228738544151, 0.152750804197153, -0.190641962444534
-3.10228738544151, 0.134368235663234, -0.20090740339656
-3.10228738544151, 0.115624348748799, -0.210500146951589
-3.10228738544152, 0.0966746848735612, -0.219680443309827
-3.10228738544151, 0.0775837740727929, -0.228563556847747
-3.10228738544151, 0.0583696398129302, -0.237176894861759
-3.10228738544152, 0.0390343536157099, -0.245514686604332
-3.10228738544151, 0.0195777340287806, -0.253565243477078
-3.10228738544151, 4.00742793314111E-11, -0.261316583384843
-3.02842340007386, 0.275173966202929, -5.90711479660788E-17
-3.02842340007386, 0.275557257625875, -0.0225943781832631
-3.02842340007386, 0.274090811717339, -0.0451422372583836
-3.02842340007386, 0.27051383247409, -0.0674507634130786
-3.02842340007386, 0.264586030749602, -0.0892500128246952
-3.02842340007386, 0.256129327615287, -0.110196026514218
-3.02842340007386, 0.245163717193639, -0.12994432128106
-3.02842340007386, 0.231856407809694, -0.14819779030063
-3.02842340007386, 0.216545522777167, -0.164809818931569
-3.02842340007386, 0.199640083923165, -0.179801184361133
-3.02842340007386, 0.181557883900983, -0.193354441658651
-3.02842340007386, 0.162598699679563, -0.205653898774509
-3.02842340007386, 0.143006056915417, -0.216920524476942
-3.02842340007386, 0.1230541425956, -0.227540731219696
-3.02842340007386, 0.102900378333029, -0.237773197831101
-3.02842340007386, 0.0825910363502699, -0.247693460442272
-3.02842340007386, 0.0621423770526834, -0.257323298401374
-3.02842340007386, 0.0415600743288559, -0.266664073981391
-3.02842340007386, 0.0208457970637489, -0.275708386086166
-3.02842340007386, 4.5089907680822E-11, -0.284445261172658
-2.9445594147062, 0.292438585634226, -3.81228987263248E-17
-2.94455941470621, 0.293013411032379, -0.0242583252930448
-2.94455941470621, 0.291645395303963, -0.0484824489429772
-2.9445594147062, 0.288029360764638, -0.0724718522886579
-2.9445594147062, 0.281885444173979, -0.0959383506629144
-2.9445594147062, 0.273011499180485, -0.11851190164447
-2.94455941470621, 0.261421422181737, -0.139818390016362
-2.94455941470621, 0.247291677029886, -0.159533555401004
-2.94455941470621, 0.230996104200422, -0.177503713822581
-2.94455941470621, 0.212977411208766, -0.193750834103351
-2.94455941470621, 0.193676775884159, -0.208456904876562
-2.94455941470621, 0.173439270730035, -0.221848091641093
-2.9445594147062, 0.152547492282662, -0.234197342295682
-2.9445594147062, 0.131285660857336, -0.245900546622997
-2.9445594147062, 0.10980608539229, -0.257199466965061
-2.9445594147062, 0.0881393248090421, -0.268135267564741
-2.9445594147062, 0.0663067863968495, -0.278736339845897
-2.9445594147062, 0.0443285252160479, -0.289031990841479
-2.9445594147062, 0.0222224828412213, -0.299050414666786
-2.9445594147062, 5.07793153161679E-11, -0.308807857200358
-2.76989945128707, 0.325326066888666, -5.70507679620814E-17
-2.76989945128707, 0.326307842688108, -0.0273261581781788
-2.76989945128707, 0.325139555154229, -0.0546420995897842
-2.76989945128707, 0.321447826569383, -0.0817298691028257
-2.76989945128707, 0.314907189585347, -0.108270771826638
-2.76989945128707, 0.305292850354424, -0.133856387919296
-2.76989945128707, 0.292602286092989, -0.158063343419161
-2.76989945128707, 0.277016661153389, -0.180517004870092
-2.76989945128707, 0.258962263184792, -0.201042487928972
-2.76989945128707, 0.238932655596539, -0.219650882884512
-2.76989945128707, 0.2174074686162, -0.236512098405737
-2.76989945128707, 0.194809597861946, -0.251910832364165
-2.76989945128707, 0.171483563786646, -0.266186116385997
-2.76989945128707, 0.147704635772671, -0.279695852829015
-2.76989945128707, 0.123609770548746, -0.292633922823441
-2.76989945128707, 0.0992240569536112, -0.305015256024918
-2.76989945128707, 0.0745992663562002, -0.316914466801861
-2.76989945128707, 0.0498051563168829, -0.32845719883276
-2.76989945128707, 0.0249205950595507, -0.339803904229404
-2.76989945128707, 6.26099921942167E-11, -0.351071286575896
-2.58523948786793, 0.35448474843368, -1.87606469048257E-16
-2.58523948786793, 0.355835329692361, -0.0298665944680902
-2.58523948786793, 0.354803633151872, -0.0597429469857992
-2.58523948786793, 0.35101914470917, -0.0893940335949509
-2.58523948786793, 0.344188939916958, -0.118491864116633
-2.58523948786793, 0.33408842571564, -0.146619307495143
-2.58523948786793, 0.320663503438557, -0.173318770024692
-2.58523948786793, 0.304043792926026, -0.19815641686967
-2.58523948786793, 0.284661088122479, -0.220907814401714
-2.58523948786793, 0.263038405894748, -0.241547827332658
-2.58523948786793, 0.239702474551641, -0.260234653471356
-2.58523948786793, 0.215114733610904, -0.277245904628235
-2.58523948786793, 0.189633769851202, -0.292891151205263
-2.58523948786793, 0.163525914118199, -0.307468839644826
-2.58523948786793, 0.136938602074025, -0.321153073720982
-2.58523948786793, 0.109932741416917, -0.33399219563797
-2.58523948786793, 0.0826086908461278, -0.346140674756403
-2.58523948786793, 0.0550917866839686, -0.35784689943718
-2.58523948786793, 0.0275237497666815, -0.369432533227866
-2.58523948786793, 7.5078406764289E-11, -0.381122857276429
-2.40057952444879, 0.376376271169104, -2.87332300220256E-16
-2.40057952444879, 0.377846032024983, -0.0316550227542394
-2.40057952444879, 0.376809897268675, -0.0633244320089778
-2.40057952444879, 0.372942578689068, -0.0947718784877325
-2.40057952444879, 0.36599159126077, -0.125681648697996
-2.40057952444879, 0.355724475899889, -0.155650760519141
-2.40057952444879, 0.342026595309366, -0.184212558042602
-2.40057952444879, 0.324918540588087, -0.210871300804945
-2.40057952444879, 0.304773825862528, -0.23531983955965
-2.40057952444879, 0.282116703513702, -0.257465935937749
-2.40057952444879, 0.257503070740525, -0.277420928812398
-2.40057952444879, 0.231431771571454, -0.295435563156981
-2.40057952444879, 0.204283448422059, -0.3117859136666
-2.40057952444879, 0.176329464221523, -0.326720094699919
-2.40057952444879, 0.147736553376913, -0.340392122102792
-2.40057952444879, 0.118603431875805, -0.352873232741469
-2.40057952444879, 0.0890874314037018, -0.364422506413408
-2.40057952444879, 0.0593659851592507, -0.375434450523144
-2.40057952444879, 0.0296256439878689, -0.386395523262761
-2.40057952444879, 8.74591917526956E-11, -0.397662237614085
-2.21591956102965, 0.390151919238628, -2.72716485686899E-16
-2.21591956102965, 0.391473855262347, -0.0327320568072387
-2.21591956102965, 0.390324899194972, -0.0654680950288135
-2.21591956102965, 0.386409179379267, -0.0979876711206103
-2.21591956102965, 0.379466925956388, -0.129995190606739
-2.21591956102965, 0.369237573535848, -0.161105736791901
-2.21591956102965, 0.355563722716176, -0.190860267136894
-2.21591956102965, 0.338364760774123, -0.218724011317565
-2.21591956102965, 0.317925673726286, -0.244308235849644
-2.21591956102965, 0.294745624063405, -0.267443456004102
-2.21591956102965, 0.269378690972202, -0.288163380438441
-2.21591956102965, 0.242366991329328, -0.306694879335232
-2.21591956102965, 0.214134248042737, -0.323311245738383
-2.21591956102965, 0.184967558675542, -0.338230785381507
-2.21591956102965, 0.155044474618476, -0.351569416969488
-2.21591956102965, 0.124488399249318, -0.363388783535351
-2.21591956102965, 0.0935036372913095, -0.37403862423121
-2.21591956102965, 0.0622995658202998, -0.384031188262153
-2.21591956102965, 0.0310794866318008, -0.393973972309
-2.21591956102965, 9.97288005759228E-11, -0.404346382484517
-2.03125959761052, 0.395783983579413, -1.8315158862037E-16
-2.03125959761052, 0.396899804649856, -0.0331826867160306
-2.03125959761052, 0.395661525200336, -0.06635865703915
-2.03125959761052, 0.391732218885735, -0.0993222222199251
-2.03125959761052, 0.384796556768073, -0.131783563144945
-2.03125959761052, 0.374564689452775, -0.163358277240447
-2.03125959761052, 0.360871111744401, -0.193590027170669
-2.03125959761052, 0.343663109105567, -0.221967098714531
-2.03125959761052, 0.323201956990694, -0.248097584972881
-2.03125959761052, 0.299948047892518, -0.271781630339054
-2.03125959761052, 0.274425154347353, -0.293006107415102
-2.03125959761052, 0.247146891450455, -0.311927589034646
-2.03125959761052, 0.218534865385217, -0.328769040056603
-2.03125959761052, 0.188904576826023, -0.343750307763315
-2.03125959761052, 0.158451055148078, -0.356979011112318
-2.03125959761052, 0.127316302069513, -0.368516495150169
-2.03125959761052, 0.0957120666843495, -0.378703360185546
-2.03125959761052, 0.0638420073232636, -0.388030112863815
-2.03125959761052, 0.0318932654594717, -0.397085288357283
-2.03125959761052, 1.11902034959023E-10, -0.406333260319195
-1.84659963419138, 0.393623644684932, -1.05126154051495E-16
-1.84659963419138, 0.394440700487576, -0.0330607928929117
-1.84659963419138, 0.392968649143118, -0.0660967227907657
-1.84659963419138, 0.388841505138804, -0.0989043293321008
-1.84659963419138, 0.38172198158498, -0.131192102789146
-1.84659963419138, 0.371334898523571, -0.162578515469715
-1.84659963419138, 0.357555105643762, -0.192628586002901
-1.84659963419138, 0.340441501112594, -0.220912739290304
-1.84659963419138, 0.320273867095114, -0.247108477648838
-1.84659963419138, 0.297455394786364, -0.271034255636194
-1.84659963419138, 0.272444281056786, -0.292661381101811
-1.84659963419138, 0.245642039430739, -0.312027847368267
-1.84659963419138, 0.21741004829741, -0.329247960750059
-1.84659963419138, 0.18809616361439, -0.34455818422591
-1.84659963419138, 0.157918364249568, -0.358087396295361
-1.84659963419138, 0.127028840636035, -0.369904398619439
-1.84659963419138, 0.095622724798577, -0.380275297558123
-1.84659963419138, 0.0638836570482846, -0.389582321516369
-1.84659963419138, 0.0319756138456133, -0.39829525224807
-1.84659963419138, 1.24010515508104E-10, -0.406757539168581
-1.66193967077224, 0.384059293463312, -1.24353798748754E-16
-1.66193967077224, 0.384278463945363, -0.0324010448648614
-1.66193967077224, 0.382116756186046, -0.0647289907944991
-1.66193967077224, 0.37732823158938, -0.0967715350394878
-1.66193967077224, 0.369686769092401, -0.128253820306727
-1.66193967077224, 0.359017242509873, -0.158840856462256
-1.66193967077224, 0.345283594854474, -0.188179432785482
-1.66193967077224, 0.328597741683641, -0.215945612035279
-1.66193967077224, 0.3092096608568, -0.241898399866658
-1.66193967077224, 0.287436319282884, -0.265887599012372
-1.66193967077224, 0.26363088819475, -0.287863853556605
-1.66193967077224, 0.238050593772974, -0.307746708983908
-1.66193967077224, 0.210961470897169, -0.325522867153961
-1.66193967077224, 0.182721276858464, -0.341411260243074
-1.66193967077224, 0.153566292836389, -0.355552570667995
-1.66193967077224, 0.12365565891551, -0.368018693933992
-1.66193967077224, 0.0931817342004265, -0.379040334842133
-1.66193967077224, 0.0623231560317709, -0.38893799421749
-1.66193967077224, 0.0312327158620351, -0.398084002418714
-1.66193967077224, 1.36093024949889E-10, -0.406732614827407
-1.4772797073531, 0.36668087885769, -1.45162013858425E-16
-1.4772797073531, 0.365842279393554, -0.0311938944069055
-1.4772797073531, 0.362670579267671, -0.0622365636310335
-1.4772797073531, 0.357066971131382, -0.0929327679286696
-1.4772797073531, 0.348920134714641, -0.123052762537561
-1.4772797073531, 0.338161605793224, -0.152340914883135
-1.4772797073531, 0.324828848207173, -0.180550344134671
-1.4772797073531, 0.309019741199317, -0.207450433202111
-1.4772797073531, 0.290920901734073, -0.232867400870081
-1.4772797073531, 0.27075952093572, -0.256682691192473
-1.4772797073531, 0.248768605144284, -0.278820598303979
-1.4772797073531, 0.225089805441816, -0.299142417820527
-1.4772797073531, 0.199887481694715, -0.317542755877184
-1.4772797073531, 0.173442784068675, -0.334110814728965
-1.4772797073531, 0.145986979256074, -0.348945114827179
-1.4772797073531, 0.117705134181452, -0.362139023041304
-1.4772797073531, 0.0887970961156017, -0.373901150470907
-1.4772797073531, 0.0594474114019442, -0.384516871193521
-1.4772797073531, 0.02981641456512, -0.394322553356435
-1.4772797073531, 1.48172372332561E-10, -0.403550023726428
-1.29261974393396, 0.341165460639847, -7.44153393024089E-17
-1.29261974393396, 0.338817602504698, -0.0293920567954721
-1.29261974393396, 0.334582581355971, -0.0585714466706956
-1.29261974393396, 0.328383385746762, -0.0873968514397546
-1.29261974393396, 0.320113359960684, -0.11569686155594
-1.29261974393396, 0.309731061011422, -0.143291702593397
-1.29261974393397, 0.297278159593264, -0.170016039978392
-1.29261974393396, 0.282813324675789, -0.195707113910922
-1.29261974393396, 0.266458709667614, -0.22023913156727
-1.29261974393396, 0.248369783739975, -0.243522365690887
-1.29261974393396, 0.228678497346387, -0.265467268824337
-1.29261974393396, 0.207474775150601, -0.285954264590797
-1.29261974393396, 0.184846391360833, -0.304855473314713
-1.29261974393396, 0.160878630625604, -0.322026091591121
-1.29261974393396, 0.135747766837652, -0.337446755176899
-1.29261974393396, 0.109686550499129, -0.35123964026732
-1.29261974393396, 0.0828996349127371, -0.363566713919901
-1.29261974393396, 0.0555768786654978, -0.374659200596608
-1.29261974393396, 0.0279054273316133, -0.384853602963246
-1.29261974393396, 1.6026543738037E-10, -0.394390039394623
-1.09795978051483, 0.306411578625415, -3.43905840854121E-17
-1.09795978051483, 0.302482176815726, -0.0268907994197215
-1.09795978051483, 0.297225436526721, -0.0535535423057282
-1.09795978051483, 0.290567386051463, -0.0799008191926974
-1.09795978051483, 0.282401964744661, -0.105819940659334
-1.09795978051483, 0.272675583841834, -0.131194325308583
-1.09795978051483, 0.261401403114136, -0.155919850820185
-1.09795978051483, 0.248602106508181, -0.179891282972973
-1.09795978051483, 0.234339095237567, -0.203022040976789
-1.09795978051483, 0.218706530702281, -0.225250347518465
-1.09795978051483, 0.201769893211162, -0.246501763381389
-1.09795978051483, 0.183582984362584, -0.266693546896343
-1.09795978051483, 0.164166201136069, -0.285704217691854
-1.09795978051483, 0.143420753843852, -0.303252912061583
-1.09795978051483, 0.12142795377931, -0.319212324938611
-1.09795978051483, 0.0984134866212341, -0.333661704320817
-1.09795978051483, 0.0745865495114032, -0.346730246894394
-1.09795978051483, 0.0501349964956523, -0.358591680385151
-1.09795978051483, 0.0252333785029972, -0.369478862270571
-1.09795978051483, 1.73048956010686E-10, -0.379574474124541
-1.03409579514717, 0.293437167653115, -4.47198761479265E-17
-1.03409579514717, 0.289071779826075, -0.0259518876440483
-1.03409579514717, 0.283529570710428, -0.0516778745850571
-1.03409579514717, 0.276751196925357, -0.0771057373350875
-1.03409579514717, 0.268643102782009, -0.102140792275878
-1.03409579514717, 0.259149033672012, -0.126683516989262
-1.03409579514717, 0.248273147031639, -0.150645880838178
-1.03409579514717, 0.236030722956908, -0.173939567304343
-1.03409579514717, 0.222467560011576, -0.196490025708982
-1.03409579514717, 0.207660415017721, -0.21824404740367
-1.03409579514717, 0.191660578946827, -0.23913642945273
-1.03409579514717, 0.174509254564499, -0.259094305707111
-1.03409579514717, 0.156207438793213, -0.278001287109893
-1.03409579514717, 0.136624286652084, -0.295575209153289
-1.03409579514717, 0.115809725502736, -0.311672984377431
-1.03409579514717, 0.0939643809308659, -0.326343330436315
-1.03409579514717, 0.0712942332824749, -0.339706039672228
-1.03409579514717, 0.047981922689987, -0.351916004516791
-1.03409579514717, 0.0241800743160084, -0.363143560016933
-1.03409579514717, 1.7726114970418E-10, -0.373532614735947
-0.960231809779516, 0.277526482162289, -6.30381291498647E-17
-0.960231809779516, 0.272723273369497, -0.0247942115241762
-0.960231809779516, 0.26689860486176, -0.0493683543049249
-0.960231809779516, 0.260013942334049, -0.0736665768270999
-0.960231809779517, 0.251993327985914, -0.0976134276822774
-0.960231809779516, 0.242780315654173, -0.121127054045928
-0.960231809779516, 0.232370523833562, -0.144135840153132
-0.960231809779516, 0.220773210660952, -0.166569391090673
-0.960231809779517, 0.208020153778528, -0.188366818039805
-0.960231809779517, 0.194170403570244, -0.209484502754882
-0.960231809779516, 0.17926105635574, -0.229867854499802
-0.960231809779517, 0.163320143227313, -0.249454945886578
-0.960231809779516, 0.146331830211194, -0.268139586073848
-0.960231809779516, 0.128144945466722, -0.285657454579605
-0.960231809779516, 0.108773767626208, -0.301856834671299
-0.960231809779517, 0.0883785765828712, -0.316747689854453
-0.960231809779517, 0.0671536326121048, -0.330431975164036
-0.960231809779516, 0.0452712120952408, -0.343039607101025
-0.960231809779517, 0.0228534111322117, -0.354669776017195
-0.960231809779516, 1.82154929083259E-10, -0.365419678289551
-0.886367824411861, 0.260689510809757, -8.0894215273519E-17
-0.886367824411861, 0.255528412545682, -0.0235584056857071
-0.886367824411861, 0.249485345643019, -0.0469060652423327
-0.886367824411861, 0.242541762711044, -0.0700017500372911
-0.886367824411861, 0.234639253628929, -0.0927868281443322
-0.886367824411862, 0.225725129693537, -0.115195275936728
-0.886367824411861, 0.215789588748162, -0.137169881313018
-0.886367824411861, 0.204838204843226, -0.15865617155906
-0.886367824411861, 0.192893503648443, -0.179606637062008
-0.886367824411862, 0.180000206752303, -0.199987088046388
-0.886367824411861, 0.166182310143792, -0.219752286911749
-0.886367824411861, 0.151456401635057, -0.238850499975439
-0.886367824411861, 0.135798142729546, -0.257191032919996
-0.886367824411861, 0.119054784473707, -0.274544717503073
-0.886367824411861, 0.101205266371263, -0.29075862925156
-0.886367824411861, 0.0823578409748471, -0.305801672161063
-0.886367824411861, 0.0626830098949298, -0.319746863440504
-0.886367824411861, 0.0423370408697008, -0.332694144391686
-0.886367824411861, 0.0214136616353822, -0.34468654221399
-0.886367824411861, 1.87080700873013E-10, -0.355780568521114
-0.812503839044206, 0.242973194228626, -9.13038540482477E-17
-0.812503839044206, 0.237543358504173, -0.0222413757631263
-0.812503839044206, 0.231359669303756, -0.044285045877428
-0.812503839044206, 0.224417571529885, -0.0661016462401599
-0.812503839044206, 0.216673439047772, -0.0876463782146977
-0.812503839044206, 0.208082650409438, -0.108867560377567
-0.812503839044206, 0.198634060308864, -0.129720931974186
-0.812503839044206, 0.188331450754418, -0.150165782431423
-0.812503839044206, 0.177192769455479, -0.170167506002339
-0.812503839044206, 0.165252528916137, -0.189701337359907
-0.812503839044206, 0.152522193061972, -0.208729622339232
-0.812503839044206, 0.139007985158999, -0.227209347023806
-0.812503839044206, 0.124685963644668, -0.245069595970051
-0.812503839044206, 0.109422990961533, -0.26213134089817
-0.812503839044206, 0.0931640042368576, -0.2782464032619
-0.812503839044206, 0.0759516514936991, -0.29333911481902
-0.812503839044206, 0.0579181284831489, -0.307441729794025
-0.812503839044206, 0.0391974524418853, -0.320619109343451
-0.812503839044206, 0.0198658376666319, -0.332883067584223
-0.812503839044206, 1.92044648498478E-10, -0.344261890058212
-0.738639853676551, 0.224418078935856, -9.35000072362736E-17
-0.738639853676551, 0.218816755043554, -0.0208347604314182
-0.738639853676551, 0.212580385468931, -0.0414883425728629
-0.738639853676551, 0.205711277590248, -0.0619401255543906
-0.738639853676551, 0.198178004230811, -0.0821565494768149
-0.738639853676551, 0.189946702972452, -0.102098849160935
-0.738639853676551, 0.181008223048056, -0.121734335957294
-0.738639853676551, 0.171365803354748, -0.141033841043426
-0.738639853676551, 0.161035952765136, -0.159974382767204
-0.738639853676551, 0.150046742066834, -0.17854014397545
-0.738639853676551, 0.138398802067493, -0.196699784290992
-0.738639853676551, 0.126088892059417, -0.21441730409038
-0.738639853676551, 0.113098356332569, -0.231641608105661
-0.738639853676551, 0.0993321953662448, -0.248251713427911
-0.738639853676551, 0.084710533617134, -0.264113163196846
-0.738639853676551, 0.0692001211582554, -0.279106330752617
-0.738639853676551, 0.0528834624643647, -0.293218647349575
-0.738639853676551, 0.0358662580234254, -0.306478202158433
-0.738639853676551, 0.0182157239162193, -0.318882487318987
-0.738639853676551, 1.97034362884978E-10, -0.330441212631751
-0.664775868308896, 0.205062985911531, -8.93680529269802E-17
-0.664775868308896, 0.199395294702351, -0.0193259099621447
-0.664775868308896, 0.193202893079231, -0.0384901560948009
-0.664775868308896, 0.186489269182558, -0.0574780451545045
-0.664775868308896, 0.179233492265476, -0.0762653528007975
-0.664775868308896, 0.171412953500544, -0.0948246099073546
-0.664775868308896, 0.163022232896026, -0.113133143160487
-0.664775868308896, 0.154064685431217, -0.131171101730428
-0.664775868308896, 0.144556545358959, -0.148925073371089
-0.664775868308896, 0.134521931550228, -0.166386879406355
-0.664775868308896, 0.123953532603234, -0.183530808774938
-0.664775868308896, 0.11284029693639, -0.200326604361024
-0.664775868308896, 0.101169369271432, -0.216739604756012
-0.664775868308896, 0.0888928528484315, -0.232704331441257
-0.664775868308896, 0.0759228236679933, -0.248110019229215
-0.664775868308896, 0.0621515463548005, -0.2628031097128
-0.664775868308896, 0.0476071679021924, -0.276731729545965
-0.664775868308896, 0.0323617647644238, -0.289889554390764
-0.664775868308896, 0.0164730186527576, -0.302263053441104
-0.664775868308896, 2.020293975605E-10, -0.313847559827472
-0.590911882941241, 0.184948449603937, -8.088608195892E-17
-0.590911882941241, 0.179328217956077, -0.0176986409636437
-0.590911882941241, 0.173285660290724, -0.0352575848149689
-0.590911882941241, 0.16682228669488, -0.0526660054560473
-0.590911882941241, 0.15992638127194, -0.0699076147753881
-0.590911882941241, 0.152585096234161, -0.0869643163334765
-0.590911882941241, 0.144796735193611, -0.103821568713089
-0.590911882941241, 0.13656487527843, -0.120466737061027
-0.590911882941241, 0.127904912508921, -0.136893307778357
-0.590911882941241, 0.118837688494252, -0.153098631833588
-0.590911882941241, 0.109351405649253, -0.169062188083124
-0.590911882941241, 0.0994301062995902, -0.184759022109036
-0.590911882941241, 0.0890649571193629, -0.200166323944711
-0.590911882941241, 0.0782499454368805, -0.215261178504926
-0.590911882941241, 0.0669071155044476, -0.229962702293905
-0.590911882941241, 0.0548755264884175, -0.244105182019782
-0.590911882941241, 0.0421330509169454, -0.257610706975799
-0.590911882941241, 0.0287135291303481, -0.270443694191979
-0.590911882941241, 0.0146534978020669, -0.282571610089671
-0.590911882941241, 2.07008045307694E-10, -0.293975501605677
-0.517047897573586, 0.164112708297101, -7.04188948287368E-17
-0.517047897573586, 0.158663830694568, -0.0159358705691106
-0.517047897573586, 0.152887044511546, -0.0317558206443408
-0.517047897573586, 0.146781970125796, -0.047451999048923
-0.517047897573586, 0.140344767831108, -0.0630148873419225
-0.517047897573586, 0.133569277121028, -0.0784334956510134
-0.517047897573586, 0.126455879584537, -0.0936991572577694
-0.517047897573586, 0.119007978120388, -0.108804437403102
-0.517047897573586, 0.111238247845977, -0.123746770369337
-0.517047897573586, 0.103163062163204, -0.13852625987722
-0.517047897573586, 0.0947694444263386, -0.153127199646151
-0.517047897573586, 0.0860407267936736, -0.167530270672574
-0.517047897573586, 0.0769701667140703, -0.181720541543152
-0.517047897573586, 0.0675732492127954, -0.195696874855261
-0.517047897573586, 0.0577934434015681, -0.209407436867364
-0.517047897573586, 0.0474620892759439, -0.22270653749544
-0.517047897573586, 0.0365212844033723, -0.235508766449062
-0.517047897573585, 0.0249622589219005, -0.247755375456811
-0.517047897573586, 0.0127784454156566, -0.259380355854851
-0.517047897573586, 2.11955985717469E-10, -0.270348462493843
-0.443183912205931, 0.142562606191662, -6.2802663513909E-17
-0.443183912205931, 0.137419986040607, -0.0140429012514531
-0.443183912205931, 0.132034578492428, -0.0279944875933631
-0.443183912205931, 0.126405591017423, -0.0418495921443601
-0.443183912205931, 0.120535011077756, -0.0556040662107809
-0.443183912205931, 0.114420596376793, -0.0692518883316403
-0.443183912205931, 0.108063188341233, -0.0827882307269001
-0.443183912205931, 0.101465457683474, -0.0962090764974354
-0.443183912205931, 0.0946359932996555, -0.109513520177098
-0.443183912205931, 0.087585580840518, -0.122702204646632
-0.443183912205931, 0.0803023529329407, -0.135763724752444
-0.44318391220593, 0.0727724207394844, -0.148684566933426
-0.443183912205931, 0.0649907471809227, -0.161455378821425
-0.443183912205931, 0.0569735837721372, -0.174079730295187
-0.443183912205931, 0.0486867442472024, -0.186528416488175
-0.443183912205931, 0.0399983828614923, -0.198699753527797
-0.44318391220593, 0.0308343956969774, -0.210516842458612
-0.443183912205931, 0.0211437269392736, -0.221905454301779
-0.443183912205931, 0.010862433680504, -0.232763261716856
-0.443183912205931, 2.16927881056115E-10, -0.243039844636196
-0.387805154489731, 0.125931571352898, -6.26835514125577E-17
-0.389533340503754, 0.121215359452157, -0.0136468519455994
-0.391330737328165, 0.116310271559501, -0.0272179605281903
-0.393197298726591, 0.111216433853787, -0.0407099756810286
-0.395132009821991, 0.105936615929916, -0.0541206419914266
-0.397135746550323, 0.100468427362578, -0.0674454112105619
-0.399208505766222, 0.0948118767354648, -0.0806806896960439
-0.401350011900653, 0.0889677160752319, -0.0938231868326808
-0.403557586302042, 0.0829432554100482, -0.106873027683739
-0.405831628672347, 0.0767374039550559, -0.119826073064432
-0.408177545623554, 0.070335407090334, -0.132670358221326
-0.410598817074768, 0.0637277681322114, -0.145395948954046
-0.413095337279295, 0.0569147756629429, -0.157998132653511
-0.415664232107389, 0.0499042731697507, -0.170476814292193
-0.418328937727688, 0.0426323034532667, -0.182784299100902
-0.421123574615557, 0.0350057518888686, -0.194845596194111
-0.424066956841398, 0.0269732749625988, -0.206603947416293
-0.427178933920769, 0.018480703435303, -0.21798920183416
-0.430476609057638, 0.00948136274823381, -0.228923720012313
-0.433950914034974, 1.08777791899599E-10, -0.239386223208648
-0.34823053794371, 0.113795180107404, -1.85190357984958E-16
-0.351298754644922, 0.109389928202446, -0.0135087623920479
-0.35447490628656, 0.104829706603942, -0.0269409248648891
-0.357757644947344, 0.100116450616129, -0.0402944140674649
-0.361145077123121, 0.0952528788744832, -0.0535676068346802
-0.36463865666448, 0.0902369039847004, -0.0667562965751335
-0.368238759427794, 0.0850679863036692, -0.0798569863429137
-0.371944692143762, 0.0797471212062939, -0.0928670262219879
-0.375753219150652, 0.0742789543569453, -0.105786040692329
-0.379670034578217, 0.0686553102978952, -0.11860552223838
-0.383702825252247, 0.0628651525192583, -0.131314421854134
-0.387855192793287, 0.0569033099241703, -0.143904874344218
-0.39212432802176, 0.0507738158469352, -0.156375217416793
-0.39651635466383, 0.044467878028409, -0.1687141066697
-0.401076583210801, 0.0379204410479472, -0.18086449279444
-0.405846055069231, 0.0310725789064993, -0.192766172702724
-0.410851571518273, 0.0238858111453665, -0.204367042859952
-0.416123811069236, 0.0163160904942472, -0.215599995889935
-0.421677100135108, 0.008342847577725, -0.226410373315069
-0.427487815315304, 1.08998067100427E-10, -0.236798486960871
-0.316966766054085, 0.10405795054155, -1.92285111927857E-16
-0.321111004654438, 0.0999137119411957, -0.0134252198866826
-0.325385787075611, 0.0956389295200227, -0.0267683142532399
-0.329787695218076, 0.0912370213775585, -0.0400284968063528
-0.334314424743951, 0.0867102918516829, -0.0532043560870945
-0.338967615304065, 0.0820571012915695, -0.0662918122736106
-0.343748345914973, 0.0772763706806615, -0.0792869998454947
-0.348654997111454, 0.0723697194841806, -0.0921879853454134
-0.353686852675786, 0.0673378639198487, -0.104992138662354
-0.358853746814953, 0.0621709697806809, -0.117688250400105
-0.364162227208202, 0.0568624893874322, -0.130266985355151
-0.369614557926525, 0.0514101586691093, -0.142722047137478
-0.37520741345427, 0.045817303141364, -0.155051868650174
-0.380962741081509, 0.0400619755141249, -0.16723107509239
-0.386930894443706, 0.034093822151928, -0.179203437791937
-0.393151557115508, 0.0278731594801263, -0.190915708532017
-0.399655245901604, 0.0213694706940299, -0.202316071354276
-0.406473586678652, 0.0145511299176965, -0.213342340000094
-0.413608181283873, 0.00741653537023371, -0.223960991516237
-0.421024716595634, 1.09218860109758E-10, -0.234186204783153
-0.287632408702765, 0.0948007633719504, -2.02262377531243E-16
-0.292824252772261, 0.0909230839607073, -0.0133699755730448
-0.298162970690272, 0.0869357075534033, -0.0266495314064972
-0.303642803066181, 0.0828429357180593, -0.0398392514795499
-0.309260944708618, 0.0786468635932583, -0.0529380064298035
-0.315019238893158, 0.0743461144751433, -0.0659415990093175
-0.320919549886278, 0.0699392959821949, -0.078845628351201
-0.326959432532965, 0.0654282343493948, -0.0916486731192246
-0.333143256642083, 0.0608096658581792, -0.104344195917267
-0.33948149341745, 0.056075769786101, -0.116920510455006
-0.345978283260187, 0.0512234537544287, -0.129370135855896
-0.352634694505469, 0.046251919846034, -0.141687702582054
-0.359452199578339, 0.0411600683375418, -0.153867199539182
-0.366464979030651, 0.035922370491878, -0.165872576227223
-0.373719857098108, 0.0305038542697614, -0.177651508414244
-0.381253947943451, 0.0248767998816932, -0.189153952958335
-0.389099034743358, 0.0190174691398182, -0.200327553480187
-0.397279328515084, 0.0129077793484582, -0.211120029886995
-0.405780163504027, 0.00655868410192765, -0.221519656773272
-0.414561617875964, 1.09440202532787E-10, -0.231549664732576
-0.258030178651264, 0.0853413516550676, -1.04784618019665E-16
-0.264328654565357, 0.0817595138999048, -0.0133398320012822
-0.270787220859234, 0.0780866354272141, -0.0265779679372165
-0.277397297895129, 0.0743275953332876, -0.0397167751624107
-0.284155646274224, 0.0704842358099744, -0.0527553739215584
-0.291064687583019, 0.0665551797415929, -0.0656890121486298
-0.298126340611761, 0.0625393359442678, -0.0785131105700872
-0.305338988806095, 0.0584376237253854, -0.0912255014976758
-0.312712150846546, 0.0542446299707643, -0.103815412080628
-0.320252785351352, 0.0499563974307674, -0.116273350182192
-0.327963556045132, 0.0455714112898202, -0.128592681666427
-0.335845922991734, 0.0410888412340687, -0.140767441494347
-0.343910800628278, 0.0365024804059346, -0.152782895357903
-0.352194003690481, 0.0317919615650993, -0.164600001988105
-0.360738667415884, 0.0269327544244733, -0.17616792476187
-0.369577743449366, 0.0219061199355421, -0.187439106022222
-0.378740474470398, 0.0166954282762945, -0.198362665317307
-0.38823646403209, 0.0112952180800085, -0.208902808113043
-0.3980358586704, 0.00572246654461555, -0.219069020533135
-0.408098519156295, 1.09662126038479E-10, -0.228889157605307
-0.22664754163941, 0.0751959706164555, -2.32707684484499E-16
-0.234179799611096, 0.0719592010012819, -0.0133367213257462
-0.241883394915562, 0.068648804131868, -0.0265569952588973
-0.2497470328476, 0.0652696335805113, -0.0396651823614621
-0.257766249458034, 0.0618236076000261, -0.0526612254727028
-0.265945787430951, 0.0583086881593461, -0.06553834595288
-0.274285924379832, 0.0547247559621221, -0.0782928505415807
-0.282789483655821, 0.0510705977550067, -0.0909188488534866
-0.291466317295711, 0.0473419799106524, -0.103404393274675
-0.300318372074161, 0.0435380658590568, -0.115743355288331
-0.309350314419322, 0.0396568503379333, -0.127926882510273
-0.318565624516712, 0.0356968378383937, -0.139946619636781
-0.327980100084312, 0.0316512397488771, -0.151782016564407
-0.33762817550474, 0.0275052588911937, -0.163392239113748
-0.347548891613438, 0.0232421185975263, -0.17472684245443
-0.357769575456927, 0.0188500758614364, -0.185740991927456
-0.368309342790187, 0.0143209162411033, -0.196392831079797
-0.379159004836936, 0.00965858837105845, -0.206669575765076
-0.390279566543357, 0.00487984925233443, -0.216597563854051
-0.401635420436625, 1.09884662354058E-10, -0.226204976894735
-0.19192069055598, 0.06384981993036, -2.52166791629823E-16
-0.200887278637949, 0.0610330403987358, -0.0133686076263271
-0.210037274038854, 0.0581586449738416, -0.026599978607333
-0.219355391796796, 0.0552314353001181, -0.0397018314782962
-0.228836331489266, 0.0522530764614852, -0.0526746940686439
-0.238487326052428, 0.0492212962908322, -0.0655090427618702
-0.248306308055694, 0.0461367442543889, -0.0782026158107829
-0.258301773652264, 0.0429967513558539, -0.0907439148554972
-0.268476987364845, 0.0398002920724021, -0.103125381530444
-0.27883587705112, 0.0365461325000086, -0.11533832749219
-0.289385088106471, 0.033232185042642, -0.127370946509021
-0.300125385151334, 0.0298582095011126, -0.139216359762781
-0.311073571024336, 0.0264189274025515, -0.150850679370481
-0.322268145062541, 0.0229022444984403, -0.16222431069434
-0.333736342923798, 0.0192996049319856, -0.173294238243599
-0.345497758891174, 0.0156048533211203, -0.184020709146508
-0.357552197935209, 0.0118180509356108, -0.194383635805851
-0.369872797563695, 0.00794763643511106, -0.204396930501234
-0.382422204834868, 0.00400534391704419, -0.214093168051652
-0.395172321716955, 1.1010784325944E-10, -0.223497418748509
-0.151781442031829, 0.0506100463117367, -2.7227653848953E-16
-0.162474935575693, 0.0483258135329385, -0.0134578736036988
-0.173373054379783, 0.0459978708360617, -0.0267430245392041
-0.184449098828499, 0.0436319215150653, -0.0398734552835026
-0.195704075332207, 0.0412277505910434, -0.0528437764434163
-0.207137148764236, 0.0387855364550623, -0.0656502035064699
-0.218749863469697, 0.0363049492201948, -0.0782864619948314
-0.230546036999913, 0.0337851734208657, -0.0907437677468295
-0.242530037207694, 0.0312252760418239, -0.103012142418492
-0.254712305227472, 0.0286230267566174, -0.115074590935855
-0.267085033415837, 0.0259800933527589, -0.126932630091532
-0.279650754217399, 0.0232959348757918, -0.138576456555895
-0.292440987398558, 0.0205638184013175, -0.149961665376441
-0.305478771208522, 0.0177788227383526, -0.161049270213441
-0.318779484182839, 0.0149376628842136, -0.171805284550176
-0.332341959907869, 0.0120405879960539, -0.182213911016764
-0.346145384748176, 0.00909204408392848, -0.192286031005798
-0.360157445710417, 0.00609893351499534, -0.202052410103856
-0.374351801002538, 0.00306688312862305, -0.211539633009877
-0.388709222997285, 1.10331700581627E-10, -0.220766781924485
-0.103029121026638, 0.034402758817144, -1.8353287984197E-16
-0.115851464658645, 0.0328228980267682, -0.0136840623125012
-0.128938172336568, 0.0312104645334205, -0.0271118210917445
-0.14224045192425, 0.0295714700916605, -0.0403227755904856
-0.155749685439159, 0.0279069765364448, -0.0533188633151755
-0.169451520144799, 0.0262187522906355, -0.0661086094692424
-0.183345861826648, 0.0245068089625495, -0.0786857384599566
-0.197443375583901, 0.0227698324888203, -0.0910311466062013
-0.21174375448282, 0.0210078606872281, -0.103137422878187
-0.226228680479622, 0.0192231505522789, -0.115018895657658
-0.240911285468309, 0.0174140840830025, -0.126651318783243
-0.255812709469079, 0.0155780565848144, -0.137997668410957
-0.27094375822973, 0.0137137366648156, -0.149031122268358
-0.286304704389509, 0.0118210907307033, -0.159737235620082
-0.301881094762588, 0.00990189958335534, -0.170122599112858
-0.317650224370367, 0.00795896075180495, -0.180208473314275
-0.333587598008427, 0.00599529232414771, -0.190022297612807
-0.349674594651856, 0.00401318861721139, -0.199585148977708
-0.365897420466259, 0.00201434918238167, -0.208912182225596
-0.382246124277615, 1.10556266189045E-10, -0.218013367745602
-0.0400257226523715, 0.01336127300358, -2.88628320255427E-16
-0.0552614630644666, 0.0127549752840786, -0.0145698059759104
-0.0711543732667403, 0.0121225258624385, -0.0284216610266976
-0.0874318487930944, 0.0114747728800473, -0.0418198067870517
-0.104003289168636, 0.0108153217318397, -0.0548521808401004
-0.120834037421812, 0.010145551572504, -0.0675474938419542
-0.137889564740816, 0.0094668364566832, -0.0799387717608144
-0.155162366266852, 0.00877947503601169, -0.0920248259597191
-0.17265314917021, 0.00808343916904549, -0.103792663414395
-0.190360241233832, 0.00737879540072181, -0.115231910275825
-0.208273774490863, 0.00666593642123085, -0.126344615583824
-0.226376185405315, 0.00594556116160769, -0.137146495870032
-0.244644265276923, 0.00521859319902427, -0.147665414804666
-0.263056217222769, 0.00448589992817552, -0.157930099618784
-0.281592460687083, 0.00374826054626404, -0.167968303935515
-0.300236421018898, 0.00300633464143129, -0.17780472295388
-0.318980364166211, 0.00226042999454231, -0.187448955829845
-0.337820723981238, 0.00151068850710481, -0.196903152715076
-0.356755276771836, 0.000757198658288096, -0.206166955802537
-0.375783025557945, 1.10781571985852E-10, -0.215237480053696
