-2.60359686244588, 0.202077615875708, -2.22044604925031E-16
-2.60359686244747, 0.198255377103945, -0.0197734566889393
-2.60359686244909, 0.194202262224998, -0.039500847381724
-2.60359686245075, 0.189896717613634, -0.0591746716656515
-2.60359686245246, 0.185321777842911, -0.0787875795896491
-2.60359686245422, 0.180456362039328, -0.0983304179119303
-2.60359686245607, 0.175267331108218, -0.117789766079636
-2.603596862458, 0.169715243626953, -0.137148611826683
-2.60359686246005, 0.16380292053964, -0.156400519560984
-2.60359686246226, 0.157412168433029, -0.175498219481353
-2.60359686246476, 0.150244960785058, -0.194317768491777
-2.60359686246746, 0.142582120050666, -0.212942428904229
-2.60359686247084, 0.133295764470374, -0.230769758587574
-2.60359686247647, 0.118651669636651, -0.244379406864217
-2.60359686248373, 0.100198068043876, -0.252288749962705
-2.60359686249156, 0.0804264373802488, -0.25600422429223
-2.60359686249951, 0.0603630738102569, -0.257735427728662
-2.60359686250748, 0.040258370544455, -0.258913304967616
-2.60359686251545, 0.0201333458389871, -0.259671296132272
-2.60359686252343, 0, -0.260171033755209
-2.55152492527297, 0.215017526151521, -1.89452294933416E-16
-2.55152492527297, 0.211256979615059, -0.0207347356598269
-2.55152492527297, 0.207213442097569, -0.0414161263937819
-2.55152492527297, 0.202867235486382, -0.0620360070268884
-2.55152492527297, 0.198199210480249, -0.0825853939434605
-2.55152492527297, 0.193186623052638, -0.10305342001576
-2.55152492527297, 0.18779371269087, -0.123424462290526
-2.55152492527297, 0.181976635581477, -0.143678395099622
-2.55152492527297, 0.175718582254816, -0.163800414516543
-2.55152492527297, 0.168883270730834, -0.183732901705491
-2.55152492527297, 0.161153413654499, -0.203334893777983
-2.55152492527297, 0.152600510369732, -0.222592966312474
-2.55152492527297, 0.141737081106779, -0.240581218198601
-2.55152492527297, 0.124926279183011, -0.25298205520147
-2.55152492527297, 0.104898357232367, -0.259415593412859
-2.55152492527297, 0.0841348280789774, -0.262962252432299
-2.55152492527297, 0.0631583487246437, -0.264956101955474
-2.55152492527297, 0.0421222085084261, -0.266193626827809
-2.55152492527297, 0.0210650789465987, -0.26701053846546
-2.55152492527297, 1.64572013229271E-11, -0.267591241160894
-2.4994529880225, 0.227934730902805, -2.26044801372733E-16
-2.4994529880225, 0.224304910084314, -0.0217275502451518
-2.4994529880225, 0.220349573949498, -0.0433981793621876
-2.4994529880225, 0.216044291105492, -0.0650019668396357
-2.4994529880225, 0.211360335012416, -0.0865267787728036
-2.4994529880225, 0.206265321048802, -0.107957952208314
-2.4994529880225, 0.200719687617737, -0.129276877237876
-2.4994529880225, 0.194675204997514, -0.15045964103895
-2.4994529880225, 0.188062355574952, -0.171471702739482
-2.4994529880225, 0.180746499482203, -0.192248767721395
-2.4994529880225, 0.172450418111619, -0.212652313571187
-2.4994529880225, 0.162677090260084, -0.23238637786487
-2.4994529880225, 0.149713013700219, -0.250101055828046
-2.4994529880225, 0.130993625022055, -0.261383882985409
-2.4994529880225, 0.109691988032003, -0.266901001824931
-2.4994529880225, 0.0879377968371335, -0.270344416287533
-2.4994529880225, 0.066019447061865, -0.272524852978074
-2.4994529880225, 0.0440301257280263, -0.273830986769611
-2.4994529880225, 0.0220190454354726, -0.274712663366586
-2.4994529880225, 3.29605484571686E-11, -0.2753673853004
-2.44738105077203, 0.240888224294832, -2.28710709251626E-16
-2.44738105077203, 0.237443201048989, -0.0227513870651372
-2.44738105077203, 0.233635725114984, -0.0454448915171652
-2.44738105077203, 0.229431447552537, -0.0680681814950586
-2.44738105077203, 0.224788010301518, -0.0906053508915629
-2.44738105077203, 0.219657383859403, -0.11303653149679
-2.44738105077203, 0.213993271274151, -0.135338878233906
-2.44738105077203, 0.207739719881952, -0.157482948532813
-2.44738105077203, 0.200757712226913, -0.179407716459934
-2.44738105077203, 0.192918222990201, -0.201040350462981
-2.44738105077203, 0.183986688088682, -0.222241656551298
-2.44738105077203, 0.172718518167076, -0.242279016903626
-2.44738105077203, 0.157408507866623, -0.259340226952307
-2.44738105077203, 0.137025769509772, -0.269721407613131
-2.44738105077203, 0.114598283858887, -0.274791982225408
-2.44738105077203, 0.0918470996141668, -0.27822605378902
-2.44738105077203, 0.0689568486413722, -0.280557139370655
-2.44738105077203, 0.0459895292382951, -0.281959874401484
-2.44738105077203, 0.022999073902329, -0.282928336958866
-2.44738105077203, 4.94934165919926E-11, -0.283664849717898
-2.39530911352359, 0.253937911916566, -2.05554187033574E-16
-2.39530911352165, 0.250715965072388, -0.0238075343982561
-2.39530911352156, 0.24709577551228, -0.0475577152361789
-2.39530911352156, 0.243030062851886, -0.0712356098365949
-2.39530911352156, 0.238461653544393, -0.0948215484176263
-2.39530911352156, 0.233323286216556, -0.118289765047193
-2.39530911352156, 0.227556981562299, -0.141611513889916
-2.39530911352156, 0.22109248030447, -0.164749090364064
-2.39530911352156, 0.213721851462746, -0.187613220580043
-2.39530911352156, 0.20530516409193, -0.210113205223048
-2.39530911352156, 0.195602357815052, -0.232082470569374
-2.39530911352156, 0.182641820642006, -0.252255103130005
-2.39530911352156, 0.164983354942687, -0.26841416530222
-2.39530911352156, 0.143124126322742, -0.278145803070748
-2.39530911352156, 0.119638985612194, -0.283145159529942
-2.39530911352156, 0.0958771956877602, -0.286679598822876
-2.39530911352156, 0.0719838260243127, -0.289168218033185
-2.39530911352156, 0.0480097584447262, -0.290715724617756
-2.39530911352156, 0.0240099725625711, -0.291809374305802
-2.39530911352156, 6.60385420806547E-11, -0.292650694163653
-2.34323717627684, 0.26711702827224, -1.65080681817263E-16
-2.34323717627133, 0.264142060065819, -0.0248935721904613
-2.34323717627109, 0.260730079548196, -0.0497309353696664
-2.34323717627109, 0.256820540295589, -0.0744947415670334
-2.34323717627109, 0.25234195187624, -0.0991618129195241
-2.34323717627109, 0.247206863666019, -0.123700412600481
-2.34323717627109, 0.241339055563962, -0.148074000474202
-2.34323717627109, 0.234644751112145, -0.172233123700109
-2.34323717627109, 0.226862547719178, -0.196062727874382
-2.34323717627109, 0.217805893966383, -0.219437417021997
-2.34323717627109, 0.207145217509035, -0.242114565994058
-2.34323717627109, 0.192379772498404, -0.262280745715949
-2.34323717627109, 0.172532008121829, -0.277461336299037
-2.34323717627109, 0.149322602374719, -0.286773226914617
-2.34323717627109, 0.124810653265641, -0.291985718325658
-2.34323717627109, 0.100023399597667, -0.295735421968314
-2.34323717627109, 0.0750989816769162, -0.298423548950867
-2.34323717627109, 0.0500903435331395, -0.300178524522348
-2.34323717627109, 0.0250516614302998, -0.301447730851784
-2.34323717627109, 8.2580925096244E-11, -0.30242876910162
-2.29116523902062, 0.280328026033849, -1.17081643792381E-16
-2.29116523902062, 0.277616733391518, -0.0259957163237149
-2.29116523902062, 0.274425956003871, -0.0519368341257243
-2.29116523902062, 0.270682476981636, -0.0778038337867
-2.29116523902062, 0.266300471400947, -0.103570128465026
-2.29116523902062, 0.261172218559541, -0.129198055658847
-2.29116523902062, 0.255197270700593, -0.154641616991755
-2.29116523902062, 0.248250188264127, -0.179836374681827
-2.29116523902062, 0.240032084962103, -0.204643925620509
-2.29116523902062, 0.230270369326771, -0.228884421726019
-2.29116523902062, 0.218473882795015, -0.252186394610353
-2.29116523902062, 0.201869898172587, -0.27223525342571
-2.29116523902062, 0.180042857258004, -0.286476517428969
-2.29116523902062, 0.155570088520598, -0.295546339498821
-2.29116523902062, 0.13005381729884, -0.301166289323381
-2.29116523902062, 0.104235582459678, -0.305221756741055
-2.29116523902062, 0.0782648675290216, -0.308149058034627
-2.29116523902062, 0.0522061837295594, -0.310160583015985
-2.29116523902062, 0.0261115815336521, -0.31164560628387
-2.29116523902062, 9.91178162574951E-11, -0.312795568948544
-2.23909330177015, 0.293434107766848, -7.17526661514645E-17
-2.23909330177015, 0.29099811676244, -0.0270963969733981
-2.23909330177015, 0.288037064158384, -0.0541403174033422
-2.23909330177015, 0.284465460481207, -0.0811102197306618
-2.23909330177015, 0.280182327678254, -0.107976034044199
-2.23909330177015, 0.275059949175216, -0.134694177256633
-2.23909330177015, 0.26896888892901, -0.161207823423159
-2.23909330177015, 0.261746046263361, -0.187434811685431
-2.23909330177015, 0.253067326627244, -0.213214582093627
-2.23909330177015, 0.24253697033811, -0.238291854032234
-2.23909330177015, 0.229453078935421, -0.262114481278831
-2.23909330177015, 0.211040490337071, -0.281970460067675
-2.23909330177015, 0.187456057698239, -0.295399954900785
-2.23909330177015, 0.16178918498847, -0.30435879442275
-2.23909330177015, 0.135290744718308, -0.310488371633009
-2.23909330177015, 0.108448634536345, -0.314904865373264
-2.23909330177015, 0.0814323454672929, -0.31809750251498
-2.23909330177015, 0.0543240779389809, -0.320392135569033
-2.23909330177015, 0.0271729857489897, -0.322115704049322
-2.23909330177015, 1.15650123112323E-10, -0.323452694993836
-2.18702136450805, 0.306300086714587, -3.92007333567299E-17
-2.18702136451921, 0.304145990570425, -0.028177457409553
-2.18702136451969, 0.301419030771614, -0.0563050948668907
-2.18702136451969, 0.298021114981541, -0.0843593690483334
-2.18702136451969, 0.293834834293867, -0.1123065434218
-2.18702136451969, 0.288713171396672, -0.140097062858491
-2.18702136451969, 0.28249413108063, -0.167662124878324
-2.18702136451969, 0.274973140944648, -0.194899575871196
-2.18702136451968, 0.265809680840441, -0.221626810150849
-2.18702136451968, 0.254451271580731, -0.247491232266721
-2.18702136451969, 0.239955023434344, -0.271708555765699
-2.18702136451969, 0.219812234841175, -0.291333968649948
-2.18702136451969, 0.194695491350152, -0.30415999806111
-2.18702136451968, 0.167901803182186, -0.313111070996681
-2.18702136451968, 0.140441686704064, -0.31975838449221
-2.18702136451968, 0.11259513547447, -0.324552540648439
-2.18702136451969, 0.0845506952423105, -0.328023312700569
-2.18702136451969, 0.0564095882413097, -0.330604784839294
-2.18702136451968, 0.0282183902594134, -0.332571486132714
-2.18702136451969, 1.32178847449157E-10, -0.334102231860214
-2.13494942726922, 0.318791654235206, -2.75460353329787E-17
-2.13494942726922, 0.316920196356632, -0.029221240952081
-2.13494942726922, 0.314426968518119, -0.0583958203945104
-2.13494942726922, 0.311200017191386, -0.0874981245435066
-2.13494942726922, 0.307104290286835, -0.116490521855907
-2.13494942726922, 0.301974604271934, -0.145317397249944
-2.13494942726922, 0.295614027855583, -0.173897026010696
-2.13494942726922, 0.287774789184423, -0.2021054750765
-2.13494942726922, 0.278105321597852, -0.229737316815484
-2.13494942726922, 0.265869508613558, -0.256321195255587
-2.13494942726922, 0.249869745896012, -0.280791166539178
-2.13494942726922, 0.228109244711879, -0.300181620611836
-2.13494942726922, 0.201680469903435, -0.312669502508752
-2.13494942726922, 0.173833522301268, -0.321702737318556
-2.13494942726922, 0.145430135641445, -0.328795180873192
-2.13494942726922, 0.1166097988291, -0.333946642823586
-2.13494942726922, 0.0875709056180858, -0.337695592185512
-2.13494942726922, 0.0584293415954697, -0.340546996689127
-2.13494942726922, 0.0292307694286725, -0.342744379727037
-2.13494942726922, 1.48704821784786E-10, -0.344464528940225
-2.07287749001875, 0.332992297581717, -3.85022344559096E-17
-2.07287749001875, 0.331444151694425, -0.0303969445318851
-2.07287749001875, 0.329216262434366, -0.0607514235040211
-2.07287749001875, 0.326178901518196, -0.0910352824975847
-2.07287749001875, 0.322176257257243, -0.121206259641929
-2.07287749001875, 0.317023417097344, -0.151201547437304
-2.07287749001875, 0.310480843096787, -0.180923456530299
-2.07287749001875, 0.302248435968699, -0.210220560429228
-2.07287749001875, 0.291962300920978, -0.238858031689258
-2.07287749001875, 0.278655587335095, -0.266204119047394
-2.07287749001875, 0.26084423968903, -0.290815384290301
-2.07287749001875, 0.237325220844176, -0.309942686330108
-2.07287749001875, 0.209564176047539, -0.322314461021406
-2.07287749001875, 0.180562838801166, -0.33153872618723
-2.07287749001875, 0.151074616631689, -0.339056577279835
-2.07287749001875, 0.121149713728831, -0.344589399483136
-2.07287749001875, 0.090987325078275, -0.348654912155647
-2.07287749001875, 0.0607136234879563, -0.351793793971905
-2.07287749001875, 0.0303754980524045, -0.354237493845982
-2.07287749001875, 1.68401044079448E-10, -0.356165320348817
-1.95269764689258, 0.35749821563452, -1.08182194630644E-16
-1.95269764689258, 0.356465058077012, -0.0323884032158659
-1.95269764689258, 0.354646117962498, -0.0647419019376083
-1.95269764689258, 0.351881647781432, -0.0970279072798181
-1.95269764689258, 0.347985282142473, -0.12919633900044
-1.95269764689258, 0.342739292861424, -0.161171524472366
-1.95269764689258, 0.33582993884229, -0.192827101539267
-1.95269764689258, 0.326856810441132, -0.22395808221785
-1.95269764689257, 0.315402552358381, -0.254259776139086
-1.95269764689258, 0.300123320289592, -0.282789124619001
-1.95269764689257, 0.27917069715006, -0.307409790171595
-1.95269764689258, 0.252827690414101, -0.326125618861735
-1.95269764689258, 0.223002606474874, -0.338712682399138
-1.95269764689258, 0.19209065866022, -0.348427104957982
-1.95269764689258, 0.160720044187865, -0.356532034246521
-1.95269764689258, 0.128901004181776, -0.362644079953499
-1.95269764689258, 0.0968212803564332, -0.367214321202376
-1.95269764689258, 0.0646128356643938, -0.370773850394632
-1.95269764689258, 0.0323286993444398, -0.373569708878865
-1.95269764689258, 2.06524707848842E-10, -0.375795530568157
-1.8225178037664, 0.378160605420463, -1.97008821090149E-16
-1.8225178037664, 0.377444022573868, -0.0340223604298673
-1.8225178037664, 0.375846612232475, -0.0680144102857569
-1.8225178037664, 0.373196221861435, -0.101940111871949
-1.8225178037664, 0.369294100468603, -0.135744003962878
-1.8225178037664, 0.363893180123725, -0.169339958867717
-1.8225178037664, 0.356626007725495, -0.202579802152436
-1.8225178037664, 0.346993872453187, -0.235209267239238
-1.8225178037664, 0.334457169778702, -0.266830531493173
-1.8225178037664, 0.317465279017765, -0.296250983210361
-1.8225178037664, 0.29411551302561, -0.320885840598513
-1.8225178037664, 0.265633692736984, -0.339377907160838
-1.8225178037664, 0.234162205327339, -0.352255753881875
-1.8225178037664, 0.201685705084805, -0.362412454484439
-1.8225178037664, 0.168743347681241, -0.370931210054062
-1.8225178037664, 0.135344050165333, -0.377431195344657
-1.8225178037664, 0.101668351187627, -0.382319234683059
-1.8225178037664, 0.0678504144957548, -0.386108546533468
-1.8225178037664, 0.0339493796805211, -0.389069161591473
-1.8225178037664, 2.47795666041464E-10, -0.391415483004616
-1.69233796064023, 0.391333527646061, -2.19448930862713E-16
-1.69233796064023, 0.390717358493262, -0.0350790438378814
-1.69233796064023, 0.389170123322982, -0.0701290087767925
-1.69233796064023, 0.386521325064428, -0.10511248672678
-1.69233796064023, 0.382569454858023, -0.139972063695886
-1.69233796064023, 0.377048609775982, -0.17461664026787
-1.69233796064023, 0.369557825132738, -0.208886582848025
-1.69233796064023, 0.359532941513515, -0.242498237364192
-1.69233796064023, 0.346334474392527, -0.274987431989193
-1.69233796064023, 0.3283232356442, -0.305023603358286
-1.69233796064023, 0.303659096000338, -0.329846133616581
-1.69233796064023, 0.273958778051658, -0.348400538788123
-1.69233796064023, 0.241449646641164, -0.361533283695195
-1.69233796064023, 0.207964469664483, -0.371997879143097
-1.69233796064023, 0.17400039153019, -0.380777521881352
-1.69233796064023, 0.139565913252133, -0.387478158823408
-1.69233796064023, 0.104843084565882, -0.392492514755707
-1.69233796064023, 0.0699695679359622, -0.396330391716231
-1.69233796064023, 0.0350091533835756, -0.39928002429949
-1.69233796064023, 2.89011129755951E-10, -0.401585461012726
-1.56215811751406, 0.396121975905401, -1.73991468644695E-16
-1.56215811751406, 0.395465436030952, -0.0355533598294875
-1.56215811751406, 0.393879139419744, -0.0710770427076761
-1.56215811751406, 0.391195844178061, -0.106534260719806
-1.56215811751406, 0.387211929638837, -0.141868231332978
-1.56215811751406, 0.381656745045326, -0.176988287016614
-1.56215811751406, 0.374116243571048, -0.211733443767203
-1.56215811751406, 0.364011865109227, -0.245816852721332
-1.56215811751406, 0.350682916869814, -0.278765178458466
-1.56215811751406, 0.332476647440604, -0.309238303117094
-1.56215811751406, 0.307598405597375, -0.334518981582868
-1.56215811751406, 0.277598118242544, -0.353484155481217
-1.56215811751406, 0.244690231111965, -0.36689526897398
-1.56215811751406, 0.210783121244115, -0.377601512365532
-1.56215811751406, 0.176381997610016, -0.386586767351681
-1.56215811751406, 0.14148955963911, -0.393418711874383
-1.56215811751406, 0.106294481672852, -0.398484134621944
-1.56215811751406, 0.0709397798216268, -0.402288824197722
-1.56215811751406, 0.0354942822350187, -0.405133710114395
-1.56215811751406, 3.30157100937001E-10, -0.407293165426506
-1.43197827438789, 0.392212950922248, -1.43393841139037E-16
-1.43197827438789, 0.391461925162507, -0.0354621305205519
-1.43197827438789, 0.389815077592827, -0.0708936367048096
-1.43197827438789, 0.387102128405885, -0.106259007206294
-1.43197827438789, 0.383117164509009, -0.14150299558757
-1.43197827438789, 0.377599175548456, -0.176538589360022
-1.43197827438789, 0.370156595081016, -0.211213860652727
-1.43197827438789, 0.360254021438338, -0.245264341970483
-1.43197827438789, 0.347281807359683, -0.278260678766718
-1.43197827438789, 0.329708551803002, -0.30901016089749
-1.43197827438789, 0.305779127582566, -0.335079652452643
-1.43197827438789, 0.276452233524408, -0.354890977233023
-1.43197827438789, 0.243828279686619, -0.368741584451348
-1.43197827438789, 0.210116126386367, -0.379762064354139
-1.43197827438789, 0.17588301242176, -0.38903001969213
-1.43197827438789, 0.141126566670013, -0.396084913927816
-1.43197827438789, 0.106042006563006, -0.401285559336591
-1.43197827438789, 0.0707793941779361, -0.405107268404726
-1.43197827438789, 0.0354162369588795, -0.407856411016938
-1.43197827438789, 3.71242864261441E-10, -0.409815232814152
-1.30179843126172, 0.380336368355032, -1.4368432248987E-16
-1.30179843126172, 0.37941301343, -0.0348595758036537
-1.30179843126172, 0.377631334971882, -0.0696855357278711
-1.30179843126172, 0.374830610601153, -0.104443945924051
-1.30179843126172, 0.370820323762421, -0.139083018860571
-1.30179843126172, 0.365367170631137, -0.173523485810559
-1.30179843126172, 0.358138743380815, -0.207633593660908
-1.30179843126172, 0.34868836531291, -0.241192985452866
-1.30179843126172, 0.336480934718241, -0.273845197975769
-1.30179843126172, 0.320248998891421, -0.30466534061613
-1.30179843126172, 0.298368797874694, -0.331729610103032
-1.30179843126172, 0.270721058344681, -0.352822897337071
-1.30179843126172, 0.239112389229084, -0.367469173469819
-1.30179843126172, 0.206217698188373, -0.379034900403696
-1.30179843126172, 0.172727931223384, -0.38873610400566
-1.30179843126172, 0.138662286138893, -0.396165891132584
-1.30179843126172, 0.104227551635222, -0.401652147498416
-1.30179843126172, 0.0695845099611058, -0.405626998912615
-1.30179843126172, 0.0348234291527571, -0.408395928733453
-1.30179843126172, 4.12289824480755E-10, -0.410231439035135
-1.17161858813555, 0.361632505902254, -1.47549132933734E-16
-1.17161858813555, 0.360387064350704, -0.0338165367336996
-1.17161858813555, 0.358311650999265, -0.067592070910551
-1.17161858813554, 0.355287163158287, -0.101295561617231
-1.17161858813555, 0.351169236371961, -0.134882525536746
-1.17161858813555, 0.345771938116173, -0.168287095030553
-1.17161858813555, 0.33884699624399, -0.201407458946505
-1.17161858813555, 0.330058464839363, -0.234080590099215
-1.17161858813555, 0.31892148789618, -0.266025465904836
-1.17161858813554, 0.304524123746966, -0.296624421365866
-1.17161858813555, 0.285577440085449, -0.324602541705711
-1.17161858813555, 0.260655142607451, -0.347329011839381
-1.17161858813555, 0.230922757452786, -0.363393373074304
-1.17161858813555, 0.199480863110492, -0.37588695784091
-1.17161858813555, 0.167245837658419, -0.386162030847852
-1.17161858813555, 0.134364994157078, -0.394135699434636
-1.17161858813555, 0.101057346277438, -0.400091496896665
-1.17161858813555, 0.0674937894242406, -0.404387823629884
-1.17161858813555, 0.0337854256519631, -0.407352336978001
-1.17161858813555, 4.53323100397546E-10, -0.409257924369339
-1.04143874500937, 0.336846625792475, -1.08116875646206E-16
-1.04143874500937, 0.335100636737754, -0.0323925597051023
-1.04143874500937, 0.332610517012035, -0.0647362778012001
-1.04143874500937, 0.329296778033587, -0.0970058233169589
-1.04143874500937, 0.325057724316592, -0.129166595438937
-1.04143874500937, 0.319756766184136, -0.161169052964363
-1.04143874500937, 0.31322454078337, -0.192942377644777
-1.04143874500937, 0.305230715538246, -0.224378474899817
-1.04143874500937, 0.29535524674764, -0.255272251682683
-1.04143874500937, 0.283010966660782, -0.285259140633287
-1.04143874500937, 0.267336765224546, -0.313627089266595
-1.04143874500937, 0.246172512933603, -0.338085764374222
-1.04143874500937, 0.219588191477122, -0.356574917594829
-1.04143874500937, 0.19030408970025, -0.370480932126355
-1.04143874500937, 0.15972405114427, -0.381281510462456
-1.04143874500937, 0.128484677706056, -0.390006972927615
-1.04143874500937, 0.0967459126724554, -0.396686792333267
-1.04143874500937, 0.0646522271564297, -0.401388384849529
-1.04143874500937, 0.0323736595962588, -0.40460178324836
-1.04143874500937, 4.94356569732935E-10, -0.406656541834323
-0.911258901883202, 0.30667521111203, -4.79964430371197E-17
-0.911258901883202, 0.304313994845734, -0.0306520599811436
-0.911258901883202, 0.301370684219086, -0.0612536234232509
-0.911258901883202, 0.297782738426224, -0.0917861881094615
-0.911258901883202, 0.29347264950011, -0.122225024403173
-0.911258901883202, 0.288340562341664, -0.152535844910341
-0.911258901883202, 0.282271771369556, -0.182672753049566
-0.911258901883202, 0.275117893538506, -0.212569954639125
-0.911258901883202, 0.266566706838116, -0.242096216463466
-0.911258901883202, 0.256248829322418, -0.271050261196613
-0.911258901883202, 0.243638904692255, -0.299072552333524
-0.911258901883202, 0.226916671696867, -0.324809504141519
-0.911258901883202, 0.205050895456012, -0.346326703136795
-0.911258901883202, 0.178858938785465, -0.362306558674234
-0.911258901883202, 0.150420965473149, -0.373952884122816
-0.911258901883202, 0.12126051152308, -0.383676761484486
-0.911258901883202, 0.0914848305995928, -0.391292835767108
-0.911258901883202, 0.0612001932990873, -0.396548539702768
-0.911258901883202, 0.0306622759245304, -0.400071063876117
-0.911258901883202, 5.35401724599029E-10, -0.40227434028581
-0.77107905875703, 0.269100885943706, -9.45507687096494E-17
-0.77107905875703, 0.266162361257036, -0.0284967211880839
-0.77107905875703, 0.262811254969686, -0.0569478208264316
-0.77107905875703, 0.259003923058299, -0.0853414050553526
-0.77107905875703, 0.254687577960324, -0.113661979842467
-0.77107905875703, 0.249794010413053, -0.141888414593169
-0.77107905875703, 0.24424851119553, -0.169993874464604
-0.77107905875703, 0.237960076634899, -0.197942197413658
-0.77107905875703, 0.230760710900513, -0.225669238897369
-0.77107905875703, 0.22241014701173, -0.253070406515769
-0.77107905875703, 0.212544265620016, -0.279960167118942
-0.77107905875703, 0.200370920134736, -0.30587811132143
-0.77107905875703, 0.184542917391482, -0.32969885563956
-0.77107905875703, 0.163333360180208, -0.348821207827203
-0.77107905875703, 0.138469334633296, -0.362993137680075
-0.77107905875703, 0.112094740230568, -0.374148546573152
-0.77107905875703, 0.0848022529373814, -0.382826594853054
-0.77107905875703, 0.0568762777181891, -0.38918284813493
-0.77107905875703, 0.0285421648915445, -0.393370658955019
-0.77107905875703, 5.79632197956453E-10, -0.395792731374598
-0.729007121506562, 0.256960422187071, -1.23269544571212E-16
-0.729007121506561, 0.253888818612067, -0.0278048600364729
-0.729007121506562, 0.250447888751076, -0.0555663917801999
-0.729007121506561, 0.246600905859227, -0.0832745268042574
-0.729007121506562, 0.242302304055628, -0.110916117273059
-0.729007121506562, 0.237492651677525, -0.138473283060478
-0.729007121506562, 0.23210691148539, -0.165923542520275
-0.729007121506562, 0.226066141433737, -0.193236916763159
-0.729007121506562, 0.219241664061306, -0.220364692899748
-0.729007121506561, 0.211421480911164, -0.247221340278968
-0.729007121506561, 0.20225935819485, -0.273648260511846
-0.729007121506561, 0.19125963579277, -0.299360614307858
-0.729007121506561, 0.177202161182769, -0.32350150133703
-0.729007121506562, 0.157844507824995, -0.343574203397216
-0.729007121506561, 0.134428422857941, -0.358812316458484
-0.729007121506561, 0.109057001591255, -0.370556383563828
-0.729007121506561, 0.0826018609312334, -0.379620816136783
-0.729007121506561, 0.0554671720296568, -0.386387516526249
-0.729007121506561, 0.0278564168859637, -0.390834039718021
-0.729007121506562, 5.92923340410526E-10, -0.393355796075673
-0.676935184256093, 0.241466027306016, -1.51779239398201E-16
-0.676935184256093, 0.238261625153191, -0.0269245588443359
-0.676935184256093, 0.234737085017223, -0.0538090543281691
-0.676935184256093, 0.230863971038093, -0.0806455181972986
-0.676935184256093, 0.226604830382595, -0.107423364203128
-0.676935184256093, 0.221910435387845, -0.134128278215817
-0.676935184256093, 0.216726804570862, -0.160742457218895
-0.676935184256093, 0.210988203717627, -0.18724237183877
-0.676935184256093, 0.204605630748149, -0.213594374586599
-0.676935184256093, 0.197402034778576, -0.239733046959438
-0.676935184256093, 0.189056048495723, -0.265528392739349
-0.676935184256093, 0.179348191137988, -0.290841809765676
-0.676935184256093, 0.167304765405083, -0.315105396124656
-0.676935184256093, 0.150391327389883, -0.33620145352685
-0.676935184256093, 0.129053584014986, -0.352856422051217
-0.676935184256093, 0.105096464644674, -0.365501300483365
-0.676935184256093, 0.0797662687400783, -0.375145793877321
-0.676935184256093, 0.0536568379809637, -0.382424289299544
-0.676935184256093, 0.0269768371958775, -0.387205853541454
-0.676935184256093, 6.09391415147887E-10, -0.389890973037178
-0.624863247005757, 0.225508227900606, -1.615793490967E-16
-0.62486324700563, 0.22221070266683, -0.0260202648695315
-0.624863247005624, 0.218638151555741, -0.052004177116285
-0.624863247005624, 0.214768859968669, -0.077945541971836
-0.624863247005624, 0.210572578656578, -0.103835972332179
-0.624863247005624, 0.206009237754208, -0.129664190578085
-0.624863247005624, 0.201035205638776, -0.155416401026468
-0.624863247005624, 0.195597326708703, -0.181074576335275
-0.624863247005624, 0.189632782496765, -0.206615333525701
-0.624863247005624, 0.183001701553452, -0.231990615159013
-0.624863247005625, 0.175428831947763, -0.257100096375666
-0.624863247005624, 0.166823777598812, -0.281874897828743
-0.624863247005624, 0.156485552993853, -0.30596252107263
-0.624863247005624, 0.142084313489498, -0.327818421813964
-0.624863247005624, 0.123171671714762, -0.345912256505175
-0.624863247005624, 0.100888902617305, -0.359677941761862
-0.624863247005624, 0.0768132022321871, -0.370048225653157
-0.624863247005624, 0.0517735479413002, -0.377815494197376
-0.624863247005624, 0.0260617136649015, -0.382939019958387
-0.624863247005624, 6.2588316388845E-10, -0.385844777874492
-0.572791309755155, 0.209101705598623, -1.53471167491334E-16
-0.572791309755155, 0.205754706744289, -0.025096889270726
-0.572791309755156, 0.202173263249906, -0.0501613844342906
-0.572791309755156, 0.198341464641898, -0.0751888120185227
-0.572791309755156, 0.194235416874085, -0.100172681278945
-0.572791309755155, 0.189822919127762, -0.125104219675972
-0.572791309755156, 0.185069815655591, -0.149973024431019
-0.572791309755155, 0.179935211158464, -0.174765809469136
-0.572791309755155, 0.174370572282171, -0.199465549744592
-0.572791309755155, 0.168272461155772, -0.224038663929831
-0.572791309755156, 0.161433064339727, -0.248415332619623
-0.572791309755155, 0.15376787883006, -0.272545062049569
-0.572791309755155, 0.144806831707227, -0.296216537863985
-0.572791309755155, 0.132850285215009, -0.318499716417167
-0.572791309755155, 0.116668547030325, -0.337897906194533
-0.572791309755155, 0.0963650289969733, -0.352942098064417
-0.572791309755156, 0.0737147826518364, -0.364209930757164
-0.572791309755156, 0.049812506748669, -0.372515723560972
-0.572791309755156, 0.025114348723225, -0.378031782954413
-0.572791309755155, 6.42392403581543E-10, -0.381193866327006
-0.520719372504687, 0.192238679293946, -1.36401469648788E-16
-0.520719372504687, 0.188887701468345, -0.0241587230154538
-0.520719372504687, 0.185338893949958, -0.0482891724025848
-0.520719372504687, 0.181581189382452, -0.0723879639050107
-0.520719372504687, 0.177596225488122, -0.0964502011628718
-0.520719372504687, 0.173358669934225, -0.120469217952254
-0.520719372504687, 0.168842419561502, -0.144437368366574
-0.520719372504687, 0.164018091923603, -0.168345373502787
-0.520719372504687, 0.15884428474823, -0.192180131495558
-0.520719372504687, 0.153248854855979, -0.215919270934613
-0.520719372504687, 0.147098569698592, -0.239520437944264
-0.520719372504687, 0.140256981612063, -0.262930209143273
-0.520719372504687, 0.132414106231005, -0.286021035441756
-0.520719372504687, 0.122690631111482, -0.308375377038688
-0.520719372504687, 0.109386434596746, -0.328753304795446
-0.520719372504687, 0.0913810406343079, -0.345115372360083
-0.520719372504687, 0.0703942968205556, -0.357483915393264
-0.520719372504687, 0.047758898293487, -0.36651516812229
-0.520719372504687, 0.0241419925364566, -0.372547488322027
-0.520719372504687, 6.58906459221202E-10, -0.375948408810326
-0.468647435254218, 0.174918317730984, -1.19551495408897E-16
-0.468647435254218, 0.171609820375872, -0.0232074645679639
-0.468647435254218, 0.168136922935118, -0.0463908932403023
-0.468647435254218, 0.16449208431929, -0.0695479058638687
-0.468647435254218, 0.160662283156639, -0.0926750363802155
-0.468647435254218, 0.156627679548029, -0.115767302700188
-0.468647435254218, 0.152368865098839, -0.138819256978352
-0.468647435254218, 0.147866440372936, -0.16182484717845
-0.468647435254218, 0.143083590787898, -0.184773728013837
-0.468647435254218, 0.13797173212826, -0.207651501862835
-0.468647435254218, 0.132463268860138, -0.230436875219221
-0.468647435254218, 0.126371847984867, -0.253072767459948
-0.468647435254218, 0.119480641049485, -0.275477682673504
-0.468647435254218, 0.111644966764176, -0.29756811033827
-0.468647435254218, 0.101095421076466, -0.318455455264927
-0.468647435254218, 0.0856923565098105, -0.33604067878889
-0.468647435254218, 0.0667217703490034, -0.349746506050355
-0.468647435254218, 0.0455879255111741, -0.359828997874971
-0.468647435254218, 0.0231543078136397, -0.366560005541427
-0.468647435254218, 6.75412055134218E-10, -0.370108514244053
-0.41657549800375, 0.157149018531982, -1.11435796103863E-16
-0.41657549800375, 0.153928151603181, -0.0222447583118516
-0.41657549800375, 0.150573904073381, -0.0444697925596392
-0.41657549800375, 0.147080877510912, -0.0666734352477375
-0.41657549800375, 0.143441204374989, -0.0888535045369506
-0.416575498003749, 0.139639580316665, -0.111006379295892
-0.41657549800375, 0.135661491023499, -0.133128238981376
-0.41657549800375, 0.131495302481422, -0.155215433683378
-0.41657549800375, 0.127110265239077, -0.177260187832946
-0.416575498003749, 0.122472773884509, -0.199253196436934
-0.416575498003749, 0.117555904796519, -0.221185363527991
-0.41657549800375, 0.112173421399116, -0.24300736468041
-0.416575498003749, 0.106162716137327, -0.264664966370198
-0.416575498003749, 0.0997658388460805, -0.286211704867141
-0.41657549800375, 0.0915138372884143, -0.307091147886004
-0.416575498003749, 0.0789340710235888, -0.325651987311277
-0.416575498003749, 0.0625014918278438, -0.340924658766107
-0.41657549800375, 0.0432735405574471, -0.352491240117064
-0.41657549800375, 0.0221632486393028, -0.360110710322738
-0.41657549800375, 6.9189853723492E-10, -0.363640451575175
-0.364503560753323, 0.138961257223026, -1.15577667021895E-16
-0.364503560753283, 0.135863760194236, -0.0212594326809143
-0.364503560753281, 0.132661553106095, -0.0425033392544317
-0.364503560753281, 0.129350249652799, -0.0637305204474518
-0.364503560753281, 0.125926595569614, -0.084939864328827
-0.364503560753281, 0.12237910729834, -0.106128840094741
-0.364503560753281, 0.118696670033805, -0.127294776572703
-0.364503560753281, 0.114872915551042, -0.148435633887763
-0.364503560753281, 0.110885072656038, -0.169546132207042
-0.364503560753281, 0.10670852224925, -0.190620098717239
-0.364503560753281, 0.102331069748557, -0.211653219273466
-0.364503560753281, 0.097612473334156, -0.232612106431718
-0.364503560753281, 0.092434258171233, -0.253462384235095
-0.364503560753281, 0.087069348801713, -0.274265567675134
-0.364503560753281, 0.0805414624174283, -0.294721420843685
-0.364503560753281, 0.0708250680550887, -0.313845700605301
-0.364503560753281, 0.05749892865735, -0.330646655001155
-0.364503560753281, 0.0407098085612227, -0.34396210757612
-0.364503560753281, 0.021119374592465, -0.352644744720464
-0.364503560753281, 7.08395439681037E-10, -0.356254128516731
-0.312431623503401, 0.120379940751579, -1.33072548510974E-16
-0.312431623502841, 0.117431734684642, -0.0202210921748044
-0.312431623502812, 0.114404560638216, -0.0404305083930638
-0.312431623502812, 0.111294403822921, -0.0606273249682393
-0.312431623502812, 0.10810155544131, -0.0808112310198149
-0.312431623502812, 0.104817827394727, -0.100980546658927
-0.312431623502812, 0.101434634511023, -0.121133414804909
-0.312431623502812, 0.0979485880854597, -0.141268743545513
-0.312431623502812, 0.0943453293749357, -0.161383416810083
-0.312431623502812, 0.0906063778099433, -0.181473301949267
-0.312431623502812, 0.0867184201491662, -0.201534866058556
-0.312431623502812, 0.082603935604503, -0.221551071928577
-0.312431623502812, 0.078187393627726, -0.241502844868299
-0.312431623502812, 0.0735798361146548, -0.261411439335557
-0.312431623502812, 0.0683131612401761, -0.281152561877722
-0.312431623502812, 0.0612538523200092, -0.300315738329455
-0.312431623502812, 0.0513523374234238, -0.318157712277048
-0.312431623502812, 0.0375738054618752, -0.333152147781854
-0.312431623502812, 0.0198880728726448, -0.343225371837356
-0.312431623502812, 7.24957470015997E-10, -0.347546932757942
-0.267765988861601, 0.104129306636799, -3.89243436023907E-16
-0.268703809023368, 0.10156999961094, -0.0199323750322273
-0.2696626971543, 0.0989531981914824, -0.0398562781386301
-0.270644103344913, 0.0962749450878982, -0.0597709203097783
-0.271647726815289, 0.0935360611272333, -0.0796761998210375
-0.272676230491834, 0.090729279195242, -0.0995707479649979
-0.273732144183414, 0.087847695454849, -0.119453161274481
-0.274816842108128, 0.0848875596710057, -0.139322478471658
-0.275934470650379, 0.0818375563792301, -0.159176366423764
-0.277090892375344, 0.0786816866653813, -0.179011469237865
-0.278293371323467, 0.0754001269955795, -0.198823405828768
-0.279558921889792, 0.0719464451618756, -0.218602077851871
-0.28090353227078, 0.068277009447656, -0.238336613567119
-0.282334999113055, 0.064370542839156, -0.258019363708207
-0.283960805984788, 0.0599337231597027, -0.277572865438613
-0.286044124707365, 0.0542483556861034, -0.296748586354617
-0.289043384428893, 0.0460633893240871, -0.31484722849488
-0.293454238571854, 0.0340261881011464, -0.330253380117804
-0.299277762901494, 0.0181338162958468, -0.340984849142909
-0.305922631346425, 3.63517397050373E-10, -0.346349496562648
-0.236809222682886, 0.0926891343737285, -3.01338308793651E-16
-0.238414297379295, 0.0903846171076691, -0.0199250340292297
-0.240051342805355, 0.0880341972436481, -0.0398421001777568
-0.241722750496421, 0.0856344410881845, -0.0597504287694668
-0.243428114673876, 0.0831859312458338, -0.0796499381925926
-0.245172017767076, 0.0806820884043742, -0.0995392170277509
-0.246958409657508, 0.0781172414445035, -0.119416945249083
-0.248790178332544, 0.0754872438820903, -0.139282025549293
-0.250673922579311, 0.0727826213799559, -0.159132211264915
-0.25262127235691, 0.0699866759977404, -0.178963586220238
-0.254646231214185, 0.0670793018673713, -0.198771139838581
-0.256765678340106, 0.0640362643644363, -0.218548374483208
-0.259020393542579, 0.0607990130852466, -0.238279659830691
-0.26146206249184, 0.0572933393217991, -0.257942582548698
-0.264182486683357, 0.0533874372884655, -0.277492434266875
-0.267686533486826, 0.0483564338231806, -0.296646299741752
-0.272879790261914, 0.0409001142312963, -0.314557117147596
-0.280553926957701, 0.0298818229598353, -0.329439483244763
-0.290364540885336, 0.0157960429308476, -0.339821001127202
-0.301366336837006, 3.64245015767407E-10, -0.345495935446267
-0.213025209457535, 0.0837848328701362, -3.25207215312816E-16
-0.215139196820658, 0.0816708455070139, -0.019994192023316
-0.217292292686811, 0.0795177496408608, -0.0399800326103099
-0.219487220859826, 0.0773228214678459, -0.0599567700248228
-0.22172374648378, 0.0750862958438914, -0.0799242806523325
-0.224007554886588, 0.0728024874410834, -0.0998810798298787
-0.22634336133482, 0.0704666809928516, -0.119825836300446
-0.228735400431465, 0.0680746418962065, -0.139757256143568
-0.2311919908847, 0.0656180514429718, -0.159672959807446
-0.233730968780555, 0.0630790735471169, -0.17956797189914
-0.236366967391172, 0.0604430749364995, -0.199437725564897
-0.239115690072418, 0.0576943522552539, -0.21927686074135
-0.242067042618518, 0.054742999709153, -0.239057488118292
-0.245265344572632, 0.051544697755039, -0.258761271103251
-0.248763376043696, 0.0480466662839754, -0.278361716557575
-0.253431970056888, 0.0433780722707831, -0.297453892569519
-0.260500633901715, 0.0363094084259562, -0.314968666681763
-0.270676576290816, 0.0261334660379591, -0.329064327022772
-0.283129428108314, 0.0136806142873025, -0.33889490549206
-0.296810042327591, 3.64973103098241E-10, -0.344629573678183
-0.191169331329994, 0.0754978299362065, -2.32363764230657E-16
-0.193758307231463, 0.0735641781518016, -0.020112766856899
-0.196393374715884, 0.0715961015310857, -0.0402162036935967
-0.199077254882583, 0.0695915677420609, -0.0603095799354113
-0.201810104482816, 0.0675504597105017, -0.0803926692755082
-0.204598131350162, 0.0654681409357492, -0.100463937888723
-0.207446736455602, 0.0633405775458878, -0.120521947512402
-0.210361211608636, 0.0611638171994243, -0.140565212236289
-0.213352136484022, 0.0589299581592422, -0.160590910240114
-0.216443262591532, 0.056621260920996, -0.180592872118085
-0.219642444630065, 0.0542318589748692, -0.200568359709964
-0.222982008182973, 0.0517376090208433, -0.220507903658003
-0.226606308858896, 0.0490306948833876, -0.240369622284893
-0.230460022573027, 0.0461524369607525, -0.260164254626775
-0.234702958966862, 0.0429834767844909, -0.279831257984911
-0.240645887000325, 0.0385448285182118, -0.298779963040728
-0.249690178429028, 0.0317898369982576, -0.315664251624093
-0.262085940591436, 0.022531702305601, -0.328822246553407
-0.276607653935215, 0.0116857393537153, -0.338042023910098
-0.292253747818179, 3.65701671708319E-10, -0.343750285541356
-0.169537239275061, 0.067195734580384, -4.94036191815402E-16
-0.172608561401118, 0.0654491251308247, -0.0202821092484822
-0.175733714904093, 0.0636719026788678, -0.0405533310320333
-0.17891541661229, 0.0618625222097626, -0.0608129049093385
-0.182154469604427, 0.0600205270260946, -0.0810604529000227
-0.18545719677298, 0.0581423214048176, -0.101294377114366
-0.188829874372596, 0.0562243361450397, -0.121513023179873
-0.192278396788755, 0.0542632192084669, -0.141714728641074
-0.195817199509164, 0.0522507613750292, -0.161895747330191
-0.199472822410885, 0.0501718698611747, -0.182049179617579
-0.203242003087127, 0.0480283999430019, -0.202174915952865
-0.207208824207322, 0.0457725352147589, -0.222250081977323
-0.21152093032679, 0.043320312690827, -0.242230830152179
-0.215965025248674, 0.0407930303457255, -0.262173500017677
-0.221120361359356, 0.0378612770495866, -0.281880863856366
-0.228651926558842, 0.0335782020716174, -0.300519260234069
-0.239851923936678, 0.0272089511587265, -0.316492899077191
-0.254265120800549, 0.0190124075216675, -0.328618675095949
-0.270500572461068, 0.00977957817801446, -0.337218814154464
-0.287697453308771, 3.66430733807938E-10, -0.342857954020017
-0.147063978356759, 0.0584752254411552, -6.20283108031839E-16
-0.1506534898063, 0.0569327369022784, -0.0205138376903359
-0.15430526629318, 0.0553634917677424, -0.0410146516580976
-0.158022522380269, 0.0537661086722964, -0.0615015151297299
-0.161807099273797, 0.0521397964109127, -0.0819737691888694
-0.165665476132434, 0.0504817707528869, -0.102429701092715
-0.169605230933694, 0.0487887752819558, -0.122867242536522
-0.17363266615128, 0.0470581016926597, -0.143284523143138
-0.177767952144918, 0.0452810823573456, -0.163676228790743
-0.1820331192781, 0.0434482503656354, -0.184036222012217
-0.186425231015851, 0.0415608676083484, -0.204364183719482
-0.191111031515727, 0.0395472806152083, -0.224613917394507
-0.196110873968695, 0.0373987431921335, -0.244774900871474
-0.201187993349808, 0.0352169982482975, -0.264912504808919
-0.207615821535293, 0.0324548253327467, -0.284573089290933
-0.217204879096872, 0.0283342056898534, -0.302604201659801
-0.230701366750986, 0.0225344811829911, -0.317362167896098
-0.246944784488115, 0.0155543430656149, -0.328414019868096
-0.264655538802191, 0.00794365961959225, -0.336399312679233
-0.283141158799365, 3.67160301146958E-10, -0.341952470758386
-0.122758031663919, 0.0489517114655483, -5.19981719435025E-16
-0.126931212921657, 0.0476407410673216, -0.0208294013633045
-0.131174858346293, 0.0463076349334934, -0.0416431564660086
-0.135493791374696, 0.0449508778212394, -0.062439881067619
-0.139891575633983, 0.0435693502465571, -0.0832184446013226
-0.144375805417001, 0.04216066652512, -0.103976693991668
-0.148956057394178, 0.0407218182250694, -0.124711894552419
-0.153639979342618, 0.0392504028604425, -0.145421627995324
-0.158453436545655, 0.037738295066272, -0.166098680571248
-0.163405449378222, 0.0361826611663312, -0.186739767301462
-0.168533722458641, 0.0345716565664268, -0.20733336840766
-0.174046317283599, 0.0328399204671292, -0.22781737754046
-0.179691429748319, 0.0310665550466394, -0.248262047061724
-0.185737566242062, 0.0291672112421406, -0.268576340449324
-0.194034710226971, 0.0265607320402436, -0.28797204236766
-0.206206704905148, 0.0227370005210638, -0.30493328764273
-0.222009777490723, 0.0177725958903515, -0.318226426170167
-0.239935098761294, 0.0121415043769292, -0.328178615086864
-0.258965838797607, 0.00616315471888458, -0.335569533995686
-0.278584864289961, 3.67890385010678E-10, -0.341033736001503
-0.0954231377058255, 0.0381518332379502, -3.9998104218564E-16
-0.100284085580353, 0.0371134881521765, -0.0212655581303809
-0.105221060662429, 0.0360589029257179, -0.0425127917458509
-0.110242123147556, 0.0349863558235127, -0.0637394118840405
-0.11535375655215, 0.033894461904273, -0.0849434068062717
-0.120567212646285, 0.032780817681999, -0.106121461158875
-0.125895467232881, 0.0316426514007404, -0.127269613662238
-0.131350642025915, 0.0304773737461358, -0.148383893174909
-0.136959677840659, 0.0292792299016632, -0.169455962826161
-0.14272840072705, 0.0280469753671794, -0.190482896591329
-0.148776575522387, 0.0267550272248121, -0.211427248237967
-0.155161875855801, 0.02539106583425, -0.232267034392306
-0.161609906650499, 0.0240137046155302, -0.253086296777709
-0.169342501091962, 0.022361948282028, -0.273430229517054
-0.180354983528788, 0.0200095764163741, -0.292086989816705
-0.195512225462457, 0.0167718441711503, -0.307390024695321
-0.213541370106702, 0.0129206459634597, -0.319043483053637
-0.233054242049127, 0.00875250937493055, -0.32788882523453
-0.253333647129264, 0.0044206339630657, -0.334718899622991
-0.274028569780558, 3.68620996216852E-10, -0.340101658518997
-0.0633621882122368, 0.0253951426034597, -6.32810495721622E-16
-0.0690732814198541, 0.0246914699763766, -0.02189054916735
-0.0748572967965298, 0.0239788124960598, -0.0437616446942523
-0.080726700704372, 0.0232556341627533, -0.0656096320898323
-0.0866926523536503, 0.0225205600329003, -0.0874310506837387
-0.0927741773845864, 0.0217712459279435, -0.109220048423031
-0.0989918625477245, 0.0210051553225082, -0.130969981141361
-0.105367042544021, 0.0202196595350925, -0.152673566639012
-0.111932382724434, 0.0194107338172837, -0.174319495147515
-0.118727709761061, 0.018573471063215, -0.195893172078717
-0.125863449153271, 0.0176942655763216, -0.217354865553636
-0.133236563877501, 0.0167858127076372, -0.238735155896742
-0.141290609976677, 0.0157934612310939, -0.25986031260281
-0.151735035715133, 0.0145065873821518, -0.279866137791274
-0.166421776386794, 0.0126970113489797, -0.296897356468783
-0.184784023596867, 0.0104345704705454, -0.309872464487627
-0.204970393000631, 0.00794737667537661, -0.319769880228232
-0.226066944724347, 0.00534803790884729, -0.327528233098184
-0.247639561166866, 0.00269004247620391, -0.333832600745545
-0.269472275271154, 3.69352145113829E-10, -0.339156155512667
-0.0238777928464911, 0.00959197910262533, -6.17804475031438E-16
-0.0307132061370906, 0.00931996767568793, -0.0228847472745814
-0.03759312803259, 0.0090461850538549, -0.0457561304710932
-0.044530214702058, 0.00877012759199733, -0.0686102099413723
-0.0515386384077434, 0.008491231312911, -0.0914424754071491
-0.0586435274245432, 0.00820849625103121, -0.114244843460477
-0.065876986395087, 0.00792064482016357, -0.137006674282392
-0.0732814915564748, 0.00762598670234583, -0.159713303060026
-0.0809441453240985, 0.0073210557059531, -0.182333922318307
-0.0888845601289245, 0.0070050713653272, -0.204858235942404
-0.0974725795607191, 0.00666331596285267, -0.227142258628926
-0.106674063194842, 0.00629714809752394, -0.249180404084742
-0.116810923407934, 0.00589375744739031, -0.270797195618301
-0.131420779506715, 0.00531236644207295, -0.289511853650943
-0.151335427256895, 0.00451987423696621, -0.302578075244707
-0.173116060411014, 0.00365312619233818, -0.312314902280871
-0.195632658436914, 0.00275709083962236, -0.320221911184286
-0.218528248824517, 0.00184597369905811, -0.326958844652669
-0.241650111114891, 0.000925852195402393, -0.332874832750925
-0.264915980761748, 3.70083841579754E-10, -0.338197152508815
