-2.73123999063188, 0.165427004833267, -1.66533453693773E-16
-2.73123999063334, 0.162937053548549, -0.0147290802664957
-2.73123999063483, 0.159955531562548, -0.029366419508604
-2.73123999063635, 0.15645681134, -0.0438887945779874
-2.73123999063792, 0.15243526009324, -0.058275111384719
-2.73123999063954, 0.147875847249437, -0.0725000312820162
-2.73123999064123, 0.142764253398047, -0.0865359277817497
-2.73123999064301, 0.13709932454536, -0.100357814864121
-2.73123999064491, 0.130930546164817, -0.113962503879068
-2.73123999064697, 0.124223745923745, -0.127309476115791
-2.73123999064931, 0.116844350337661, -0.140296599608686
-2.73123999065184, 0.10904307575484, -0.15303609553251
-2.73123999065513, 0.0999975373580902, -0.164889013920484
-2.7312399906604, 0.0879433281262907, -0.173605546476271
-2.73123999066696, 0.0740377984837939, -0.178992595764581
-2.73123999067399, 0.0594214663081457, -0.182035165832632
-2.73123999068114, 0.0446113798346167, -0.183985731005685
-2.7312399906883, 0.0297615472352816, -0.185610720070892
-2.73123999069548, 0.0148869794828181, -0.186991868619022
-2.73123999070266, 0, -0.188233449453894
-2.67661519088861, 0.181321707006231, -1.16492924125546E-16
-2.67661519088861, 0.178766668075066, -0.0158111679394106
-2.67661519088861, 0.175600551768818, -0.0315113071298306
-2.67661519088861, 0.171812468188401, -0.0470730591194727
-2.67661519088861, 0.167398293057676, -0.0624688837553785
-2.67661519088861, 0.162352891039031, -0.0776694959744721
-2.67661519088861, 0.156670112655767, -0.092643441559854
-2.67661519088861, 0.150355339729307, -0.107362087634849
-2.67661519088861, 0.143462781874727, -0.121819399492913
-2.67661519088861, 0.135960109103649, -0.135968951620884
-2.67661519088861, 0.127705756271633, -0.149693247661072
-2.67661519088861, 0.118840345556405, -0.163031833490704
-2.67661519088861, 0.108353403861701, -0.175085291734488
-2.67661519088861, 0.0946320001211082, -0.18320790610918
-2.67661519088861, 0.0793620973056803, -0.187994296526775
-2.67661519088861, 0.0636630156209262, -0.191150838505212
-2.67661519088861, 0.0478066466085793, -0.193408484732323
-2.67661519088861, 0.031892390025135, -0.195219285926007
-2.67661519088861, 0.0159521723505172, -0.196787445732369
-2.67661519088861, 1.48518509501437E-11, -0.198229497983473
-2.62199039107455, 0.196886573044333, -1.35604936543735E-16
-2.62199039107455, 0.194409024205398, -0.0169688705551064
-2.62199039107455, 0.191232467721988, -0.0338207941369267
-2.62199039107455, 0.187338478541896, -0.0505214373423688
-2.62199039107455, 0.182707409536551, -0.0670327811435758
-2.62199039107455, 0.17732736040383, -0.0833153953605382
-2.62199039107455, 0.171194004692811, -0.0993294274704367
-2.62199039107455, 0.164316027305509, -0.115038057643336
-2.62199039107455, 0.156721614992419, -0.130413196017606
-2.62199039107455, 0.148391937414419, -0.145402223165214
-2.62199039107455, 0.139213036307279, -0.159885556438317
-2.62199039107455, 0.129013622493625, -0.173666742356612
-2.62199039107455, 0.116783725050076, -0.185623181070683
-2.62199039107455, 0.101510085539723, -0.193278246897647
-2.62199039107455, 0.0849622234576157, -0.197746725829285
-2.62199039107455, 0.0681305535665411, -0.201025708753248
-2.62199039107455, 0.0511666171981785, -0.203537383075326
-2.62199039107455, 0.0341328785380247, -0.205527569398017
-2.62199039107455, 0.0170722523373581, -0.207275281903065
-2.62199039107455, 2.98246403579767E-11, -0.208905760056729
-2.5673655912605, 0.21220759319991, -1.40954750987667E-16
-2.5673655912605, 0.209905340263293, -0.0181871982035726
-2.5673655912605, 0.206836843342659, -0.0362607446074994
-2.5673655912605, 0.202961669716136, -0.0541784617075481
-2.5673655912605, 0.198234247260501, -0.0718901923197487
-2.5673655912605, 0.192623483095387, -0.0893420485428991
-2.5673655912605, 0.18612053358835, -0.106481425809946
-2.5673655912605, 0.178731807539126, -0.123257881017537
-2.5673655912605, 0.170443197443429, -0.139608242578269
-2.5673655912605, 0.161256680825213, -0.155471476738855
-2.5673655912605, 0.151089415022278, -0.170721705410369
-2.5673655912605, 0.139371112042045, -0.184804117521079
-2.5673655912605, 0.125293770841792, -0.196477198206472
-2.5673655912605, 0.108571676020859, -0.203865466256044
-2.5673655912605, 0.0907890209621499, -0.208298501077025
-2.5673655912605, 0.0727884948132306, -0.211771571802756
-2.5673655912605, 0.0546674503357004, -0.214547956140207
-2.5673655912605, 0.0364684570937153, -0.216762547129567
-2.5673655912605, 0.01824049430996, -0.218727608033979
-2.5673655912605, 4.48760610337646E-11, -0.220572846471863
-2.51274079145311, 0.227374780390033, -1.32992862949497E-16
-2.51274079144671, 0.22529757633732, -0.0194513004196738
-2.51274079144645, 0.222396129595565, -0.0387965574397927
-2.51274079144645, 0.218602223484659, -0.0579864404768007
-2.51274079144645, 0.213841346836614, -0.0769591983830919
-2.51274079144645, 0.208055225464684, -0.0956445080794635
-2.51274079144645, 0.201223291959322, -0.113973226182707
-2.51274079144645, 0.193342631880823, -0.131875776474869
-2.51274079144645, 0.184357114653534, -0.149249473947864
-2.51274079144645, 0.174286571610472, -0.166018065247103
-2.51274079144645, 0.163061005052845, -0.182030781413763
-2.51274079144645, 0.149744600570796, -0.196327877989018
-2.51274079144645, 0.133858885163169, -0.207674545870934
-2.51274079144645, 0.115770813041795, -0.215027233360303
-2.51274079144645, 0.096779241933453, -0.219699577969171
-2.51274079144645, 0.0775880797136318, -0.223492335098708
-2.51274079144645, 0.0582761555369702, -0.226611235109524
-2.51274079144645, 0.0388786345491496, -0.22914912138424
-2.51274079144645, 0.0194472802772164, -0.231416414829332
-2.51274079144645, 5.99609953030076E-11, -0.233542887273621
-2.45811599163239, 0.242455607872875, -1.12922306460804E-16
-2.45811599163239, 0.240609565876434, -0.0207460034063554
-2.45811599163239, 0.2378798549432, -0.0413939558975491
-2.45811599163239, 0.234173292202249, -0.0618886791260796
-2.45811599163239, 0.229389593399368, -0.0821585442075442
-2.45811599163239, 0.223440193532334, -0.102116918086473
-2.45811599163239, 0.216284838696639, -0.12167518404264
-2.45811599163239, 0.20790367722039, -0.140739834262942
-2.45811599163239, 0.198213678733353, -0.159172789139629
-2.45811599163239, 0.187236973802071, -0.176870452728409
-2.45811599163239, 0.174887538866598, -0.193630419247862
-2.45811599163239, 0.159989555484437, -0.208133782958199
-2.45811599163239, 0.142409798806437, -0.21923944774376
-2.45811599163239, 0.123019818594095, -0.226778220824439
-2.45811599163239, 0.102845853050876, -0.231943977355575
-2.45811599163239, 0.0824608677389691, -0.236219198188502
-2.45811599163239, 0.0619444448851887, -0.239810468362152
-2.45811599163239, 0.0413328017504056, -0.242811395793948
-2.45811599163239, 0.0206780592783109, -0.245502303619587
-2.45811599163239, 7.50392403768944E-11, -0.248007908256514
-2.40349119181834, 0.257391402671341, -8.53547312543209E-17
-2.40349119181834, 0.255773498981727, -0.0220538606788473
-2.40349119181834, 0.253209036813653, -0.0440173392715722
-2.40349119181834, 0.24958367333739, -0.0658303054594832
-2.40349119181834, 0.244774394045812, -0.0874124875058256
-2.40349119181834, 0.238661581717627, -0.108661593929982
-2.40349119181834, 0.23117921583059, -0.129467606548086
-2.40349119181834, 0.222285478613084, -0.149709824044272
-2.40349119181834, 0.21188655658162, -0.169220394851624
-2.40349119181834, 0.199986509354779, -0.187853816903453
-2.40349119181834, 0.186460769025586, -0.205331470476677
-2.40349119181834, 0.170035554284718, -0.220067247501432
-2.40349119181834, 0.150875125854709, -0.231048649969629
-2.40349119181834, 0.130228077155905, -0.238926778842699
-2.40349119181834, 0.108902731531049, -0.244767316921375
-2.40349119181834, 0.0873357610781458, -0.249653370188194
-2.40349119181834, 0.0656181752978754, -0.253820071524225
-2.40349119181834, 0.0437945629791802, -0.257393086495515
-2.40349119181834, 0.0219146262963657, -0.260605306374186
-2.40349119181834, 9.01027924453568E-11, -0.263571919266427
-2.34886639200429, 0.272084417841267, -5.59904354592715E-17
-2.34886639200429, 0.270693931946934, -0.0233563722541771
-2.34886639200429, 0.26829158231621, -0.0466299227347949
-2.34886639200429, 0.264743534714862, -0.0697559486651509
-2.34886639200429, 0.259905055461465, -0.0926459762294847
-2.34886639200429, 0.253626197616023, -0.115182618475347
-2.34886639200429, 0.245812018847442, -0.137233396945264
-2.34886639200429, 0.236397062413673, -0.158648734248001
-2.34886639200429, 0.225289133287704, -0.179235568038145
-2.34886639200429, 0.212453240184852, -0.198791187513744
-2.34886639200429, 0.197709815720909, -0.216938205654681
-2.34886639200429, 0.179821764275265, -0.231937021552842
-2.34886639200429, 0.159187157671851, -0.242914634394262
-2.34886639200429, 0.137320924644617, -0.251220327029903
-2.34886639200429, 0.114877455888187, -0.257827776622995
-2.34886639200429, 0.0921512094535603, -0.263393746435225
-2.34886639200429, 0.0692489913133733, -0.26818697335348
-2.34886639200429, 0.0462299941561787, -0.272385970466593
-2.34886639200429, 0.023139316515842, -0.276172577002988
-2.34886639200429, 1.0515414178582E-10, -0.279650031214047
-2.29424159216425, 0.286439207759085, -3.04911622892857E-17
-2.29424159218922, 0.28527803783294, -0.0246344828258191
-2.29424159219023, 0.283038588759361, -0.0491938256961435
-2.29424159219023, 0.279566595818102, -0.0736087422214127
-2.29424159219023, 0.274694678720731, -0.0977822853820569
-2.29424159219023, 0.268244782764182, -0.121582335994599
-2.29424159219023, 0.260092880017967, -0.144853573681031
-2.29424159219023, 0.250151455195753, -0.167417314361124
-2.29424159219023, 0.238338572352353, -0.189058707248527
-2.29424159219023, 0.224559344397984, -0.209502108930881
-2.29424159219024, 0.20856523286488, -0.228248177079249
-2.29424159219024, 0.189283202287487, -0.243533403779644
-2.29424159219024, 0.167286481797878, -0.254636822981033
-2.29424159219023, 0.14424335586668, -0.263415770577423
-2.29424159219024, 0.120712238937687, -0.270793335772334
-2.29424159219024, 0.0968562092463722, -0.277045778995164
-2.29424159219024, 0.072796297104201, -0.282465003922595
-2.29424159219023, 0.048609332154164, -0.28728745369096
-2.29424159219023, 0.0243358491295009, -0.29165478239558
-2.29424159219023, 1.20195858352246E-10, -0.295660547244593
-2.23961679237618, 0.300359591681255, -1.39246316940103E-17
-2.23961679237618, 0.299431138956764, -0.025869463606436
-2.23961679237618, 0.297358194673177, -0.0516717570568351
-2.23961679237618, 0.293962859276799, -0.0773327300748271
-2.23961679237618, 0.289052931506852, -0.102746292191518
-2.23961679237618, 0.282425811028113, -0.127765743039298
-2.23961679237618, 0.273930753547997, -0.152213058914807
-2.23961679237618, 0.263462303437358, -0.1758814083778
-2.23961679237618, 0.250953690839717, -0.198536401192737
-2.23961679237618, 0.236230943866526, -0.219814188599677
-2.23961679237618, 0.218964817476507, -0.239069578283178
-2.23961679237618, 0.198361462356796, -0.254651146970965
-2.23961679237618, 0.175124749899965, -0.266016058640145
-2.23961679237618, 0.150957018957914, -0.275287516549925
-2.23961679237618, 0.126363014271857, -0.283360948947974
-2.23961679237618, 0.101410030673595, -0.290247710924888
-2.23961679237618, 0.0762274391974087, -0.296245755862254
-2.23961679237618, 0.0509077328325911, -0.301637454001624
-2.23961679237618, 0.0254900421303971, -0.306547487755041
-2.23961679237618, 1.35230090929076E-10, -0.311067486028824
-2.17499199256213, 0.316105605095128, -8.68849245295091E-18
-2.17499199256213, 0.315448665017296, -0.0272548322020323
-2.17499199256213, 0.313569380431879, -0.0544519170559129
-2.17499199256213, 0.310259760895005, -0.0815112459830569
-2.17499199256213, 0.305298543412723, -0.108315674294213
-2.17499199256213, 0.298459398666683, -0.13470198602363
-2.17499199256213, 0.289563109614201, -0.160466184937518
-2.17499199256213, 0.278485941795058, -0.185369337223223
-2.17499199256213, 0.265179726964671, -0.20915471176727
-2.17499199256213, 0.249365321565578, -0.231342671356216
-2.17499199256213, 0.230615371688454, -0.251096563961265
-2.17499199256213, 0.208546889656122, -0.267021430039032
-2.17499199256213, 0.183987129281867, -0.278818824587011
-2.17499199256213, 0.158568046828297, -0.28867417358222
-2.17499199256213, 0.132756402367895, -0.29744831753399
-2.17499199256213, 0.106556605890451, -0.304985564857745
-2.17499199256213, 0.0801018405180268, -0.311577818646978
-2.17499199256213, 0.0534981192085185, -0.317542357032695
-2.17499199256213, 0.0267880024311751, -0.323011690105901
-2.17499199256213, 1.53007635632555E-10, -0.328086428868398
-2.04842999302699, 0.343944205082402, -4.95830746222672E-17
-2.04842999302699, 0.343758333954309, -0.0296561954415305
-2.04842999302699, 0.342195300287278, -0.0592707171975488
-2.048429993027, 0.339001057625894, -0.0887527296065616
-2.048429993027, 0.333917838632578, -0.117966824429635
-2.048429993027, 0.326689710457062, -0.146723589499235
-2.04842999302699, 0.317087341364735, -0.174774894087638
-2.04842999302699, 0.304941322364142, -0.201820429508574
-2.04842999302699, 0.29021565453395, -0.227550706976169
-2.048429993027, 0.272450692498555, -0.251267249338374
-2.048429993027, 0.251086279210395, -0.271787197115251
-2.048429993027, 0.22650167651745, -0.288309006453554
-2.04842999302699, 0.199724353200653, -0.301027579829415
-2.04842999302699, 0.172128021212423, -0.311889992587604
-2.04842999302699, 0.144122789412129, -0.321647689945663
-2.04842999302699, 0.115691484496741, -0.330083880858899
-2.04842999302699, 0.0869697707201088, -0.337476773131461
-2.04842999302699, 0.0580781866877536, -0.344177447147
-2.04842999302699, 0.0290758698516297, -0.350382575493711
-2.048429993027, 1.87794557033744E-10, -0.356233982191243
-1.91186799349186, 0.368235865829967, -1.48302531544349E-16
-1.91186799349186, 0.36839086306618, -0.0316796995500299
-1.91186799349186, 0.367008485340324, -0.0633284708311098
-1.91186799349186, 0.363828546546262, -0.0948461941373825
-1.91186799349186, 0.358598616764424, -0.126087651427064
-1.91186799349186, 0.351049684133496, -0.156849178855416
-1.91186799349186, 0.340902087141215, -0.186851106728885
-1.91186799349186, 0.327904360713552, -0.215730087305318
-1.91186799349186, 0.311970557977772, -0.243096086291105
-1.91186799349186, 0.292538480255449, -0.268076375630406
-1.91186799349186, 0.269049929115889, -0.289276868205099
-1.91186799349186, 0.242375621228368, -0.306312702956037
-1.91186799349186, 0.213691284777593, -0.319736496942072
-1.91186799349186, 0.184184387096519, -0.331268952267307
-1.91186799349186, 0.154216525867324, -0.341541966180858
-1.91186799349186, 0.123789243863338, -0.3503622421845
-1.91186799349186, 0.0930474207336675, -0.358020656059106
-1.91186799349186, 0.0621222968311261, -0.364904836857614
-1.91186799349186, 0.031090849320909, -0.371294417892632
-1.91186799349186, 2.25265518021076E-10, -0.37738905768795
-1.77530599395673, 0.385143140676235, -1.96753369375463E-16
-1.77517171134804, 0.386887205358413, -0.0315231445094654
-1.77530599023188, 0.384148548694355, -0.0645236225527942
-1.77530598178589, 0.381007035511805, -0.0975330517035259
-1.7753059893735, 0.375765649148715, -0.13027321775751
-1.77530599017449, 0.368142258404306, -0.162539946927374
-1.77530598389244, 0.357813978786465, -0.194041894984172
-1.77530599021751, 0.344436175119702, -0.224370965512673
-1.775305990811, 0.327832327518642, -0.2530573105427
-1.77530598932278, 0.307398416625775, -0.279128318281985
-1.77530599228683, 0.282594241894959, -0.301073115177926
-1.77530599196586, 0.254513277537682, -0.318656834620131
-1.77530599344918, 0.2244250552093, -0.332573348575154
-1.77530599343968, 0.193467249807717, -0.344458382129415
-1.77530599577676, 0.16199193585707, -0.354893416665777
-1.77530599447468, 0.130020487487429, -0.363692857403367
-1.77530599502026, 0.0977163428629618, -0.371186989660299
-1.77530599773219, 0.0652238085765952, -0.37782134815071
-1.77530599564361, 0.0326325274086271, -0.383954645034706
-1.77530599395673, 2.62592323955421E-10, -0.389865328003514
-1.6387439944216, 0.393802489231499, -1.58289963359338E-16
-1.6387439944216, 0.393974282165583, -0.0338159015826189
-1.6387439944216, 0.3925389307616, -0.0676007413031492
-1.6387439944216, 0.38926919155058, -0.101256594426941
-1.6387439944216, 0.383923897859903, -0.134644174972033
-1.6387439944216, 0.376206844802506, -0.167562458253555
-1.6387439944216, 0.365769440670912, -0.199718259534344
-1.6387439944216, 0.352225733945253, -0.23068989062128
-1.6387439944216, 0.335334034144471, -0.259965184246028
-1.6387439944216, 0.314430824030957, -0.286498158529172
-1.6387439944216, 0.289060734857648, -0.308791637041435
-1.6387439944216, 0.260353819569125, -0.326607625788267
-1.6387439944216, 0.229601823652996, -0.340648706859163
-1.6387439944216, 0.197960832957557, -0.352580288385639
-1.6387439944216, 0.165762261677246, -0.362909439597491
-1.6387439944216, 0.133040705250627, -0.371440058462544
-1.6387439944216, 0.0999786711072925, -0.378547038402445
-1.6387439944216, 0.0667270122236314, -0.384711914374925
-1.6387439944216, 0.0333796666122159, -0.390339444701665
-1.6387439944216, 2.997378891919E-10, -0.395772961245573
-1.50218199488646, 0.394020312293225, -9.67931478256237E-17
-1.50218199488646, 0.394048811221675, -0.0339631531484238
-1.50218199488646, 0.392540614572904, -0.0678918397162622
-1.50218199488646, 0.389246689325001, -0.10169278891865
-1.50218199488646, 0.383899796043296, -0.1352286888992
-1.50218199488646, 0.376198017339102, -0.168301205078641
-1.50218199488646, 0.365804164475272, -0.200625581178287
-1.50218199488646, 0.352368685077967, -0.231804918174757
-1.50218199488646, 0.335659978593586, -0.261354828685012
-1.50218199488646, 0.315049390285951, -0.288305174429417
-1.50218199488646, 0.290069718681376, -0.311254810076205
-1.50218199611007, 0.26156022775149, -0.329646904875651
-1.50218198603, 0.230785949317985, -0.343985250351852
-1.50218199201266, 0.199059066162153, -0.356102806263022
-1.50218199488646, 0.166738837397498, -0.36653086323995
-1.50218199488646, 0.133866182270645, -0.375061117817007
-1.50218199488646, 0.100629589755796, -0.382049900836591
-1.50218199488646, 0.0671813720882761, -0.387949908161453
-1.50218199488646, 0.0336175277342561, -0.393156378723768
-1.50218199488646, 3.36726286405833E-10, -0.398006056694205
-1.36561999535417, 0.386334422821328, -6.48151545039009E-17
-1.36561999535144, 0.386130680521321, -0.0335581080964486
-1.36561999535133, 0.384437211607454, -0.0670731768721655
-1.36561999535133, 0.38100042371715, -0.100453353684357
-1.36561999535133, 0.375554435615744, -0.13356364565992
-1.36561999535133, 0.367823960759153, -0.166214331379142
-1.36561999535133, 0.357528186597192, -0.19814656786189
-1.36561999535133, 0.344409961901618, -0.229023989504184
-1.36561999535133, 0.328287703465174, -0.25844100914545
-1.36561999535133, 0.308646311572398, -0.285618423136847
-1.36561999535133, 0.284986252731677, -0.309365228813834
-1.36561999535133, 0.257554047771278, -0.328619417107542
-1.36561999535133, 0.227499007533309, -0.343513747063346
-1.36561999535133, 0.196371520534928, -0.356050373251839
-1.36561999535133, 0.164596476371072, -0.366837060267804
-1.36561999535133, 0.132228381061892, -0.375688510375811
-1.36561999535133, 0.0994563749855559, -0.382910877966747
-1.36561999535133, 0.0664340268378989, -0.388891799478126
-1.36561999535133, 0.0332614869143346, -0.393979104507415
-1.36561999535133, 3.73611673256083E-10, -0.398450915244513
-1.2290579958162, 0.371527992894243, -8.41731254163848E-17
-1.2290579958162, 0.370869588117347, -0.0326565120576881
-1.2290579958162, 0.368698447650798, -0.0652467385578942
-1.2290579958162, 0.364840889384642, -0.0976797922542091
-1.2290579958162, 0.359109001018956, -0.129833491211052
-1.2290579958162, 0.351301436886472, -0.161545872274543
-1.2290579958162, 0.341231024666359, -0.192612388776173
-1.2290579958162, 0.328727084915629, -0.222779953129293
-1.2290579958162, 0.313619093341068, -0.251728567551528
-1.2290579958162, 0.295547902193306, -0.27891747220648
-1.2290579958162, 0.274044565373691, -0.303465653255111
-1.2290579958162, 0.248594211708373, -0.323858825609682
-1.2290579958162, 0.220062447689444, -0.339719180987825
-1.2290579958162, 0.190211576872409, -0.352971602135844
-1.2290579958162, 0.159588541360965, -0.364325758074352
-1.2290579958162, 0.128314473321068, -0.373742525021845
-1.2290579958162, 0.0965835646601848, -0.38148850941075
-1.2290579958162, 0.0645544023412738, -0.387896625447144
-1.2290579958162, 0.0323378858141424, -0.393289318861118
-1.2290579958162, 4.10458551342997E-10, -0.39790139684677
-1.09249599628106, 0.349804430229727, -7.87092165683385E-17
-1.09249599628106, 0.348382221740316, -0.0312945792788441
-1.09249599628106, 0.345537421857252, -0.0624916164008979
-1.09249599628106, 0.341176486804211, -0.093512626119981
-1.09249599628106, 0.335183612378537, -0.124259419777966
-1.09249599628106, 0.32743109214299, -0.154609628409263
-1.09249599628106, 0.31781371969287, -0.184420687689992
-1.09249599628106, 0.306223538031212, -0.213520363006358
-1.09249599628106, 0.292489905207403, -0.241669964724121
-1.09249599628106, 0.27639025700706, -0.268533135014528
-1.09249599628106, 0.257563953426317, -0.293548460201891
-1.09249599628106, 0.234979913118588, -0.315192924681586
-1.09249599628106, 0.208960786622442, -0.332594181880147
-1.09249599628106, 0.181068343532845, -0.346835417937898
-1.09249599628106, 0.152103306454941, -0.358758566106318
-1.09249599628106, 0.122456184124216, -0.368873221600437
-1.09249599628106, 0.0922835296447262, -0.377292810010098
-1.09249599628106, 0.0617276256853792, -0.384200370301428
-1.09249609974838, 0.0309392293421734, -0.389990590002691
-1.09249599628106, 4.47303276793716E-10, -0.39491404436782
-0.955933996745931, 0.321462505833124, -2.00847254931376E-17
-0.955933996745931, 0.319024633955564, -0.0294994325879833
-0.955933996745931, 0.315466067517832, -0.0588844692137127
-0.955933996745931, 0.310707589454217, -0.0880988719295891
-0.955933996745931, 0.304650245970889, -0.117071397697416
-0.955933996745931, 0.297199768415369, -0.1457169034727
-0.955933996745931, 0.288288469228347, -0.173941772389459
-0.955933996745931, 0.277847254043803, -0.201636480516598
-0.955933996745931, 0.265730489725175, -0.228638939658341
-0.955933996745931, 0.251794254666062, -0.254747583418776
-0.955933996745931, 0.235799837128011, -0.279641936320313
-0.955933996745931, 0.216788838858902, -0.302293930301458
-0.955933996745931, 0.194411385459422, -0.321622682933136
-0.955933996745931, 0.169245592181062, -0.337156745198182
-0.955933996745931, 0.142449316992746, -0.349716347424469
-0.955933996745931, 0.114926979767243, -0.360604253852565
-0.955933996745931, 0.0867796611839456, -0.369750221012101
-0.955933996745931, 0.0581164628121462, -0.377130536743153
-0.955933996745931, 0.0291522713172736, -0.383232531984807
-0.955933996745931, 4.84174940061086E-10, -0.388364315053998
-0.809371997210798, 0.284671713869938, -3.19577321885375E-17
-0.809371997210798, 0.281224130081746, -0.0271555026609495
-0.809371997210798, 0.276993617172096, -0.0541999268764619
-0.809371997210798, 0.271917643746587, -0.0810982955480617
-0.809371997210798, 0.265918733640866, -0.107805711697061
-0.809371997210798, 0.258920836835764, -0.134268691720318
-0.809371997210798, 0.250873633941619, -0.160431518220353
-0.809371997210798, 0.241733718363802, -0.186232613116173
-0.809371997210798, 0.231411333677143, -0.211583261665571
-0.809371997210798, 0.21979643601491, -0.236367565188022
-0.809371997210798, 0.206718174466281, -0.260409647153879
-0.809371997210798, 0.191718251046909, -0.283296100497796
-0.809371997210798, 0.174073229761169, -0.304189647330199
-0.809371997210798, 0.152989088627015, -0.321583900915311
-0.809371997210798, 0.129504331340612, -0.3356206897389
-0.809371997210798, 0.104862969784307, -0.347528502365032
-0.809371997210798, 0.0794090807791076, -0.357585040419858
-0.809371997210798, 0.0533315612524271, -0.365895672175905
-0.809371997210798, 0.026811277912175, -0.372667055812429
-0.809371997210798, 5.2381884440914E-10, -0.378181068910117
-0.764747197396745, 0.272325616638402, -5.30160669792442E-17
-0.764747197396745, 0.268630884722581, -0.0263678969056514
-0.764747197396745, 0.26423748411305, -0.0526282903962196
-0.764747197396745, 0.259093947704374, -0.0787519709140336
-0.764747197396745, 0.253133465760522, -0.104701218063426
-0.764747197396745, 0.246286185106765, -0.130430481206839
-0.764747197396745, 0.238506050191946, -0.155893058024912
-0.764747197396745, 0.22975541031852, -0.181038388553394
-0.764747197396744, 0.219963761919678, -0.205796545252403
-0.764747197396744, 0.209028230992667, -0.230070413431648
-0.764747197396745, 0.196780934026037, -0.253708098604421
-0.764747197396745, 0.182927434987048, -0.27643865240366
-0.764747197396745, 0.1667660980039, -0.297570621957694
-0.764747197396745, 0.147178011310524, -0.315545132367347
-0.764747197396745, 0.124972154056325, -0.330205338462298
-0.764747197396745, 0.101364335238142, -0.342500304415483
-0.764747197396744, 0.0768493668429901, -0.352876582350951
-0.764747197396745, 0.0516816495425177, -0.361553074050139
-0.764747197396745, 0.0260102202572924, -0.368604174607889
-0.764747197396745, 5.35925777555609E-10, -0.3742875520029
-0.710122397582692, 0.256560611135716, -7.72698469510182E-17
-0.710122397582692, 0.252610911858918, -0.0253603966155126
-0.710122397582692, 0.24805570129226, -0.0506189712633038
-0.710122397582692, 0.242857968109006, -0.0757530919556368
-0.710122397582692, 0.236964038266553, -0.100732958765741
-0.710122397582692, 0.230312615009668, -0.125521720617791
-0.710122397582692, 0.222863055232722, -0.150082323760929
-0.710122397582692, 0.214584067477818, -0.174375731114758
-0.710122397582692, 0.205426514380132, -0.198351552396819
-0.710122397582691, 0.195299010992337, -0.221933399206821
-0.710122397582691, 0.184035029203976, -0.244993083278245
-0.710122397582691, 0.171502086896801, -0.267387572034021
-0.710122397582692, 0.157102196989463, -0.288613927432564
-0.710122397582692, 0.139467672248384, -0.307212265220642
-0.710122397582691, 0.119015340683945, -0.32268419576902
-0.710122397582691, 0.096806505968454, -0.335526680305931
-0.710122397582691, 0.0735297855456614, -0.346327896919887
-0.710122397582691, 0.0495438607651379, -0.355448183491529
-0.710122397582692, 0.0249727812088695, -0.362849670993584
-0.710122397582692, 5.50787461181053E-10, -0.368765381881561
-0.655497597768638, 0.240130020651613, -9.02782912857899E-17
-0.655497597768638, 0.235983928491456, -0.0243067561427352
-0.655497597768638, 0.231316379356308, -0.0485187393545064
-0.655497597768638, 0.226103446578745, -0.072619119133041
-0.655497597768638, 0.220303185859235, -0.0965848066495532
-0.655497597768638, 0.213863967646542, -0.120386655712927
-0.655497597768638, 0.20675132448801, -0.143995943121968
-0.655497597768638, 0.198940209770263, -0.167383324660577
-0.655497597768638, 0.190398050689663, -0.190513591707692
-0.655497597768639, 0.181049543116389, -0.21332936891731
-0.655497597768638, 0.170737972806748, -0.235725733450211
-0.655497597768638, 0.159419886971956, -0.257630702087392
-0.655497597768638, 0.146649481249012, -0.278711514412441
-0.655497597768638, 0.131052836196143, -0.297772691924495
-0.655497597768638, 0.112572698530936, -0.314060790622799
-0.655497597768638, 0.0919458151296504, -0.327542356760114
-0.655497597768638, 0.0700199564943895, -0.338808711264998
-0.655497597768638, 0.0472790017740245, -0.348325951926797
-0.655497597768638, 0.023870241230488, -0.35605719337359
-0.655497597768638, 5.65708214358363E-10, -0.362228277266469
-0.600872797954585, 0.223073787382972, -8.7592946294012E-17
-0.600872797954585, 0.218795970125084, -0.0232079544032723
-0.600872797954585, 0.214073199033253, -0.0463294443523081
-0.600872797954585, 0.208891603901237, -0.0693524109699287
-0.600872797954585, 0.203219030616251, -0.0922592659662059
-0.600872797954585, 0.197014161196904, -0.115027619963845
-0.600872797954585, 0.190249512186815, -0.13763593133859
-0.600872797954585, 0.182906559191764, -0.160063018274275
-0.600872797954585, 0.174963567147602, -0.182284614031947
-0.600872797954585, 0.166364385189074, -0.204260271197938
-0.600872797954585, 0.156977510230031, -0.225910738078637
-0.600872797954585, 0.146771397407443, -0.247187377671874
-0.600872797954585, 0.135448044876212, -0.267885353919836
-0.600872797954585, 0.12189717837524, -0.287183060881489
-0.600872797954585, 0.105595158024658, -0.304210757253954
-0.600872797954585, 0.0867598986429103, -0.318393195266882
-0.600872797954585, 0.0663182825418799, -0.330166072261759
-0.600872797954585, 0.0448873337494841, -0.34002978525211
-0.600872797954585, 0.0227029443732288, -0.348059575057183
-0.600872797954585, 5.8068478863892E-10, -0.354488076610891
-0.546247998140532, 0.205408242708837, -7.44829668534563E-17
-0.546247998140532, 0.201067938171143, -0.0220631467507642
-0.546247998140532, 0.19635249704701, -0.0440491655606592
-0.546247998140532, 0.191255028765772, -0.0659497383744459
-0.546247998140532, 0.18575196438369, -0.0877518753452866
-0.546247998140532, 0.179811941555517, -0.109438984084056
-0.546247998140532, 0.173414461158885, -0.130995552221831
-0.546247998140532, 0.166547535645244, -0.152407162155461
-0.546247998140532, 0.159195959071682, -0.173657208847643
-0.546247998140532, 0.151321577289234, -0.194718933209016
-0.546247998140532, 0.142828423082052, -0.215538543974283
-0.546247998140532, 0.133654899786913, -0.236067331465099
-0.546247998140532, 0.123609643610174, -0.256181524097802
-0.546247998140532, 0.112018213063856, -0.275438914027719
-0.546247998140532, 0.0980201744948175, -0.293005102293493
-0.546247998140532, 0.0811774701921814, -0.307863327208561
-0.546247998140532, 0.0623825600548601, -0.320183067066599
-0.546247998140532, 0.0423642078680231, -0.330404829571106
-0.546247998140532, 0.0214808227792857, -0.338723285177906
-0.546247998140532, 5.95686425654426E-10, -0.345355961143098
-0.491623198326479, 0.187153050569409, -5.73010876479204E-17
-0.491623198326479, 0.182823357549471, -0.0208688348709445
-0.491623198326479, 0.178182705195588, -0.0416707299238979
-0.491623198326478, 0.173228346416398, -0.062400138850057
-0.491623198326479, 0.167944736357202, -0.0830480414275575
-0.491623198326479, 0.16230921884738, -0.10360265436432
-0.491623198326479, 0.156307377050948, -0.12405329101716
-0.491623198326479, 0.149933390627059, -0.144390993756128
-0.491623198326479, 0.143175882883538, -0.164604477132923
-0.491623198326479, 0.136010604893552, -0.184676948037479
-0.491623198326479, 0.128378904266154, -0.204576586138941
-0.491623198326479, 0.120182552839083, -0.224250035104424
-0.491623198326479, 0.111287909276026, -0.243617164831894
-0.491623198326479, 0.101479238120219, -0.262535832935041
-0.491623198326479, 0.0897714022157047, -0.280320823007019
-0.491623198326479, 0.0750930356357638, -0.295733971013289
-0.491623198326479, 0.0581502179420428, -0.30863615839577
-0.491623198326479, 0.0397058454228613, -0.319292635019169
-0.491623198326479, 0.0202212715280264, -0.327908386817584
-0.491623198326479, 6.10679260293449E-10, -0.33462033607433
-0.436998398512426, 0.168333385409986, -4.24776538038532E-17
-0.436998398512426, 0.164090738923948, -0.0196190285472523
-0.436998398512426, 0.159596887849634, -0.0391820441975274
-0.436998398512425, 0.154850775527657, -0.0586853924560673
-0.436998398512426, 0.149844757603442, -0.0781236317788052
-0.436998398512426, 0.14456291427753, -0.0974887223131657
-0.436998398512426, 0.13899510822898, -0.116773534479244
-0.436998398512426, 0.13314084678672, -0.135973321461788
-0.436998398512426, 0.126991402392139, -0.155080591505478
-0.436998398512426, 0.120530812752837, -0.174084878183859
-0.436998398512426, 0.113729298468897, -0.192969746879398
-0.436998398512425, 0.106475023361867, -0.211684963392686
-0.436998398512426, 0.0986606135103749, -0.230173345247898
-0.436998398512426, 0.0903841483147978, -0.248459523955416
-0.436998398512426, 0.0807602885347237, -0.266058316302978
-0.436998398512426, 0.0683607516242471, -0.281808975337727
-0.436998398512426, 0.0535380076320959, -0.295315114566586
-0.436998398512426, 0.0369152707381574, -0.306538087805735
-0.436998398512426, 0.0189501413295197, -0.315460727744684
-0.436998398512426, 6.25627690814167E-10, -0.322038374987486
-0.382373598698374, 0.148973213851525, -3.51358015163303E-17
-0.382373598698372, 0.144894225374524, -0.018307384674272
-0.382373598698372, 0.140620077664037, -0.0365701868019531
-0.382373598698372, 0.136149256708939, -0.0547858418611786
-0.382373598698372, 0.131481841560797, -0.072952112138788
-0.382373598698372, 0.126606573524964, -0.091063692549463
-0.382373598698372, 0.121515530795411, -0.109115808093905
-0.382373598698372, 0.116212184544533, -0.127106698465959
-0.382373598698372, 0.11069025372905, -0.145031691320555
-0.382373598698372, 0.104937139970879, -0.162883812450145
-0.382373598698372, 0.0989375070923333, -0.180654561601381
-0.382373598698372, 0.0925982768197313, -0.198306740222437
-0.382373598698372, 0.085833208759797, -0.215800256384933
-0.382373598698372, 0.0788253256603519, -0.233198141743225
-0.382373598698372, 0.0709392816817913, -0.250207691751169
-0.382373598698372, 0.0608434477242, -0.265992752038583
-0.382373598698372, 0.0484408170207587, -0.280038334076753
-0.382373598698372, 0.0339547614683742, -0.291918125759219
-0.382373598698372, 0.0176494247717827, -0.301140931160348
-0.382373598698372, 6.40556687923184E-10, -0.307415852561553
-0.327748798884353, 0.129078538529062, -3.8382280878813E-17
-0.327748798884321, 0.125237756056389, -0.0169278378777158
-0.327748798884319, 0.121252804025936, -0.0338223096665112
-0.327748798884319, 0.117121137261288, -0.0506815062349455
-0.327748798884319, 0.112848959367784, -0.0675056465204811
-0.327748798884319, 0.108428362794602, -0.0842913893275138
-0.327748798884319, 0.103852434993724, -0.101035456121132
-0.327748798884319, 0.0991268252857535, -0.117737899360132
-0.327748798884319, 0.0942475091899216, -0.134396078708097
-0.327748798884319, 0.0892032071020289, -0.151005033524649
-0.327748798884319, 0.0839821565488686, -0.167559257385429
-0.327748798884319, 0.0785256875020167, -0.184037252849592
-0.327748798884319, 0.0727742514567406, -0.20041466915759
-0.327748798884319, 0.0668420143380343, -0.216727588644147
-0.327748798884319, 0.0603776015476035, -0.232834028392161
-0.327748798884319, 0.0524951226511394, -0.248288882302382
-0.327748798884319, 0.0427076073042127, -0.262606363289515
-0.327748798884319, 0.030646952036073, -0.275050255471537
-0.327748798884319, 0.0161990494848032, -0.284605744328888
-0.327748798884319, 6.55601584035583E-10, -0.290734810707881
-0.280139423236294, 0.111291918860355, -5.25391347513668E-17
-0.281357636602365, 0.107967420034369, -0.0165867557068077
-0.282614555672664, 0.104537293514705, -0.0331490866194772
-0.283911428206775, 0.10099813417104, -0.049685383915635
-0.285245832519357, 0.0973565507718364, -0.0661964381305493
-0.286621386318, 0.0936026706092681, -0.082678930659644
-0.288039973401558, 0.0897313528046898, -0.0991305843122433
-0.289500490455902, 0.085745608297418, -0.115551214296165
-0.291005943357146, 0.0816372340649905, -0.131937517133563
-0.292561139677876, 0.0773931102633284, -0.148284518034847
-0.294172734585447, 0.0729950749704918, -0.16458527696602
-0.295858472260964, 0.0683947043956302, -0.180822489439188
-0.297625125619993, 0.0635735152824596, -0.196986920902182
-0.299465428698721, 0.0585513364137285, -0.213081633294395
-0.30151085891044, 0.0529693665167549, -0.22896363501308
-0.303975875689509, 0.0462423467546226, -0.244328808004175
-0.307060432732682, 0.0378246043834385, -0.258708958953733
-0.310947692813004, 0.0272162890149941, -0.271320663467521
-0.315641041037521, 0.0144081627396394, -0.28135084292329
-0.320920698907562, 3.28748788691733E-10, -0.288508117942947
-0.247339476801344, 0.0987831688784909, -6.99861889765735E-17
-0.249405089009371, 0.0958174259077545, -0.0165310381689892
-0.251530939281086, 0.0927651949634972, -0.0330386691315086
-0.253718812332308, 0.0896239136052101, -0.0495214792248445
-0.255964964149239, 0.0863989573736481, -0.0659802708156932
-0.25827670068786, 0.083079836600171, -0.0824112277267594
-0.260656006197278, 0.0796637023604675, -0.09881263551414
-0.263102871870959, 0.0761505672986899, -0.11518357787846
-0.26562425183684, 0.0725304468901709, -0.131519857318639
-0.268230528076004, 0.0687884350033028, -0.147815277311091
-0.270935895448146, 0.0649041510917287, -0.164061152153657
-0.273763295905723, 0.060844655800246, -0.180243233197918
-0.276724072288685, 0.0565936634254099, -0.196352125343314
-0.279858761563038, 0.0520929722285207, -0.212359554183158
-0.283366666151496, 0.0470564298732788, -0.228126161423219
-0.287606012598635, 0.040969705619201, -0.243326221841278
-0.29294233792243, 0.0333079725711959, -0.257417544200502
-0.299623806152533, 0.0237149243888971, -0.269614927449275
-0.307475632124928, 0.0124415123239412, -0.279458768758947
-0.316141028923833, 3.29413658562937E-10, -0.286931135789471
-0.222282348492465, 0.0890790104476378, -8.82399822084063E-17
-0.224970564470487, 0.0863907944696158, -0.0165523947781653
-0.227734340938502, 0.0836270180016013, -0.0330798683958034
-0.230574971711387, 0.0807863872287159, -0.0495812728189091
-0.233488781691208, 0.0778725772488956, -0.0660571307620114
-0.236485446830179, 0.0748759121099244, -0.0825032320565273
-0.239566390775231, 0.0717949681648719, -0.0989181605167492
-0.242734090825376, 0.0686272681147274, -0.115300025439148
-0.245999220393774, 0.0653621385463296, -0.131643566448548
-0.24937805868882, 0.0619833002512835, -0.147940798529993
-0.252887221318888, 0.0584741376212152, -0.164182829061635
-0.25655259586597, 0.0548087630741333, -0.180355640246
-0.260411471588551, 0.0509498873515521, -0.196438099281249
-0.264533527749699, 0.0468278311904046, -0.212389024389399
-0.26915771086894, 0.0422036480711636, -0.228059308432301
-0.274812321663029, 0.036549037277074, -0.243030527402207
-0.28194051614564, 0.0294208427944631, -0.25667303795116
-0.290666282880585, 0.0206950760607498, -0.268308906095136
-0.300603047674119, 0.0107583113290614, -0.277819753754873
-0.311361358940103, 3.3007963006105E-10, -0.285339191117968
-0.199350874665818, 0.080088445504055, -2.25485982814646E-16
-0.202599699215174, 0.077661966608088, -0.0166251173220733
-0.205939547127162, 0.0751675042722308, -0.0332221020100026
-0.2093704984919, 0.0726049986788541, -0.0497901140073902
-0.212890034305695, 0.0699763312189678, -0.0663291536853875
-0.216508652235445, 0.067273661405406, -0.0828348454327747
-0.22022762624645, 0.0644960377402128, -0.099305749040131
-0.22405235605, 0.0616394272923122, -0.115738872270958
-0.227998229006437, 0.0586923375650882, -0.132127292440629
-0.232086180720012, 0.0556391321949534, -0.148461351628364
-0.236328863907261, 0.052470361133379, -0.164733804153823
-0.240775112912805, 0.0491495510329068, -0.180921217787357
-0.245489402440767, 0.0456285470896982, -0.19698996869901
-0.25051273469001, 0.0418767256216433, -0.212911855317693
-0.256238363532733, 0.0376003735620167, -0.228454813642468
-0.263330932853886, 0.0323030823372967, -0.243083585868012
-0.272191193057541, 0.0256855398783781, -0.256114446898157
-0.282673004575636, 0.0178568947679926, -0.267119073301256
-0.294255866521197, 0.00920589826295771, -0.276256041290442
-0.306581688956373, 3.30746746890663E-10, -0.283732381376966
-0.17672537942213, 0.0711289899241389, -2.37738220304218E-16
-0.180522604686815, 0.068969571518255, -0.0167528950165395
-0.18442892347477, 0.0667481134529642, -0.0334725487999113
-0.188443037223004, 0.0644653541992896, -0.0501583878278731
-0.192564341823807, 0.0621216373031666, -0.0668096017480829
-0.19680276923303, 0.0597113146276596, -0.0834218559348302
-0.201160816574565, 0.0572329661002372, -0.0999930964260227
-0.205646556025257, 0.0546820012091338, -0.116519170664768
-0.21028214224735, 0.0520458209690133, -0.132990392835219
-0.215086422807402, 0.0493137070844642, -0.149397510478747
-0.220073641121887, 0.0464775595631106, -0.165732153667931
-0.225345208275354, 0.0434797076197667, -0.181947932814989
-0.230926701184895, 0.0403056060900881, -0.198026034006697
-0.236864289086178, 0.0369289993030668, -0.213933181659073
-0.243855796820186, 0.0329530459599492, -0.22925488079454
-0.252567221132877, 0.0279990048665116, -0.243350565150425
-0.263172126449195, 0.0219681728414306, -0.255607564266365
-0.275223281854067, 0.0151148826287286, -0.265958646992513
-0.288198961470429, 0.00773583105468332, -0.274715752873833
-0.301802018972643, 3.3141505208046E-10, -0.282110808307615
-0.153277379974678, 0.0617702354046129, -1.44596410711662E-16
-0.157638202390284, 0.059896298326905, -0.0169507447972635
-0.162130523860734, 0.0579658533405801, -0.0338607445898827
-0.16675253659997, 0.0559796772893166, -0.0507292970958447
-0.171505665405465, 0.0539371579076834, -0.0675546205100065
-0.176399192373163, 0.0518343064838985, -0.0843321902751536
-0.181437943389226, 0.0496690492332145, -0.101058753171484
-0.186633169220813, 0.0474365514644369, -0.117728488120256
-0.192013881666174, 0.0451243461978893, -0.13432833541379
-0.197585712194561, 0.0427300134728321, -0.150853340312928
-0.203406766214382, 0.0402285841736148, -0.167275980494501
-0.20960225656284, 0.0375662517115073, -0.183535476948252
-0.216059789889046, 0.0347913138724419, -0.199674003095527
-0.223129378856495, 0.0317533628559444, -0.215501005326132
-0.231714632987405, 0.0280640986520459, -0.230402883122823
-0.242291277109371, 0.0235190923002763, -0.243693652408821
-0.254618433708355, 0.01822185393397, -0.255066427130127
-0.26809828100038, 0.0124292801663524, -0.264779220842592
-0.282309671154, 0.00632234711810545, -0.273172517294645
-0.297022348988914, 3.32084587953823E-10, -0.280474577822623
-0.127962777921724, 0.0516071730516585, -2.77549876428287E-16
-0.132922017425214, 0.0500492689527804, -0.0172467780439005
-0.138040905573539, 0.0484412125517207, -0.0344422151773804
-0.143319894431963, 0.0467828618359137, -0.0515843923258757
-0.148762124140969, 0.0450732303561816, -0.0686703813383776
-0.154379149019903, 0.0433086884186055, -0.0856940960428783
-0.160177002603613, 0.0414873406380837, -0.102651060156497
-0.166174765578474, 0.039603192974705, -0.119531416647798
-0.17239677309184, 0.0376486007430732, -0.136322360706309
-0.178850943820956, 0.0356210763561842, -0.153016636298094
-0.185690679081801, 0.0334724300585788, -0.169540938260957
-0.192872847166284, 0.0312162113198439, -0.185905415543944
-0.20036189878014, 0.0288635876569364, -0.20211649019758
-0.209077084547636, 0.0261257840844103, -0.217630000876355
-0.219739268812328, 0.0227763470271217, -0.231733806487773
-0.232345382389426, 0.018816240644104, -0.243952826406877
-0.246319197447551, 0.0144264821473035, -0.25442363128327
-0.261134573982199, 0.00977235409474262, -0.263542900929296
-0.276498440703262, 0.0049459224505894, -0.271607639002492
-0.292242679005184, 3.32755396100814E-10, -0.278823799880675
-0.0995224481864696, 0.0401459062713253, -2.87347775768452E-16
-0.10512736501324, 0.038948642282188, -0.0176925249686721
-0.110925967305084, 0.0377100052201357, -0.0353196404699623
-0.116926767169697, 0.0364281768173289, -0.0528758472902337
-0.123137267832735, 0.0351015543128062, -0.0703556105378554
-0.129577368463696, 0.033725887053116, -0.0877482638497632
-0.136253822479899, 0.0322997324435497, -0.105047455526744
-0.143196196471734, 0.0308167747768361, -0.122236798788676
-0.150408907641597, 0.0292760704961795, -0.139309358242133
-0.158000107416765, 0.0276545174194683, -0.156208933681157
-0.166025140052569, 0.0259402934829749, -0.172898099390898
-0.174283031859532, 0.0241763285942452, -0.189467696371455
-0.183546256304605, 0.0221976150121959, -0.205463609828211
-0.194692340412346, 0.0198167045483043, -0.220138444930606
-0.20785120861461, 0.0170058440978629, -0.232953307540864
-0.222486984209261, 0.0138795020638679, -0.243979133053188
-0.238037510613055, 0.0105577604839616, -0.253615524751084
-0.254165434213812, 0.00711268133793246, -0.26220689518888
-0.270678588468323, 0.00358531330282403, -0.269997931781143
-0.287463009021454, 3.33427517351596E-10, -0.277158588356678
-0.0661597495316012, 0.0266782063458574, -4.06186198228491E-16
-0.0724489514310084, 0.0259033040527361, -0.0183905433753301
-0.0789635724667578, 0.0251006275191851, -0.036701204445502
-0.0857306177938893, 0.0242668493982849, -0.0549186718988859
-0.0927807608434796, 0.0233981903691519, -0.0730267441799612
-0.10014796052756, 0.0224904663017127, -0.0910061966472624
-0.10785673957859, 0.0215406557121734, -0.108839587456368
-0.115936048985922, 0.020545191504359, -0.126505660161172
-0.124456689191056, 0.0194953502463702, -0.143959527709589
-0.133475932371957, 0.0183840753445805, -0.161157580953864
-0.14284562889922, 0.0172296205439625, -0.178163778963956
-0.153281974959408, 0.0159437422046761, -0.194519291071641
-0.165612706937877, 0.014424453646476, -0.209465084882098
-0.179929053621251, 0.0126605144294649, -0.222492636889557
-0.195668278631653, 0.0107212601731082, -0.233743588415274
-0.212279332902889, 0.00867458648512309, -0.243648310660337
-0.229443470487828, 0.00655976654663909, -0.252548436555397
-0.246966803042571, 0.00440068964332918, -0.260709425762434
-0.264735363382328, 0.00221139791240434, -0.268314176206893
-0.282683339037725, 3.34100991751325E-10, -0.275479060908192
-0.0249856229573385, 0.0100647313764604, -2.66613926720829E-16
-0.0319102234641362, 0.00978917079442278, -0.0195937957970898
-0.0390208959034305, 0.00950620558449802, -0.0391206730405091
-0.0463765987926226, 0.00921348952565073, -0.0585563449206411
-0.0540745336187644, 0.00890715453938005, -0.0778586337504271
-0.0622171034645525, 0.00858312555261256, -0.0969770361661049
-0.070953837325248, 0.0082354521430927, -0.115830409588363
-0.0803831407255709, 0.00786021831831799, -0.134345957044706
-0.0907172970630099, 0.00744897637989608, -0.152370747746886
-0.101936022210463, 0.00700253352325506, -0.169856996182624
-0.114520912878982, 0.00650172487817973, -0.186376251711969
-0.129371147043841, 0.0059107681629372, -0.200868147234679
-0.146067013224203, 0.00524636555981706, -0.213210877142568
-0.163780837793976, 0.00454145387519821, -0.224049949049042
-0.182118506564336, 0.00381171666153316, -0.233799258112296
-0.200868044002981, 0.00306558936589235, -0.242731893087614
-0.219899483797164, 0.00230824392458476, -0.251047427583809
-0.239116285669194, 0.00154352210462131, -0.258925473588817
-0.258456090228705, 0.000773905635362071, -0.266496222238431
-0.277903669053995, 3.34775858536543E-10, -0.27378533883843
