-3.37865935489169, 0.150878914093438, -2.22044604925031E-16
-3.37865935489461, 0.14894354304595, -0.0130378887221656
-3.37865935489758, 0.146420183037766, -0.025974600389058
-3.37865935490062, 0.143283544281788, -0.0387764360998405
-3.37865935490375, 0.139533860970254, -0.0514122502653288
-3.37865935490698, 0.135160541286702, -0.0638458895801959
-3.37865935491035, 0.130158320892164, -0.0760400675785249
-3.37865935491391, 0.124538607561189, -0.0879623588575635
-3.37865935491769, 0.118364227801225, -0.0996074068824989
-3.3786593549218, 0.111648418571529, -0.110948346409132
-3.37865935492646, 0.104313835707964, -0.121899183651993
-3.37865935493153, 0.0965609909064155, -0.132559500601097
-3.37865935493795, 0.0879503656342269, -0.142518430115333
-3.37865935494829, 0.0772065177095514, -0.150082788676473
-3.37865935496146, 0.0650122625246035, -0.15503947301959
-3.37865935497573, 0.0522036972797899, -0.158124382927929
-3.3786593549903, 0.0392022119700708, -0.160293117650109
-3.3786593550049, 0.0261569718359336, -0.162184197700195
-3.37865935501952, 0.013085096579729, -0.163881916942897
-3.37865935503418, 0, -0.165475184939119
-3.31108616793349, 0.167934309330984, -1.3062523354723E-16
-3.31108616793349, 0.165884815566729, -0.014187020717388
-3.31108616793349, 0.163103810713084, -0.0282488438428008
-3.31108616793349, 0.159586009930847, -0.0421446502330852
-3.31108616793349, 0.155334908871738, -0.055833893099979
-3.31108616793349, 0.150354363443539, -0.0692748785612516
-3.31108616793349, 0.14465155990083, -0.0824256770119141
-3.31108616793349, 0.138248861220643, -0.0952504406969997
-3.31108616793349, 0.131223156709177, -0.107745203269541
-3.31108616793349, 0.123597948465301, -0.119882905517777
-3.31108616793349, 0.115296543815726, -0.131568298245426
-3.31108616793349, 0.106454102866038, -0.142851029728864
-3.31108616793349, 0.09650609094624, -0.153141453171264
-3.3110861679335, 0.0842280856814102, -0.160445675449847
-3.31108616793349, 0.0706660266479742, -0.165055990659331
-3.3110861679335, 0.0567086532312574, -0.168314923988861
-3.3110861679335, 0.0425950821754196, -0.170825128355893
-3.31108616793349, 0.0284197084925391, -0.172962531935093
-3.31108616793349, 0.0142160791210045, -0.174904607304014
-3.31108616793349, 2.97675525605959E-11, -0.176753639114332
-3.24351298083281, 0.184544699394562, -1.46760120290582E-16
-3.24351298083281, 0.182552005293833, -0.0154257490780941
-3.24351298083281, 0.179723497577432, -0.0307202111948507
-3.24351298083281, 0.176045640218787, -0.0458328214266222
-3.24351298083281, 0.171504973957422, -0.0607088573853312
-3.24351298083281, 0.166100299578586, -0.07529313948523
-3.24351298083281, 0.159842921385381, -0.0895324273588528
-3.24351298083281, 0.152762984517959, -0.103381255615277
-3.24351298083281, 0.144924126023247, -0.11681540273108
-3.24351298083281, 0.136361085178279, -0.129799679781533
-3.24351298083281, 0.127034034811803, -0.142245812528081
-3.24351298083281, 0.116890677787337, -0.154035193798295
-3.24351298083281, 0.105340850543495, -0.164415311701342
-3.24351298083281, 0.0915527342301767, -0.171517585044465
-3.24351298083281, 0.0766611807574035, -0.175987210280242
-3.24351298083281, 0.06149222761786, -0.179428122941703
-3.24351298083281, 0.046191809103475, -0.182230513229534
-3.24351298083281, 0.0308178116208475, -0.184599953512662
-3.24351298083281, 0.0154146432725532, -0.186773385274231
-3.24351298083281, 5.98397265143215E-11, -0.188864018431532
-3.17593979373213, 0.200803776828847, -1.55654124765313E-16
-3.17593979373213, 0.198982537958548, -0.0167346820817359
-3.17593979373213, 0.196247621308928, -0.0333442946697852
-3.17593979373213, 0.192559052021003, -0.04976819780411
-3.17593979373213, 0.187873632579427, -0.0659356934713065
-3.17593979373213, 0.182170471794599, -0.0817726445539123
-3.17593979373213, 0.175457385302349, -0.0972086452810623
-3.17593979373213, 0.167766846755732, -0.112181684468172
-3.17593979373213, 0.159134545069638, -0.126632318837631
-3.17593979373213, 0.149610518243935, -0.140511649390671
-3.17593979373213, 0.139204008736522, -0.153740648748513
-3.17593979373213, 0.127621530207725, -0.165946932124062
-3.17593979373213, 0.114364963489326, -0.176279963493555
-3.17593979373213, 0.0991127192218163, -0.183319438394787
-3.17593979373213, 0.0829136083896504, -0.187882716083962
-3.17593979373213, 0.0664916668940234, -0.191587291687236
-3.17593979373213, 0.0499490350538388, -0.194709200116824
-3.17593979373213, 0.0333243406097541, -0.197363130612297
-3.17593979373213, 0.0166682091134357, -0.199813834229372
-3.17593979373213, 9.01113358335765E-11, -0.20218108390375
-3.10836660664313, 0.216811250425256, -1.53468335673996E-16
-3.10836660663192, 0.21521537377901, -0.0180944958216626
-3.10836660663144, 0.21264075119453, -0.0360754561665987
-3.10836660663144, 0.209014063181762, -0.0538736379217186
-3.10836660663144, 0.204258509241224, -0.0714034900292756
-3.10836660663144, 0.198323860450519, -0.0885696837082194
-3.10836660663144, 0.191206508216413, -0.105280183566375
-3.10836660663144, 0.182934310732694, -0.12145001220344
-3.10836660663144, 0.17351493784039, -0.136979289329086
-3.10836660663144, 0.163015776803907, -0.151800653143574
-3.10836660663144, 0.151488052906963, -0.165834095137541
-3.10836660663144, 0.138415128524329, -0.178426156463701
-3.10836660663144, 0.12346821306248, -0.188706522832123
-3.10836660663144, 0.106806140771045, -0.195877371891468
-3.10836660663144, 0.0893207280498192, -0.200788662640194
-3.10836660663144, 0.0716270879237312, -0.204904603793685
-3.10836660663144, 0.0538111849672577, -0.208453597266751
-3.10836660663144, 0.0359044570458378, -0.211514544054176
-3.10836660663144, 0.0179603802016814, -0.21435008356155
-3.10836660663144, 1.20468718335552E-10, -0.217080540317559
-3.04079341953076, 0.232646708077518, -1.37602570350346E-16
-3.04079341953076, 0.231274763891368, -0.0194870351748044
-3.04079341953076, 0.228858661567673, -0.0388717912821397
-3.04079341953076, 0.225295841765493, -0.058078316802971
-3.04079341953076, 0.220479984922519, -0.0770088586848541
-3.04079341953076, 0.214327581578206, -0.0955475637921898
-3.04079341953076, 0.206815493737028, -0.113578063872722
-3.04079341953076, 0.19795938609145, -0.130987474000227
-3.04079341953076, 0.187752184567567, -0.147640174172816
-3.04079341953076, 0.176274950069819, -0.163445470878174
-3.04079341953076, 0.163600818455541, -0.178304036416343
-3.04079341953076, 0.149062803087428, -0.19132148280398
-3.04079341953076, 0.132510923108653, -0.201657630163093
-3.04079341953076, 0.114495788215187, -0.209170879101883
-3.04079341953076, 0.0957568664491544, -0.214685410794048
-3.04079341953076, 0.076799329127189, -0.219406879995947
-3.04079341953076, 0.0577075807691973, -0.22355216626385
-3.04079341953076, 0.0385134175683376, -0.227196247045003
-3.04079341953076, 0.0192700256090456, -0.230572273307893
-3.04079341953076, 1.5080959840579E-10, -0.233792926430807
-2.97322023243008, 0.248266597275632, -1.11865107708782E-16
-2.97322023243008, 0.247107144924684, -0.020893893263758
-2.97322023243008, 0.244834971261991, -0.0416955680709642
-2.97322023243008, 0.241323448660402, -0.0623235461761841
-2.97322023243008, 0.236440959658154, -0.0826697774397941
-2.97322023243008, 0.230069753458745, -0.102599190252432
-2.97322023243008, 0.222161447753716, -0.121969765866227
-2.97322023243008, 0.212714661199165, -0.140637878423382
-2.97322023243008, 0.20172181191468, -0.158438818747055
-2.97322023243008, 0.189269382983236, -0.175252204032867
-2.97322023243008, 0.175431942282214, -0.19094015072709
-2.97322023243008, 0.159476335712345, -0.204437814294628
-2.97322023243008, 0.141405663942568, -0.214952830549614
-2.97322023243008, 0.122082027422229, -0.22295993196896
-2.97322023243008, 0.102128505721008, -0.229261847624547
-2.97322023243008, 0.0819308864416289, -0.234740097776207
-2.97322023243008, 0.0615788650704223, -0.239614015188577
-2.97322023243008, 0.0411111988973109, -0.243978546639512
-2.97322023243008, 0.0205771003938312, -0.248020250106846
-2.97322023243008, 1.81113196250411E-10, -0.25183717687773
-2.90564704532939, 0.263588621159337, -8.21517659067064E-17
-2.90564704532939, 0.262635612339422, -0.0222956774849076
-2.90564704532939, 0.260499220959107, -0.0445084805755708
-2.90564704532939, 0.257031022520217, -0.0665518376923497
-2.90564704532939, 0.252075820300825, -0.0883081421265847
-2.90564704532939, 0.245482603396138, -0.109624161479332
-2.90564704532939, 0.237175466934489, -0.130331901846714
-2.90564704532939, 0.22713477244793, -0.150256135000909
-2.90564704532939, 0.215363267960311, -0.169208643160476
-2.90564704532939, 0.201942031105909, -0.187031618147616
-2.90564704532939, 0.186927391329361, -0.203528442126484
-2.90564704532939, 0.1696021676518, -0.21754472771464
-2.90564704532939, 0.150094462614683, -0.228347881015
-2.90564704532939, 0.129502097117774, -0.236936967483875
-2.90564704532939, 0.108373485718834, -0.244118441569593
-2.90564704532939, 0.0869676006216182, -0.250431045751627
-2.90564704532939, 0.0653811338110065, -0.256096804353681
-2.90564704532939, 0.0436658736076942, -0.261248172349173
-2.90564704532939, 0.0218644122067852, -0.266022479731214
-2.90564704532939, 2.11385887231894E-10, -0.270499912157283
-2.83807385822871, 0.278533011381519, -5.43276832615934E-17
-2.83807385822871, 0.277786192312813, -0.0236718955725059
-2.83807385822871, 0.275784653658696, -0.0472700011359639
-2.83807385822871, 0.272357117652045, -0.0707025918996636
-2.83807385822871, 0.267323980761319, -0.093842234481643
-2.83807385822871, 0.26050384787666, -0.116518195947857
-2.83807385822871, 0.251794524340886, -0.138536922983409
-2.83807385822871, 0.241160475927552, -0.159692490731874
-2.83807385822871, 0.228622202576679, -0.179777586068343
-2.83807385822871, 0.214242627495266, -0.198588035769216
-2.83807385822871, 0.198039682059778, -0.21584598837156
-2.83807385822871, 0.179392683261722, -0.230394583834101
-2.83807385822871, 0.158537240564839, -0.241586341051102
-2.83807385822871, 0.136721349106091, -0.250801789953914
-2.83807385822871, 0.114452632780058, -0.258866084087248
-2.83807385822871, 0.091872438316164, -0.266014781677746
-2.83807385822871, 0.0690828200102694, -0.272466956163805
-2.83807385822871, 0.0461521347230475, -0.278399307604789
-2.83807385822871, 0.0231169219842155, -0.283912477521044
-2.83807385822871, 2.41633992355404E-10, -0.289072604911348
-2.77050067112803, 0.293018694223472, -3.37959218946136E-17
-2.77050067112802, 0.292482343708882, -0.025001977162808
-2.77050067112803, 0.290620690688108, -0.0499393553945338
-2.77050067112803, 0.287235753205802, -0.0747149233370746
-2.77050067112803, 0.282120899068314, -0.099190491144154
-2.77050067112803, 0.275068866004187, -0.123178143783979
-2.77050067112803, 0.265955304054675, -0.146459723031584
-2.77050067112803, 0.254733911679021, -0.168800900911353
-2.77050067112803, 0.241446998937107, -0.189978471938182
-2.77050067112803, 0.22612577228931, -0.209732340130524
-2.77050067112803, 0.208730391909455, -0.22767949608769
-2.77050067112803, 0.188812284970267, -0.242748432484193
-2.77050067112803, 0.166710440616069, -0.254419918009081
-2.77050067112803, 0.143726156577688, -0.264274917612203
-2.77050067112803, 0.12034497584879, -0.27314841182826
-2.77050067112803, 0.0966224023426151, -0.281065257545907
-2.77050067112803, 0.0726631275724017, -0.288236686953242
-2.77050067112803, 0.048551336072582, -0.294878262832134
-2.77050067112803, 0.0243223654004898, -0.301079250323846
-2.77050067112803, 2.7186331221343E-10, -0.306903464344182
-2.69292748402734, 0.30894345261273, -2.32151747576742E-17
-2.69292748402734, 0.308648795861462, -0.0264517108735077
-2.69292748402734, 0.306948386095863, -0.0528492380365652
-2.69292748402734, 0.303611198783542, -0.0790888908721261
-2.69292748402734, 0.298399673310301, -0.105019759481695
-2.69292748402734, 0.291083101479776, -0.130435218068311
-2.69292748402734, 0.281516137785794, -0.155090564789873
-2.69292748402734, 0.269643646561764, -0.178721282541848
-2.69292748402734, 0.255533117199183, -0.201087563571636
-2.69292748402734, 0.239169302042947, -0.221857903127408
-2.69292748402734, 0.220433675932622, -0.240509521496222
-2.69292748402734, 0.199128751867602, -0.256141545734983
-2.69292748402734, 0.175715795086309, -0.268429638258744
-2.69292748402734, 0.151467250154385, -0.279005033012395
-2.69292748402734, 0.126847753409512, -0.288685262662277
-2.69292748402734, 0.101857474419696, -0.297363719252797
-2.69292748402734, 0.0766029307049495, -0.305243212921154
-2.69292748402734, 0.0511832993170118, -0.312573733426628
-2.69292748402734, 0.0256397413336275, -0.319460545932065
-2.69292748402734, 3.06544573796128E-10, -0.325980487465976
-2.53399451627563, 0.338529033901686, -5.83256092806122E-17
-2.53399451627563, 0.338689212090796, -0.0290850896335136
-2.53399451627563, 0.337273012628689, -0.0581347180975543
-2.53399451627563, 0.333997382013597, -0.0870322930786622
-2.53399451627563, 0.328585800078133, -0.115605084918455
-2.53399451627563, 0.32078029421852, -0.143616600923769
-2.53399451627563, 0.310397147514148, -0.170776497411304
-2.53399451627563, 0.297351567611325, -0.196761472098806
-2.53399451627563, 0.281739570532667, -0.221290386703287
-2.53399451627563, 0.263453697181416, -0.243887167224942
-2.53399451627563, 0.242243401862218, -0.263757055843866
-2.53399451627563, 0.218411442775028, -0.280391403113129
-2.53399451627563, 0.19266135462097, -0.293897011741222
-2.53399451627563, 0.166093056963356, -0.305736306052132
-2.53399451627563, 0.139118273232098, -0.316616969560779
-2.53399451627563, 0.111719000095633, -0.326379352095629
-2.53399451627563, 0.0840102037453117, -0.335228539845006
-2.53399451627563, 0.056112986881922, -0.343466103671487
-2.53399451627563, 0.0280952506365129, -0.351284790928136
-2.53399451627563, 3.77525739344018E-10, -0.358820553976994
-2.36506154852392, 0.364250069406538, -1.65853754335368E-16
-2.36506154852392, 0.364757716829863, -0.0312779353849422
-2.36506154852392, 0.363508151450523, -0.0625335193301204
-2.36506154852393, 0.360214506220905, -0.0936387033170775
-2.36506154852392, 0.354613206939814, -0.124410282818326
-2.36506154852392, 0.346439871916779, -0.154598447870915
-2.36506154852393, 0.335465154489985, -0.183882101812898
-2.36506154852392, 0.321531395450256, -0.211877018496874
-2.36506154852392, 0.304704044123477, -0.238233675216951
-2.36506154852392, 0.284814822908706, -0.262351022060617
-2.36506154852393, 0.261587653987228, -0.283266125767603
-2.36506154852393, 0.23565547217891, -0.300726710602105
-2.36506154852392, 0.207892733068106, -0.315126556337182
-2.36506154852392, 0.17927610828453, -0.327765156937931
-2.36506154852392, 0.150172569792342, -0.339237363347695
-2.36506154852393, 0.120589555916168, -0.349409778862699
-2.36506154852392, 0.0906616369580207, -0.35852184082045
-2.36506154852392, 0.060529164415851, -0.366935305604176
-2.36506154852392, 0.0302886205476141, -0.374952910223094
-2.36506154852392, 4.5281023560626E-10, -0.382787270256389
-2.19612858077222, 0.382623842459787, -2.30908946628759E-16
-2.19612858077222, 0.383240321094778, -0.0327989253638668
-2.19612858077222, 0.382002911502441, -0.0655788597372816
-2.19612858077222, 0.378651195393545, -0.0982091790020579
-2.19612858077222, 0.372944485788168, -0.130509159128107
-2.19612858077222, 0.364610013772479, -0.162230575729066
-2.19612858077222, 0.35337498192535, -0.193041061343842
-2.19612858077221, 0.338990290710346, -0.222509913253157
-2.19612858077222, 0.321441754920244, -0.250209837272213
-2.19612858077222, 0.30050891674564, -0.275435196580536
-2.19612858077222, 0.275945504381563, -0.297135305566829
-2.19612858077222, 0.248565327259471, -0.315168767430518
-2.19612858077222, 0.219338759413271, -0.330051353635955
-2.19612858077222, 0.189200407006839, -0.343008232477769
-2.19612858077222, 0.158494999241987, -0.354556122708803
-2.19612858077222, 0.12725685557319, -0.364574800296454
-2.19612858077222, 0.0956498909724725, -0.373366802994536
-2.19612858077222, 0.0638341892108431, -0.381374356819952
-2.19612858077222, 0.0319252597229977, -0.389003653670149
-2.19612858077222, 5.27733154055322E-10, -0.396564537884509
-2.02719561302051, 0.392794377501747, -2.04624695793337E-16
-2.02719561302051, 0.393304650593481, -0.0336563715692052
-2.02719561302051, 0.391980909742717, -0.0672892348845672
-2.02719561302051, 0.388579823707074, -0.100774708073394
-2.02719561302051, 0.382856816620759, -0.133940498955399
-2.02719561302051, 0.37452092218101, -0.16654553467967
-2.02719561302051, 0.363271524121596, -0.198259935343612
-2.02719561302051, 0.348799656418981, -0.228635750325837
-2.02719561302051, 0.331011963649246, -0.257193779243239
-2.02719561302051, 0.309642284251449, -0.28316501616727
-2.02719561302051, 0.284470919470661, -0.305466077060697
-2.02719561302051, 0.256349192982993, -0.323925074581605
-2.02719561302051, 0.226286293026453, -0.339046970061201
-2.02719561302051, 0.195250755941456, -0.352077827260272
-2.02719561302051, 0.163585650523639, -0.363492161457638
-2.02719561302051, 0.131342412799959, -0.373155125983921
-2.02719561302051, 0.098712468222329, -0.381426735791894
-2.02719561302051, 0.0658694465288534, -0.38881223007841
-2.02719561302051, 0.0329362770490768, -0.39578718681449
-2.02719561302051, 6.02200453056114E-10, -0.402747477032259
-1.8582626452688, 0.395389558144118, 0
-1.8582626452688, 0.395062642381452, -0.0338981544257286
-1.8582626452688, 0.393563628512692, -0.0677660777643826
-1.8582626452688, 0.390139676456021, -0.101490800971434
-1.8582626452688, 0.384414290474159, -0.134899981365261
-1.8582626452688, 0.376084270780977, -0.167754385961349
-1.8582626452688, 0.364853731213791, -0.19973048922972
-1.8582626452688, 0.350447818907831, -0.230403965310923
-1.8582626452688, 0.332772801406494, -0.25931455773114
-1.8582626452688, 0.311568477545595, -0.285732148752085
-1.8582626452688, 0.286614436902171, -0.30863434428027
-1.8582626452688, 0.258563547739626, -0.327625899077514
-1.8582626452688, 0.228377999846298, -0.343033169162997
-1.8582626452688, 0.197146848121735, -0.356217123917342
-1.8582626452688, 0.165242301782439, -0.367673540000196
-1.8582626452688, 0.132725565178458, -0.377257311939883
-1.8582626452688, 0.0997948183560001, -0.385312768685813
-1.8582626452688, 0.0666230419184182, -0.392316026910854
-1.8582626452688, 0.0333312119111683, -0.3987279224888
-1.8582626452688, 6.7627269123409E-10, -0.404932878300549
-1.68932967751709, 0.388564544912566, -9.78469697287551E-17
-1.68932967751709, 0.388662191884994, -0.0335770232385576
-1.68932967751709, 0.387058754312728, -0.0671147153618327
-1.68932967751709, 0.383472625970409, -0.100497163124034
-1.68932967751709, 0.377618224159359, -0.133555545283825
-1.68932967751709, 0.369215585297558, -0.166057631653078
-1.68932967751709, 0.358018152404037, -0.197703452857986
-1.68932967751709, 0.34384739461858, -0.228131975561965
-1.68932967751709, 0.326652924726021, -0.256957928556851
-1.68932967751709, 0.306229278882561, -0.283583984109457
-1.68932967751709, 0.282343223225704, -0.307145068065724
-1.68932967751709, 0.255221484185699, -0.326888665710774
-1.68932967751709, 0.225674741158972, -0.34281194592656
-1.68932967751709, 0.194969059903935, -0.356394897448653
-1.68932967751709, 0.163537973558685, -0.368200784453836
-1.68932967751709, 0.131455370916715, -0.378102040697353
-1.68932967751709, 0.0989156787672815, -0.386385726652726
-1.68932967751709, 0.0660879224112684, -0.39344808664965
-1.68932967751709, 0.0330916484607745, -0.399680182192384
-1.68932967751709, 7.50084129933238E-10, -0.405386220658382
-1.52039670976538, 0.375296967827697, -1.10801106902309E-16
-1.52039670976538, 0.37489776125671, -0.0327417555160917
-1.52039670976538, 0.372753168196794, -0.0654147552293795
-1.52039670976538, 0.368672018337728, -0.0979017017656614
-1.52039670976538, 0.362455346371404, -0.130047115866546
-1.52039670976538, 0.353903786192152, -0.161650155441499
-1.52039670976538, 0.342862796932377, -0.192470511310076
-1.52039670976538, 0.329232931590554, -0.222235283122415
-1.52039670976538, 0.312965364600955, -0.250642874836229
-1.52039670976538, 0.29392248042594, -0.277264655434796
-1.52039670976538, 0.271891970910773, -0.301463135819825
-1.52039670976538, 0.246564462901473, -0.322164115509122
-1.52039670976538, 0.218465160150189, -0.338944983591059
-1.52039670976538, 0.18899794903857, -0.35321829560246
-1.52039670976538, 0.158694254263671, -0.365617398004875
-1.52039670976538, 0.127681007981751, -0.376118910201028
-1.52039670976538, 0.0961569131088147, -0.384975684198689
-1.52039670976538, 0.0642934469199732, -0.39252648796523
-1.52039670976538, 0.0322164189738041, -0.3991154957743
-1.52039670976538, 8.23795769710919E-10, -0.404987143809741
-1.35146374201367, 0.354823266905792, -1.01743180727251E-16
-1.35146374201367, 0.353572664891545, -0.0314173119721437
-1.35146374201367, 0.350656644696589, -0.0627234787395543
-1.35146374201367, 0.345979834129394, -0.0938148641102357
-1.35146374201367, 0.339425678826389, -0.124564512042429
-1.35146374201367, 0.330876431381584, -0.154819463648547
-1.35146374201367, 0.320258181015667, -0.184411129058203
-1.35146374201367, 0.307516555467667, -0.213151584862356
-1.35146374201367, 0.292584486682311, -0.240816147340674
-1.35146374201367, 0.275377824748565, -0.267124233430005
-1.35146374201367, 0.255740761967644, -0.291664499358054
-1.35146374201367, 0.233007305607741, -0.313343090020477
-1.35146374201367, 0.207286296632173, -0.331395062858031
-1.35146374201367, 0.179774323578879, -0.346602978958853
-1.35146374201367, 0.15115672051473, -0.359620944924193
-1.35146374201367, 0.121782078507736, -0.370831707013381
-1.35146374201367, 0.0918289614671395, -0.380392250195875
-1.35146374201367, 0.061453159520391, -0.388516176692143
-1.35146374201367, 0.0308140056089012, -0.395587256746045
-1.35146374201367, 8.97499673049749E-10, -0.401854444384605
-1.18253077426196, 0.327268137311438, -3.01066358553842E-17
-1.18253077426196, 0.324857218214682, -0.0296120079838465
-1.18253077426196, 0.321124093411088, -0.0590861844167036
-1.18253077426196, 0.315987938502298, -0.0883480914902914
-1.18253077426196, 0.309345091110731, -0.117304607430066
-1.18253077426196, 0.301109387374145, -0.145848531405694
-1.18253077426196, 0.291236292669973, -0.173867935667282
-1.18253077426196, 0.279690701475096, -0.201240082421525
-1.18253077426196, 0.266402521758304, -0.227809148197463
-1.18253077426196, 0.251313480103853, -0.253397602062421
-1.18253077426196, 0.234319309364256, -0.277758626458435
-1.18253077426196, 0.214801508259564, -0.300134158483044
-1.18253077426196, 0.192455999061813, -0.319682226110436
-1.18253077426196, 0.167669721874881, -0.336028621159463
-1.18253077426196, 0.141283386378828, -0.34967072916986
-1.18253077426196, 0.114076770865086, -0.361602984080389
-1.18253077426196, 0.0861958739439309, -0.371858460974716
-1.18253077426196, 0.0577608065039647, -0.380465386739531
-1.18253077426196, 0.0289890046584861, -0.387875939834439
-1.18253077426196, 9.71267939094748E-10, -0.394387438483191
-1.00359780651025, 0.291334591198964, -1.89590126321334E-17
-1.00359780651025, 0.287757263747792, -0.0272337835632818
-1.00359780651025, 0.283251510151853, -0.0543292180595127
-1.00359780651025, 0.277749757178436, -0.0812398300244924
-1.00359780651025, 0.271165369628455, -0.107905856861622
-1.00359780651025, 0.263423397041824, -0.134258811743381
-1.00359780651025, 0.254485663343463, -0.160230435356148
-1.00359780651025, 0.244326769742194, -0.185748874103034
-1.00359780651025, 0.232896011411276, -0.210723096004988
-1.00359780651025, 0.220140506231918, -0.235046852056965
-1.00359780651025, 0.205970578478664, -0.258573298275189
-1.00359780651025, 0.190082409591796, -0.280971001815586
-1.00359780651025, 0.171989953749233, -0.30161592653591
-1.00359780651025, 0.151066415127007, -0.319367910747256
-1.00359780651025, 0.127957557783698, -0.334195126818431
-1.00359780651025, 0.103688943996481, -0.347050238995453
-1.00359780651025, 0.0785812922413711, -0.358179423654799
-1.00359780651025, 0.0528128842386699, -0.367682743443452
-1.00359780651025, 0.0265697468966886, -0.375787899728783
-1.00359780651025, 1.04956989140967E-09, -0.382752140096895
-0.94602461940957, 0.278471428761286, -3.63847709624425E-17
-0.94602461940957, 0.274587446954992, -0.0263793267033788
-0.94602461940957, 0.269878508342271, -0.0526237793852133
-0.94602461940957, 0.264289554678566, -0.0786948129755491
-0.94602461940957, 0.25774587634301, -0.104542442756975
-0.94602461940957, 0.250177169630545, -0.130108479662601
-0.94602461940957, 0.241546748819041, -0.155335790036396
-0.94602461940957, 0.231831848572252, -0.180165432923986
-0.94602461940957, 0.220991558220581, -0.204524518828321
-0.94602461940957, 0.20897413453437, -0.228324397719213
-0.94602461940957, 0.195683776353531, -0.251436555328134
-0.94602461940957, 0.180924321872197, -0.273637150421274
-0.94602461940957, 0.164239261169308, -0.29441720825185
-0.94602461940957, 0.144766361278707, -0.312590792370748
-0.94602461940957, 0.122964387521689, -0.327918061944784
-0.94602461940957, 0.0998107137087658, -0.341128823511479
-0.94602461940957, 0.0757359307837936, -0.352580387776318
-0.94602461940957, 0.0509744762239921, -0.362462441275043
-0.94602461940957, 0.0256775918820785, -0.370882541429494
-0.94602461940957, 1.07485228373893E-09, -0.378063176673443
-0.878451432308886, 0.262638342785727, -5.9227296285268E-17
-0.878451432308886, 0.258447941707109, -0.0253237161219624
-0.878451432308886, 0.253541700854573, -0.0505184255767782
-0.878451432308886, 0.247880903717257, -0.0755542638068287
-0.878451432308887, 0.241405582771228, -0.100391675646485
-0.878451432308886, 0.234052437251263, -0.124983310125275
-0.878451432308886, 0.225787202415822, -0.149283487883467
-0.878451432308886, 0.216590286815439, -0.173246416975358
-0.878451432308886, 0.206432374087345, -0.196817890456618
-0.878451432308887, 0.195265557324771, -0.219928026604049
-0.878451432308886, 0.182986281698719, -0.242466070355484
-0.878451432308886, 0.169501142139524, -0.264303313025086
-0.878451432308886, 0.154433751425683, -0.285070708914495
-0.878451432308886, 0.13675633430621, -0.303647030961369
-0.878451432308886, 0.116648302004141, -0.319575923041839
-0.878451432308886, 0.0949323658685743, -0.3332440546429
-0.878451432308886, 0.0721661637488585, -0.345089831596747
-0.878451432308886, 0.0486687246977406, -0.355411280332539
-0.878451432308886, 0.0245589153480076, -0.364208859420762
-0.878451432308886, 1.10462763374961E-09, -0.371667039134641
-0.810878245208203, 0.24606140650864, -7.62602720819599E-17
-0.810878245208203, 0.241629307418851, -0.0242119767150337
-0.810878245208202, 0.236579729700696, -0.0483026856630232
-0.810878245208203, 0.230888990584427, -0.0722499573721262
-0.810878245208203, 0.224510607985971, -0.0960231543702604
-0.810878245208203, 0.217390185096127, -0.119584589648731
-0.810878245208203, 0.209497284257777, -0.142898548594941
-0.810878245208203, 0.200815934421531, -0.165930435231128
-0.810878245208203, 0.191326983462132, -0.18864143821326
-0.810878245208203, 0.180990054185733, -0.210978871774386
-0.810878245208202, 0.169700632569952, -0.232849838943726
-0.810878245208202, 0.157424389780812, -0.254182523341575
-0.810878245208202, 0.14388873354426, -0.274732567616722
-0.810878245208203, 0.128066945704947, -0.293562494813754
-0.810878245208203, 0.109825975841507, -0.310064245394846
-0.810878245208203, 0.0897105345924379, -0.324229531183128
-0.810878245208203, 0.0683664560701454, -0.336478261577981
-0.810878245208203, 0.046208512192684, -0.347187015418826
-0.810878245208203, 0.0233610389848207, -0.35633330573804
-0.810878245208203, 1.13454672663972E-09, -0.36408026798917
-0.743305058107519, 0.228785480528051, -8.19066194388507E-17
-0.743305058107519, 0.224183435336013, -0.0230436616834979
-0.743305058107519, 0.219053793755214, -0.045975623151168
-0.743305058107519, 0.213384092382329, -0.0687800098834157
-0.743305058107519, 0.207138996043146, -0.0914334698874418
-0.743305058107519, 0.20027457224172, -0.113906908084781
-0.743305058107519, 0.192765863224018, -0.136173319734609
-0.743305058107519, 0.184601184731047, -0.15820758473843
-0.743305058107519, 0.175769059477699, -0.179982862820573
-0.743305058107519, 0.166239595454531, -0.201461858848326
-0.743305058107519, 0.155919860318343, -0.222572162302465
-0.743305058107519, 0.144785347776345, -0.243264367792968
-0.743305058107519, 0.132655798508992, -0.263385708688229
-0.743305058107519, 0.118693727959921, -0.282270735887246
-0.743305058107519, 0.102477875181641, -0.299254454618494
-0.743305058107519, 0.0841424709158442, -0.313927524239786
-0.743305058107519, 0.0643470389095801, -0.326576465963004
-0.743305058107519, 0.0435981890141903, -0.337595936848427
-0.743305058107519, 0.0220838661727137, -0.347035611056763
-0.743305058107519, 1.16461358901112E-09, -0.355058311375609
-0.675731871006836, 0.210835242445871, -7.89342852472946E-17
-0.675731871006836, 0.206140643067237, -0.0218154375696105
-0.675731871006836, 0.201000908573099, -0.0435303062320334
-0.675731871006836, 0.195410823483242, -0.0651335902501854
-0.675731871006836, 0.189344621183469, -0.0866079694132957
-0.675731871006836, 0.182769121590325, -0.107931843827242
-0.675731871006836, 0.175665598421534, -0.129085654680545
-0.675731871006836, 0.168027000937567, -0.150052151192184
-0.675731871006835, 0.159847209885554, -0.170813474392871
-0.675731871006836, 0.151106913749558, -0.191344972595431
-0.675731871006836, 0.141734160094443, -0.211595309323415
-0.675731871006836, 0.131685985435603, -0.231519057081543
-0.675731871006836, 0.120842012978044, -0.251019399224805
-0.675731871006836, 0.108677229073655, -0.269719081246815
-0.675731871006836, 0.0945790367231596, -0.286996536874163
-0.675731871006836, 0.0781852236703226, -0.302109361713916
-0.675731871006836, 0.0600808005784756, -0.315138443400738
-0.675731871006835, 0.0408374303702294, -0.326423530242296
-0.675731871006836, 0.0207372571826914, -0.336103790217006
-0.675731871006836, 1.1947562258318E-09, -0.344335624325794
-0.608158683906152, 0.192236836889555, -7.14792497951949E-17
-0.608158683906152, 0.187532185163732, -0.0205211462742523
-0.608158683906152, 0.182458455126596, -0.0409541719537194
-0.608158683906152, 0.177014228733842, -0.0612915984402586
-0.608158683906152, 0.171182489203616, -0.081521268541639
-0.608158683906152, 0.164939854303714, -0.101627897628157
-0.608158683906152, 0.158273453046708, -0.12159801689773
-0.608158683906152, 0.151180816830636, -0.141420740950458
-0.608158683906152, 0.143659271091631, -0.161084717551162
-0.608158683906152, 0.13569785925633, -0.180574678331894
-0.608158683906152, 0.127249006702705, -0.199858181445332
-0.608158683906152, 0.118245549940194, -0.218888820532107
-0.608158683906152, 0.108593493921461, -0.237598308940686
-0.608158683906152, 0.0981023517328275, -0.255849067995943
-0.608158683906152, 0.0861081740183296, -0.27313691876827
-0.608158683906152, 0.0717781163116285, -0.28853451334294
-0.608158683906152, 0.0555276870702357, -0.301901378141319
-0.608158683906152, 0.0379296556147772, -0.31344301607992
-0.608158683906152, 0.0193402687276026, -0.323313267097978
-0.608158683906152, 1.22488932366118E-09, -0.331619319247982
-0.540585496805469, 0.173021119155057, -6.37928287568607E-17
-0.540585496805469, 0.168393952285956, -0.01915161105426
-0.540585496805469, 0.163468475011843, -0.0382286796209975
-0.540585496805469, 0.158244460240838, -0.0572261631995632
-0.540585496805469, 0.152713334504748, -0.0761364856814377
-0.540585496805468, 0.146859480188874, -0.0949493847925816
-0.540585496805468, 0.140674334834718, -0.113655978766392
-0.540585496805469, 0.134159528476733, -0.132250328112724
-0.540585496805469, 0.127314334860278, -0.150725600256291
-0.540585496805468, 0.120132443472633, -0.169072577987851
-0.540585496805468, 0.112586855099967, -0.187272914971904
-0.540585496805469, 0.104599295278384, -0.205283369325317
-0.540585496805468, 0.0960845597734161, -0.223050612799871
-0.540585496805468, 0.0870954597750603, -0.240582684944281
-0.540585496805468, 0.0770513187731057, -0.25752299556279
-0.540585496805468, 0.0648455843186494, -0.272966861877588
-0.540585496805468, 0.0506398727199718, -0.286600456394104
-0.540585496805469, 0.0348875035568809, -0.298417126834896
-0.540585496805468, 0.0179225636933303, -0.3084183298314
-0.540585496805468, 1.25492297824708E-09, -0.316581166399271
-0.473012309704785, 0.153215459479385, -6.00149754037831E-17
-0.473012309704785, 0.148757005271058, -0.0176985004989452
-0.473012309704785, 0.144066313690364, -0.0353368716383836
-0.473012309704785, 0.139142739903529, -0.0529116593228791
-0.473012309704785, 0.13398579903094, -0.0704193806314324
-0.473012309704785, 0.12858514215215, -0.0878534482578946
-0.473012309704785, 0.122934315434793, -0.105208044607636
-0.473012309704785, 0.117038091545471, -0.122480812384005
-0.473012309704785, 0.110896654511053, -0.139667913824921
-0.473012309704785, 0.104504530778651, -0.156763354407586
-0.473012309704785, 0.0978461332379193, -0.173756813225417
-0.473012309704785, 0.0908538457854544, -0.190615412714191
-0.473012309704785, 0.0834547838301524, -0.207299533137979
-0.473012309704785, 0.0757814040635644, -0.223859533118244
-0.473012309704785, 0.0674180337838302, -0.240076707216294
-0.473012309704785, 0.0573196136169278, -0.255264633249159
-0.473012309704785, 0.0453595547365704, -0.269035074399546
-0.473012309704785, 0.0317009472727228, -0.281120036841714
-0.473012309704785, 0.0164871585154514, -0.291174724683774
-0.473012309704785, 1.28487364380874E-09, -0.29896627165297
-0.405439122604112, 0.132822863682129, -6.39800920922162E-17
-0.405439122604102, 0.128625495388578, -0.0161618093520882
-0.405439122604101, 0.124256409713462, -0.0322780353686999
-0.405439122604101, 0.119713537747619, -0.0483461452490154
-0.405439122604101, 0.115003172241103, -0.0643659558045156
-0.405439122604101, 0.110118546901772, -0.080333482587331
-0.405439122604101, 0.105053835016197, -0.0962448072327634
-0.405439122604101, 0.0998155836752567, -0.112099852246389
-0.405439122604101, 0.094404286573923, -0.127896669447283
-0.405439122604101, 0.0888136395907282, -0.143630896797108
-0.405439122604101, 0.0830318942013276, -0.159295890697664
-0.405439122604101, 0.077014034860488, -0.174871593570914
-0.405439122604101, 0.0707086097187548, -0.190333137082699
-0.405439122604101, 0.064209216742952, -0.205714299142656
-0.405439122604101, 0.0572772010438883, -0.220903268429046
-0.405439122604101, 0.0491944996781278, -0.235507269467894
-0.405439122604101, 0.0395973785428583, -0.249159987236202
-0.405439122604101, 0.0282379314012159, -0.261375015427465
-0.405439122604101, 0.0149302256763656, -0.27142153448104
-0.405439122604101, 1.31505940046267E-09, -0.278841932543546
-0.35414115377172, 0.116941061786383, -1.92658953758493E-16
-0.35551408378168, 0.113194341931391, -0.0158441632033187
-0.356935446524861, 0.109315449364116, -0.0316521936520223
-0.358406227160508, 0.105301695589389, -0.0474219995249936
-0.35992382710251, 0.101160172137075, -0.0631542873881638
-0.361491578968145, 0.0968817843095387, -0.0788449648911616
-0.363111081326682, 0.092462169618391, -0.0944911829010572
-0.364780696695339, 0.0879057967468209, -0.110092842752712
-0.366502083215091, 0.0832081406355266, -0.125646895095116
-0.368279011048082, 0.078358912528881, -0.141148081654879
-0.370117561923565, 0.0733415154149634, -0.156588410877549
-0.372033576886481, 0.068112719152999, -0.171948893634887
-0.374032524488377, 0.0626576000902802, -0.18721989674397
-0.376100296323922, 0.0570146600018396, -0.202413204541953
-0.378350185672716, 0.0508747220344947, -0.217384360756584
-0.380961564344364, 0.0437482813223069, -0.23184765817396
-0.384061471273451, 0.0352886491811353, -0.245467072519983
-0.387769429438447, 0.0251696479374591, -0.257725545381234
-0.392122116866378, 0.0132911834764704, -0.268035828054616
-0.396992474216516, 6.59433798992481E-10, -0.276158955926181
-0.317651927697188, 0.105425527420187, -8.76310567626855E-17
-0.320037597048175, 0.102000256170968, -0.0157961589789687
-0.322500329951047, 0.0984643394257488, -0.0315560538740763
-0.32504134166664, 0.0948160323501065, -0.0472778698328359
-0.327656284297235, 0.0910615775228989, -0.0629625246647297
-0.330352363354199, 0.0871906294908002, -0.0786050576802955
-0.33313096400768, 0.0832011994687862, -0.0942033233220204
-0.335990855262488, 0.07909505488218, -0.109756539515812
-0.338937285691503, 0.0748646599902174, -0.125260211770601
-0.341979075902959, 0.0704973504327784, -0.140707384052717
-0.345129878619152, 0.0659735240478379, -0.156087475048196
-0.348412848615436, 0.0612599359155745, -0.171382648106961
-0.35182728927153, 0.0563575862221239, -0.186589497151875
-0.355398608757006, 0.0512299946930151, -0.201685199375224
-0.359330309043943, 0.0455849794071292, -0.216502243006907
-0.363883285920936, 0.0390479541531185, -0.230760425300816
-0.369275288619094, 0.0313062812301427, -0.244086930998507
-0.375676862387855, 0.0221150969736912, -0.255959797527642
-0.383023126906486, 0.0115675546523793, -0.266023605113898
-0.391079820345206, 6.60769661605058E-10, -0.274259584777796
-0.288936717432959, 0.0962304490409375, -2.12567309333244E-16
-0.292104023347252, 0.0930631431266444, -0.0158189516263189
-0.295368501591449, 0.0897986648824469, -0.0315983264020333
-0.298730479664651, 0.0864366868092456, -0.0473367172687154
-0.302185323248716, 0.0829818432251799, -0.0630348254952666
-0.305743187620454, 0.0794239788534419, -0.0786868352906429
-0.309404268711233, 0.0757628977626635, -0.0942911715561611
-0.313169595538119, 0.071997570935777, -0.109845807663783
-0.317048346718077, 0.0681188197558189, -0.125344585709379
-0.321054753784079, 0.0641124126898178, -0.140778256164997
-0.325207216927245, 0.0599599495466509, -0.156134480465935
-0.329529099714291, 0.0556380667596053, -0.171396878146722
-0.33402745907202, 0.0511397074018763, -0.186556935524841
-0.338784587728972, 0.0463825787449245, -0.20155754091722
-0.344039354430199, 0.0411278120436975, -0.21621992136917
-0.350129217125212, 0.0350379493486842, -0.230216750889321
-0.357312522077589, 0.0278546443963071, -0.24312850388726
-0.365699158651374, 0.0194680078234669, -0.254493776369763
-0.375075842777955, 0.0100913238092274, -0.264196142555487
-0.385167166473896, 6.62108126971308E-10, -0.272342874586979
-0.262073932167896, 0.0875197170922144, -2.35752266574001E-16
-0.265976507162143, 0.0846049657045641, -0.0158946402718376
-0.269995751856179, 0.0816030761658586, -0.0317439028148576
-0.274130009062604, 0.0785152861945974, -0.0475470291027944
-0.278375820015505, 0.0753441790704781, -0.0633039972413612
-0.282744797557061, 0.0720810814053122, -0.0790084242754485
-0.287236185391471, 0.0687265580605667, -0.094658964183901
-0.291854569863739, 0.0652771835913794, -0.110251806496022
-0.296614093114255, 0.0617223955297927, -0.125778364437776
-0.301533953835218, 0.0580478547753907, -0.141226841142473
-0.306632114675764, 0.0542401454023869, -0.156584951929971
-0.311939272005535, 0.050276340936302, -0.171832293409261
-0.317488058747329, 0.0461320685317333, -0.18694491504776
-0.323385298438241, 0.0417275439299697, -0.201849872279884
-0.3299357211108, 0.0368351706629131, -0.216320133810465
-0.337538021364157, 0.0311571720990241, -0.229960436104644
-0.346425638471776, 0.0245191973424795, -0.242325633919698
-0.356549604918877, 0.0169578192089953, -0.253111267938248
-0.367580428430287, 0.00871912869341974, -0.262416273878984
-0.379254512602586, 6.63449312856106E-10, -0.270408997636524
-0.23503375568775, 0.0786535015904122, -1.43045658441103E-16
-0.239688143811096, 0.0760066290239739, -0.0160311958577491
-0.244481807346855, 0.0732805528633096, -0.0320079622808174
-0.249410120357321, 0.0704779038017088, -0.0479304387690776
-0.254472104342748, 0.0675992382955878, -0.0637973058303878
-0.259678584331627, 0.0646384003325592, -0.0796021709575015
-0.265029360163671, 0.0615955037404254, -0.0953431244996858
-0.270533072148691, 0.0584656349197192, -0.1110141207989
-0.276210812101, 0.0552367993089211, -0.126602696114609
-0.282081746847465, 0.051898097054629, -0.142096259483476
-0.288164359226302, 0.0484390172763301, -0.157481300303976
-0.294518857690751, 0.044825320435137, -0.17272005803519
-0.301184707094554, 0.0410345635297482, -0.18778165885151
-0.308279156658049, 0.0370000688924396, -0.202580605661748
-0.316258857403189, 0.0324621467357647, -0.216765194700951
-0.32549955379588, 0.0272071174755463, -0.229892142175153
-0.336107278919991, 0.0211746818730037, -0.241569758085453
-0.347833716845611, 0.0145060530573688, -0.251739996090601
-0.360318487347752, 0.0074061733521106, -0.260641595101245
-0.373341858731277, 6.64793335927457E-10, -0.268458130056537
-0.206428830330769, 0.0691852459470384, -2.73550269624452E-16
-0.211892046995717, 0.0668375868826935, -0.016249854588075
-0.217524152377413, 0.064417352785899, -0.0324312356950494
-0.223317173173446, 0.0619279699523384, -0.0485451973973499
-0.229272916844749, 0.0593686616780464, -0.0645887111599474
-0.235399850412766, 0.0567357895058916, -0.080555673246729
-0.241700306967421, 0.0540283508580805, -0.0964424270103398
-0.248187695181079, 0.0512405837461822, -0.112239767319693
-0.254889613921321, 0.0483606283565341, -0.127930616554117
-0.261814723288508, 0.0453847632619342, -0.14350622119181
-0.269013023870025, 0.0422915021587266, -0.158934157549422
-0.276566619793594, 0.0390455631770019, -0.1741594715794
-0.284451325795059, 0.0356573392332585, -0.189184595125763
-0.29296002373418, 0.0320009728345554, -0.203797104481323
-0.302641482930459, 0.0278406462664994, -0.217511866802961
-0.313729414604945, 0.0230759289036575, -0.229897004855729
-0.326085343655532, 0.0177663264094707, -0.240771778906216
-0.339331420077369, 0.0120742089157323, -0.250331984452859
-0.353168177701753, 0.00612826343117567, -0.258847309446927
-0.367429204859967, 6.66140311686549E-10, -0.266490451694418
-0.17482952576921, 0.0586461858904131, -1.74800646838285E-16
-0.18119373061714, 0.0566469235414752, -0.0165904205841397
-0.187769219009181, 0.0545812882135434, -0.0330900377088649
-0.194545843853667, 0.052452467531591, -0.0495000161329663
-0.201526402181062, 0.0502595828316178, -0.0658157880699096
-0.208718452328694, 0.0480002597244258, -0.0820303185492925
-0.216125950817265, 0.0456732553017403, -0.0981379160640055
-0.22377169144066, 0.0432714090816164, -0.11412267095513
-0.231674888172095, 0.0407886851531836, -0.129969258657626
-0.239851655982007, 0.0382200211316794, -0.145662436729133
-0.24842480263137, 0.0355268379740749, -0.161121116329908
-0.257355518282747, 0.0327213274700138, -0.176356188619268
-0.266701349054565, 0.0297854119820461, -0.191313297888511
-0.277086198116026, 0.0265230974865075, -0.20549128180953
-0.288875867367268, 0.0228194703400465, -0.218400856018861
-0.302005640537987, 0.0186948606240591, -0.229803898499147
-0.316114440298031, 0.0142626978065962, -0.239847242746581
-0.330856174163688, 0.00963170403210958, -0.248840965062661
-0.346028951253349, 0.00486530171518996, -0.257011459128892
-0.361516550988657, 6.67490354399583E-10, -0.264506145981515
-0.138337053207149, 0.046410281595062, -3.1597166407014E-16
-0.145722398425549, 0.0448327010259609, -0.0171308674732793
-0.153384786430816, 0.0431959414605573, -0.0341340047516201
-0.161315741140901, 0.0415018134712683, -0.0510078981359576
-0.169518201332705, 0.0397496893071633, -0.0677454920364572
-0.17800099713075, 0.0379376827689572, -0.0843363391834631
-0.186769165079103, 0.0360647180025335, -0.10077126711874
-0.195849351402606, 0.0341251031187108, -0.117028048422211
-0.205241614010085, 0.0321188257476085, -0.13309826814289
-0.21507239959454, 0.0300188756628924, -0.148891293989113
-0.225313902658383, 0.0278311923855208, -0.16440970641958
-0.235900656195257, 0.0255697602959242, -0.179682681223233
-0.247465102448131, 0.0230994836654566, -0.194188871783383
-0.260424635684838, 0.0203312030754153, -0.20739975814994
-0.274719998894947, 0.0172775763915433, -0.219083594937185
-0.289989112401994, 0.0140159473057701, -0.229405922260583
-0.305881063335428, 0.0106212741926571, -0.238697920191713
-0.32218652983971, 0.00713827025187158, -0.247210088115796
-0.338785735488247, 0.00359252092365583, -0.255107501756472
-0.355603897117347, 6.68843577031474E-10, -0.262505399796702
-0.0939914560729349, 0.0315051662516563, -3.23953908424057E-16
-0.10249906283942, 0.0304569308638014, -0.0180492112987923
-0.111392320930077, 0.0293611787798337, -0.0359086317662968
-0.120675225572427, 0.0282174177415908, -0.0535656116849579
-0.130370838254365, 0.0270228063074825, -0.0709958919720426
-0.140477639971603, 0.0257775316363756, -0.0881874110754826
-0.151010887721804, 0.0244797138899911, -0.105117001098413
-0.161973085790268, 0.0231290445114643, -0.121767694727346
-0.173479326289413, 0.0217113428236185, -0.138041012564973
-0.185405443569051, 0.0202419074682523, -0.154005493169831
-0.19783530154807, 0.018710405442213, -0.169571976605387
-0.211410198717248, 0.0170378213665971, -0.18412844849931
-0.226383924911586, 0.0151928854033143, -0.197215985946251
-0.242551155645549, 0.0132008958997893, -0.208777439264535
-0.259530214626466, 0.0111088797823558, -0.219095910427469
-0.277033319064891, 0.00895229521359584, -0.228486776955868
-0.294887193853649, 0.00675249169059585, -0.237183276430645
-0.312986805761257, 0.00452241056956225, -0.245348737079399
-0.3312686374765, 0.00226987799999039, -0.253091660576333
-0.349691243246038, 6.70200091181537E-10, -0.260488403327162
-0.036556744394758, 0.0122257205068011, -1.87238165591741E-16
-0.0459590783286514, 0.0118515599167724, -0.019882572519648
-0.055852029771745, 0.0114578754789405, -0.0395249314266372
-0.0663678089564817, 0.0110394059614744, -0.0588398569356778
-0.077636947128992, 0.010590956946859, -0.0777240357067578
-0.0897558885927259, 0.0101086904882887, -0.096072968400985
-0.102754985644518, 0.0095913987331847, -0.113807938912196
-0.11663075493921, 0.00903922029930803, -0.130865164031919
-0.131351690384182, 0.00845340895389209, -0.147195707212747
-0.147235092228103, 0.00782133791202434, -0.162390509391214
-0.164500205768749, 0.0071342824304068, -0.175988552349797
-0.182929418793693, 0.00640090226462482, -0.187966655781237
-0.202078564918193, 0.00563887276611275, -0.198760044161259
-0.221694958127669, 0.00485824943268347, -0.208680044250181
-0.241634741762039, 0.00406475695920463, -0.217933120156508
-0.261806263807575, 0.0032620425860077, -0.226669457839553
-0.282142822085398, 0.00245276068878081, -0.235014361725448
-0.302595080065778, 0.00163887474078699, -0.24307131377336
-0.32314448960239, 0.000821122879808406, -0.250876842383544
-0.343778589374728, 6.71560007021239E-10, -0.258455349926647
