-2.44873014395936, 0.204164906187596, -1.11022302462516E-16
-2.44873014395996, 0.200262965348881, -0.0200352702839899
-2.44873014396057, 0.196144261115985, -0.0400270724649302
-2.44873014396119, 0.191787676536561, -0.0599683733764679
-2.44873014396184, 0.187175696083934, -0.0798521389844137
-2.4487301439625, 0.182286971183808, -0.0996696437640228
-2.44873014396319, 0.177087287642489, -0.119407776473285
-2.44873014396392, 0.171535040026165, -0.139049602967886
-2.44873014396469, 0.165630466240268, -0.158588425571708
-2.44873014396552, 0.159248848159343, -0.177975949839137
-2.44873014396646, 0.152084616279993, -0.19708759810397
-2.44873014396748, 0.144423249923946, -0.21600685194154
-2.44873014396874, 0.13509660870523, -0.234118445415661
-2.44873014397086, 0.120278850148361, -0.247934474967428
-2.44873014397359, 0.101569735400114, -0.25593438196452
-2.44873014397653, 0.0815233417372567, -0.259658686002657
-2.44873014397952, 0.0611847789688522, -0.261365805133245
-2.44873014398251, 0.0408055671301841, -0.262510886803701
-2.44873014398551, 0.0204066946632736, -0.263228038371584
-2.4487301439885, 0, -0.263681575840709
-2.39975554110873, 0.216935204489225, -1.47663593814775E-16
-2.39975554110873, 0.213101843514977, -0.0209895367134832
-2.39975554110873, 0.209003338296936, -0.0419288967711477
-2.39975554110873, 0.204619741724675, -0.0628104082582479
-2.39975554110873, 0.199931179665722, -0.0836255380583717
-2.39975554110873, 0.194913994289083, -0.104363871735137
-2.39975554110873, 0.189530714492046, -0.125010121464969
-2.39975554110873, 0.183734706048644, -0.145544259147425
-2.39975554110873, 0.177505143525743, -0.16595100895217
-2.39975554110873, 0.170698259543875, -0.186171664475921
-2.39975554110873, 0.162988212737596, -0.206064526325966
-2.39975554110873, 0.154443766547883, -0.225614452704164
-2.39975554110873, 0.143528592854809, -0.243876992424673
-2.39975554110873, 0.126518864321116, -0.25644299427903
-2.39975554110873, 0.106230682692945, -0.262925789238105
-2.39975554110873, 0.0851996329663424, -0.266470966274268
-2.39975554110873, 0.063955706103144, -0.268436758950403
-2.39975554110873, 0.0426530957034621, -0.26963344451583
-2.39975554110873, 0.0213302702604763, -0.270401826856794
-2.39975554110873, 6.18714764151872E-12, -0.270928842136573
-2.35078093822896, 0.229701034659297, -1.87616535250224E-16
-2.35078093822896, 0.226001269121029, -0.0219725695599322
-2.35078093822896, 0.22199619833512, -0.0438915201866951
-2.35078093822896, 0.217661268149294, -0.0657475879473855
-2.35078093822896, 0.21296739943862, -0.0875293435462285
-2.35078093822896, 0.207881175759815, -0.109222776746769
-2.35078093822896, 0.202361090813186, -0.130809800262157
-2.35078093822896, 0.196355597941519, -0.152266720126114
-2.35078093822896, 0.18978949315308, -0.173558558757237
-2.35078093822896, 0.18252102105947, -0.194620284641253
-2.35078093822896, 0.17426344615865, -0.215312255840806
-2.35078093822896, 0.164499587938265, -0.235332851172824
-2.35078093822896, 0.15146344641282, -0.25330507770741
-2.35078093822896, 0.132531521614653, -0.264715774187483
-2.35078093822896, 0.110974375183616, -0.270254176431739
-2.35078093822896, 0.088962257695038, -0.273686645900998
-2.35078093822896, 0.0667863296947531, -0.27583421918433
-2.35078093822896, 0.0445406388009031, -0.277092511883869
-2.35078093822896, 0.0222740440387513, -0.277918665994813
-2.35078093822896, 1.23898302127687E-11, -0.278512638344187
-2.30180633534919, 0.242519513457555, -1.87993793974128E-16
-2.30180633534919, 0.239005110314273, -0.0229847009000064
-2.30180633534919, 0.235149919999335, -0.0459146682685488
-2.30180633534919, 0.230920100353294, -0.0687784363324323
-2.30180633534919, 0.226273637812495, -0.0915611087064374
-2.30180633534919, 0.221161724249268, -0.114243787387775
-2.30180633534919, 0.215536141241996, -0.136804460785604
-2.30180633534919, 0.209337172445973, -0.159214137436484
-2.30180633534919, 0.202418418034092, -0.18141161793805
-2.30180633534919, 0.194644329439946, -0.203323824841129
-2.30180633534919, 0.185768944266372, -0.224809650674271
-2.30180633534919, 0.174505381121874, -0.245124869577446
-2.30180633534919, 0.159097725984096, -0.262418109181908
-2.30180633534919, 0.138497316192985, -0.272894246308239
-2.30180633534919, 0.115823339111179, -0.277966121494838
-2.30180633534919, 0.0928252727717313, -0.281378970016974
-2.30180633534919, 0.0696887579931793, -0.283669834426288
-2.30180633534919, 0.046476635531162, -0.285016686401151
-2.30180633534919, 0.023242341353154, -0.285921561915245
-2.30180633534919, 1.86023503381097E-11, -0.286589172801103
-2.25283173247118, 0.255448582966469, -1.61681932073576E-16
-2.25283173246949, 0.252157318443483, -0.0240281910933183
-2.25283173246942, 0.248490485663123, -0.0480018899891546
-2.25283173246942, 0.244402066441227, -0.0719072217965898
-2.25283173246942, 0.239835983357224, -0.0957258163605298
-2.25283173246942, 0.23472467078219, -0.119433250834959
-2.25283173246942, 0.229008384330805, -0.143002006105979
-2.25283173246942, 0.222612702047507, -0.16639516931718
-2.25283173246942, 0.215320718153476, -0.189523687943837
-2.25283173246942, 0.206985634310814, -0.212296970945098
-2.25283173246942, 0.197352297676553, -0.234545203914428
-2.25283173246942, 0.184384897157836, -0.25498202431357
-2.25283173246942, 0.166601746609174, -0.271337834169427
-2.25283173246942, 0.14452476599041, -0.281134013978729
-2.25283173246942, 0.120803597253759, -0.286118026990923
-2.25283173246942, 0.0968063977192331, -0.2896183496402
-2.25283173246942, 0.072678609191966, -0.292055157923867
-2.25283173246942, 0.0484719331678257, -0.293535580972245
-2.25283173246942, 0.0242407024023121, -0.294554609693175
-2.25283173246942, 2.48189694817723E-11, -0.295316280596897
-2.20385712959506, 0.268519368292059, -1.21146146490759E-16
-2.20385712958988, 0.265476223591444, -0.0251014434943769
-2.20385712958965, 0.262019702033441, -0.0501492358208066
-2.20385712958965, 0.258091093318572, -0.0751272317768166
-2.20385712958965, 0.253620569532403, -0.100013789524352
-2.20385712958965, 0.248520927139504, -0.124778891363577
-2.20385712958965, 0.2427143630594, -0.149387658368609
-2.20385712958965, 0.236102545418942, -0.173791861159922
-2.20385712958965, 0.22841365618271, -0.197877061054203
-2.20385712958965, 0.219452024064399, -0.221517913899473
-2.20385712958965, 0.208866781911202, -0.244466392931325
-2.20385712958965, 0.194075776921729, -0.264875894798428
-2.20385712958965, 0.174078449181567, -0.280209355745607
-2.20385712958965, 0.15065375900247, -0.289555929460815
-2.20385712958965, 0.125915997697608, -0.294736331229942
-2.20385712958965, 0.10090425384315, -0.298434900014465
-2.20385712958965, 0.0757568948082283, -0.301054255472706
-2.20385712958965, 0.050527612981642, -0.302726191598697
-2.20385712958965, 0.0252698044412419, -0.303905463087158
-2.20385712958965, 3.10346625701211E-11, -0.304792191000798
-2.15488252670988, 0.281632076459599, -7.59625853241671E-17
-2.15488252670988, 0.278854884566585, -0.0261909636308223
-2.15488252670988, 0.275622819097764, -0.0523295922299483
-2.15488252670988, 0.271864897703538, -0.078397683583812
-2.15488252670988, 0.267497335946646, -0.104370382213103
-2.15488252670988, 0.262413218152539, -0.130212108025898
-2.15488252670988, 0.256510635833338, -0.155878971637499
-2.15488252670988, 0.249659117249091, -0.18130823835628
-2.15488252670988, 0.241548001092885, -0.206362440675048
-2.15488252670988, 0.231891335845118, -0.230861206971043
-2.15488252670988, 0.220168527474204, -0.254424375750628
-2.15488252670988, 0.203515248500814, -0.274687954717207
-2.15488252670988, 0.181519096675656, -0.289033670840654
-2.15488252670988, 0.156835426470639, -0.298109829509352
-2.15488252670988, 0.131102813236904, -0.303680584059299
-2.15488252670988, 0.105070132629717, -0.307664699295764
-2.15488252670988, 0.078887301310171, -0.310502417899061
-2.15488252670988, 0.0526193408280198, -0.312411308258271
-2.15488252670988, 0.0263174673478792, -0.313787566187748
-2.15488252670988, 3.72484947951516E-11, -0.314825437618484
-2.10590792383011, 0.294647680398769, -3.48482990074731E-17
-2.10590792383011, 0.292148779798524, -0.0272792775545383
-2.10590792383011, 0.28915038008452, -0.0545080561057953
-2.10590792383011, 0.285569553471944, -0.0816662162659501
-2.10590792383011, 0.281307630266803, -0.108725597371804
-2.10590792383011, 0.276238219374597, -0.13564504775716
-2.10590792383011, 0.270230398119642, -0.162370290297308
-2.10590792383011, 0.263115367856466, -0.188821343960942
-2.10590792383011, 0.254555912033963, -0.214838789385966
-2.10590792383011, 0.244136871748685, -0.240165630520264
-2.10590792383011, 0.231117922563894, -0.264236394783612
-2.10590792383011, 0.212630926531683, -0.284272405202449
-2.10590792383011, 0.188864628473957, -0.297758325525963
-2.10590792383011, 0.16299271282955, -0.306697577616116
-2.10590792383011, 0.136286626608533, -0.312760932208687
-2.10590792383011, 0.109239272825448, -0.31708442688959
-2.10590792383011, 0.0820210416136766, -0.320165145101357
-2.10590792383011, 0.0547142091879514, -0.322335905408896
-2.10590792383011, 0.0273671120914786, -0.323930069190622
-2.10590792383011, 4.34608982473151E-11, -0.325135305757589
-2.05693332093991, 0.307428719263242, -6.43410057814198E-18
-2.05693332094991, 0.305214981653251, -0.0283482779455646
-2.05693332095034, 0.302454834898959, -0.0566484356246554
-2.05693332095034, 0.29905310408518, -0.084878458222877
-2.05693332095034, 0.294894936142249, -0.113006700376481
-2.05693332095034, 0.28983507943983, -0.140986377425928
-2.05693332095034, 0.283709787182342, -0.168751649472885
-2.05693332095034, 0.276307834583757, -0.196202966581335
-2.05693332095034, 0.26727420482972, -0.22315892306849
-2.05693332095034, 0.256029445862077, -0.249263289083514
-2.05693332095034, 0.241583584315974, -0.273712423216502
-2.05693332095034, 0.221343519599224, -0.293480437743865
-2.05693332095034, 0.196038765959051, -0.306319657171079
-2.05693332095034, 0.169046819479762, -0.315227784796419
-2.05693332095034, 0.141387182417447, -0.321792117619642
-2.05693332095034, 0.113344008067407, -0.326472112929494
-2.05693332095034, 0.0851073091825553, -0.329809386729845
-2.05693332095034, 0.0567777960492945, -0.332246133667894
-2.05693332095034, 0.0284013006369678, -0.334062712743233
-2.05693332095034, 4.96719479069821E-11, -0.335441460413804
-2.00795871807057, 0.319838710394439, 2.44582368068114E-18
-2.00795871807057, 0.317910741133572, -0.0293803348076099
-2.00795871807057, 0.315388272386521, -0.0587154457260917
-2.00795871807057, 0.312162723778721, -0.0879813410317985
-2.00795871807057, 0.30810190184593, -0.117142694911141
-2.00795871807057, 0.303042711046272, -0.146146995953494
-2.00795871807057, 0.296785904209991, -0.174915852891905
-2.00795871807057, 0.289075756416174, -0.203328276527554
-2.00795871807057, 0.279544787696488, -0.231179926731937
-2.00795871807057, 0.26742124208362, -0.257993111875493
-2.00795871807057, 0.251453156283171, -0.282675241850047
-2.00795871807057, 0.229577439838086, -0.302172047255524
-2.00795871807057, 0.20295988426858, -0.314637739552803
-2.00795871807057, 0.174921885689086, -0.323607068381023
-2.00795871807057, 0.146326888801769, -0.33060019902601
-2.00795871807057, 0.11731839777365, -0.335618666419433
-2.00795871807057, 0.088096669896351, -0.339215292862827
-2.00795871807057, 0.0587765391681776, -0.341903353665056
-2.00795871807057, 0.0294029611924235, -0.343931459645904
-2.00795871807057, 5.58821711266706E-11, -0.345480046874336
-1.9489841151908, 0.334083520597272, -9.85023409471126E-18
-1.9489841151908, 0.332485229587122, -0.0305538713112053
-1.9489841151908, 0.330234856404695, -0.061066446146004
-1.9489841151908, 0.327206448006464, -0.0915113352467953
-1.9489841151908, 0.323247219588075, -0.121848771198156
-1.9489841151908, 0.3181743641778, -0.152019338808406
-1.9489841151908, 0.31174464690274, -0.181928934039954
-1.9489841151908, 0.303647686824769, -0.21142907225106
-1.9489841151908, 0.293501735426219, -0.240285393918123
-1.9489841151908, 0.280291183192108, -0.267853919917415
-1.9489841151908, 0.262468896276136, -0.292650772504424
-1.9489841151908, 0.238803452322988, -0.311842808087687
-1.9489841151908, 0.210844703985862, -0.324159876897655
-1.9489841151908, 0.181650028422685, -0.333300505519264
-1.9489841151908, 0.151969093452161, -0.340704784232641
-1.9489841151908, 0.121855530699291, -0.346089719182813
-1.9489841151908, 0.0915105160998187, -0.34998789726637
-1.9489841151908, 0.0610587964462726, -0.352947820074126
-1.9489841151908, 0.030546524527814, -0.355204866155888
-1.9489841151908, 6.33591881891851E-11, -0.35694183983171
-1.83654760799138, 0.358266299730346, -7.48356486914773E-17
-1.83654760799138, 0.357182998022482, -0.0325089181053938
-1.83654760799138, 0.35534449346442, -0.0649836185699062
-1.83654760799138, 0.352595673009731, -0.0973935382585856
-1.83654760799138, 0.348753551166517, -0.129691522040349
-1.83654760799138, 0.343602388615821, -0.1618058911618
-1.83654760799138, 0.336823460248577, -0.19361461942815
-1.83654760799138, 0.328003775073672, -0.224916368233775
-1.83654760799138, 0.316704367048276, -0.25540627936109
-1.83654760799138, 0.301518320169508, -0.284121866127242
-1.83654760799138, 0.280534301526016, -0.308872382413761
-1.83654760799138, 0.254052536497961, -0.327597684197729
-1.83654760799138, 0.224056275438198, -0.340090770892359
-1.83654760799138, 0.192980145648117, -0.349688377458375
-1.83654760799138, 0.161447439760537, -0.357651265452593
-1.83654760799138, 0.129471739705495, -0.363590975465405
-1.83654760799138, 0.0972424288349955, -0.367971494796374
-1.83654760799138, 0.064889667253619, -0.371329377737271
-1.83654760799138, 0.0324654262274852, -0.373912748798353
-1.83654760799138, 7.76108081364019E-11, -0.37591739679738
-1.71411110079195, 0.378720760844057, -1.51998052993156E-16
-1.71411110079195, 0.377953058558879, -0.0341179558371021
-1.71411110079195, 0.37633838009072, -0.0682060117805998
-1.71411110079195, 0.373708768562768, -0.102230353665341
-1.71411110079195, 0.36986777890975, -0.13613863930373
-1.71411110079195, 0.364569158641781, -0.169848874555511
-1.71411110079195, 0.357439885133185, -0.203217571948185
-1.71411110079195, 0.347967890873805, -0.235994616544189
-1.71411110079195, 0.335587702483054, -0.267781079628043
-1.71411110079195, 0.318678626380103, -0.297358330440223
-1.71411110079195, 0.295279792742785, -0.32207578133789
-1.71411110079195, 0.266665778030603, -0.340537189498274
-1.71411110079195, 0.235043497492824, -0.353299685948919
-1.71411110079195, 0.202425059843241, -0.363324846611881
-1.71411110079195, 0.169344940165791, -0.371694542520218
-1.71411110079195, 0.135814110297497, -0.378021179435653
-1.71411110079195, 0.102014108057916, -0.382721072719386
-1.71411110079195, 0.0680772221447158, -0.386310393360453
-1.71411110079195, 0.0340612276196314, -0.389056563241738
-1.71411110079195, 9.31215910958883E-11, -0.391173854539715
-1.59167459359253, 0.391679243027848, -1.65771172487282E-16
-1.59167459359253, 0.39101192359138, -0.0351533351890616
-1.59167459359253, 0.389449037290894, -0.0702779188504239
-1.59167459359253, 0.386823265833254, -0.105338610944581
-1.59167459359253, 0.382934325570591, -0.14028101312747
-1.59167459359253, 0.377516610140531, -0.175018100144676
-1.59167459359253, 0.370163839675624, -0.209394965018176
-1.59167459359253, 0.36029950529999, -0.243132535383538
-1.59167459359253, 0.347257881844755, -0.275765807241022
-1.59167459359253, 0.329329789180099, -0.305936716392003
-1.59167459359253, 0.304620430550775, -0.330816216287408
-1.59167459359253, 0.274803749167872, -0.349322360574821
-1.59167459359253, 0.242165074915947, -0.362333324613799
-1.59167459359253, 0.208560392942982, -0.372666281955597
-1.59167459359253, 0.174482774112006, -0.38130516872405
-1.59167459359253, 0.139941454478406, -0.387847599556721
-1.59167459359253, 0.105118682132621, -0.392692174365545
-1.59167459359253, 0.0701501590036278, -0.39634870000632
-1.59167459359253, 0.0350981855660218, -0.399099384839685
-1.59167459359253, 1.08613851345819E-10, -0.401185059285168
-1.4692380863931, 0.396244397006037, -1.18377104392576E-16
-1.4692380863931, 0.395539544774744, -0.0356101569651618
-1.4692380863931, 0.393939534042432, -0.0711910162775915
-1.4692380863931, 0.391279805691804, -0.106707925314333
-1.4692380863931, 0.387357992726394, -0.142106978944285
-1.4692380863931, 0.381904380979323, -0.177301456522807
-1.4692380863931, 0.374500215070442, -0.212135051106841
-1.4692380863931, 0.364556140287895, -0.246325777113569
-1.4692380863931, 0.351388520178029, -0.279400883212697
-1.4692380863931, 0.333278124534552, -0.309995899307068
-1.4692380863931, 0.308375324300557, -0.33532951231356
-1.4692380863931, 0.278279653672222, -0.354247878588901
-1.4692380863931, 0.245261628194738, -0.367539902330867
-1.4692380863931, 0.211254994150955, -0.378121517376501
-1.4692380863931, 0.176761595889373, -0.386980297803773
-1.4692380863931, 0.141783784577829, -0.3936743734275
-1.4692380863931, 0.106509767471341, -0.398593442713677
-1.4692380863931, 0.0710805846789281, -0.402240921717779
-1.4692380863931, 0.0355636240548779, -0.404909680249481
-1.4692380863931, 1.24082766432452E-10, -0.406868403338166
-1.34680157919368, 0.392096553384719, -8.78457340584348E-17
-1.34680157919368, 0.39129991275604, -0.0355044547930334
-1.34680157919368, 0.389640081895188, -0.0709787334035854
-1.34680157919368, 0.386950523998445, -0.106389375554891
-1.34680157919368, 0.383028028932002, -0.141684019673386
-1.34680157919368, 0.377613399738522, -0.176779671989891
-1.34680157919368, 0.370311238263663, -0.211529178853715
-1.34680157919368, 0.360575961587242, -0.245673022553372
-1.34680157919368, 0.347777362034584, -0.278783450004652
-1.34680157919368, 0.33032419778756, -0.309649273292643
-1.34680157919368, 0.30640465906268, -0.335783153699872
-1.34680157919368, 0.277005900499587, -0.355560947787991
-1.34680157919368, 0.24428749741564, -0.369298149155862
-1.34680157919368, 0.210491338628145, -0.380200175164105
-1.34680157919368, 0.176181950101338, -0.389350873444457
-1.34680157919368, 0.1413560419774, -0.396279511640997
-1.34680157919368, 0.106208353676167, -0.401347246121807
-1.34680157919368, 0.070887236810677, -0.40502743388847
-1.34680157919368, 0.0354688870086738, -0.407619433229955
-1.34680157919368, 1.39531454640692E-10, -0.409400602948312
-1.22436507199425, 0.379978099227678, -8.82079388665667E-17
-1.22436507199425, 0.379012531849392, -0.0348907050174935
-1.22436507199425, 0.377221156341701, -0.0697484899814462
-1.22436507199425, 0.374447691354282, -0.104541496443159
-1.22436507199425, 0.370505189123219, -0.139220898305647
-1.22436507199425, 0.365162223103731, -0.173711389688294
-1.22436507199425, 0.358083119974081, -0.207885879505967
-1.22436507199425, 0.348811212620681, -0.241528594712049
-1.22436507199425, 0.336791923879906, -0.274284863036821
-1.22436507199425, 0.320708744916121, -0.305218163492309
-1.22436507199425, 0.298883129646803, -0.332365101194646
-1.22436507199425, 0.271189964667497, -0.353446520056526
-1.22436507199425, 0.23949866368549, -0.367989313637338
-1.22436507199425, 0.206530128784475, -0.379441503540147
-1.22436507199425, 0.172973734855606, -0.389027472952018
-1.22436507199425, 0.138848090318046, -0.396331913909322
-1.22436507199425, 0.10435998459408, -0.401686010960089
-1.22436507199425, 0.0696688819464198, -0.405521681042776
-1.22436507199425, 0.034863880675121, -0.40814016726146
-1.22436507199425, 1.54967297894938E-10, -0.40981214117717
-1.10192856479483, 0.361051586456826, -9.30666452069217E-17
-1.10192856479483, 0.359771588380423, -0.0338404144297472
-1.10192856479483, 0.357697402190584, -0.0676412374495311
-1.10192856479483, 0.354712364569344, -0.101373527422928
-1.10192856479483, 0.350673964308012, -0.134995533099049
-1.10192856479483, 0.345396843340543, -0.16844483947289
-1.10192856479483, 0.338629282184438, -0.201623478840004
-1.10192856479483, 0.33002632623553, -0.234372038891198
-1.10192856479483, 0.319085448055969, -0.266411156296549
-1.10192856479483, 0.304860695187844, -0.297117945338492
-1.10192856479483, 0.286017615930657, -0.325194299435605
-1.10192856479483, 0.261082923692755, -0.347938354330022
-1.10192856479483, 0.231279024250766, -0.363921111181916
-1.10192856479483, 0.199768059794661, -0.376308106905494
-1.10192856479483, 0.1674693130299, -0.38646484347383
-1.10192856479483, 0.13453167828822, -0.394309410689559
-1.10192856479483, 0.101174190869535, -0.400127051243659
-1.10192856479483, 0.0675667821070968, -0.404275404366185
-1.10192856479483, 0.0338196536856031, -0.407080698798695
-1.10192856479483, 1.7039848685535E-10, -0.408816899307465
-0.9794920575954, 0.336095437384787, -6.03339672547175E-17
-0.979492057595401, 0.334330330066242, -0.032414068640791
-0.9794920575954, 0.331856386984958, -0.0647816152210973
-0.9794920575954, 0.328594788943011, -0.0970791180668205
-0.979492057595401, 0.324444346264746, -0.129274177079929
-0.979492057595401, 0.319268051617089, -0.161319884962443
-0.979492057595401, 0.312893223802428, -0.193148173029012
-0.9794920575954, 0.305082322661746, -0.224653452469652
-0.9794920575954, 0.295401154207318, -0.255632238100423
-0.9794920575954, 0.283242364989854, -0.285718922043199
-0.9794920575954, 0.267712470879903, -0.314190707231477
-0.979492057595401, 0.246583998290547, -0.338705384394661
-0.979492057595401, 0.219951733948427, -0.357162289614933
-0.979492057595401, 0.190598744750799, -0.370973946322894
-0.9794920575954, 0.159951384629707, -0.381650306909926
-0.9794920575954, 0.128653611827953, -0.390249018658497
-0.9794920575954, 0.0968631630323177, -0.396790241827199
-0.9794920575954, 0.0647244527641687, -0.401336221911419
-0.979492057595401, 0.0324070063373506, -0.404380750838584
-0.979492057595401, 1.85829768813868E-10, -0.406256227215432
-0.857055550395976, 0.305826692077814, -1.25407898723439E-17
-0.857055550395976, 0.303469319361711, -0.0306777507060494
-0.857055550395976, 0.300557472261902, -0.0613077646183633
-0.857055550395976, 0.297029643845953, -0.091872836293731
-0.857055550395976, 0.292809374111761, -0.122349841568637
-0.857055550395976, 0.287796759218436, -0.152706344459716
-0.857055550395976, 0.281874838281575, -0.182898294294529
-0.857055550395976, 0.274890199006423, -0.212861516049577
-0.857055550395976, 0.266521301345118, -0.242466288229707
-0.857055550395976, 0.256387459723043, -0.271512039059824
-0.857055550395976, 0.243942867104076, -0.299635421485593
-0.857055550395976, 0.227314110556899, -0.32546105860744
-0.857055550395976, 0.20544954068496, -0.347012359943524
-0.857055550395976, 0.179190980245514, -0.362927916873359
-0.857055550395976, 0.150679328428343, -0.374460149810135
-0.857055550395975, 0.121454217548894, -0.384069121767112
-0.857055550395975, 0.0916192157350761, -0.391553343787943
-0.857055550395975, 0.0612827143566969, -0.396655048796481
-0.857055550395975, 0.0307002352227372, -0.400007080749473
-0.857055550395976, 2.01265061246555E-10, -0.402026458650691
-0.72461904319655, 0.268044777416806, -6.67523652554977E-17
-0.72461904319655, 0.265132348242687, -0.0285245066087322
-0.72461904319655, 0.261827030137619, -0.0570061213513748
-0.72461904319655, 0.258086348492118, -0.0854337694336736
-0.72461904319655, 0.253858739618367, -0.113792999804752
-0.72461904319655, 0.249076765884756, -0.142063912820695
-0.72461904319655, 0.243664701079532, -0.170220834485964
-0.72461904319655, 0.237528542691032, -0.198228583776573
-0.72461904319655, 0.230496788952601, -0.226024403097735
-0.72461904319655, 0.222322605214162, -0.253504774839167
-0.72461904319655, 0.212629790310732, -0.28048388735051
-0.72461904319655, 0.200612315092469, -0.306501815049034
-0.72461904319655, 0.184883615701541, -0.330416184984363
-0.72461904319655, 0.163665781577996, -0.349562388888695
-0.72461904319655, 0.138748031118519, -0.363688956122164
-0.724619043196551, 0.112308176018482, -0.374752765248888
-0.72461904319655, 0.0849509534864697, -0.383308107545355
-0.72461904319655, 0.0569670947022895, -0.389519991257986
-0.72461904319655, 0.0285829658004884, -0.393535272994061
-0.72461904319655, 2.17972085869615E-10, -0.395762983523873
-0.68564444031678, 0.256091519054951, -9.45876933580461E-17
-0.68564444031678, 0.253054266432044, -0.0278482088222774
-0.68564444031678, 0.249664733926896, -0.0556556994985798
-0.68564444031678, 0.245887030067748, -0.0834130764069275
-0.68564444031678, 0.241676516923606, -0.111108028165187
-0.685644440316781, 0.236974501177117, -0.138723688906726
-0.685644440316781, 0.231715003100497, -0.166238488157086
-0.68564444031678, 0.22581629735111, -0.193623157931956
-0.68564444031678, 0.219146699357007, -0.22082995408966
-0.68564444031678, 0.211487957543674, -0.247773986709337
-0.68564444031678, 0.202483209138715, -0.274296447495108
-0.68564444031678, 0.191626982757991, -0.300112285598957
-0.68564444031678, 0.177659972610333, -0.324349405984092
-0.68564444031678, 0.15828507741767, -0.344456253649107
-0.68564444031678, 0.134798829680601, -0.359656815501785
-0.68564444031678, 0.109342548578525, -0.371309601774751
-0.68564444031678, 0.0828036506278448, -0.380249325362913
-0.68564444031678, 0.055591808875141, -0.386866480241817
-0.68564444031678, 0.0279131867026553, -0.391133922667001
-0.68564444031678, 2.2289414839167E-10, -0.393455861266037
-0.636669837437011, 0.240616960467336, -1.20762458696205E-16
-0.636669837437011, 0.237453557011005, -0.0269756722801293
-0.636669837437011, 0.233985188895803, -0.0539138035552765
-0.636669837437011, 0.230183408614081, -0.0808068773530854
-0.63666983743701, 0.226011603036102, -0.107644979122952
-0.636669837437011, 0.221421311886455, -0.134414617646581
-0.63666983743701, 0.216357841778499, -0.161098702439283
-0.63666983743701, 0.210753139380662, -0.187674234348992
-0.63666983743701, 0.204516156727513, -0.214108301846763
-0.63666983743701, 0.197464559031893, -0.240335973817344
-0.63666983743701, 0.189268651639145, -0.266227579286363
-0.63666983743701, 0.179706379059082, -0.291645428362682
-0.63666983743701, 0.167770176045852, -0.316012072960072
-0.63666983743701, 0.150866558395281, -0.337171828527633
-0.636669837437011, 0.129469114242733, -0.353822581674487
-0.63666983743701, 0.105421568601383, -0.366392639863351
-0.63666983743701, 0.0799983846455354, -0.375920421134047
-0.636669837437011, 0.0538007930322837, -0.383051005131728
-0.636669837437011, 0.0270424319455204, -0.387650709335663
-0.63666983743701, 2.29085101549498E-10, -0.390131833448816
-0.58769523455874, 0.224690598360942, -1.26361812365983E-16
-0.587695234557308, 0.221440015812021, -0.0260805166334117
-0.58769523455724, 0.21792723963903, -0.0521269955633615
-0.58769523455724, 0.21413075094017, -0.0781336178559154
-0.58769523455724, 0.21002074682693, -0.104092490621196
-0.58769523455724, 0.205557832290524, -0.129992983118113
-0.58769523455724, 0.200697834921229, -0.155821842017533
-0.58769523455724, 0.195385704539357, -0.181561421537566
-0.58769523455724, 0.189556972074868, -0.207188831172
-0.58769523455724, 0.183067631974914, -0.232656386817418
-0.58769523455724, 0.175636696813719, -0.25786446135601
-0.58769523455724, 0.167172874289553, -0.282744831241142
-0.58769523455724, 0.15694914208081, -0.3069392701231
-0.58769523455724, 0.142587649326417, -0.328883909864642
-0.58769523455724, 0.123634174758519, -0.347010198697344
-0.58769523455724, 0.101258343401107, -0.360725569481155
-0.58769523455724, 0.0770801153412653, -0.370992395936462
-0.58769523455724, 0.0519401455445405, -0.378615459730983
-0.58769523455724, 0.0261380306828953, -0.383556882842851
-0.58769523455724, 2.35284050029865E-10, -0.386256259957052
-0.53872063167747, 0.208325132256813, -1.13064715761501E-16
-0.53872063167747, 0.205029624055174, -0.0251678912111534
-0.53872063167747, 0.201510687131041, -0.0503055051578239
-0.53872063167747, 0.197752354471473, -0.0754084270424605
-0.53872063167747, 0.193731008395634, -0.100470532859447
-0.53872063167747, 0.18941494827066, -0.125483539097546
-0.53872063167747, 0.184769590293315, -0.150437440739844
-0.53872063167747, 0.179752510370595, -0.175319208632367
-0.53872063167747, 0.174313579779655, -0.200112100356587
-0.53872063167747, 0.168346397955761, -0.22478282314877
-0.53872063167747, 0.1616398100006, -0.249262361326636
-0.53872063167747, 0.154106912999711, -0.273500362303472
-0.53872063167747, 0.14526041531492, -0.297282572027459
-0.53872063167747, 0.133372474218225, -0.319673637507856
-0.53872063167747, 0.117176584375686, -0.339139816333092
-0.53872063167747, 0.0967819434288766, -0.354165306615241
-0.53872063167747, 0.0740202658912049, -0.365350101023322
-0.53872063167747, 0.05000520311964, -0.373522410863857
-0.53872063167747, 0.0252034946999125, -0.378862036891486
-0.53872063167747, 2.41488715904146E-10, -0.38181714674781
-0.4897460287977, 0.19151128424849, -9.07449567190906E-17
-0.4897460287977, 0.188214969821988, -0.0242423998927565
-0.4897460287977, 0.184730163969007, -0.048458416232986
-0.4897460287977, 0.181045562729483, -0.0726448283169726
-0.4897460287977, 0.177142943737182, -0.09679700281962
-0.4897460287977, 0.172997265603889, -0.120908622911998
-0.4897460287977, 0.16858207951736, -0.144972323931472
-0.4897460287977, 0.163866768568069, -0.168978979217832
-0.4897460287977, 0.158808274267376, -0.192915611456747
-0.4897460287977, 0.153332528253991, -0.216760076998761
-0.4897460287977, 0.147304891629991, -0.240470736226982
-0.4897460287977, 0.1405840767132, -0.263993940839875
-0.4897460287977, 0.132850975200856, -0.287201257557067
-0.4897460287977, 0.123218852801858, -0.309676967216401
-0.4897460287977, 0.109931332664902, -0.330153056134508
-0.4897460287977, 0.0918448871565218, -0.34653530226174
-0.4897460287977, 0.0707412453925755, -0.35885200838069
-0.4897460287977, 0.047981009566892, -0.367771326040913
-0.4897460287977, 0.0242458363934137, -0.37364105941114
-0.4897460287977, 2.4769494452812E-10, -0.376836979535577
-0.44077142591793, 0.17424686244098, -6.94792805852143E-17
-0.44077142591793, 0.170994646283668, -0.0233060592743617
-0.44077142591793, 0.167585786843026, -0.0465897187673744
-0.44077142591793, 0.164012421013191, -0.0698486931457891
-0.44077142591793, 0.160261515984226, -0.093079686030109
-0.44077142591793, 0.156313361250374, -0.116277954798198
-0.44077142591793, 0.152148257018418, -0.139438239959533
-0.44077142591793, 0.147745787280414, -0.162554555663496
-0.44077142591793, 0.143067513555229, -0.185616586720194
-0.44077142591793, 0.138063701590215, -0.208610113644103
-0.44077142591793, 0.132666560573991, -0.231514348618543
-0.44077142591793, 0.126683601594248, -0.254271961589801
-0.44077142591793, 0.119894795324998, -0.276801889424165
-0.44077142591793, 0.112161641033538, -0.299023433194015
-0.44077142591793, 0.101655892908567, -0.320031332696902
-0.44077142591793, 0.0861936966507264, -0.337681462362044
-0.44077142591793, 0.0671099280891807, -0.351381741153208
-0.44077142591793, 0.0458419753291275, -0.361389009604969
-0.44077142591793, 0.0232741874121379, -0.367980853963102
-0.44077142591793, 2.53898187722565E-10, -0.371329404585978
-0.39179682303816, 0.156539389058796, -5.85042429799476E-17
-0.39179682303816, 0.153374542139241, -0.0223609584989118
-0.39179682303816, 0.150082539829309, -0.0447035480957672
-0.39179682303816, 0.146657679252848, -0.0670261549906279
-0.39179682303816, 0.143091894578208, -0.0893266785112329
-0.39179682303816, 0.139369931556592, -0.111601657606912
-0.39179682303816, 0.13547704915854, -0.133847394870385
-0.39179682303816, 0.13140072233252, -0.156060236314754
-0.39179682303816, 0.127108850548104, -0.17823240393048
-0.39179682303816, 0.122567143449221, -0.200354725727462
-0.39179682303816, 0.117748808663812, -0.222418375100062
-0.39179682303816, 0.112462583814366, -0.244374045688007
-0.39179682303816, 0.106545588297281, -0.266168429296686
-0.39179682303816, 0.100247399261141, -0.287855740672285
-0.39179682303816, 0.0920539279896222, -0.308872235959164
-0.39179682303816, 0.0794491168774828, -0.327543630113225
-0.39179682303816, 0.0629246723766696, -0.342872737754059
-0.39179682303816, 0.0435607442130918, -0.354418099868638
-0.39179682303816, 0.0222996757246307, -0.361930581379988
-0.39179682303816, 2.60095071241477E-10, -0.365271599801439
-0.342822220158438, 0.138420590572889, -6.11937050604822E-17
-0.342822220158393, 0.135376362333621, -0.0213952448744874
-0.34282222015839, 0.132232148913845, -0.0427760190427039
-0.34282222015839, 0.128983363259527, -0.0641411586674185
-0.34282222015839, 0.125626346944995, -0.0854895539405075
-0.34282222015839, 0.122149656990301, -0.106818779740837
-0.34282222015839, 0.118542041523523, -0.128126247749673
-0.34282222015839, 0.114796311322503, -0.149409863659277
-0.34282222015839, 0.110888747651586, -0.170664341338795
-0.34282222015839, 0.106794333572165, -0.191883607773302
-0.34282222015839, 0.102500881260788, -0.213063464845879
-0.34282222015839, 0.0978652115570569, -0.23417072092872
-0.34282222015839, 0.092769248884435, -0.255171795483241
-0.34282222015839, 0.0874890763311124, -0.27612746324673
-0.34282222015839, 0.0810233891042152, -0.29673573086177
-0.34282222015839, 0.0713205440053668, -0.316008223725671
-0.34282222015839, 0.0579427330197415, -0.332928371329611
-0.34282222015839, 0.0410281263003636, -0.346286037352606
-0.34282222015839, 0.021272818532143, -0.354904692205178
-0.34282222015839, 2.66295889661143E-10, -0.35835575827143
-0.293847617279255, 0.119916934463408, -7.82377739522529E-17
-0.293847617278651, 0.117016268384336, -0.0203768962077727
-0.29384761727862, 0.114039930921652, -0.0407428726320267
-0.29384761727862, 0.110983848966739, -0.0610970394404608
-0.29384761727862, 0.107847746016212, -0.0814390274533006
-0.29384761727862, 0.104623494453611, -0.101767225832001
-0.29384761727862, 0.101302466140473, -0.122079836131219
-0.29384761727862, 0.0978805303705009, -0.142375688050387
-0.29384761727862, 0.0943427927911368, -0.162651664791379
-0.29384761727862, 0.0906705614517313, -0.182903707343749
-0.29384761727862, 0.0868502640647888, -0.203128324815316
-0.29384761727862, 0.0828035103470466, -0.223308723394559
-0.29384761727862, 0.0784548194388751, -0.243426259088367
-0.29384761727862, 0.0739130386316171, -0.263501143546624
-0.29384761727862, 0.0687038766313865, -0.28340993942385
-0.29384761727862, 0.0616886980489728, -0.30274607110964
-0.29384761727862, 0.0517836974660365, -0.320753508326126
-0.29384761727862, 0.0379107179484096, -0.3358575083892
-0.29384761727862, 0.0200586578633465, -0.345931658319902
-0.29384761727862, 2.72518790673714E-10, -0.350152081877532
-0.249976582522931, 0.10301742355918, -2.21574628639343E-16
-0.250893024368052, 0.100516457863808, -0.0200739962198329
-0.25182933544223, 0.0979612691312267, -0.040140243064058
-0.252786945114252, 0.0953479566204162, -0.06019800028678
-0.253765738005254, 0.0926768351997761, -0.0802471120173336
-0.254768276528073, 0.0899409120561422, -0.100286305831704
-0.255797077020624, 0.0871333201145987, -0.120314258275894
-0.256853707227826, 0.0842497810062781, -0.140329961399461
-0.257942278543943, 0.0812790747546279, -0.160331194081804
-0.25906865941301, 0.0782051864021261, -0.180314725225786
-0.260240222766897, 0.0750079952506862, -0.200276282510365
-0.261473156479278, 0.0716433246654755, -0.220206545464747
-0.262783843188294, 0.0680664665002985, -0.240094824364356
-0.264183120687615, 0.0642478444647132, -0.259931938450577
-0.265771366074101, 0.0599135299104568, -0.279647297269138
-0.267807030989389, 0.054358209463755, -0.299004535274661
-0.270766243963863, 0.0462825304952913, -0.317304159943395
-0.275171791890905, 0.0342598099118542, -0.332890356479362
-0.281030152186916, 0.0182723708871444, -0.343702563642858
-0.287725791918558, 1.36649527475525E-10, -0.349018651867571
-0.219891147568536, 0.0912422411867737, -2.53320789648376E-16
-0.221452862381752, 0.0889999787177626, -0.020055842643617
-0.223044317575679, 0.0867150159177317, -0.0401045239593487
-0.224667834495656, 0.0843840198698858, -0.0601453350555747
-0.226323305850243, 0.0820071446200014, -0.0801781406988911
-0.228015031847104, 0.0795782160611424, -0.10020166790088
-0.229746927425146, 0.0770916132435047, -0.120214679191308
-0.231522106930662, 0.0745428646837215, -0.140216073934379
-0.233346901337161, 0.0719228805632357, -0.160203788868115
-0.235232959229243, 0.0692149361997653, -0.18017407183717
-0.237193988635598, 0.066399350024053, -0.200122227048277
-0.239244812407358, 0.0634548398388002, -0.220042690778501
-0.241428993640953, 0.0603188590795971, -0.239919600209356
-0.243800082413638, 0.0569145221797411, -0.259730727907128
-0.246428091874491, 0.0531413063964174, -0.279441792418943
-0.249814319704517, 0.0482794638176486, -0.298785472879718
-0.254896966645125, 0.0409819544505637, -0.316925483094643
-0.262524234000636, 0.030030956747511, -0.332036242450253
-0.272367364127495, 0.0158984909197867, -0.342546728255242
-0.283440514166576, 1.36922803353281E-10, -0.348209951943479
-0.196996837675521, 0.0821583987391683, -2.7448869986012E-16
-0.199046556409009, 0.0801086800056798, -0.0201149321160423
-0.201132416834334, 0.0780228195803555, -0.0402224219056415
-0.203257034430296, 0.0758982019843933, -0.0603217976807886
-0.20542049766173, 0.0737347387529595, -0.0804128869238871
-0.207628021716759, 0.0715272146979301, -0.100494384265242
-0.209884303670015, 0.0692709327446741, -0.120565037913352
-0.212193669683205, 0.0669615667314845, -0.14062361040806
-0.214563969172512, 0.064591267242177, -0.160667955888825
-0.217012817182518, 0.062142419232171, -0.180693393262964
-0.219553870678689, 0.0596013657360006, -0.200695838039205
-0.222200768686544, 0.0569544677281451, -0.22067076789769
-0.225047176027049, 0.0541080603876398, -0.240590544945812
-0.228132425640216, 0.0510228107744736, -0.260439192587189
-0.23148088191049, 0.0476743545041991, -0.280201325817944
-0.235959818315245, 0.0431954180994439, -0.299496745622951
-0.242843489910927, 0.0363117465037617, -0.317279135784899
-0.252928295048634, 0.0262269413664813, -0.331649807065524
-0.265400731908156, 0.0137545045321758, -0.341640655524915
-0.279155236414597, 1.37196236732351E-10, -0.347388482677959
-0.176111592370806, 0.0737605518447997, -2.9953427578743E-16
-0.178612832921957, 0.07189242775287, -0.0202214436421364
-0.181156506835954, 0.069992611072478, -0.0404346297490836
-0.183745222398011, 0.0680591537301177, -0.0606389072104388
-0.186379417837165, 0.0660917284217169, -0.0808340303090753
-0.189064678037597, 0.0640861639144494, -0.101018672170241
-0.191806363294382, 0.0620384567163827, -0.121191483006931
-0.194609657833275, 0.0599447348380657, -0.141351104747846
-0.197484435981011, 0.0577976233520205, -0.161495024918135
-0.200453753625849, 0.0555799022990169, -0.181617554011945
-0.203524220955127, 0.0532866346688142, -0.201716433576585
-0.206725987804133, 0.0508953021819745, -0.221783263141983
-0.210203482859907, 0.0482980340822435, -0.241778274825571
-0.213896984078122, 0.0455394355115697, -0.261713156306187
-0.217926564685831, 0.0425298262957873, -0.281543589421774
-0.223595001573793, 0.0382961897072909, -0.300720428990392
-0.232369559705398, 0.0317426563279676, -0.317931504324622
-0.244632406998468, 0.022583792959657, -0.331412264040031
-0.25915746677599, 0.0117353305762319, -0.340814248174289
-0.274869958662623, 1.37469831763731E-10, -0.346554105228086
-0.155579811671551, 0.065401342846573, -5.46606056742516E-16
-0.158535652188763, 0.0637204058536889, -0.02037522348704
-0.16154079567583, 0.0620114310876544, -0.0407408987231201
-0.164597891656898, 0.0602729118084676, -0.0610963356308229
-0.167707946066121, 0.0585042759582229, -0.0814411573999981
-0.17087658351096, 0.0567023249168683, -0.101774006332497
-0.17410996016561, 0.0548635577712519, -0.122093361057439
-0.177413664907132, 0.0529847962206019, -0.142397737481307
-0.180800967777047, 0.0510584938145727, -0.162683864666363
-0.184297248064858, 0.0490702177763182, -0.18294550140261
-0.187898442001225, 0.0470222791033956, -0.20318280743408
-0.19168318235935, 0.0448699606547546, -0.223375528635985
-0.195800117357393, 0.0425287286785322, -0.243482062826056
-0.200027292611801, 0.0401248049149988, -0.263558524281553
-0.20488363621685, 0.0373630836487972, -0.283439354563596
-0.212025195017411, 0.0333017987774317, -0.302357835911576
-0.222869831867763, 0.0271346354443612, -0.318737980751177
-0.237117880497806, 0.0190320088384072, -0.331226264251687
-0.253337360368519, 0.00980826233085639, -0.340023247476856
-0.270584680910653, 1.37743592443242E-10, -0.345706689864904
-0.134397805182741, 0.0566808898641572, -4.56585123369571E-16
-0.137837981048736, 0.0552025739652911, -0.0205860955962007
-0.141334659815084, 0.0536999775821773, -0.0411609098888148
-0.144891032936164, 0.0521717292797688, -0.0617235961070361
-0.148509058325139, 0.0506169877016149, -0.0822735352629619
-0.152194516054974, 0.0490332690288378, -0.102809276409341
-0.155954714795566, 0.0474174325723181, -0.123328954697795
-0.159795513480955, 0.0457669606249158, -0.143830937247671
-0.163735025140429, 0.0440740696371216, -0.164310704166126
-0.167794577612015, 0.042329594588521, -0.184762680355717
-0.17196961857512, 0.0405354917069838, -0.205187073217672
-0.176413602949676, 0.0386258181870463, -0.22554378220288
-0.181160703201893, 0.0365858894015057, -0.245819625047687
-0.185949316539963, 0.0345281215701673, -0.266083619383027
-0.191945564133962, 0.0319514079087033, -0.285950807077793
-0.200989121838611, 0.0280652010233966, -0.304362441218944
-0.214058336037797, 0.0224490849034849, -0.319619830471907
-0.230116010975191, 0.015548764372369, -0.331055948169353
-0.247789144019346, 0.00795424754157225, -0.339239203635494
-0.266299403158686, 1.38017522609957E-10, -0.344846115934672
-0.111664712218616, 0.0472310254233377, -3.41027791170305E-16
-0.115645822235619, 0.0459803926178019, -0.020872655117313
-0.119689966004202, 0.0447099582802196, -0.0417319933158998
-0.123801835351366, 0.0434182485119195, -0.0625767720566817
-0.12798500014871, 0.0421041418672457, -0.0834059615402731
-0.132246298542085, 0.0407654901992004, -0.104217738413593
-0.136594871133999, 0.0393994220630583, -0.125009669184753
-0.14103772426341, 0.0380037364753485, -0.145779684043786
-0.145597622157619, 0.0365712822422241, -0.166521790143286
-0.150285170944959, 0.0350987275361346, -0.187232623872584
-0.155127867959811, 0.0335774342967672, -0.20790409167378
-0.160321018025398, 0.0319460491282199, -0.228481653551026
-0.165655789653307, 0.0302701747164577, -0.249019698266876
-0.171280449509262, 0.0285032343139584, -0.269469839089402
-0.178927858084669, 0.0261008641204963, -0.289163501014273
-0.190376419093922, 0.0225043933087881, -0.30667232437476
-0.205718654024765, 0.0176847570182053, -0.32053905601837
-0.223445349446902, 0.0121160621733046, -0.330870792762343
-0.242408589393718, 0.0061589170921866, -0.338450487499867
-0.26201412540672, 1.38291625945049E-10, -0.343972271800907
-0.0863299313596482, 0.0366124523520665, -3.44585436457833E-16
-0.0909426598894827, 0.0356271292989104, -0.0212669414268134
-0.0956220520875413, 0.0346275662468719, -0.0425186398950084
-0.100375534402366, 0.033612176835318, -0.0637531412298831
-0.105209317213415, 0.0325796344676344, -0.0849686728878583
-0.110133404204809, 0.0315278022609512, -0.106162476341605
-0.115160183886325, 0.0304540339107656, -0.127331051141509
-0.120300455840172, 0.0293560225227425, -0.148471101056442
-0.125578186383721, 0.0282286486616386, -0.169575690834762
-0.131001118418634, 0.0270702583693985, -0.190641752448439
-0.136660387455385, 0.025861384226934, -0.211642487428307
-0.142645383385764, 0.0245829316960499, -0.232548787097037
-0.148677614580843, 0.0232943892596082, -0.253440817564646
-0.155727060404465, 0.0217885600227338, -0.273988169993173
-0.165757082749366, 0.0196460510551708, -0.293159915763341
-0.180060900664411, 0.016590618365238, -0.309215930484759
-0.19763971669879, 0.0128356146675705, -0.321459325774508
-0.216936397556267, 0.00871365856820495, -0.330651274648558
-0.237103825650152, 0.00440570250892367, -0.337646846076696
-0.257728847654755, 1.38565905971003E-10, -0.343085054768121
-0.0569465564865845, 0.0242107009320317, -3.40538538056432E-16
-0.0623321869804392, 0.023547129069283, -0.021828536793323
-0.0677800925713035, 0.0228758841955151, -0.0436413772012948
-0.0733010221095007, 0.0221956419282549, -0.0654355654988662
-0.078904975471393, 0.0215051701672697, -0.0872082269634826
-0.0846081045135576, 0.0208024788173297, -0.108954717889033
-0.0904294919484113, 0.0200852166679239, -0.130669368662281
-0.0963877384987615, 0.0193510918952269, -0.152346291403673
-0.102512553742789, 0.018596443936161, -0.173976007378499
-0.108838109910854, 0.0178170623773716, -0.195546951280566
-0.11545361569896, 0.017001955677451, -0.217029283813965
-0.122318736473984, 0.0161560935289291, -0.238432150201848
-0.129669692454187, 0.0152503708733678, -0.259668386566618
-0.138935174796989, 0.0141087564635984, -0.280109947932267
-0.152233756757742, 0.0124702176121711, -0.298085773948571
-0.169778770689028, 0.0103084693099773, -0.311916371302259
-0.189537779517937, 0.00787393127220686, -0.322343281119896
-0.210377233217457, 0.00530626995087527, -0.330386025102305
-0.231766511807272, 0.00267086385443254, -0.336815287889567
-0.253443569902788, 1.38840366051227E-10, -0.342184370988221
-0.0212800835521778, 0.00906828512828988, -4.50491832142267E-16
-0.0276775060884322, 0.00881370329704915, -0.0227206580651762
-0.0341118050229073, 0.00855765399028442, -0.0454308831788984
-0.0405932394813753, 0.00829972895185642, -0.0681276778649877
-0.0471333628843835, 0.00803946841989334, -0.090807601722156
-0.0537519889352766, 0.0077760839192159, -0.113464691704992
-0.0604759800481392, 0.00750850647516588, -0.136090678295255
-0.067337575702465, 0.00723545313579173, -0.158675223302176
-0.0744128724460859, 0.00695389568177726, -0.181193561384846
-0.081712934171052, 0.00666339383176184, -0.203639928244092
-0.089524308375128, 0.00635254458925665, -0.225912127878025
-0.0979502533952957, 0.00601723884682496, -0.247959617201872
-0.106935116823986, 0.00565969126072116, -0.269783619240706
-0.119061815016082, 0.00517711612750898, -0.289910250520831
-0.137559632382468, 0.00444100589054963, -0.304397274568819
-0.158722228496976, 0.00359885228226321, -0.314780788901773
-0.180823219852978, 0.00271935576319465, -0.323011398466379
-0.203374552859412, 0.00182193815146711, -0.329921355883756
-0.226185175572274, 0.000914202251724323, -0.335922994880961
-0.249158292150819, 1.3911500939001E-10, -0.341270135350552
