-3.45906789829982, 0.145114506204545, -2.77555756156289E-16
-3.45906789830241, 0.143475556083241, -0.0130548565581032
-3.45906789830505, 0.141257155017383, -0.0260235855208362
-3.45906789830774, 0.138430228520615, -0.0388733740856968
-3.45906789831051, 0.134993302805484, -0.0515735497687594
-3.45906789831338, 0.130933207285957, -0.0640883290215289
-3.45906789831637, 0.126239019928952, -0.0763792587790923
-3.45906789831953, 0.120913217707186, -0.0884099650449836
-3.45906789832289, 0.115000352601531, -0.100163577705887
-3.4590678983265, 0.108548613233293, -0.111630110794906
-3.45906789833059, 0.101491704413173, -0.12273389031192
-3.45906789833514, 0.0939231823127976, -0.133496868598081
-3.45906789834036, 0.0858506747483699, -0.143881019349171
-3.45906789834877, 0.0760198191700352, -0.152569303744662
-3.45906789836082, 0.0643604518218822, -0.158616536129818
-3.45906789837449, 0.0518114864256874, -0.162538048277955
-3.4590678983887, 0.0389367590069601, -0.165247982982726
-3.45906789840297, 0.0259886676614473, -0.1675894715763
-3.45906789841727, 0.0130034970928513, -0.169716292909791
-3.4590678984316, 0, -0.17172865911481
-3.38988654046297, 0.162627906390272, -1.42678159125473E-16
-3.38988654046297, 0.160867187183876, -0.0142759110672456
-3.38988654046297, 0.158385881040927, -0.0284442430469864
-3.38988654046297, 0.155175160091209, -0.0424652640170827
-3.38988654046297, 0.151234767744168, -0.0562988973060897
-3.38988654046297, 0.146563562106815, -0.0699030953196829
-3.38988654046297, 0.141162502507713, -0.0832343248071797
-3.38988654046297, 0.135043238604112, -0.0962515590875248
-3.38988654046297, 0.128264282302621, -0.108938159881764
-3.38988654046297, 0.120888131898493, -0.121287004967779
-3.38988654046297, 0.112854584340549, -0.133218022114427
-3.38988654046297, 0.104221856550533, -0.144724069010633
-3.38988654046297, 0.0948967591047894, -0.155666729786932
-3.38988654046297, 0.0835359915962057, -0.164409444494614
-3.38988654046297, 0.0703611820091117, -0.170136882567221
-3.38988654046297, 0.0565554824266521, -0.174164338670523
-3.38988654046297, 0.0425119394801095, -0.177276681010573
-3.38988654046297, 0.0283743556643047, -0.179934493427592
-3.38988654046297, 0.0141955700773712, -0.18236441238288
-3.38988654046297, 2.74827890629028E-11, -0.184694586569358
-3.32070518249434, 0.179651706486754, -1.50493544458256E-16
-3.32070518249434, 0.177942962269195, -0.0155938431981627
-3.32070518249434, 0.175414224943386, -0.031075756043764
-3.32070518249434, 0.172049463309098, -0.0463976065001167
-3.32070518249434, 0.167830823827146, -0.0615065243945149
-3.32070518249434, 0.162749761908388, -0.0763475529239122
-3.32070518249434, 0.156807682862474, -0.090865257742311
-3.32070518249434, 0.150023093423257, -0.105008882108994
-3.32070518249434, 0.142446914227185, -0.118745063910889
-3.32070518249434, 0.134136466397065, -0.132049846124742
-3.32070518249434, 0.125076572470837, -0.144855600406897
-3.32070518249434, 0.115232184669387, -0.157068097899699
-3.32070518249434, 0.104360924172158, -0.168362604306908
-3.32070518249434, 0.0913810742590849, -0.177085710091708
-3.32070518249434, 0.0767450421951275, -0.182692436804281
-3.32070518249434, 0.0616286708513352, -0.1868848944832
-3.32070518249434, 0.0463273030314366, -0.190345465455687
-3.32070518249434, 0.030918803204152, -0.193296568094078
-3.32070518249434, 0.0154668091955987, -0.196012743970638
-3.32070518249434, 5.52695205618116E-11, -0.198643412514772
-3.25152382452571, 0.196282196719365, -1.56178450615468E-16
-3.25152382452571, 0.19474011177037, -0.0169901369676907
-3.25152382452571, 0.19230654807239, -0.0338754364720297
-3.25152382452571, 0.188940927920788, -0.0505996657628748
-3.25152382452571, 0.184596404635984, -0.0670964050379933
-3.25152382452571, 0.179242909478447, -0.0832936362433145
-3.25152382452571, 0.172872847800677, -0.0991186248216348
-3.25152382452571, 0.16550673143336, -0.114505221466401
-3.25152382452571, 0.157174797169918, -0.129391021083677
-3.25152382452571, 0.147920904701789, -0.143722017779818
-3.25152382452571, 0.137793831317243, -0.157449690926451
-3.25152382452571, 0.126633808785478, -0.170347503177462
-3.25152382452571, 0.114064433381637, -0.18186051147411
-3.25152382452571, 0.0994598975908426, -0.190599441186842
-3.25152382452571, 0.0834031293932382, -0.196331905529587
-3.25152382452571, 0.0669441819511536, -0.200823110388367
-3.25152382452571, 0.0503232654121021, -0.204672255347773
-3.25152382452571, 0.0335853402705321, -0.207978886022214
-3.25152382452571, 0.0168002853471928, -0.2110394519761
-3.25152382452571, 8.32556324975345E-11, -0.214015398114751
-3.18234246657065, 0.212622579568351, -1.53493469501973E-16
-3.18234246655779, 0.211298811651431, -0.0184461913173093
-3.18234246655707, 0.209025266918406, -0.0367991831435713
-3.18234246655708, 0.205730379437641, -0.0549961842428945
-3.18234246655707, 0.201335673919454, -0.0729588178772191
-3.18234246655708, 0.19578108920984, -0.0905969039748039
-3.18234246655708, 0.189041830896302, -0.107817032998928
-3.18234246655708, 0.181133276784319, -0.124532303723274
-3.18234246655708, 0.172062177481018, -0.140645988460768
-3.18234246655708, 0.161860419935538, -0.156068993326828
-3.18234246655708, 0.150638052692492, -0.170766126091642
-3.18234246655708, 0.138113274416169, -0.184360871666439
-3.18234246655708, 0.123822667029294, -0.196070674865977
-3.18234246655708, 0.107640107669413, -0.204960696171282
-3.18234246655708, 0.0902032708482749, -0.211099174363132
-3.18234246655708, 0.0723950204551004, -0.216090880395921
-3.18234246655708, 0.0544254414178268, -0.220466022009307
-3.18234246655707, 0.0363277815288755, -0.224279429899216
-3.18234246655708, 0.0181744984283986, -0.227820660443733
-3.18234246655708, 1.11327832040893E-10, -0.231251477104499
-3.11316110858844, 0.228757010005045, -1.37670155724807E-16
-3.11316110858844, 0.22764636845437, -0.0199441919641725
-3.11316110858844, 0.225526781202257, -0.0398060378863001
-3.11316110858844, 0.222299734303334, -0.059517756984751
-3.11316110858844, 0.217859994379609, -0.0789915539611231
-3.11316110858844, 0.212115082205329, -0.0981203887184973
-3.11316110858844, 0.205016409706651, -0.116788933689219
-3.11316110858844, 0.196565339878975, -0.134885158187027
-3.11316110858844, 0.186752044895184, -0.152279801636314
-3.11316110858844, 0.175605013662661, -0.168851791319236
-3.11316110858844, 0.163273128472996, -0.184562271352952
-3.11316110858844, 0.149386414394699, -0.198901673745267
-3.11316110858844, 0.133441509546677, -0.210899121059048
-3.11316110858844, 0.115753150441126, -0.220136123936498
-3.11316110858844, 0.0969880190997542, -0.226966722610544
-3.11316110858844, 0.077854300565463, -0.232706533426934
-3.11316110858844, 0.0585434164444133, -0.237818637834825
-3.11316110858844, 0.0390893698488872, -0.242357551588104
-3.11316110858844, 0.019562981381567, -0.246576197680235
-3.11316110858844, 1.39383798868083E-10, -0.250621938331004
-3.04397975061981, 0.244647874841148, -1.11965517781525E-16
-3.04397975061981, 0.243735772250333, -0.0214636807432265
-3.04397975061981, 0.241751789814849, -0.0428543676614797
-3.04397975061981, 0.238575448478877, -0.0641001468531981
-3.04397975061981, 0.234079355793616, -0.0851054648991251
-3.04397975061981, 0.228138734645156, -0.105747945376516
-3.04397975061981, 0.220677226574752, -0.125890184837603
-3.04397975061981, 0.211675882033161, -0.145392452786099
-3.04397975061981, 0.201116841740621, -0.164096568129835
-3.04397975061981, 0.189032116596478, -0.181853488270188
-3.04397975061981, 0.175581555079359, -0.198599755058648
-3.04397975061981, 0.160350127562535, -0.213724733867614
-3.04397975061981, 0.142831992246676, -0.226121352529071
-3.04397975061981, 0.123699219134921, -0.235864254293882
-3.04397975061981, 0.103657581878887, -0.243591596130581
-3.04397975061981, 0.0832373009382768, -0.250267934198173
-3.04397975061981, 0.0626116379592764, -0.256280465540275
-3.04397975061981, 0.0418255321930638, -0.261713917782592
-3.04397975061981, 0.0209433091067633, -0.266766776242246
-3.04397975061981, 1.67402415788577E-10, -0.271560381319131
-2.97479839265118, 0.260218991322904, -8.22689944667636E-17
-2.97479839265118, 0.259497469740545, -0.0229820728037995
-2.97479839265118, 0.257638682605895, -0.0458995712938684
-2.97479839265118, 0.254502367669168, -0.0686767405595678
-2.97479839265118, 0.249940724113504, -0.0912108124674084
-2.97479839265118, 0.243798024308968, -0.113365091422932
-2.97479839265118, 0.235969159815319, -0.134980453657398
-2.97479839265118, 0.226412581886847, -0.155888689358328
-2.97479839265118, 0.21510969389242, -0.175906190716978
-2.97479839265118, 0.202098932699919, -0.194858198423699
-2.97479839265118, 0.187522452836493, -0.212634004301681
-2.97479839265118, 0.170962744603294, -0.228556436170994
-2.97479839265118, 0.151951690397142, -0.241448525838307
-2.97479839265118, 0.131430829466806, -0.251805390264621
-2.97479839265118, 0.110159727219619, -0.260532484613119
-2.97479839265118, 0.0884954525441059, -0.268239029864826
-2.97479839265118, 0.0665889232835203, -0.275228654593105
-2.97479839265118, 0.0445047111437353, -0.281635971672745
-2.97479839265118, 0.0222976627805286, -0.287604592620546
-2.97479839265118, 1.95390088425496E-10, -0.293225503109912
-2.90561703468255, 0.2753967879417, -5.44382437024772E-17
-2.90561703468255, 0.274864779996081, -0.0244751241848199
-2.90561703468255, 0.273129402952559, -0.0488937156464232
-2.90561703468255, 0.270029660769282, -0.0731760826848405
-2.90561703468255, 0.265396248139302, -0.0972119005625992
-2.90561703468255, 0.25904501206694, -0.12085062314445
-2.90561703468255, 0.250844128791057, -0.143912084218689
-2.90561703468255, 0.240731138274327, -0.166200390836372
-2.90561703468255, 0.228692755564437, -0.187509878998813
-2.90561703468255, 0.21477290305244, -0.207640411842945
-2.90561703468255, 0.199066605446507, -0.226409524608599
-2.90561703468255, 0.181195258042753, -0.243107986034487
-2.90561703468255, 0.160779152880692, -0.256575053897707
-2.90561703468255, 0.138934978351474, -0.267618671946798
-2.90561703468255, 0.116474149084844, -0.277355462199333
-2.90561703468255, 0.0936041120760324, -0.286090715813192
-2.90561703468255, 0.0704514459790982, -0.294048764122484
-2.90561703468255, 0.0471047835606947, -0.301419368145641
-2.90561703468255, 0.023611207097744, -0.308307958289674
-2.90561703468255, 2.23353249609191E-10, -0.314782160771098
-2.83643567671392, 0.290106171828515, -3.39581475277442E-17
-2.83643567671392, 0.289768137408036, -0.025918366944634
-2.83643567671392, 0.288161630423464, -0.0517882760967138
-2.83643567671392, 0.285101355210662, -0.0775258413465984
-2.83643567671391, 0.280393372196781, -0.103012282789602
-2.83643567671391, 0.273828729003324, -0.128083269610392
-2.83643567671392, 0.265253419500534, -0.152538510100641
-2.83643567671392, 0.254588914018602, -0.176156471320152
-2.83643567671392, 0.241831829927569, -0.198712569447795
-2.83643567671392, 0.227027366512616, -0.219979924613898
-2.83643567671392, 0.210195037437438, -0.239679196927005
-2.83643567671391, 0.191034076387612, -0.257102084675051
-2.83643567671392, 0.169312213253193, -0.271205259269092
-2.83643567671392, 0.146222802225149, -0.282980235966182
-2.83643567671392, 0.122603367026533, -0.293657842925985
-2.83643567671392, 0.0985565785045613, -0.303335147585362
-2.83643567671392, 0.0741892737461012, -0.312176978239434
-2.83643567671391, 0.0496123958565658, -0.320419501982022
-2.83643567671391, 0.0248727502783871, -0.328160260404386
-2.83643567671392, 2.51297566101999E-10, -0.335462320102048
-2.75725431874528, 0.306233990575702, -2.43063358777898E-17
-2.75725431874528, 0.306119490118154, -0.0274859748589789
-2.75725431874528, 0.304662769050918, -0.0549326003944817
-2.75725431874528, 0.301648471059937, -0.0822510388555155
-2.75725431874528, 0.296853884226825, -0.109312412603387
-2.75725431874528, 0.290047137860076, -0.135937312331226
-2.75725431874528, 0.281053961574814, -0.161904053009706
-2.75725431874528, 0.269781200310308, -0.186964129403262
-2.75725431874528, 0.256238286174593, -0.21087355330188
-2.75725431874528, 0.240466694747355, -0.233373101954392
-2.75725431874528, 0.222379714410938, -0.254053119004516
-2.75725431874528, 0.201794097802918, -0.272232874451542
-2.75725431874528, 0.178696301593853, -0.287095906941529
-2.75725431874528, 0.154281527898315, -0.29971935393354
-2.75725431874528, 0.129377719226829, -0.311352299286353
-2.75725431874528, 0.104020512141188, -0.321959861957988
-2.75725431874528, 0.0783044389036365, -0.331668001401393
-2.75725431874528, 0.0523611821603864, -0.340752907400356
-2.75725431874528, 0.0262477011771836, -0.349336811310339
-2.75725431874528, 2.83259636747221E-10, -0.357501429846653
-2.5943009238237, 0.336377905775168, -6.89209663990203E-17
-2.5943009238237, 0.336693172748976, -0.0303405877117148
-2.5943009238237, 0.33550797591309, -0.0606584670650682
-2.5943009238237, 0.332559262636561, -0.0908546253804508
-2.5943009238237, 0.327587679998769, -0.120782677462919
-2.5943009238237, 0.320335861061517, -0.150239498445917
-2.5943009238237, 0.310596826581535, -0.178968317793426
-2.5943009238237, 0.298239763830181, -0.206670335943558
-2.5943009238237, 0.283282348723322, -0.233059169048327
-2.5943009238237, 0.265745021361331, -0.25780420452286
-2.5943009238237, 0.245342740482091, -0.280236930707582
-2.5943009238237, 0.22213779764479, -0.299754351090753
-2.5943009238237, 0.196572369434958, -0.316069172999098
-2.5943009238237, 0.169741513687811, -0.330236717528012
-2.5943009238237, 0.14237607060184, -0.343344794473634
-2.5943009238237, 0.114483877810675, -0.355289847620545
-2.5943009238237, 0.0861664224285244, -0.366191850139359
-2.5943009238237, 0.057586611897264, -0.376388229806394
-2.5943009238237, 0.0288435161133625, -0.386115768506666
-2.5943009238237, 3.48962613869044E-10, -0.395541761163865
-2.42134752890212, 0.3626635678446, -1.98013476138719E-16
-2.42134752890212, 0.363317539141345, -0.0327040580422203
-2.42134752890212, 0.362300432549968, -0.0653975721285441
-2.42134752890212, 0.359345717663193, -0.0979719440791597
-2.42134752890212, 0.354208500665965, -0.130272537109789
-2.42134752890212, 0.346631494906723, -0.162087379674903
-2.42134752890212, 0.336376005759836, -0.193140282788922
-2.42134752890212, 0.323239619159024, -0.22308600951764
-2.42134752890212, 0.307195359967685, -0.251579231830826
-2.42134752890212, 0.28822261511284, -0.278205999296081
-2.42134752890212, 0.265944616170272, -0.302124075997336
-2.42134752890212, 0.240603382314052, -0.322775223826277
-2.42134752890212, 0.212934216807193, -0.340198935728076
-2.42134752890212, 0.183966326384601, -0.355390676485011
-2.42134752890212, 0.154346541273885, -0.36927118319378
-2.42134752890212, 0.124108270306234, -0.381746063359464
-2.42134752890212, 0.0933859826048626, -0.392980635693963
-2.42134752890212, 0.0623728310437161, -0.403388469623992
-2.42134752890212, 0.0312132917746714, -0.413351008084239
-2.42134752890212, 4.18535380336362E-10, -0.42314413031771
-2.24839413398054, 0.381615998840514, -2.73638415815112E-16
-2.24839413398054, 0.382377558500147, -0.0343404030621586
-2.24839413398054, 0.381376736859769, -0.0686734540121372
-2.24839413398054, 0.378371678680302, -0.102888335287176
-2.24839413398054, 0.373144269187847, -0.136833361648733
-2.24839413398054, 0.365434953414556, -0.170300192183
-2.24839413398054, 0.354979123339618, -0.203010576266354
-2.24839413398054, 0.3414922720276, -0.234588903071329
-2.24839413398054, 0.324860605221267, -0.264628610008141
-2.24839413398054, 0.304996938749299, -0.292628657663185
-2.24839413398054, 0.281493918740443, -0.317638774654922
-2.24839413398054, 0.254704305224977, -0.339101928570471
-2.24839413398054, 0.225512054315247, -0.357178998192692
-2.24839413398054, 0.194936824086604, -0.37282772267053
-2.24839413398054, 0.163589484827983, -0.386868410185014
-2.24839413398054, 0.131531054524224, -0.399198715518005
-2.24839413398054, 0.0989410439060637, -0.41005293303639
-2.24839413398054, 0.0660473837025534, -0.419953674560123
-2.24839413398054, 0.0330267043653076, -0.429424298167366
-2.24839413398054, 4.87748009105616E-10, -0.438873950257013
-2.07544073905896, 0.392381470439498, -2.37969402866939E-16
-2.07544073905896, 0.393034962350322, -0.0352730798412775
-2.07544073905896, 0.391946368514495, -0.0705342800494436
-2.07544073905896, 0.388890863848661, -0.105678786496471
-2.07544073905896, 0.383651171006023, -0.140563125043588
-2.07544073905896, 0.375951846712293, -0.17498639495127
-2.07544073905896, 0.365511315204704, -0.208676956894498
-2.07544073905896, 0.351994790633339, -0.24125175256149
-2.07544073905896, 0.335210772836886, -0.272267219668097
-2.07544073905896, 0.31500414172693, -0.301161202230207
-2.07544073905896, 0.290956811219279, -0.326932889442719
-2.07544073905896, 0.263446693163845, -0.348980730852086
-2.07544073905896, 0.233388107936733, -0.367421484426248
-2.07544073905896, 0.201845740627668, -0.383216817589634
-2.07544073905896, 0.169438335472064, -0.39715350640222
-2.07544073905896, 0.136242066206625, -0.409089260389005
-2.07544073905896, 0.102476805781916, -0.419314506209486
-2.07544073905896, 0.068396661010632, -0.428442368071602
-2.07544073905896, 0.0341919001713551, -0.437094590412143
-2.07544073905896, 5.56506461446926E-10, -0.44579728619172
-1.90248734413738, 0.395544876471943, 0
-1.90248734413738, 0.39541184250799, -0.0355741259872632
-1.90248734413738, 0.394153647378625, -0.0711249191362446
-1.90248734413738, 0.39107213619167, -0.106561843801956
-1.90248734413738, 0.385826993862663, -0.141742126514541
-1.90248734413738, 0.378129474690297, -0.176466422714699
-1.90248734413738, 0.36769370200492, -0.210465683551086
-1.90248734413738, 0.354216501596496, -0.243374677948664
-1.90248734413738, 0.337519052957617, -0.274770239285248
-1.90248734413738, 0.317437973408493, -0.304109243323334
-1.90248734413738, 0.293581304402943, -0.330457538430636
-1.90248734413738, 0.266197747038922, -0.353121898188245
-1.90248734413738, 0.236039931473266, -0.371954226504926
-1.90248734413738, 0.204271706558215, -0.387951830340538
-1.90248734413738, 0.171574941145535, -0.401956221978111
-1.90248734413738, 0.138037786858095, -0.413807067782497
-1.90248734413738, 0.103891428294883, -0.423777597707575
-1.90248734413738, 0.0693889654098717, -0.432444033778056
-1.90248734413738, 0.0347163262002877, -0.440407025456292
-1.90248734413738, 6.24871167700157E-10, -0.448178381774192
-1.7295339492158, 0.389424962979826, -1.07303713566243E-16
-1.7295339492158, 0.389667566064062, -0.0352898557728389
-1.7295339492158, 0.388292369711824, -0.0705527714077225
-1.7295339492158, 0.385040978323355, -0.105691173593834
-1.7295339492158, 0.379646126114619, -0.140563385382037
-1.7295339492158, 0.371837227321913, -0.174973693300344
-1.7295339492158, 0.361358482145391, -0.20866503418413
-1.7295339492158, 0.347998407735206, -0.24131884835445
-1.7295339492158, 0.331646532258398, -0.272580196779498
-1.7295339492158, 0.312177137362509, -0.301995510090245
-1.7295339492158, 0.289268764766603, -0.328810180914193
-1.7295339492158, 0.262900262069988, -0.35222304588708
-1.7295339492158, 0.233470150104505, -0.371659530250794
-1.7295339492158, 0.202255808518655, -0.388114431256929
-1.7295339492158, 0.170043776845602, -0.402521572028847
-1.7295339492158, 0.136941977491025, -0.414746026506364
-1.7295339492158, 0.10317628957514, -0.425003719728021
-1.7295339492158, 0.0689887956665168, -0.433761238142668
-1.7295339492158, 0.0345593125119432, -0.441518679473971
-1.7295339492158, 6.92975151236755E-10, -0.448677968910045
-1.55658055429422, 0.376765554509286, -1.24850873331629E-16
-1.55658055429422, 0.376518531847916, -0.0344879160866121
-1.55658055429422, 0.374596916631481, -0.0689223934245993
-1.55658055429422, 0.370822045583258, -0.103202379870747
-1.55658055429422, 0.365004888517541, -0.137194338112656
-1.55658055429422, 0.356946914896785, -0.170724519231013
-1.55658055429422, 0.346476001265852, -0.203579988571082
-1.55658055429422, 0.333469402968859, -0.235515308101686
-1.55658055429422, 0.317850217968285, -0.266256132325964
-1.55658055429422, 0.299521778433985, -0.295459388571801
-1.55658055429422, 0.278273055322117, -0.322606155061327
-1.55658055429422, 0.253772694057785, -0.346841840173079
-1.55658055429422, 0.225939870880887, -0.367167210224305
-1.55658055429422, 0.196073082827373, -0.384402340320274
-1.55658055429422, 0.165064885914657, -0.399492383615043
-1.55658055429422, 0.133091001571283, -0.412411709485612
-1.55658055429422, 0.100387077376002, -0.423358998321146
-1.55658055429422, 0.0671933417776472, -0.432723436595077
-1.55658055429422, 0.0336939002449174, -0.440932740003542
-1.55658055429422, 7.60978605002191E-10, -0.448305752380973
-1.38362715937264, 0.356791857526823, -1.20755459815321E-16
-1.38362715937264, 0.355693634809756, -0.0331818947260602
-1.38362715937264, 0.352977439035338, -0.0662702094783539
-1.38362715937264, 0.348552439946127, -0.0991731716455069
-1.38362715937264, 0.342306849897524, -0.131778883401
-1.38362715937264, 0.33411727771789, -0.163950677156456
-1.38362715937264, 0.323895069943213, -0.195534875108816
-1.38362715937264, 0.311575207205415, -0.226360653173273
-1.38362715937264, 0.297087012284353, -0.256227693114408
-1.38362715937264, 0.280351673661524, -0.28489447153217
-1.38362715937264, 0.261260740781716, -0.31204652948439
-1.38362715937264, 0.239310714321215, -0.336926875148291
-1.38362715937264, 0.214022383798561, -0.358400861833926
-1.38362715937264, 0.186348213300833, -0.376722519745977
-1.38362715937264, 0.157169900259509, -0.392549836433171
-1.38362715937264, 0.126933035585583, -0.406253279987331
-1.38362715937264, 0.0958960456150845, -0.418035612846393
-1.38362715937264, 0.0642627492742496, -0.428114079275494
-1.38362715937264, 0.0322535795207861, -0.436932387960341
-1.38362715937264, 8.28973392903147E-10, -0.44481217002807
-1.21067376445106, 0.329557580339568, -4.25155032334007E-17
-1.21067376445106, 0.327277481348766, -0.0313705363194218
-1.21067376445106, 0.32369882412857, -0.0626192715921707
-1.21067376445106, 0.318744544793346, -0.0936792729201313
-1.21067376445106, 0.312312289465628, -0.124466653141315
-1.21067376445106, 0.3043089665173, -0.15488306424362
-1.21067376445106, 0.294679447988143, -0.184824092115357
-1.21067376445106, 0.283383810905706, -0.214176691018614
-1.21067376445106, 0.270357598962074, -0.242802643978708
-1.21067376445106, 0.255537470415867, -0.270541604431405
-1.21067376445106, 0.238862877226584, -0.297205574482388
-1.21067376445106, 0.219900658743334, -0.322284193531738
-1.21067376445106, 0.198075183383591, -0.344905822364228
-1.21067376445106, 0.173493336888194, -0.364494528067131
-1.21067376445106, 0.146765204968826, -0.381055487111533
-1.21067376445106, 0.118836053511399, -0.39551485735184
-1.21067378881254, 0.0900161733448206, -0.408103046594867
-1.21067383838102, 0.0604320331897554, -0.418777423837907
-1.21067376741854, 0.030368064582382, -0.428022621285131
-1.21067376445106, 8.97030927758284E-10, -0.43621661348077
-1.02772036952948, 0.29382076750716, -2.97177762763255E-17
-1.02772036952948, 0.290331038465794, -0.0289609116685893
-1.02772036952948, 0.285918735348389, -0.0577954856896005
-1.02772036952948, 0.280517797786775, -0.0864611060909518
-1.02772036952948, 0.274040921459674, -0.114902592713397
-1.02772036952948, 0.266408228919088, -0.143055654419699
-1.02772036952948, 0.257573534468701, -0.170854791134593
-1.02772036952948, 0.247508720438883, -0.198232339198068
-1.02772036952948, 0.236166051677042, -0.225105301259914
-1.02772036952948, 0.223497826164747, -0.25137899348951
-1.02772036952948, 0.209438231476768, -0.276934415544881
-1.02772036952948, 0.193761650498141, -0.301527980835181
-1.02772036952948, 0.176061559272826, -0.324700315191252
-1.02772036952948, 0.155609066028121, -0.345463239313427
-1.02772036952948, 0.132465349926843, -0.363193338332569
-1.02772036952948, 0.107735026403261, -0.378651639681652
-1.02772036952948, 0.0819065418033892, -0.392197147626672
-1.02772036952948, 0.0551881382215189, -0.40389335476098
-1.02772036952948, 0.0278200147909383, -0.413981063299847
-1.02772036952948, 9.69186021512049E-10, -0.422750262174329
-0.968539011560849, 0.280912322179601, -4.96432080930098E-17
-0.968539011560849, 0.277097313421371, -0.0280843207522212
-0.968539011560849, 0.272458993215688, -0.0560443043454494
-0.968539011560849, 0.266943134940902, -0.0838443044592712
-0.968539011560849, 0.260474381713343, -0.111437866809888
-0.968539011560849, 0.252978394698952, -0.13877002069854
-0.968539011560849, 0.244411170718898, -0.165785425195761
-0.968539011560849, 0.234747635363719, -0.192428158983268
-0.968539011560849, 0.223947773185047, -0.218630626002845
-0.968539011560849, 0.211969711460086, -0.244315526772239
-0.968539011560849, 0.198737879340013, -0.269376917989089
-0.968539011560849, 0.184091765294257, -0.293637225544877
-0.968539011560849, 0.167715899538273, -0.316759065245024
-0.968539011560849, 0.148732750138294, -0.337772327393342
-0.968539011560849, 0.127002752296507, -0.355941934334246
-0.968539011560849, 0.103508904858634, -0.37178056509554
-0.968539011560849, 0.0788084593140375, -0.385667621972985
-0.968539011560849, 0.0531929792062485, -0.397787243211521
-0.968539011560849, 0.0268586030729729, -0.408256154411419
-0.968539011560849, 9.92612216887916E-10, -0.417300629178765
-0.899357653592217, 0.265058207964246, -7.54474620113487E-17
-0.899357653592217, 0.260915092610649, -0.0269999858192059
-0.899357653592217, 0.256052984788251, -0.0538797003406221
-0.899357653592217, 0.250433520684078, -0.0806112214974245
-0.899357653592217, 0.24399622800317, -0.107157459349307
-0.899357653592217, 0.236674625542316, -0.133473336560369
-0.899357653592217, 0.228427964239357, -0.159514048680473
-0.899357653592217, 0.219234711477282, -0.185235690901493
-0.899357653592217, 0.209064274013517, -0.210586691852597
-0.899357653592217, 0.197882430085228, -0.23550782065085
-0.899357653592217, 0.185603793406697, -0.259906658223918
-0.899357653592217, 0.172129488519653, -0.283665443209072
-0.899357653592217, 0.157252870385216, -0.306567903747245
-0.899357653592217, 0.140025815982156, -0.327740605706927
-0.899357653592217, 0.120090136486747, -0.3463898542817
-0.899357653592217, 0.0981827263998355, -0.362688489480174
-0.899357653592217, 0.0749118733290347, -0.376981899617477
-0.899357653592217, 0.0506823820106723, -0.389585234051263
-0.899357653592217, 0.0256482590839224, -0.400504020165438
-0.899357653592217, 1.02009631074613E-09, -0.409895348820803
-0.830176295623585, 0.248429682181993, -9.40759148420613E-17
-0.830176295623585, 0.244021907449289, -0.0258503583428207
-0.830176295623585, 0.238989594255182, -0.0515863727759706
-0.830176295623585, 0.23330932829474, -0.0771870985926294
-0.830176295623585, 0.226934265353952, -0.102623556521957
-0.830176295623585, 0.219807417427703, -0.127859547891784
-0.830176295623585, 0.211892775130597, -0.15285958920449
-0.830176295623585, 0.203172694759802, -0.177590113889973
-0.830176295623585, 0.193625593786209, -0.202013205784504
-0.830176295623585, 0.183225648782859, -0.226085277015953
-0.830176295623585, 0.17188526758834, -0.249728386172697
-0.830176295623585, 0.159543789609494, -0.272864548690205
-0.830176295623585, 0.146082824215542, -0.295364993452174
-0.830176295623585, 0.130614228469719, -0.316521489357009
-0.830176295623585, 0.11261012814818, -0.335565260817405
-0.830176295623585, 0.0924548766830683, -0.352320290142352
-0.830176295623585, 0.0707442501167953, -0.367015616194365
-0.830176295623585, 0.0479891895856196, -0.380038986283945
-0.830176295623585, 0.0243430503167121, -0.391364100871035
-0.830176295623585, 1.04772158639845E-09, -0.401106882414775
-0.760994937654953, 0.231072813524352, -9.8529558554876E-17
-0.760994937654953, 0.226471444228193, -0.0246326853896389
-0.760994937654953, 0.221332682140922, -0.0491588708726682
-0.760994937654953, 0.215644341424715, -0.0735633989398369
-0.760994937654953, 0.20937068688768, -0.0978239486528719
-0.760994937654953, 0.202465606773757, -0.12191227929758
-0.760994937654953, 0.194899623038164, -0.145801217685535
-0.760994937654953, 0.186659575099698, -0.169466043925788
-0.760994937654953, 0.177731716309042, -0.192880010916024
-0.760994937654953, 0.168098725771657, -0.216012643508167
-0.760994937654953, 0.1576824521148, -0.238802951604413
-0.760994937654953, 0.146434547053378, -0.261194466232881
-0.760994937654953, 0.13428305062844, -0.283107149984061
-0.760994937654953, 0.120530974692021, -0.304043883284027
-0.760994937654953, 0.104567387399895, -0.323341353563708
-0.760994937654953, 0.0863338440943648, -0.340507661278967
-0.760994937654953, 0.0663248544552626, -0.355579154152865
-0.760994937654953, 0.045122826637995, -0.368925050999528
-0.760994937654953, 0.0229434158542359, -0.380575509178346
-0.760994937654953, 1.07549665719547E-09, -0.390643194315694
-0.691813579686321, 0.213015346918849, -9.21612438457192E-17
-0.691813579686321, 0.208297967852326, -0.0233405978444346
-0.691813579686321, 0.203124129908255, -0.0465842711301986
-0.691813579686321, 0.197488755302269, -0.0697203482476329
-0.691813579686321, 0.191365529100568, -0.0927320482519081
-0.691813579686321, 0.184719533635481, -0.115598173979531
-0.691813579686321, 0.177528630110859, -0.138298802552889
-0.691813579686321, 0.169784448146607, -0.160816652795838
-0.691813579686321, 0.161479599770111, -0.183133792942004
-0.691813579686321, 0.152604206871299, -0.205230138203139
-0.691813579686321, 0.143097523552836, -0.227062082234711
-0.691813579686321, 0.132907960904162, -0.248583682129007
-0.691813579686321, 0.121972392876179, -0.269735157223852
-0.691813579686321, 0.109858550847635, -0.290230720532848
-0.691813579686321, 0.0959750220064401, -0.30956333296754
-0.691813579686321, 0.079794634811095, -0.327010232839073
-0.691813579686321, 0.0616311096934149, -0.342392590862512
-0.691813579686321, 0.0420849197870912, -0.355980557688021
-0.691813579686321, 0.0214613023895662, -0.367872348312787
-0.691813579686321, 1.1033521051178E-09, -0.378179617913922
-0.622632221717689, 0.194285768246051, -8.0318777195788E-17
-0.622632221717689, 0.189536188692281, -0.0219645326478816
-0.622632221717689, 0.184405749634617, -0.0438432402724172
-0.622632221717689, 0.178892872401064, -0.0656287094410661
-0.622632221717689, 0.172979847019995, -0.0873089478766685
-0.622632221717689, 0.166642132823619, -0.108868820174799
-0.622632221717689, 0.159864495152748, -0.130294452127656
-0.622632221717689, 0.152643271048402, -0.151574660186298
-0.622632221717689, 0.144975813680633, -0.17269818442735
-0.622632221717689, 0.136857635674702, -0.193652571326665
-0.622632221717689, 0.128247953495042, -0.214409714048391
-0.622632221717689, 0.119087601919796, -0.234929602499026
-0.622632221717689, 0.109300859456339, -0.255157864280878
-0.622632221717689, 0.0987214106664818, -0.274982097117923
-0.622632221717689, 0.086862027366111, -0.294060821292518
-0.622632221717689, 0.0728038336402772, -0.311570043610568
-0.622632221717689, 0.0566298121459523, -0.327153671334064
-0.622632221717689, 0.0388818610985587, -0.340923367598375
-0.622632221717689, 0.0199200287565763, -0.352970369778284
-0.622632221717689, 1.13120320894912E-09, -0.363358944733081
-0.553450863749057, 0.174916898377533, -6.85152156909583E-17
-0.553450863749057, 0.170225342717976, -0.0204915742081995
-0.553450863749057, 0.165224087350537, -0.0409097699579739
-0.553450863749057, 0.159912433606458, -0.0612494220267598
-0.553450863749057, 0.154281032232884, -0.0815028476007778
-0.553450863749056, 0.148313825212485, -0.101659867765332
-0.553450863749056, 0.142000779689921, -0.121711258164468
-0.553450863749057, 0.135342429453516, -0.141650641334705
-0.553450863749057, 0.128339173868818, -0.161471514944488
-0.553450863749057, 0.120989102429674, -0.181166392293474
-0.553450863749057, 0.113268207897698, -0.200718807661352
-0.553450863749056, 0.105115209888785, -0.220094810505922
-0.553450863749057, 0.0964427960713412, -0.239243820260184
-0.553450863749057, 0.0872774413992128, -0.258162014031976
-0.553450863749057, 0.0772730864360257, -0.27664498433423
-0.553450863749057, 0.065325908323095, -0.293923328179169
-0.553450863749057, 0.0512867792030094, -0.309553222669484
-0.553450863749056, 0.0355314822440566, -0.323453960277254
-0.553450863749056, 0.0183558644815734, -0.335557941973342
-0.553450863749056, 1.15896038024506E-09, -0.345784151535727
-0.484269505780425, 0.154937904266423, -6.19885284265071E-17
-0.484269505780425, 0.150400281042045, -0.0189101264205821
-0.484269505780425, 0.145620088652875, -0.037760395675901
-0.484269505780425, 0.14059610744649, -0.056547159671196
-0.484269505780424, 0.135327104525187, -0.0752666692943645
-0.484269505780424, 0.129802972018497, -0.0939124694039188
-0.484269505780425, 0.124016404629735, -0.112478500558041
-0.484269505780424, 0.117971170306333, -0.130961928886169
-0.484269505780424, 0.111669118901322, -0.149359376918819
-0.484269505780424, 0.10510799591779, -0.167666020025031
-0.484269505780424, 0.0982730978552662, -0.185872187107566
-0.484269505780424, 0.0911123278767846, -0.203952504883494
-0.484269505780424, 0.0835466790735639, -0.221867122121793
-0.484269505780424, 0.0756713856319485, -0.239648085190116
-0.484269505780424, 0.0672653885560867, -0.257181446628069
-0.484269505780424, 0.0573393050864222, -0.273892464768312
-0.484269505780425, 0.0455682100077079, -0.289358866509098
-0.484269505780424, 0.0320353108660469, -0.30330700057958
-0.484269505780424, 0.0167821163316726, -0.315345716330436
-0.484269505780424, 1.18662381824708E-09, -0.325138247918493
-0.415088147811798, 0.13435135381273, -6.49705492856457E-17
-0.415088147811793, 0.130066770913223, -0.0172219296722137
-0.415088147811792, 0.125601702066212, -0.0343979400084412
-0.415088147811792, 0.120953613602015, -0.0515253335980138
-0.415088147811792, 0.116128167709968, -0.0686036078108774
-0.415088147811792, 0.111119316111113, -0.0856289827243954
-0.415088147811792, 0.105920742177889, -0.102597390221624
-0.415088147811792, 0.100538143495663, -0.119508328541941
-0.415088147811792, 0.0949736671065271, -0.136360293748516
-0.415088147811792, 0.0892234102349135, -0.153149766425406
-0.415088147811792, 0.0832759249142651, -0.169870373095734
-0.415088147811792, 0.0770951423991665, -0.186506068941816
-0.415088147811792, 0.0706264688841279, -0.203031922725444
-0.415088147811793, 0.0639416937471345, -0.219471712550694
-0.415088147811792, 0.0569121694986893, -0.235765803308935
-0.415088147811792, 0.0488777495634818, -0.251584336424771
-0.415088147811792, 0.0394236951293994, -0.266594444598109
-0.415088147811792, 0.0282743994587967, -0.280383871114386
-0.415088147811792, 0.0150904588329368, -0.292229973698242
-0.415088147811792, 1.2144990874745E-09, -0.301519427923264
-0.363035273273874, 0.118452609691505, -7.61339420453672E-17
-0.364445213380608, 0.114604889447993, -0.0168881511812498
-0.365906372800207, 0.110617391928817, -0.0337394682331955
-0.367419822904756, 0.10648719336435, -0.0505517669537167
-0.368983056293308, 0.102221136440556, -0.0673255381070514
-0.370599131310258, 0.0978108749492678, -0.0840569418706944
-0.372269817507026, 0.093251579792573, -0.100742974920923
-0.373993555313741, 0.0885475070296738, -0.117383363755411
-0.375771349085081, 0.0836959157811495, -0.133975633905659
-0.377606435392749, 0.0786879734572985, -0.150515116046808
-0.379504543666283, 0.073508044470548, -0.166994381530457
-0.381479484872158, 0.0681184387551723, -0.183397130002866
-0.383539236238916, 0.0624973864901657, -0.199711565222019
-0.385667177006592, 0.0566902456551229, -0.215951903646654
-0.387950257713324, 0.0504597286204547, -0.232011887386639
-0.390558742864021, 0.0433411843139971, -0.247644854814444
-0.393616854848995, 0.0349956103883302, -0.262570092896194
-0.397249748859804, 0.0250814588856084, -0.276355872341001
-0.401549205831337, 0.0133482600875443, -0.288407075634437
-0.406440478065713, 6.09008418590692E-10, -0.298370219428122
-0.325933186567984, 0.106898670021624, -2.08025707366945E-16
-0.328391117731277, 0.103369647467553, -0.0168177505462333
-0.330930594899142, 0.0997235436487087, -0.0335983535363392
-0.333552922849777, 0.0959584852043699, -0.0503399101617122
-0.336253718623991, 0.0920807650535879, -0.0670432291707849
-0.339039776833165, 0.0880806277006952, -0.0837036105780657
-0.341912818709457, 0.0839556018530882, -0.100318707655597
-0.344871385387031, 0.0797077821058135, -0.116887789675455
-0.347919640321574, 0.0753311906962538, -0.13340701621577
-0.351065737208544, 0.0708141207973028, -0.149869969749022
-0.354322291039758, 0.0661384601886862, -0.16626700190263
-0.357711009820205, 0.0612730411793214, -0.18258178265281
-0.36123344325241, 0.056215638753614, -0.198809673365147
-0.364898518385061, 0.0509534357274892, -0.214940312828058
-0.368884173380495, 0.0452309539177113, -0.230835034395761
-0.373429562190098, 0.0387048233792906, -0.246260208658863
-0.37874156154687, 0.0310780168123653, -0.260912138512033
-0.385018777172219, 0.0220653821831103, -0.2743376057948
-0.3922951236411, 0.0116182260457349, -0.286118385181346
-0.400387109243458, 6.10242535281554E-10, -0.296140846781797
-0.296679603423478, 0.0976541369977251, -2.16219231428845E-16
-0.299949181655564, 0.094384558765639, -0.0168139192421122
-0.303321345253443, 0.0910123951677603, -0.0335872490350893
-0.306796483960444, 0.0875372564607586, -0.0503185022995501
-0.310369715748022, 0.0839640246731808, -0.0670083736687161
-0.314050825674261, 0.080282914746942, -0.0836512800819424
-0.317840395202355, 0.076493345218848, -0.10024543360065
-0.321738843749472, 0.072594896671731, -0.11678906011478
-0.325754040114008, 0.0685797003071955, -0.133276730941757
-0.329899367268072, 0.0644343731531309, -0.149699844767299
-0.33419226384193, 0.0601414765792727, -0.166046923884335
-0.338654895013189, 0.055678845408014, -0.182302801690528
-0.343290395899694, 0.0510433445215091, -0.198461650085807
-0.348160149112935, 0.0461735913082684, -0.214481631600998
-0.353478849565301, 0.0408548908559019, -0.230211872009499
-0.359543618604175, 0.034790121817028, -0.245389309579022
-0.366607925806379, 0.027725814614824, -0.259670990202369
-0.374853541933896, 0.0194801984874574, -0.272620014309407
-0.384178609744326, 0.0101551307683038, -0.284014507969748
-0.394333740421203, 6.11479174716403E-10, -0.293891190526748
-0.269274504668877, 0.0888829852813231, -2.34068075480817E-16
-0.273308896869262, 0.0858697823879177, -0.0168600505627311
-0.277465963483258, 0.0827649565486809, -0.033673592177691
-0.281744032826295, 0.0795697563097462, -0.0504397995570682
-0.286139167812084, 0.076287122198262, -0.0671587569770198
-0.290662814774235, 0.0729085051877997, -0.0838242279136097
-0.295314417946566, 0.0694343203684595, -0.100434734686775
-0.300097661006833, 0.0658618164786094, -0.116986889690122
-0.305025129211235, 0.0621815938544303, -0.133472982419671
-0.310115200060573, 0.0583799267261326, -0.149881908060211
-0.315385731954984, 0.054443477029321, -0.166201805580232
-0.320862030104881, 0.0503533448332383, -0.182415762300285
-0.326566643085058, 0.0460926890804371, -0.198506540839986
-0.332596485216765, 0.0415891264976263, -0.214410957874016
-0.339204323236082, 0.0366538709126438, -0.229951176069226
-0.346747998527989, 0.0310196581025169, -0.244809077865303
-0.355484796985964, 0.0244943266312348, -0.258606056712249
-0.365484021352932, 0.0170261157368588, -0.270995203292681
-0.376503519699938, 0.00879588372692653, -0.281959018495786
-0.388280371598948, 6.12718456912868E-10, -0.291621469102434
-0.241654300783932, 0.0799413410816323, -2.61618316382829E-16
-0.246471499784986, 0.0772018806960645, -0.0169641730526943
-0.251434328728593, 0.0743796030014158, -0.0338726775850847
-0.256537936888412, 0.0714772665245082, -0.0507256497889395
-0.261780711101571, 0.0684957886440463, -0.0675219810770953
-0.267173515490215, 0.0654289911157373, -0.0842553273088659
-0.272716080309056, 0.0622770273392085, -0.100923784515019
-0.278416058589819, 0.059035545163502, -0.117521822661989
-0.284292639347923, 0.0556936321169598, -0.134038117807532
-0.290365386683504, 0.0522401624235243, -0.150460217917455
-0.296650865837357, 0.0486657157082192, -0.166775986803522
-0.30319518622647, 0.0449440703179175, -0.182956402685845
-0.310037605942567, 0.0410529008334161, -0.198972678179468
-0.317280335320886, 0.0369340819490496, -0.214753503077931
-0.325287078035935, 0.032380781477031, -0.230034438157414
-0.334422797626961, 0.0271854507655959, -0.244448776381086
-0.344874374588283, 0.0212418140078065, -0.257623757931618
-0.35652661724512, 0.0146153787911663, -0.269393865798095
-0.369055586769573, 0.00749036382083287, -0.279909738759256
-0.382227002776692, 6.13960501033006E-10, -0.289331905057225
-0.212399578391821, 0.0703771550033797, -2.7724068772786E-16
-0.218059416903565, 0.0679450033975178, -0.0171473654835425
-0.223894956286073, 0.065437349433401, -0.0342247955874888
-0.229897479603968, 0.0628579389614329, -0.0512335441561819
-0.236068113331619, 0.0602062879118934, -0.0681708575396262
-0.242415301073376, 0.0574787678904675, -0.0850307013995779
-0.248941086645482, 0.0546745006263442, -0.101809569804958
-0.255657576228043, 0.0517882838394015, -0.11849901916854
-0.262590792035276, 0.0488089352370771, -0.135083106818032
-0.269751650129801, 0.0457317639577538, -0.151552193734919
-0.277176963755549, 0.0425409505765207, -0.167881789055501
-0.284940167624672, 0.0392049386536112, -0.184024056038843
-0.293040687998647, 0.0357239747365317, -0.199968740245837
-0.301675340771901, 0.0320134828974178, -0.215575563274267
-0.311328546799166, 0.0278652973101064, -0.230454456362857
-0.322277723315614, 0.0231602059559828, -0.244225502774337
-0.334521611917442, 0.0178987495976733, -0.256638790588566
-0.347770947585447, 0.01220523152516, -0.267767263648936
-0.361716494812997, 0.00621253684140672, -0.277841137480083
-0.376173633954437, 6.15205425318066E-10, -0.287022724910272
-0.180039110900789, 0.0597124234649668, -5.43254484819359E-16
-0.186637154663548, 0.0576397025537572, -0.0174496690498226
-0.193454791361835, 0.0554979983369213, -0.0348063186680388
-0.200479966464833, 0.0532910976456772, -0.052071822020875
-0.207714548176704, 0.051018413599129, -0.0692420371086521
-0.215165573045722, 0.048677735723798, -0.0863102472340102
-0.222836626093385, 0.0462679378148131, -0.103271018313157
-0.230748339713114, 0.04378253837632, -0.120109829397063
-0.238921164610323, 0.0412151129882509, -0.136811062167517
-0.247366046781225, 0.0385622230563706, -0.15336280843591
-0.256184902607637, 0.0357918523917325, -0.169698568611054
-0.265373737811254, 0.0329052557638509, -0.185809002787411
-0.274942701302007, 0.0298992449765579, -0.201673498172207
-0.2853846779719, 0.0266189843150254, -0.216916702613525
-0.297085065117113, 0.0229434044042018, -0.231115927757174
-0.310108001741269, 0.0188523565062479, -0.24398814185943
-0.32420427820492, 0.0144241277741763, -0.255556147408244
-0.339039061058445, 0.00976390341569135, -0.266064739869855
-0.354388435508381, 0.00494202448119734, -0.275729419970506
-0.370120265132182, 6.16453347024444E-10, -0.284694159010039
-0.142609027171984, 0.0473055247784721, -3.35301572538577E-16
-0.150266746064696, 0.0456697625802903, -0.0179510972690869
-0.15821538709855, 0.0439718566226202, -0.035769452037654
-0.166441878998898, 0.04221459905509, -0.0534554691379864
-0.174946728874239, 0.0403978815544601, -0.0710032447033198
-0.183737106416363, 0.0385201726058018, -0.0884032728781152
-0.192816421429909, 0.0365807438421425, -0.105647418168733
-0.202209932108735, 0.0345741998710306, -0.122714659873071
-0.211916650927092, 0.0325007516374369, -0.139597587435693
-0.222041549982988, 0.0303379760944741, -0.15622124790734
-0.232589781480977, 0.028084772681836, -0.17256783086828
-0.24347116472169, 0.0257604048618017, -0.18868392462635
-0.255166687353825, 0.0232621290596127, -0.204187837707397
-0.268101507981586, 0.0204991273198529, -0.218621629850549
-0.282338140054101, 0.0174580461702422, -0.231711609682152
-0.297624204628566, 0.0141927961756165, -0.243503863699581
-0.3136265070196, 0.0107745509396618, -0.2542607929346
-0.33011604244685, 0.00725222811285227, -0.264220647551188
-0.346957971624053, 0.00365463069537999, -0.273544687821718
-0.364066896309926, 6.17704382360941E-10, -0.282346441389706
-0.0970313707363629, 0.032156015177281, -3.48381894596595E-16
-0.105834719978543, 0.0310713409015901, -0.0188407420971618
-0.115059192693774, 0.0299347793514608, -0.037475763040072
-0.12469696985834, 0.028747293920898, -0.0558972314885038
-0.134764070867131, 0.0275069108354812, -0.0740840504288098
-0.145250239820364, 0.0262148937404853, -0.0920288708608068
-0.156165835513044, 0.0248699663127553, -0.109711784805168
-0.167509254054178, 0.023472326170182, -0.127119066804308
-0.179385142042318, 0.0220090796435078, -0.144161606993981
-0.191692866554474, 0.0204926258708163, -0.160891046320771
-0.204457488095237, 0.0189198771085775, -0.177267293935189
-0.218216702470596, 0.0172245830249167, -0.192799672759416
-0.233249008412495, 0.0153724293603356, -0.207081359229424
-0.249462320675973, 0.0133747620802879, -0.219987395256281
-0.266547970370497, 0.0112696127561738, -0.231699763191172
-0.284222210432888, 0.00909194230250099, -0.242491985410387
-0.302300114942776, 0.00686453573475698, -0.252584209887848
-0.320667827593249, 0.00460142151279066, -0.26213127950616
-0.339254605379984, 0.00231131605487762, -0.271238233091245
-0.358013527487671, 6.18958646427391E-10, -0.279979809619702
-0.0378195496658913, 0.012501048829112, -3.4018488763293E-16
-0.047395291421731, 0.0121199875723519, -0.0207257287650231
-0.0575793737203414, 0.0117147177458875, -0.041158531982899
-0.0685103957527815, 0.0112797238728739, -0.0612003260067987
-0.080287652828289, 0.0108110545523338, -0.0807557300974627
-0.0929647475248263, 0.0103065766998285, -0.0997389661396603
-0.106533683216685, 0.00976660853658077, -0.11809411808289
-0.120931451344288, 0.00919365745277591, -0.135806354346259
-0.136150942917643, 0.00858800634667185, -0.152814879828015
-0.152466122497434, 0.00793875295268285, -0.168769807773523
-0.170028524293421, 0.00723986705217056, -0.183336470469688
-0.1886699941723, 0.00649804024428198, -0.196496047383138
-0.208034338095462, 0.00572744707042229, -0.208568748018683
-0.22789255076404, 0.00493720066764293, -0.219811207057859
-0.248104173859466, 0.00413289049572273, -0.230405197782375
-0.26857453904615, 0.00331828382782493, -0.240490047021614
-0.289231861333008, 0.0024962373096014, -0.250186051496429
-0.310027573044788, 0.00166868383881017, -0.259581264356931
-0.330941458277089, 0.000836427827724386, -0.268710052388452
-0.351960158665416, 6.20216253154766E-10, -0.277594504657631
