-2.4681086844459, 0.161019510813299, -1.66533453693773E-16
-2.46810868444636, 0.158234250660606, -0.0117523837899429
-2.46810868444683, 0.154748555998535, -0.0233160834579065
-2.46810868444731, 0.150561409352229, -0.0346447400825877
-2.4681086844478, 0.145690592047076, -0.045696665916883
-2.46810868444831, 0.140150776401481, -0.0564288908486628
-2.46810868444884, 0.133974555115895, -0.0668081209318234
-2.46810868444939, 0.12724819856153, -0.0768401695661884
-2.46810868444999, 0.119992954139079, -0.0864958209389611
-2.46810868445067, 0.112143298050725, -0.0956751892148618
-2.46810868445139, 0.103942614749933, -0.104543518478334
-2.46810868445234, 0.0946635793914634, -0.112233488371887
-2.46810868445368, 0.0837452806648164, -0.11734220980741
-2.46810868445523, 0.0721042438414326, -0.120535451801294
-2.46810868445683, 0.0601871227818255, -0.122489909138045
-2.46810868445847, 0.0481773212478189, -0.123781246966501
-2.4681086844601, 0.0361457998988533, -0.124856750287963
-2.46810868446173, 0.0241036119859526, -0.125805541312852
-2.46810868446336, 0.0120536499777019, -0.126650238821732
-2.468108684465, 0, -0.127440936416461
-2.4187465107757, 0.177266583181129, -1.14439926152352E-16
-2.4187465107757, 0.174350914196076, -0.0127455066674719
-2.4187465107757, 0.170560457009946, -0.0252586968059119
-2.4187465107757, 0.165920368659929, -0.0374824269118452
-2.4187465107757, 0.160467710517289, -0.049366076269866
-2.4187465107757, 0.154242955695582, -0.0608642466867523
-2.4187465107757, 0.147298923803284, -0.0719431839222981
-2.4187465107757, 0.139739444346029, -0.0826123676573312
-2.4187465107757, 0.131594042782383, -0.0928403896975853
-2.4187465107757, 0.122801008489, -0.102517483968508
-2.4187465107757, 0.113514423719977, -0.111722060717957
-2.4187465107757, 0.102964209134556, -0.119390609402375
-2.4187465107757, 0.0907945861254415, -0.124108667837078
-2.4187465107757, 0.0780459694648726, -0.127000060132762
-2.4187465107757, 0.0651274103983533, -0.129022685225861
-2.4187465107757, 0.0521378780675544, -0.130531252568581
-2.4187465107757, 0.0391189022702344, -0.131763632412798
-2.4187465107757, 0.0260853747942984, -0.132832221760283
-2.4187465107757, 0.0130446208179732, -0.133809134050242
-2.4187465107757, 4.00364617074954E-12, -0.134733124853705
-2.3693843370864, 0.193148529012943, -1.29170204656972E-16
-2.3693843370864, 0.190284597025806, -0.0138201898117895
-2.3693843370864, 0.186401853031758, -0.0273893428474298
-2.3693843370864, 0.181514703100413, -0.0406298932473088
-2.3693843370864, 0.175653464810073, -0.05346909052583
-2.3693843370864, 0.168871176637807, -0.0658467153588688
-2.3693843370864, 0.161243077806939, -0.0777221855651344
-2.3693843370864, 0.152868205459749, -0.0890839290926263
-2.3693843370864, 0.143798428035842, -0.0998986760420991
-2.3693843370864, 0.134002019106667, -0.11005883916601
-2.3693843370864, 0.12341732641483, -0.119391347707014
-2.3693843370864, 0.111457513437395, -0.126830467741937
-2.3693843370864, 0.0980886289555097, -0.131297355484661
-2.3693843370864, 0.0842445589732787, -0.134042679096178
-2.3693843370864, 0.0702841034494284, -0.136135257623467
-2.3693843370864, 0.0562685696874635, -0.137821611296274
-2.3693843370864, 0.0422189348662505, -0.139197311110887
-2.3693843370864, 0.0281518591183854, -0.140383123279344
-2.3693843370864, 0.0140779002762324, -0.141484737492278
-2.3693843370864, 8.04241543186758E-12, -0.14253484263101
-2.3200221633971, 0.208753847503402, -1.30421569242355E-16
-2.3200221633971, 0.206070954931352, -0.0149521194563323
-2.3200221633971, 0.20224599410383, -0.0296532726447228
-2.3200221633971, 0.197256531482583, -0.0440007252815824
-2.3200221633971, 0.191106594198207, -0.0578903221520891
-2.3200221633971, 0.183851552205547, -0.0712363406728786
-2.3200221633971, 0.175587236446467, -0.08398246245575
-2.3200221633971, 0.166396724492516, -0.0960780887617718
-2.3200221633971, 0.156374043239076, -0.10749426972385
-2.3200221633971, 0.145510351459032, -0.118109412406521
-2.3200221633971, 0.133512209686222, -0.127413681534879
-2.3200221633971, 0.120127309367045, -0.134549898259972
-2.3200221633971, 0.105591754545892, -0.13891708904357
-2.3200221633971, 0.0906532221153911, -0.141680077424493
-2.3200221633971, 0.0756214945576612, -0.143895929919503
-2.3200221633971, 0.0605426883557201, -0.145764591748584
-2.3200221633971, 0.0454266715792129, -0.147304746942025
-2.3200221633971, 0.0302907484632741, -0.148637040676311
-2.3200221633971, 0.015147561190462, -0.149884566906878
-2.3200221633971, 1.21040095652506E-11, -0.151077839421408
-2.27065998971452, 0.224175622596995, -1.21340979985545E-16
-2.27065998970786, 0.221742510110663, -0.0161170854751414
-2.2706599897078, 0.218055178236676, -0.0319935479249009
-2.2706599897078, 0.213042726405264, -0.047501969666084
-2.2706599897078, 0.206671236571643, -0.0625029394655661
-2.2706599897078, 0.198988591421557, -0.0768769929982391
-2.2706599897078, 0.19010512996764, -0.0905419043151778
-2.2706599897078, 0.180091711671134, -0.103401834679593
-2.2706599897078, 0.169095435953153, -0.115433926861349
-2.2706599897078, 0.157111911102905, -0.126474963264345
-2.2706599897078, 0.143685760457184, -0.135692800589409
-2.2706599897078, 0.128923590056067, -0.142566318000853
-2.2706599897078, 0.113243530006749, -0.146985802075799
-2.2706599897078, 0.0972106902870284, -0.149932470001626
-2.2706599897078, 0.081089643223228, -0.152363257595071
-2.2706599897078, 0.0649223845610609, -0.154464354946626
-2.2706599897078, 0.0487148217726418, -0.156228607707679
-2.2706599897078, 0.0324844134546899, -0.157770387930046
-2.2706599897078, 0.0162450682718574, -0.159215511511611
-2.2706599897078, 1.61754652670665E-11, -0.160594836279049
-2.2212978160185, 0.239485086684262, -1.05208964772049E-16
-2.2212978160185, 0.237312266776112, -0.0172942442207294
-2.2212978160185, 0.233774326716629, -0.0343605730182142
-2.2212978160185, 0.228755683984186, -0.0510504933261793
-2.2212978160185, 0.222181843408767, -0.0671905055716382
-2.2212978160185, 0.214083415602263, -0.0826223230770249
-2.2212978160185, 0.204576166281046, -0.0972286261843806
-2.2212978160185, 0.193736213892499, -0.110875094844447
-2.2212978160185, 0.181755013396411, -0.123534021663694
-2.2212978160185, 0.168624016529467, -0.134983436592431
-2.2212978160185, 0.15382729491721, -0.144160587793252
-2.2212978160185, 0.137757353038453, -0.150883619950594
-2.2212978160185, 0.120952423503646, -0.155493239944902
-2.2212978160185, 0.103833011051969, -0.158781858116879
-2.2212978160185, 0.0866191013489621, -0.161543284622414
-2.2212978160185, 0.0693538130132922, -0.163962566918004
-2.2212978160185, 0.0520441017940712, -0.166040971406695
-2.2212978160185, 0.0347073331939743, -0.167881528567961
-2.2212978160185, 0.0173580005177792, -0.169600126865567
-2.2212978160185, 2.02450108565064E-11, -0.171228891023475
-2.1719356423292, 0.254628167159177, -8.53822114217972E-17
-2.1719356423292, 0.252712645210352, -0.0184695846440664
-2.1719356423292, 0.249320033002382, -0.0367243421453647
-2.1719356423292, 0.244295863172073, -0.0545975904161657
-2.1719356423292, 0.237525120828019, -0.0718836991587452
-2.1719356423292, 0.229013786600239, -0.088382603497413
-2.1719356423292, 0.218877008783431, -0.103935941134451
-2.1719356423292, 0.207214198056354, -0.118380392634837
-2.1719356423292, 0.19424225871225, -0.131664539433256
-2.1719356423292, 0.179954755577119, -0.143506801979363
-2.1719356423292, 0.163858859710419, -0.152721017884385
-2.1719356423292, 0.146540407257748, -0.159399681909159
-2.1719356423292, 0.128627651367382, -0.16428742008108
-2.1719356423292, 0.110437569923458, -0.168031587739627
-2.1719356423292, 0.0921400672484997, -0.171216574052213
-2.1719356423292, 0.0737807615869704, -0.174023768964522
-2.1719356423292, 0.0553720936785437, -0.176487257985132
-2.1719356423292, 0.0369312005058178, -0.1786976910435
-2.1719356423292, 0.0184722268425086, -0.180752137389171
-2.1719356423292, 2.43101722744237E-11, -0.182683870346432
-2.1225734686399, 0.26951180080503, -6.52397354565168E-17
-2.1225734686399, 0.267853026504914, -0.0196307156920143
-2.1225734686399, 0.264604454040051, -0.0390600950648025
-2.1225734686399, 0.259574869673585, -0.0581045374067183
-2.1225734686399, 0.252609291710907, -0.0765274727825903
-2.1225734686399, 0.243685830645606, -0.0940856507629266
-2.1225734686399, 0.232917585812689, -0.110577047470486
-2.1225734686399, 0.220440833190894, -0.125817239632972
-2.1225734686399, 0.206476767200692, -0.13970978707409
-2.1225734686399, 0.191032741342749, -0.151919297770467
-2.1225734686399, 0.173705403346463, -0.161243808402259
-2.1225734686399, 0.155193085799347, -0.167969009669739
-2.1225734686399, 0.136192034614835, -0.173178568504257
-2.1225734686399, 0.116953338775731, -0.177435478290983
-2.1225734686399, 0.0975915374709436, -0.181096177187531
-2.1225734686399, 0.0781533329949612, -0.184327674737543
-2.1225734686399, 0.0586603397192041, -0.187211152010302
-2.1225734686399, 0.0391296998060505, -0.189828230198389
-2.1225734686399, 0.0195743034799168, -0.19225379757931
-2.1225734686399, 2.83719478278782E-11, -0.194521862306151
-2.07321129492512, 0.284045297374681, -4.8132280547918E-17
-2.0732112949504, 0.282646177196539, -0.0207649121303612
-2.0732112949506, 0.27954420514602, -0.0413425365460303
-2.0732112949506, 0.274509060027452, -0.0615322174129098
-2.0732112949506, 0.267346860718703, -0.0810666144822017
-2.0732112949506, 0.258009374090042, -0.0996591424304744
-2.0732112949506, 0.246610629384952, -0.117064488532118
-2.0732112949506, 0.233332634789522, -0.133083086468186
-2.0732112949506, 0.218379761340592, -0.147551642234789
-2.0732112949506, 0.201784154417819, -0.16008635602313
-2.0732112949506, 0.183290300334916, -0.169580281891966
-2.0732112949506, 0.163644317152806, -0.176439582946788
-2.0732112949506, 0.14358238189186, -0.181988899187492
-2.0732112949506, 0.123320587929178, -0.18675978128417
-2.0732112949506, 0.102920773667507, -0.190902920819358
-2.0732112949506, 0.0824280969135746, -0.194560820998564
-2.0732112949506, 0.061874867391626, -0.197862567808414
-2.0732112949506, 0.0412789267493184, -0.200886949328917
-2.0732112949506, 0.0206516954372465, -0.203690306700127
-2.0732112949506, 3.24308153612134E-11, -0.206307525659957
-2.0238491212613, 0.298137054720136, -3.70670770556482E-17
-2.0238491212613, 0.297002980186971, -0.0218593956291567
-2.0238491212613, 0.294053112414885, -0.0435462648562511
-2.0238491212613, 0.2890118934384, -0.0648418171890196
-2.0238491212613, 0.281648334557042, -0.0854472515618487
-2.0238491212613, 0.271893599919662, -0.105033433108831
-2.0238491212613, 0.259868977516796, -0.123314468624011
-2.0238491212613, 0.245806460776996, -0.140079570747076
-2.0238491212613, 0.229874555417913, -0.155078033970955
-2.0238491212613, 0.212138743294829, -0.167880297448792
-2.0238491212613, 0.192542215676184, -0.177583419214209
-2.0238491212613, 0.171831951331338, -0.184663256189361
-2.0238491212613, 0.150747357399942, -0.190557777252759
-2.0238491212613, 0.12948996066585, -0.195795495365432
-2.0238491212613, 0.108082822056442, -0.200383456407369
-2.0238491212613, 0.0865678457256898, -0.20443774890312
-2.0238491212613, 0.0649863184672736, -0.208122572711892
-2.0238491212613, 0.0433577667794051, -0.211520883905476
-2.0238491212613, 0.0216930849564519, -0.214680972101373
-2.0238491212613, 3.64874891961956E-11, -0.217639991722396
-1.964486947572, 0.314336064403118, -3.35751857202239E-17
-1.964486947572, 0.31351813499773, -0.0231070528173561
-1.964486947572, 0.310749000397773, -0.046059454811253
-1.964486947572, 0.305695509950242, -0.0686161576627145
-1.964486947572, 0.298087674650452, -0.0904411362049329
-1.964486947572, 0.287838821671131, -0.111156355671587
-1.964486947572, 0.275083077938525, -0.130430120992578
-1.964486947572, 0.260111600123566, -0.148039494865529
-1.964486947572, 0.243038256414175, -0.163614236772469
-1.964486947572, 0.223976032638022, -0.17667277445788
-1.964486947572, 0.203135192290422, -0.186644913678573
-1.964486947572, 0.181237645021346, -0.194065749454301
-1.964486947572, 0.158987688248969, -0.200372179283356
-1.964486947572, 0.136579693270816, -0.206091421375528
-1.964486947572, 0.114011174603384, -0.211139736460375
-1.964486947572, 0.0913204712906318, -0.215609140234308
-1.964486947572, 0.0685559402415594, -0.219687187318256
-1.964486947572, 0.0457401712807345, -0.22346844169018
-1.964486947572, 0.0228852303597501, -0.227005523899805
-1.964486947572, 4.13632959399494E-11, -0.230341218176604
-1.85108151334875, 0.342305714550151, -6.06911052785973E-17
-1.85108151334875, 0.342026235637373, -0.0252231346420308
-1.85108151334875, 0.339536295439554, -0.0503211421825749
-1.85108151334875, 0.334421862000941, -0.0750145575373085
-1.85108151334875, 0.326370295074647, -0.0989085366799128
-1.85108151334875, 0.315268392819465, -0.121544951658196
-1.85108151334875, 0.301256043514153, -0.142505787553592
-1.85108151334875, 0.284708140945475, -0.161530283405085
-1.85108151334875, 0.265658799277663, -0.178037034909988
-1.85108151334875, 0.244331252779111, -0.191477502486184
-1.85108151334875, 0.221378949357419, -0.201914923514185
-1.85108151334875, 0.197486128393455, -0.210006656209651
-1.85108151334875, 0.173245342154137, -0.217003681499294
-1.85108151334875, 0.14883688495741, -0.223390825343823
-1.85108151334875, 0.124250806402065, -0.229055117204431
-1.85108151334875, 0.0995246569687427, -0.234075092051198
-1.85108151334875, 0.0747122136033106, -0.238651019890945
-1.85108151334875, 0.0498430497311749, -0.242908508957472
-1.85108151334875, 0.0249351325972953, -0.246933462140581
-1.85108151334875, 5.0669828566292E-11, -0.250786418909548
-1.7276760791255, 0.367031084847572, -1.27307852975783E-16
-1.7276760791255, 0.367146029714908, -0.0270400242655105
-1.7276760791255, 0.364790155497097, -0.0539736839807101
-1.7276760791255, 0.359547437776453, -0.080493256389322
-1.7276760791255, 0.35110824076947, -0.106171180574685
-1.7276760791255, 0.339320652665579, -0.130491376625685
-1.7276760791255, 0.324267446398487, -0.152937501638235
-1.7276760791255, 0.306342575559371, -0.173165596995616
-1.7276760791255, 0.285578807903015, -0.190450766141879
-1.7276760791255, 0.262346903043984, -0.204258362959065
-1.7276760791255, 0.237567519271029, -0.215066602334532
-1.7276760791255, 0.211923419639082, -0.223652260997721
-1.7276760791255, 0.185924062996368, -0.23110704323606
-1.7276760791255, 0.159731050215039, -0.23784947647506
-1.7276760791255, 0.133343049332987, -0.243782457597575
-1.7276760791255, 0.106803350241709, -0.248997634361441
-1.7276760791255, 0.0801688330337872, -0.25370651975128
-1.7276760791255, 0.0534755210502931, -0.258070742679336
-1.7276760791255, 0.0267477237539153, -0.262219041267197
-1.7276760791255, 6.07782442655431E-11, -0.266237050195002
-1.60427064490225, 0.38438357948967, -1.64642996181207E-16
-1.60427064490225, 0.384615200862023, -0.0282977981884416
-1.60427064490225, 0.382242971947092, -0.0564933564472349
-1.60427064490225, 0.376889442075363, -0.0842740795424777
-1.60427064490225, 0.368243238128076, -0.111208331698244
-1.60427064490225, 0.356098679132423, -0.13675223480152
-1.60427064490225, 0.340442295086143, -0.160306240219175
-1.60427064490225, 0.32162548525436, -0.181421198946381
-1.60427064490225, 0.299706204227919, -0.19927739156386
-1.60427064490225, 0.27519827769201, -0.213395986742615
-1.60427064490225, 0.24915303912756, -0.224450009831559
-1.60427064490225, 0.222265106751255, -0.233285363140303
-1.60427064490225, 0.195010200239286, -0.240926976250647
-1.60427064490225, 0.167536745951177, -0.247740558476279
-1.60427064490225, 0.139851822760808, -0.253635905728408
-1.60427064490225, 0.112007858307104, -0.258730755802383
-1.60427064490225, 0.0840661948873974, -0.263261669566026
-1.60427064490225, 0.0560671575694033, -0.267424711357288
-1.60427064181682, 0.0280390083518247, -0.271387669306602
-1.60427064490225, 7.08447676058274E-11, -0.275273237141401
-1.480865210679, 0.393502238783691, -1.46109940190589E-16
-1.480865210679, 0.393619962569371, -0.0289801223666416
-1.480865210679, 0.391161877761931, -0.0578527716053738
-1.480865210679, 0.385764539815754, -0.0863194354013287
-1.480865210679, 0.37708622449531, -0.113958779089139
-1.480865210679, 0.36487281560248, -0.140222930658988
-1.480865210679, 0.34903723860381, -0.164473203836064
-1.480865210679, 0.329867455567337, -0.186182650021632
-1.480865210679, 0.307430585716114, -0.204479082796189
-1.480865210679, 0.282322983353906, -0.218919823114456
-1.480865210679, 0.255625223168116, -0.230178002585212
-1.480865210679, 0.228058008222441, -0.239127119118427
-1.480865210679, 0.200109606682404, -0.246816988621218
-1.480865210679, 0.171923600857894, -0.2535832878514
-1.480865210679, 0.143511710242756, -0.259327359267267
-1.480865210679, 0.114935273504662, -0.264191328093665
-1.480865210679, 0.0862595614040864, -0.268434023101421
-1.480865210679, 0.0575268030382742, -0.272273233330823
-1.480865210679, 0.0287666681432138, -0.275902600721266
-1.480865210679, 8.08587759457843E-11, -0.279479921398294
-1.35745977645575, 0.394208041671604, -1.06249932003332E-16
-1.35745977645575, 0.394155349902165, -0.0291025251799169
-1.35745977645575, 0.391637979633979, -0.058092736731389
-1.35745977645575, 0.386240560032062, -0.0866833704583131
-1.35745977645575, 0.377590384414088, -0.114459072553072
-1.35745977645575, 0.365432215862495, -0.140883400620931
-1.35745977645575, 0.349707360108941, -0.165351431114454
-1.35745977645575, 0.330686098008663, -0.187353255169066
-1.35745977645575, 0.308432402055273, -0.206064882589008
-1.35745977645575, 0.283482487423938, -0.221012188143734
-1.35745977645575, 0.256800218198008, -0.232608376876564
-1.35745977645575, 0.229157443141965, -0.241715206256177
-1.35745977645575, 0.20110998432014, -0.24950209174442
-1.35745977645575, 0.172809562056187, -0.256311229924673
-1.35745977645575, 0.14427086233652, -0.262039974094701
-1.35745977645575, 0.115559271468076, -0.266831895455872
-1.35745977645575, 0.0867400820300856, -0.27093058962688
-1.35745977645575, 0.0578558371326808, -0.274544707886173
-1.35745977645575, 0.0289359676896729, -0.277863047524391
-1.35745977645575, 9.08270874199144E-11, -0.281038491486396
-1.23405434223594, 0.387018976272599, -7.90596283790998E-17
-1.23405434223252, 0.386685459627324, -0.0286961386076934
-1.2340543422325, 0.383974807833268, -0.057262777341786
-1.2340543422325, 0.378463330371911, -0.0854197723853925
-1.2340543422325, 0.36980845423274, -0.112770775098138
-1.2340543422325, 0.357815509896813, -0.138828148589258
-1.2340543422325, 0.342509257018638, -0.163086886331275
-1.2340543422325, 0.324146934171486, -0.185122245384185
-1.2340543422325, 0.302791445330071, -0.204260684524162
-1.2340543422325, 0.27878627853041, -0.219952824240292
-1.2340543422325, 0.252810181622759, -0.232118528392084
-1.2340543422325, 0.225707921742348, -0.24155592854416
-1.2340543422325, 0.198152913971743, -0.249593469899126
-1.2340543422325, 0.170320943859013, -0.256611043514265
-1.2340543422325, 0.142233686596115, -0.262524762373223
-1.2340543422325, 0.113958910739594, -0.267468587167533
-1.2340543422325, 0.0855612733529258, -0.271652384013937
-1.2340543422325, 0.0570842627335752, -0.27525894608038
-1.2340543422325, 0.0285577642644224, -0.278452148188709
-1.2340543422325, 1.00765451961795E-10, -0.281353381422807
-1.11064890800925, 0.372679329582219, -8.28177969704226E-17
-1.11064890800925, 0.371780393373234, -0.0277971176033356
-1.11064890800925, 0.368518131177125, -0.0554146285948587
-1.11064890800925, 0.362631848395505, -0.0825917034348648
-1.11064890800925, 0.353911691149869, -0.10899387213366
-1.11064890800925, 0.342269712925706, -0.134242724496825
-1.11064890800925, 0.327772542562537, -0.157967032630105
-1.11064890800925, 0.310589416105683, -0.179823845593812
-1.11064890800925, 0.290796009737984, -0.199343131173092
-1.11064890800925, 0.268510787529125, -0.215952488166345
-1.11064890800925, 0.243957296709479, -0.228973291164628
-1.11064890800925, 0.21802610091064, -0.239023885243119
-1.11064890800925, 0.191534160930402, -0.247506646955301
-1.11064890800925, 0.164708713480958, -0.254867297012802
-1.11064890800925, 0.137601264992718, -0.261110916012727
-1.11064890800925, 0.110286163596194, -0.266375455140211
-1.11064890800925, 0.0828287603141048, -0.270841469889784
-1.11064890800925, 0.0552758170840902, -0.274676507348139
-1.11064890800925, 0.027659938063392, -0.27802998075423
-1.11064890800925, 1.10692502335159E-10, -0.280999122981848
-0.987243473786, 0.351332539066819, -7.10355842965978E-17
-0.987243473786, 0.349507633625298, -0.0264307722882375
-0.987243473786, 0.345519228958992, -0.0526215190970868
-0.987243473786, 0.339258884854374, -0.0783627688544735
-0.987243473786, 0.330627874830669, -0.103407765859475
-0.987243473786001, 0.319614908867576, -0.127500065809817
-0.987243473786, 0.30628787208539, -0.150393096045737
-0.987243473786, 0.290711146266689, -0.171817973675435
-0.987243473786, 0.272959590977782, -0.191477217767131
-0.987243473786, 0.253017632496685, -0.208898343182337
-0.987243473786001, 0.230647934358034, -0.223053238780372
-0.987243473786, 0.206593444197825, -0.234146125143806
-0.987243473786, 0.181711108455569, -0.243251436360904
-0.987243473786001, 0.156355943948019, -0.2509496743575
-0.987243473786001, 0.130698106691392, -0.257573376431993
-0.987243473786, 0.104813786006708, -0.263248768836862
-0.987243473786, 0.0787522242230023, -0.268046850364433
-0.987243473786, 0.0525706968526095, -0.272143113546633
-0.987243473786001, 0.0263127413223473, -0.275718600343509
-0.987243473786001, 1.20618783149734E-10, -0.27886647399597
-0.86383803956275, 0.323225464183862, -2.67883204162118E-17
-0.86383803956275, 0.320211072115705, -0.0246127003963423
-0.86383803956275, 0.315541365659065, -0.0489649839749716
-0.86383803956275, 0.309124502934836, -0.072915433382326
-0.86383803956275, 0.300876647548512, -0.096297917266211
-0.86383803956275, 0.290788047800637, -0.118946954073449
-0.86383803956275, 0.278903957126924, -0.140707291881148
-0.86383803956275, 0.265227289971328, -0.161387101336009
-0.86383803956275, 0.249795689550387, -0.180792183150957
-0.86383803956275, 0.23257317254801, -0.19861943651204
-0.86383803956275, 0.213145691390709, -0.214000293492031
-0.86383803956275, 0.191780574813516, -0.22656099171506
-0.86383803956275, 0.169066123680201, -0.236489307469193
-0.86383803956275, 0.1456160786243, -0.244552159569729
-0.86383803956275, 0.121834834334456, -0.251586004060365
-0.863838039562751, 0.0977997083510436, -0.257694548961118
-0.86383803956275, 0.0735320198027822, -0.262802507224099
-0.863838039562751, 0.0491073584555591, -0.267101975411295
-0.863838039562751, 0.024587215865865, -0.270820768371634
-0.86383803956275, 1.30552892626518E-10, -0.274067614457568
-0.7304326053395, 0.286243830883633, -3.45992293539992E-17
-0.7304326053395, 0.282088784414867, -0.0222132835755508
-0.7304326053395, 0.276832883083268, -0.0441917564619201
-0.7304326053395, 0.270402185886843, -0.0658551573286635
-0.7304326053395, 0.262718180584881, -0.0871058644816127
-0.7304326053395, 0.253747837168426, -0.107846213788984
-0.7304326053395, 0.243507154200093, -0.127989479503449
-0.7304326053395, 0.231985577272893, -0.147428029325
-0.7304326053395, 0.219166795419035, -0.166036106056259
-0.7304326053395, 0.205003975421029, -0.18364069020461
-0.7304326053395, 0.189269907844683, -0.19985108725712
-0.7304326053395, 0.171676258867341, -0.214006064402907
-0.7304326053395, 0.152127061842051, -0.225306128416668
-0.7304326053395, 0.131411368804164, -0.234325981945835
-0.7304326053395, 0.110157539525546, -0.24200389576236
-0.7304326053395, 0.0885482752390542, -0.248617174838128
-0.7304326053395, 0.0666628922641114, -0.254251464697067
-0.7304326053395, 0.0445730360939454, -0.259023647606487
-0.7304326053395, 0.0223367315516095, -0.263060958829219
-0.7304326053395, 1.41312846461123E-10, -0.26650156750907
-0.6910704316502, 0.274185197646618, -4.97554537446737E-17
-0.691070431650201, 0.269773601602332, -0.0214366786286421
-0.6910704316502, 0.264394191706634, -0.0426509062053279
-0.6910704316502, 0.257987701845711, -0.0635775170329901
-0.6910704316502, 0.250483197721755, -0.084135524898215
-0.6910704316502, 0.241843519109728, -0.104242699014889
-0.6910704316502, 0.232077502191342, -0.123827451881312
-0.6910704316502, 0.22117716077534, -0.142803951442327
-0.6910704316502, 0.209117794131602, -0.161065182571965
-0.6910704316502, 0.195835765329481, -0.178455992267123
-0.6910704316502, 0.181196215176806, -0.19471783075834
-0.6910704316502, 0.164845240801728, -0.209240834077287
-0.6910704316502, 0.146432709067729, -0.221033829136252
-0.6910704316502, 0.126697170200944, -0.230479765428853
-0.6910704316502, 0.106302609434882, -0.2384156052967
-0.6910704316502, 0.0854966411636238, -0.245203985349882
-0.6910704316502, 0.0644023482678861, -0.251037281166069
-0.6910704316502, 0.043086324530475, -0.256000571891075
-0.6910704316502, 0.0216008738480054, -0.26017181340345
-0.6910704316502, 1.44497774726751E-10, -0.26369944197916
-0.6417082579609, 0.258397271298206, -6.86763995838315E-17
-0.6417082579609, 0.253725899915367, -0.0204263077006326
-0.6417082579609, 0.248235747499093, -0.0406477611241767
-0.6417082579609, 0.24188668325519, -0.0606159513431662
-0.6417082579609, 0.234619293210999, -0.0802682170560007
-0.6417082579609, 0.226394449862958, -0.0995392496951122
-0.6417082579609, 0.217213854375517, -0.118373632180616
-0.6417082579609, 0.207073277790603, -0.136708825716678
-0.6417082579609, 0.195946224788529, -0.154462054389952
-0.6417082579609, 0.183746199402142, -0.171494840813883
-0.6417082579609, 0.170433300980723, -0.18767212696887
-0.6417082579609, 0.155668411099266, -0.202521166005823
-0.6417082579609, 0.138814112434781, -0.21493440030094
-0.6417082579609, 0.120439062299737, -0.224985967909475
-0.6417082579609, 0.10121233578154, -0.233306132459388
-0.6417082579609, 0.0814788192651165, -0.240348148323465
-0.6417082579609, 0.0614297252288072, -0.246436942795779
-0.641708257960901, 0.0411320439903284, -0.251637456920642
-0.6417082579609, 0.0206338932636258, -0.255982919840253
-0.6417082579609, 1.48503664645314E-10, -0.259632905224613
-0.5923460842716, 0.241919887356, -8.1065175878933E-17
-0.5923460842716, 0.237063851585031, -0.019380424753566
-0.5923460842716, 0.231520547339875, -0.0385754912135694
-0.5923460842716, 0.225266288532944, -0.0575506643539288
-0.5923460842716, 0.218253737408201, -0.0762586334918558
-0.5923460842716, 0.210445832989898, -0.0946487437497455
-0.5923460842716, 0.201839978584423, -0.112679175072535
-0.5923460842716, 0.192434549881738, -0.130305631785551
-0.5923460842716, 0.182209093436656, -0.147468901680539
-0.5923460842716, 0.171065638716507, -0.164050093114514
-0.5923460842716, 0.159005312936627, -0.179977139255014
-0.5923460842716, 0.145786376060949, -0.194946449305484
-0.5923460842716, 0.130620633064777, -0.20792341474552
-0.5923460842716, 0.113775247567221, -0.218644400595797
-0.5923460842716, 0.0958392985140424, -0.227431713135484
-0.5923460842716, 0.0772618756124444, -0.23477795928369
-0.5923460842716, 0.058313580465943, -0.241110818888463
-0.5923460842716, 0.0390806899255546, -0.246518330484929
-0.5923460842716, 0.0196180828858162, -0.251031539138034
-0.5923460842716, 1.52526513167341E-10, -0.254815533191658
-0.5429839105823, 0.224794772829709, -8.34077233125512E-17
-0.5429839105823, 0.21983462560198, -0.0183036818086314
-0.5429839105823, 0.214303328781418, -0.0364429103335761
-0.5429839105823, 0.208188966810949, -0.0543938991063588
-0.5429839105823, 0.201455531645949, -0.0721217988057471
-0.5429839105823, 0.19407144355647, -0.0895886169994759
-0.5429839105823, 0.186032881381143, -0.10676402492777
-0.5429839105823, 0.177339441295587, -0.123617384448616
-0.5429839105823, 0.167979138210272, -0.140109413416977
-0.5429839105823, 0.157863759208445, -0.156148800575844
-0.5429839105823, 0.146980324944392, -0.17167753139494
-0.5429839105823, 0.135194575907197, -0.186527906722441
-0.5429839105823, 0.121794353390833, -0.199926603943138
-0.5429839105823, 0.106667562571398, -0.211340024741092
-0.5429839105823, 0.0901714857492456, -0.220673698651866
-0.5429839105823, 0.0728484973056061, -0.228380365714037
-0.5429839105823, 0.0550586435248584, -0.234943792039147
-0.5429839105823, 0.0369346756676715, -0.240520100102093
-0.5429839105823, 0.0185547828326414, -0.245186269229926
-0.5429839105823, 1.56565857150875E-10, -0.24910279143253
-0.493621736893, 0.207040871768469, -7.86705314716463E-17
-0.493621736893, 0.202060263101002, -0.017198872458439
-0.493621736893, 0.196610750875935, -0.034254972071624
-0.493621736893, 0.190688125645297, -0.0511525555475452
-0.493621736893, 0.184266732260775, -0.0678668611531161
-0.493621736893, 0.177321901298365, -0.0843704880002334
-0.493621736893, 0.169850690989344, -0.100642574525211
-0.493621736893, 0.161853594760164, -0.11666273085953
-0.493621736893, 0.15332466970954, -0.132406050832048
-0.493621736893, 0.144200698810935, -0.147811751950449
-0.493621736893, 0.134436312666215, -0.162819617207409
-0.493621736893, 0.123951362956871, -0.177331255673398
-0.493621736893, 0.112298335316261, -0.190916261934783
-0.493621736893, 0.0990575645521265, -0.202947423727596
-0.493621736893, 0.0841649020335983, -0.212861684229086
-0.493621736893, 0.0682114638644027, -0.220978216966717
-0.493621736893, 0.0516558987270437, -0.227790760975491
-0.493621736893, 0.0346973496018999, -0.233530329124348
-0.493621736893, 0.0174497716752975, -0.238334583415534
-0.493621736893, 1.60612958259484E-10, -0.242345588310146
-0.4442595632037, 0.188679902351697, -7.06324699612198E-17
-0.4442595632037, 0.183764332858583, -0.016066680644412
-0.4442595632037, 0.178470067125403, -0.0320125918331233
-0.4442595632037, 0.172797309855108, -0.0478277827848338
-0.4442595632037, 0.166729838389006, -0.0634957215176224
-0.4442595632037, 0.160249490774013, -0.0789974141934025
-0.4442595632037, 0.153355088626912, -0.0943194425134741
-0.4442595632037, 0.146048435152772, -0.109449202282657
-0.4442595632037, 0.138325752541452, -0.124370842376558
-0.4442595632037, 0.130152090164599, -0.139050105391971
-0.4442595632037, 0.121462353045464, -0.153429508515337
-0.4442595632037, 0.112168688635627, -0.167425562891203
-0.4442595632037, 0.102138457909121, -0.180902216770692
-0.4442595632037, 0.0908652411267113, -0.193343123425977
-0.4442595632037, 0.0777440299841955, -0.203807580885136
-0.4442595632037, 0.0633031484714978, -0.212379278578174
-0.4442595632037, 0.0480900258533047, -0.219499964950214
-0.4442595632037, 0.0323745696966256, -0.225435179918495
-0.4442595632037, 0.0163122691111723, -0.230357982996209
-0.4442595632037, 1.64657903814558E-10, -0.23437793476159
-0.3948973895144, 0.169738865159719, -6.31438053564871E-17
-0.3948973895144, 0.164975008276615, -0.0149052435716231
-0.3948973895144, 0.159912699428437, -0.0297117880936271
-0.3948973895144, 0.154553984818407, -0.0444136492769583
-0.3948973895144, 0.148891347197066, -0.0590011115041006
-0.3948973895144, 0.142911298553635, -0.073461328812445
-0.3948973895144, 0.136614004107978, -0.0877862439256222
-0.3948973895144, 0.130003185191277, -0.101969187515423
-0.3948973895144, 0.123074440555986, -0.115999533418789
-0.3948973895144, 0.115812543165819, -0.12986030964671
-0.3948973895144, 0.108157454110735, -0.143507484882095
-0.3948973895144, 0.0999944921729868, -0.156856797068708
-0.3948973895144, 0.091393364805762, -0.169928646299944
-0.3948973895144, 0.0819962011816031, -0.182430280262035
-0.3948973895144, 0.0707862400352582, -0.193319483338808
-0.3948973895144, 0.0580463104850776, -0.202386875462586
-0.3948973895144, 0.044339576334001, -0.20992174347576
-0.3948973895144, 0.029977045169117, -0.216121010055673
-0.3948973895144, 0.0151547544163853, -0.22112568934665
-0.3948973895144, 1.68690390458009E-10, -0.225010859630075
-0.345535215825101, 0.150242527448055, -5.95787590063291E-17
-0.3455352158251, 0.14571566178688, -0.0137113725293271
-0.3455352158251, 0.140962055908188, -0.0273457943791339
-0.3455352158251, 0.135983675785067, -0.0408997622644482
-0.3455352158251, 0.130780913817017, -0.0543691797853362
-0.3455352158251, 0.125342899467825, -0.0677453319403691
-0.3455352158251, 0.119669839090666, -0.0810235155687823
-0.3455352158251, 0.113767542865546, -0.0942013964546256
-0.3455352158251, 0.107630491017543, -0.107271583500601
-0.3455352158251, 0.101250309814319, -0.120224804349285
-0.3455352158251, 0.0945869440211406, -0.133034418789171
-0.3455352158251, 0.087529014682039, -0.145630684930703
-0.3455352158251, 0.0801761545783857, -0.158057714995951
-0.3455352158251, 0.072388273196229, -0.170212384165275
-0.3455352158251, 0.0631394019339041, -0.181281002584561
-0.3455352158251, 0.0523310325764502, -0.190838284704604
-0.3455352158251, 0.0403612426411459, -0.198897248808773
-0.3455352158251, 0.0274937456898185, -0.20543028603183
-0.3455352158251, 0.0139704886158013, -0.210472641191655
-0.3455352158251, 1.72715935783324E-10, -0.214097995731733
-0.296173042135821, 0.130195702729093, -6.24809309243816E-17
-0.296173042135801, 0.125987216963115, -0.01248281009527
-0.2961730421358, 0.121614963036813, -0.0249091947848111
-0.2961730421358, 0.11707953463029, -0.0372769688839654
-0.2961730421358, 0.112387646704842, -0.0495862320179735
-0.2961730421358, 0.107530281643201, -0.0618311274520927
-0.2961730421358, 0.102506625291303, -0.0740087542803812
-0.2961730421358, 0.0973238135562532, -0.0861195005030372
-0.2961730421358, 0.091976414220395, -0.0981584670535096
-0.2961730421358, 0.0864557465834052, -0.110118957936143
-0.2961730421358, 0.0807391540695574, -0.121986954521795
-0.2961730421358, 0.0747514510764068, -0.133720340796916
-0.2961730421358, 0.0685345421686219, -0.145334207095569
-0.2961730421358, 0.0620726457214274, -0.15681230518779
-0.2961730421358, 0.0546979198874422, -0.167719213816877
-0.2961730421358, 0.0460177463494172, -0.177615189707783
-0.2961730421358, 0.0360397206279615, -0.186197060583925
-0.2961730421358, 0.0248359084293418, -0.193098251627236
-0.2961730421358, 0.0127066309552672, -0.198210067335225
-0.2961730421358, 1.76773155747031E-10, -0.20164778821991
-0.249439984655993, 0.110695660893571, -1.88211291251389E-16
-0.250747649335222, 0.107127049834161, -0.0121229311505565
-0.252098052603643, 0.10344180535605, -0.0242062017054242
-0.253491498559667, 0.0996390975760332, -0.0362481306730082
-0.254925857463232, 0.0957247385452149, -0.0482494053839765
-0.256405232666944, 0.091687530232685, -0.0602044188675296
-0.257929760688786, 0.0875271000814853, -0.0721114203806691
-0.259498904764014, 0.0832449129201969, -0.0839693530442021
-0.261116293664955, 0.0788310658453742, -0.0957723838627652
-0.262786775810968, 0.0742723275422766, -0.107512761396291
-0.264520659376046, 0.0695405670501979, -0.119175151502066
-0.266333689933295, 0.0645928147705671, -0.130735380537326
-0.268214887878789, 0.0594590339933853, -0.142203331462488
-0.270214628408656, 0.0540017510337807, -0.153499149165681
-0.27249539949389, 0.04777753694585, -0.164331640950562
-0.275187285438695, 0.0404313922453866, -0.174330204598671
-0.278345235558647, 0.0318133604960181, -0.183095389125916
-0.281950156170656, 0.0219755482771926, -0.190256826735183
-0.285874331216557, 0.0112664921859243, -0.195834062821067
-0.290002770424638, 8.86423263000278E-11, -0.199986956849833
-0.217947256757906, 0.097253746085927, -9.08894521667238E-17
-0.220139111659624, 0.0941067477082142, -0.012069390060903
-0.222396848074039, 0.090865158665118, -0.0241015256872144
-0.22472033709061, 0.0875291640424589, -0.0360952932446081
-0.227107160851791, 0.084102235326313, -0.0480509152312982
-0.229564810676897, 0.080573616709027, -0.0599625184871134
-0.232092733396079, 0.0769441024149867, -0.0718290177665414
-0.234692936353412, 0.0732108103608288, -0.0836475950483604
-0.237373650322529, 0.0693619230529562, -0.095410953320967
-0.240146084139495, 0.0653813471866123, -0.10710901850349
-0.2430270505351, 0.0612449435560127, -0.118726454989334
-0.246034229472296, 0.0569273278099034, -0.130245522885616
-0.249176550505712, 0.0524156791662541, -0.141653480568994
-0.252566443063768, 0.0475485748828183, -0.15284099609812
-0.256435675118904, 0.0419932495777714, -0.163537098438321
-0.261013384101374, 0.0354207147214812, -0.173333643312763
-0.266379239100857, 0.0277165838662971, -0.181812575010075
-0.272422077229895, 0.0190404613049313, -0.188764123869001
-0.278908153120298, 0.0097279515307795, -0.194370521668326
-0.285683580226824, 8.88217122463042E-11, -0.198810942154535
-0.194350077671813, 0.0870143123571971, -1.04932980283008E-16
-0.197180818417177, 0.0841835716118327, -0.0121014260734538
-0.200094123889043, 0.0812702661399673, -0.0241635799123071
-0.203088512668843, 0.0782758773601673, -0.0361859683550216
-0.206162774541496, 0.0752016154875139, -0.0481679618608109
-0.209325588865081, 0.0720388011639295, -0.0601037649264328
-0.212576305775451, 0.0687880842535594, -0.0719922403278606
-0.215920217350133, 0.0654441726788772, -0.0838288918928333
-0.219370653916401, 0.0619937361126091, -0.0956042078582239
-0.222943058721845, 0.0584213313071654, -0.107306526782461
-0.226653775123568, 0.0547106149054417, -0.11892238663636
-0.230535434586568, 0.050828955442442, -0.130425865320711
-0.234626071393559, 0.0467383186354509, -0.141783344054994
-0.239048788187474, 0.0423156018415362, -0.15288756018263
-0.244143045233345, 0.0372213447956651, -0.163394191106671
-0.250168016333635, 0.0311963736953748, -0.172858588084075
-0.257139604618788, 0.024224785410222, -0.180918135941219
-0.264821524204212, 0.0165428658440513, -0.187571001483013
-0.272945474931614, 0.00841891516096533, -0.193081514194059
-0.28136439002901, 8.90014125802458E-11, -0.197623958736626
-0.173063331190399, 0.0776618761607383, -1.15777556151125E-16
-0.176462698483144, 0.0751229600481035, -0.012185943407517
-0.179961692439456, 0.0725096348706052, -0.024327859536976
-0.183557021153635, 0.0698243592835484, -0.0364258685179425
-0.18724941305115, 0.0670665892412318, -0.0484782328496697
-0.191046919291721, 0.0642303115013723, -0.0604796060033635
-0.194950043374201, 0.0613151500112412, -0.0724280715229164
-0.198967370468078, 0.0583146926878623, -0.0843174020911063
-0.203118201255974, 0.0552145242563122, -0.0961350378678292
-0.207415916823288, 0.0520046506646401, -0.107870581195329
-0.211883912969335, 0.0486675980811789, -0.119506498013345
-0.216586960972768, 0.045154990196795, -0.130997037980367
-0.221545084540198, 0.0414518717251162, -0.142319218778243
-0.226939315666987, 0.037423033666837, -0.153323091617347
-0.233235680238473, 0.0327204110653633, -0.163546153887212
-0.240629636198986, 0.0271980204827608, -0.172546951072816
-0.248989472836053, 0.0209542338880031, -0.180122077869846
-0.257988401083291, 0.0142331232040301, -0.186463875877961
-0.267382152728613, 0.00721712721960033, -0.191845183826588
-0.277045199831196, 8.91814402925272E-11, -0.196426091742198
-0.152332104458881, 0.068465997318599, -1.29559667421414E-16
-0.15628237341652, 0.0662195455279583, -0.0123235165896947
-0.160352281782287, 0.0639050568098311, -0.0245953856148641
-0.164536991074326, 0.0615252827278082, -0.036816064533718
-0.168839070936353, 0.0590787619685474, -0.0489826738556812
-0.173265299859234, 0.0565616397178303, -0.0610902028076266
-0.177818324080322, 0.0539724111047977, -0.0731353398189078
-0.182510698303001, 0.0513039364799226, -0.0851094568699461
-0.187365665035254, 0.0485429982182182, -0.0969974522491942
-0.192388327888975, 0.0456866939810836, -0.108792868208931
-0.197641082401697, 0.0426995404714271, -0.120454578114503
-0.203184834350968, 0.0395469015937064, -0.131936727945201
-0.208988371858332, 0.0362465270204115, -0.143247375851505
-0.215463393522727, 0.0325642906541287, -0.15405842388988
-0.223062223576042, 0.0282429632804491, -0.16384671734739
-0.231818150415677, 0.0232636143453392, -0.172259096302688
-0.241430407083741, 0.0177972849875239, -0.179335679800649
-0.251564847475967, 0.0120339985152427, -0.18537841937523
-0.262030210795148, 0.00608252172097526, -0.19062509450338
-0.272726009633382, 8.9361808198429E-11, -0.195217429211012
-0.131126655178992, 0.0589921728785708, -4.889498685627E-16
-0.135637850818893, 0.0570536172648066, -0.0125262400674035
-0.140293566507998, 0.0550529583473831, -0.0249896588447304
-0.145088788259408, 0.0529923507418921, -0.0373902686147055
-0.150027015283931, 0.0508702907638764, -0.0497241973038765
-0.155115069369814, 0.0486838469475003, -0.0619857644421797
-0.160357044389452, 0.0464312600697216, -0.0741702675980855
-0.165772379262085, 0.0441041768182429, -0.0862645648568744
-0.171377312289897, 0.0416956192532074, -0.098256101788807
-0.177188323994106, 0.0391985053481469, -0.110130675798506
-0.183322583297371, 0.0365624851535333, -0.12181073043912
-0.189719875023523, 0.033813434396583, -0.133322917009715
-0.196495572791333, 0.0309017746075946, -0.144572574018292
-0.20428489245043, 0.0275545401806526, -0.155007873909102
-0.2133356729509, 0.0236652295081228, -0.164154081180397
-0.223432246762784, 0.0193265194625107, -0.171902440956578
-0.234195347136611, 0.0147013889563289, -0.178511394640142
-0.245360421568915, 0.00990352175831147, -0.184280714042255
-0.25678978708773, 0.00499208312258244, -0.189402482977034
-0.268406819435569, 8.95425289293026E-11, -0.193998061987539
-0.108556797524677, 0.0488587252253543, -2.70071250650093E-16
-0.113657144042282, 0.0472564935243276, -0.0128184034328334
-0.118933707390451, 0.045598904762519, -0.0255581834135231
-0.124384207292168, 0.043886675270105, -0.0382172566024621
-0.130012936604459, 0.0421184564815338, -0.0507903253373449
-0.135829250662375, 0.0402913094956274, -0.0632692353636584
-0.141838112547717, 0.0384036752012604, -0.0756474724412304
-0.148064745109355, 0.0364476300489427, -0.0879068433920337
-0.154508978980807, 0.0344232272437546, -0.100042023536336
-0.161265180100812, 0.0323008225060335, -0.111988754512855
-0.168363225605448, 0.030071030180433, -0.123716244845888
-0.175687385477793, 0.0277702058951902, -0.135289263704207
-0.183829656950523, 0.0252123786128783, -0.146237227009383
-0.193245986312128, 0.0222543165756428, -0.155992145659056
-0.203839715861414, 0.0189263840013792, -0.1643191252699
-0.215225234561013, 0.0153497174108931, -0.171414635256128
-0.227080843238688, 0.0116253759563761, -0.177612106975048
-0.23923282506533, 0.00780793133885414, -0.183145495876752
-0.251587170286785, 0.0039269159321048, -0.188163748032049
-0.264087629237755, 8.97236149243736E-11, -0.192768083629158
-0.0836145026698646, 0.0376281702439281, -2.76408973061487E-16
-0.0893408259637519, 0.0364049726690441, -0.0132456558808778
-0.095283307495024, 0.0351356016215511, -0.0263913410011628
-0.101447508043926, 0.0338188692654568, -0.0394298341882153
-0.107845058977777, 0.0324522910291497, -0.0523502017294792
-0.114487096629704, 0.0310334880850693, -0.0651409191681757
-0.121385931883269, 0.029559830710416, -0.0777886301980276
-0.128553372920022, 0.0280287965643629, -0.0902792084015819
-0.13603599480607, 0.0264304367661032, -0.102574523366279
-0.143922952668867, 0.0247457069253545, -0.114602965976401
-0.152030660285624, 0.0230138228200205, -0.126477063364585
-0.160825330766202, 0.0211351968585364, -0.13782154330924
-0.170874872777493, 0.0189885183030261, -0.148010746669755
-0.182154805980096, 0.0165790163887688, -0.156752891075681
-0.1942845333413, 0.013987990292134, -0.164219938285446
-0.206923392246062, 0.0112882088148797, -0.170750156335507
-0.2198779038297, 0.00852100090403998, -0.176600651362569
-0.233040921199473, 0.00570925418221404, -0.181943762795026
-0.246350620137644, 0.00286617487577366, -0.186893105020421
-0.259768439039941, 8.99050784228989E-11, -0.191527590311742
-0.0549369399368705, 0.024705431699429, -1.65717369893184E-16
-0.0613090797022561, 0.0239203105035659, -0.013900437821614
-0.0679390997944305, 0.0231034154737927, -0.0276778094774921
-0.0748535881349095, 0.0222514706711775, -0.0413124353436167
-0.0820935965188627, 0.0213594180405454, -0.0547743230167655
-0.0896773744264555, 0.02042500903522, -0.0680426072599823
-0.0976298708919066, 0.0194451696461081, -0.0810898296765692
-0.105981911295637, 0.0184161018304124, -0.0938807599874206
-0.114796265291858, 0.0173300716419558, -0.106352971394556
-0.123938217184706, 0.0162036776099817, -0.11858328651441
-0.133847077605865, 0.0149827915921075, -0.130184700654864
-0.145013971152427, 0.0136069013671351, -0.140554287468804
-0.157380989454511, 0.0120831419148808, -0.149438183311476
-0.170555363514159, 0.0104599069110529, -0.157062071122378
-0.184208075461275, 0.00877773515629637, -0.163782347816501
-0.198162042829089, 0.00705844525522361, -0.169844349131689
-0.212315007146336, 0.00531463663223569, -0.175419722579624
-0.22660216070417, 0.0035542943680616, -0.180636762643851
-0.240987839314581, 0.00178181270060995, -0.185571656293011
-0.255449248842127, 9.00869314566878E-11, -0.19027668073288
-0.020441368119717, 0.00918012667561947, -1.56199725690453E-16
-0.0273705593724223, 0.00890438340743075, -0.0150121214700663
-0.034524670546865, 0.00861968957747533, -0.029918079318093
-0.0419892906185665, 0.00832263922061665, -0.0446704745841525
-0.0498888056672267, 0.00800828246278101, -0.0591938928141371
-0.058365027895717, 0.00767097596712536, -0.0733870720361008
-0.0675264614719764, 0.00730640187132084, -0.0871466997483856
-0.0775283221775693, 0.00690838345064991, -0.100306086346733
-0.0882909019049427, 0.00648009264441636, -0.112850067177053
-0.100045666605086, 0.00601231839530157, -0.124460628792395
-0.113246677176661, 0.00548699160525535, -0.134381290877548
-0.127492769335621, 0.004920076381304, -0.142748894007208
-0.142288767346745, 0.00433127796329118, -0.150105280744504
-0.157418962454775, 0.0037291803597949, -0.156748695273759
-0.172771588593667, 0.00311823123854428, -0.162860977959118
-0.188280262315143, 0.00250107229152249, -0.168565805288193
-0.203899283138927, 0.00187952214363525, -0.173961213602051
-0.219589186943887, 0.00125515125507304, -0.179146912759981
-0.235334540421695, 0.000628573819742692, -0.184161466823662
-0.251130058644314, 9.02691858429987E-11, -0.189015456012952
