-3.58791916074942, 0.137173106197171, -2.77555756156289E-16
-3.58791916075177, 0.135726419271122, -0.0112568817563353
-3.58791916075415, 0.133580683138825, -0.0224012826646581
-3.58791916075659, 0.130714396589299, -0.0333824775697664
-3.5879191607591, 0.127137063919111, -0.0441529615146404
-3.58791916076169, 0.122847885384665, -0.0546601622165583
-3.58791916076438, 0.117858403640624, -0.06485347405111
-3.58791916076722, 0.1122005521297, -0.0746917346513327
-3.58791916077023, 0.105957851843843, -0.0841702174848711
-3.5879191607735, 0.0991778113077111, -0.0932718137019075
-3.5879191607772, 0.0918509822928672, -0.101939518221465
-3.58791916078123, 0.0841448171422126, -0.110273224004065
-3.58791916078636, 0.0758197798806223, -0.117975092903568
-3.58791916079455, 0.0661836707719451, -0.123933821367519
-3.58791916080501, 0.0556394531498276, -0.128110108834895
-3.58791916081635, 0.0446692317001866, -0.131011031618468
-3.58791916082795, 0.0335465114424518, -0.13327461287887
-3.58791916083957, 0.0223837267235441, -0.135333155616399
-3.5879191608512, 0.0111971905160696, -0.137258743620492
-3.58791916086287, 0, -0.139121628548992
-3.51616077764561, 0.155315725540844, -1.27071907223492E-16
-3.51616077764561, 0.15370376582652, -0.0124633476919002
-3.51616077764561, 0.151222168747766, -0.0247829066510046
-3.51616077764561, 0.147875658533363, -0.0368961772986722
-3.51616077764561, 0.14368100018862, -0.0487424832004911
-3.51616077764561, 0.1386587542036, -0.0602623389270074
-3.51616077764561, 0.132838425018264, -0.0714003628947632
-3.51616077764561, 0.12626888327116, -0.0821139111039938
-3.51616077764561, 0.119056386711217, -0.0924063153297692
-3.51616077764561, 0.111265149938005, -0.102267645183324
-3.51616077764561, 0.102888821072973, -0.111637170706885
-3.51616077764561, 0.0940569548566775, -0.120579773089938
-3.51616077764561, 0.0844635753960928, -0.128681283365141
-3.51616077764561, 0.0734295706478432, -0.134649225148612
-3.51616077764561, 0.0615594299674461, -0.138764277503837
-3.51616077764561, 0.0493952810133628, -0.141924140725496
-3.51616077764561, 0.0371026738237296, -0.144546358348355
-3.51616077764561, 0.0247550532525748, -0.146897750072283
-3.51616077764561, 0.0123824252587754, -0.149114416845325
-3.51616077764561, 2.36025998737431E-11, -0.151275800436734
-3.44440239442835, 0.17290826388451, -1.27021289014477E-16
-3.44440239442835, 0.17133264741785, -0.0137682976620109
-3.44440239442835, 0.168763131391381, -0.0273860120463657
-3.44440239442835, 0.165194878435686, -0.0407766392894801
-3.44440239442835, 0.160627320922292, -0.0538600590429672
-3.44440239442835, 0.155079870312226, -0.0665590229086646
-3.44440239442835, 0.148591214129334, -0.0788039731680753
-3.44440239442835, 0.141223760342292, -0.0905415461236496
-3.44440239442835, 0.133082830566111, -0.101757179671376
-3.44440239442835, 0.124249315871963, -0.112435910714009
-3.44440239442835, 0.114749653757806, -0.122526486799407
-3.44440239442835, 0.104617898097703, -0.1319821129742
-3.44440239442835, 0.093551226909557, -0.140303722818996
-3.44440239442835, 0.0810834267258373, -0.146306369709258
-3.44440239442835, 0.0678694483018549, -0.150477000476224
-3.44440239442835, 0.0544358820469917, -0.153889335745536
-3.44440239442835, 0.0408902308625422, -0.156827301504586
-3.44440239442835, 0.0272797555942676, -0.159450518268947
-3.44440239442835, 0.0136439097712313, -0.161939282683985
-3.44440239442835, 4.74927484748103E-11, -0.164383511086059
-3.37264401121109, 0.190050176770313, -1.30761735675792E-16
-3.37264401121109, 0.18864444140525, -0.0151488294324195
-3.37264401121109, 0.186152932085285, -0.0301570096506321
-3.37264401121109, 0.182538156127416, -0.0449345582467499
-3.37264401121109, 0.17776571792143, -0.059379509297388
-3.37264401121109, 0.171836553615362, -0.0733892717593621
-3.3726440112111, 0.164790486780961, -0.0868720876316742
-3.37264401121109, 0.156698087832476, -0.0997543932599146
-3.37264401121109, 0.147651660904192, -0.111986098287572
-3.37264401121109, 0.137754430076242, -0.123540787312576
-3.37264401121109, 0.127079762973964, -0.134380714495718
-3.37264401121109, 0.115543826167441, -0.144296169045296
-3.37264401121109, 0.102916644015322, -0.15276136608774
-3.37264401121109, 0.0890144977578819, -0.158901498678544
-3.37264401121109, 0.074450313115514, -0.163298736044198
-3.37264401121109, 0.0597010953535045, -0.167040379665576
-3.37264401121109, 0.0448458123682731, -0.170336196764183
-3.37264401121109, 0.0299180901365405, -0.173288457117638
-3.37264401121109, 0.0149630584354469, -0.17609996294285
-3.37264401121109, 7.1572423902258E-11, -0.178868475504835
-3.30088562799384, 0.206849159111826, -1.30093825066808E-16
-3.30088562799384, 0.205672658557445, -0.0165822336041999
-3.30088562799384, 0.203335501056526, -0.0330404650354936
-3.30088562799384, 0.199759158917584, -0.0492739293794994
-3.30088562799384, 0.194869628694747, -0.0651606521290561
-3.30088562799384, 0.188637151178229, -0.0805697315733908
-3.30088562799384, 0.181093917461556, -0.0953814748762595
-3.30088562799384, 0.172312082480728, -0.109494274565298
-3.30088562799384, 0.162371651185499, -0.122816653773902
-3.30088562799384, 0.151404077367366, -0.135308334581369
-3.30088562799384, 0.139530900888718, -0.146941371810604
-3.30088562799384, 0.126561636090927, -0.157331405072584
-3.30088562799384, 0.112377662438148, -0.165980834707866
-3.30088562799384, 0.0970670713618712, -0.172428130738874
-3.30088562799383, 0.0811636037831364, -0.177270090512378
-3.30088562799384, 0.0650830627301404, -0.181495956927553
-3.30088562799384, 0.0488931000227069, -0.185280993868418
-3.30088562799384, 0.0326219822087379, -0.188701972616158
-3.30088562799384, 0.0163172978101055, -0.191960072328524
-3.30088562799384, 9.57343954956061E-11, -0.195154457924134
-3.22912724477658, 0.223395440731172, -1.18340244376814E-16
-3.22912724477658, 0.222439657562195, -0.0180486802534967
-3.22912724477658, 0.220249642785234, -0.0359886985835259
-3.22912724477658, 0.216711640073748, -0.0537113932989058
-3.22912724477658, 0.211716610362595, -0.0710788539609708
-3.22912724477658, 0.205198335315283, -0.0879331690700536
-3.22912724477658, 0.197172219481413, -0.10412384895175
-3.22912724477658, 0.187705136775652, -0.119516373257106
-3.22912724477658, 0.176877068686043, -0.133983982296421
-3.22912724477658, 0.16484897403593, -0.14747226487407
-3.22912724477658, 0.151781886131428, -0.159954781835522
-3.22912724477658, 0.137413358611106, -0.170903049448655
-3.22912724477658, 0.121732003928612, -0.179871060164227
-3.22912724477658, 0.105058276860583, -0.186829088780589
-3.22912724477658, 0.0878499463932124, -0.192358353110313
-3.22912724477658, 0.070456083995305, -0.197279526581908
-3.22912724477658, 0.0529418242692549, -0.201753378226643
-3.22912724477658, 0.0353343296373446, -0.205846130640975
-3.22912724477658, 0.0176798344697866, -0.209731930278253
-3.22912724477658, 1.1988109623276E-10, -0.213500850085702
-3.15736886155932, 0.239659541033261, -9.76226821583368E-17
-3.15736886155932, 0.238904719990695, -0.0195298495784565
-3.15736886155932, 0.236839490284461, -0.0389639293705293
-3.15736886155932, 0.233321854360467, -0.0581872861211944
-3.15736886155932, 0.228213098148538, -0.0770490531260754
-3.15736886155932, 0.221408790087919, -0.0953665228627534
-3.15736886155932, 0.212901288711564, -0.112957544454681
-3.15736886155932, 0.202748025463264, -0.129652661151142
-3.15736886155932, 0.191041611739208, -0.145298131626696
-3.15736886155932, 0.177968751327444, -0.159823432697541
-3.15736886155932, 0.163718359627257, -0.173193212233225
-3.15736886155932, 0.147996891558324, -0.184783225920493
-3.15736886155932, 0.13087950387156, -0.194199432533089
-3.15736886155932, 0.112884803140936, -0.201819117941644
-3.15736886155932, 0.094414980924334, -0.208214775153346
-3.15736886155932, 0.0757419054663034, -0.213994573430821
-3.15736886155932, 0.0569318325293479, -0.21931188547735
-3.15736886155932, 0.0380144392860808, -0.224234591633973
-3.15736886155932, 0.0190302359940499, -0.228893642386007
-3.15736886155932, 1.43992393895081E-10, -0.233361067439105
-3.08561047834206, 0.255573693420422, -7.29810983444356E-17
-3.08561047834206, 0.255008522116444, -0.0210061631192897
-3.08561047834206, 0.253055016161058, -0.0419278591221859
-3.08561047834206, 0.249546024766953, -0.062644392899249
-3.08561047834206, 0.24431570451411, -0.0829931504382097
-3.08561047834206, 0.237222499685553, -0.102768414514247
-3.08561047834206, 0.228233686229351, -0.121756805377669
-3.08561047834206, 0.217396626044566, -0.139754194806705
-3.08561047834206, 0.204825675913556, -0.15658663418766
-3.08561047834206, 0.19072618038676, -0.172163260713326
-3.08561047834206, 0.175301454874066, -0.186426456717417
-3.08561047834206, 0.158269823884387, -0.198710313341075
-3.08561047834206, 0.139775852810763, -0.208673221413771
-3.08561047834206, 0.120500247678903, -0.217040777658041
-3.08561047834206, 0.100812481308645, -0.224392498210315
-3.08561047834206, 0.0808989286194121, -0.231111282539106
-3.08561047834206, 0.0608277089189898, -0.237343868290446
-3.08561047834206, 0.0406350861614916, -0.243171675887351
-3.08561047834206, 0.0203530292131207, -0.248680605225792
-3.08561047834206, 1.68074177828091E-10, -0.253921370163707
-3.01385209512481, 0.271072849720064, -4.94298637613544E-17
-3.01385209512481, 0.270694951575412, -0.0224561119958168
-3.01385209512481, 0.268850493176767, -0.0448383252572542
-3.01385209512481, 0.26534599807178, -0.0670200416937765
-3.01385209512481, 0.259987978738488, -0.0888266242201799
-3.01385209512481, 0.252601508736859, -0.110030513769695
-3.01385209512481, 0.243131043943162, -0.130388487171289
-3.01385209512481, 0.231616773098129, -0.149664022026689
-3.01385209512481, 0.218200441543058, -0.167668165930303
-3.01385209512481, 0.203096298766777, -0.184283536242035
-3.01385209512481, 0.1865065020005, -0.199413541296966
-3.01385209512481, 0.16820688121341, -0.212408205611649
-3.01385209512481, 0.148403956601382, -0.222991001408704
-3.01385209512481, 0.127892129325533, -0.232142145407623
-3.01385209512481, 0.107025049219337, -0.240453844464296
-3.01385209512481, 0.0859076690420743, -0.248108699002725
-3.01385209512481, 0.064609605391424, -0.255246342380498
-3.01385209512481, 0.0431772253238571, -0.261970329347918
-3.01385209512481, 0.0216353028200619, -0.268334903908561
-3.01385209512481, 1.92132692759152E-10, -0.274374552995639
-2.94209371190755, 0.286090151760092, -3.17176684710504E-17
-2.94209371190755, 0.285904649688153, -0.0238575922301666
-2.94209371190755, 0.284175602980991, -0.047651790108989
-2.94209371190755, 0.280678558869351, -0.0712495951673249
-2.94209371190755, 0.275189581142302, -0.0944630854779533
-2.94209371190755, 0.26750632759385, -0.11704351406791
-2.94209371190755, 0.257556170530574, -0.138719862571075
-2.94209371190755, 0.245377738880319, -0.159227019738425
-2.94209371190755, 0.23114248207668, -0.178364687196072
-2.94209371190755, 0.215062116342358, -0.19598139334265
-2.94209371190755, 0.197321409272975, -0.211922864758525
-2.94209371190755, 0.177799530799568, -0.225612752024509
-2.94209371190755, 0.156767329256717, -0.236865435420276
-2.94209371190755, 0.135071151979335, -0.246795038652932
-2.94209371190755, 0.113055631151359, -0.255995735124117
-2.94209371190755, 0.0907648482714625, -0.264508512736973
-2.94209371190755, 0.0682700020349395, -0.272467576870115
-2.94209371190755, 0.0456294111318753, -0.280002463833185
-2.94209371190755, 0.0228671888016824, -0.287161728319582
-2.94209371190755, 2.16173301461471E-10, -0.293978422936477
-2.86033532869029, 0.302488556906438, -2.31574648255408E-17
-2.86033532869029, 0.302525668620164, -0.0253740845614439
-2.86033532869029, 0.300932199978836, -0.0506965232429258
-2.86033532869029, 0.297445651211855, -0.0758266874931944
-2.86033532869029, 0.291807665579862, -0.100560978199019
-2.86033532869029, 0.283792368239384, -0.124628034861066
-2.86033532869029, 0.273313134023389, -0.14772791483041
-2.86033532869029, 0.260410444794323, -0.169566624635351
-2.86033532869029, 0.245288352994907, -0.189932800950377
-2.86033532869029, 0.228145816837992, -0.208629877003814
-2.86033532869029, 0.209135139159554, -0.225422315584976
-2.86033532869029, 0.188287041973447, -0.239862711818249
-2.86033532869029, 0.165953032421523, -0.251897139861906
-2.86033532869029, 0.142977624309258, -0.262672381005871
-2.86033532869029, 0.119693282212366, -0.272762772295057
-2.86033532869029, 0.0961039834070774, -0.282118235148991
-2.86033532869029, 0.072284384752994, -0.290872126164969
-2.86033532869029, 0.0483071958593247, -0.299185185382817
-2.86033532869029, 0.0242050270572454, -0.307128882256849
-2.86033532869029, 2.43543804367718E-10, -0.314753583415918
-2.69093937064715, 0.33340931601263, -6.31404692269108E-17
-2.69093937064715, 0.333885991639804, -0.0281614231415482
-2.69093937064715, 0.332542779472352, -0.0562928747088378
-2.69093937064715, 0.329057673932497, -0.0842378958454566
-2.69093937064715, 0.323130425312772, -0.111766074691143
-2.69093937064715, 0.314510174846657, -0.138570780801406
-2.69093937064715, 0.303082376924036, -0.164302624547886
-2.69093937064715, 0.288877191254552, -0.188611518262872
-2.69093937064715, 0.272143337068719, -0.211255726118109
-2.69093937064715, 0.253045279168301, -0.231941960323401
-2.69093937064715, 0.231674351217925, -0.250269707214538
-2.69093937064715, 0.208371365647299, -0.266070901739334
-2.69093937064715, 0.183654704281071, -0.279570241289036
-2.69093937064715, 0.158277081979143, -0.291794249271707
-2.69093937064715, 0.132534301177498, -0.303228966678414
-2.69093937064715, 0.106418540034488, -0.313784150512174
-2.69093937064715, 0.0800207025924463, -0.323614464077133
-2.69093937064715, 0.0534430169623157, -0.33294860874918
-2.69093937064715, 0.026754574653704, -0.341961734761173
-2.69093937064715, 3.00182644954149E-10, -0.350776810081655
-2.51154341260401, 0.360471240867084, -1.80530676771641E-16
-2.51154341766495, 0.361305530861078, -0.0304794139413682
-2.51154341629473, 0.360114619602139, -0.0609449093689819
-2.51154342625709, 0.356575159663318, -0.0912255923721892
-2.51154341786068, 0.350407473390375, -0.121079670463474
-2.51154341653659, 0.341357743104709, -0.150187368420579
-2.5115434244353, 0.329264067418013, -0.17816534508185
-2.51154341693962, 0.314094474853681, -0.20460132899392
-2.51154341672756, 0.296087542719643, -0.229193848552221
-2.5115434203919, 0.275383434200214, -0.251558310419172
-2.51154341527249, 0.252073946279011, -0.271192417177854
-2.51154341779931, 0.226706234107802, -0.288092291846952
-2.51154341641586, 0.199912840409392, -0.302641503800882
-2.51154341462862, 0.172377570137155, -0.315743776797209
-2.51154341801698, 0.144372101196843, -0.327808130317061
-2.51154341439893, 0.115918573320532, -0.338774594016917
-2.51154341529904, 0.0871365202244651, -0.348849988125837
-2.5115434149212, 0.0581575281411719, -0.358345894605082
-2.51154341473586, 0.0290892113328554, -0.367565557107669
-2.51154341260401, 3.6001147699573E-10, -0.376719167190667
-2.33214745456086, 0.38021865389915, -2.47946804589644E-16
-2.33214745456086, 0.381165942240765, -0.0321014385706364
-2.33214745456086, 0.379977990519592, -0.0641929100183352
-2.33214745456086, 0.376365629167618, -0.096100934660576
-2.33214745456086, 0.370078704618805, -0.127589117224339
-2.33214745456086, 0.360855549812542, -0.158343073954041
-2.33214745456086, 0.348483003670218, -0.187967442161278
-2.33214745456086, 0.332830780251444, -0.21599558920476
-2.33214745456086, 0.314068700886336, -0.242044980585672
-2.33214745456086, 0.292306776675349, -0.265640069665458
-2.33214745456086, 0.26766679180921, -0.286212388826323
-2.33214745456086, 0.240822387850725, -0.303823304166187
-2.33214745456086, 0.212478020439891, -0.318917367144274
-2.33214745456086, 0.183296546809901, -0.332333168042023
-2.33214745456086, 0.153541804496019, -0.344424068911235
-2.33214745456086, 0.123267496358297, -0.355149276554603
-2.33214745456086, 0.0926308622454261, -0.364795142999019
-2.33214745456086, 0.0617919694459334, -0.373776305425962
-2.33214745456086, 0.030884430753764, -0.382519345877506
-2.33214745456086, 4.19500391569029E-10, -0.391343467668651
-2.15275149651772, 0.391800236002797, -2.10868715697359E-16
-2.15275149651772, 0.392624169163782, -0.0330445751233963
-2.15275149651772, 0.391338043597821, -0.0660725766907422
-2.15275149651772, 0.387674473687252, -0.0989205209955758
-2.15275149651772, 0.38137749299568, -0.131364457579564
-2.15275149651772, 0.372163157282851, -0.163100798630322
-2.15275149651772, 0.359783375487153, -0.193737662364315
-2.15275149651772, 0.344031042513455, -0.222781854528483
-2.15275149651772, 0.324991478358922, -0.249784659348931
-2.15275149651772, 0.302737491730592, -0.274199751712544
-2.15275149651772, 0.277410652518226, -0.295411532113799
-2.15275149651772, 0.249731803818225, -0.313459198354575
-2.15275149651772, 0.220448797441747, -0.328784494043695
-2.15275149651772, 0.190249282686491, -0.342226412088481
-2.15275149651772, 0.159398266175709, -0.354096179774008
-2.15275149651772, 0.12797057361209, -0.364344306371595
-2.15275149651772, 0.0961566148514781, -0.373328188060449
-2.15275149651772, 0.0641344636433539, -0.381543476539112
-2.15275149651772, 0.0320471384659054, -0.389501866372546
-2.15275149651772, 4.78559648854305E-10, -0.397619956523809
-1.97335553847458, 0.395833885946748, 0
-1.97335553847458, 0.395782999247499, -0.0333779352124279
-1.97335553847458, 0.3943913730846, -0.0667217005528691
-1.97335553847458, 0.390707342983183, -0.0998882895624011
-1.97335553847458, 0.384409272913063, -0.132656756787761
-1.97335553847458, 0.375194284117379, -0.164724656615158
-1.97335553847458, 0.362815387535578, -0.195705720362726
-1.97335553847458, 0.347096916027862, -0.225130813059251
-1.97335553847458, 0.328111106385336, -0.252560457412509
-1.97335553847458, 0.305916827062934, -0.277459549886052
-1.97335553847458, 0.28064249711772, -0.299225444960752
-1.97335553847458, 0.252886336323542, -0.317730292706147
-1.97335553847458, 0.223374230825107, -0.333301850700994
-1.97335553847458, 0.192874372425604, -0.346851296504429
-1.97335553847458, 0.161673654625037, -0.358696932280222
-1.97335553847458, 0.129860101134062, -0.368784285986679
-1.97335553847458, 0.0976304634094954, -0.377457696485025
-1.97335553847458, 0.0651601344584336, -0.385186786117095
-1.97335553847458, 0.0325854085599214, -0.392465992052929
-1.97335553847458, 5.37246652463411E-10, -0.399697427694889
-1.79395958043143, 0.390588951563512, -7.97936915548902E-17
-1.79395958043143, 0.390961199473467, -0.0331230406372862
-1.79395958043143, 0.389376846108416, -0.0662086773175164
-1.79395958043143, 0.385516141167058, -0.099104530448823
-1.79395958043143, 0.379068347411493, -0.131590245210138
-1.79395958043143, 0.369751346442498, -0.163369575566749
-1.79395958043143, 0.357366818666756, -0.194081417217668
-1.79395958043143, 0.341839874187793, -0.22332898831133
-1.79395958043143, 0.323271457784427, -0.250745824419234
-1.79395958043143, 0.301725812898753, -0.275886347124585
-1.79395958043143, 0.277287924458832, -0.298223264472803
-1.79395958043143, 0.250264286260577, -0.317349808722932
-1.79395958043143, 0.221279362228603, -0.333370392308693
-1.79395958043143, 0.191217469377416, -0.347281922563156
-1.79395958043143, 0.160409285647156, -0.359451007199018
-1.79395958043143, 0.128953477241879, -0.369834294365351
-1.79395958043143, 0.09703845586434, -0.378712215568067
-1.79395958043143, 0.0648307368382914, -0.386466708404573
-1.79395958043143, 0.0324584531570679, -0.393506180671479
-1.79395958043143, 5.95686034322974E-10, -0.400138325631518
-1.61456362238829, 0.378765812650859, -9.78693087830598E-17
-1.61456362238829, 0.378596439306703, -0.0323525576787228
-1.61456362238829, 0.376408234292634, -0.0646302819984956
-1.61456362238829, 0.371986306881649, -0.0966771275519682
-1.61456362238829, 0.36511821714982, -0.128288533329107
-1.61456362238829, 0.355611934822961, -0.159207401533801
-1.61456362238829, 0.343361074854421, -0.189143872424305
-1.61456362238829, 0.328355954841638, -0.217798313731319
-1.61456362238829, 0.310680893228997, -0.244886988027375
-1.61456362238829, 0.290400095803927, -0.270081983745368
-1.61456362238829, 0.267554020005124, -0.292972235452613
-1.61456362238829, 0.242078783249144, -0.312884719894156
-1.61456362238829, 0.214406703590338, -0.329630571984471
-1.61456362238829, 0.185507496804135, -0.344174283218058
-1.61456362238829, 0.155777353530159, -0.356934256586336
-1.61456362238829, 0.125347943913072, -0.367925402551638
-1.61456362238829, 0.0944093758412622, -0.377393952791292
-1.61456362238829, 0.0631283750576547, -0.385665882363345
-1.61456362238829, 0.0316335695292733, -0.393085641249745
-1.61456362238829, 6.54029065227295E-10, -0.399890914243358
-1.43516766434515, 0.359485103387485, -1.06551817358235E-16
-1.43516766434515, 0.358375574169796, -0.0310688701851038
-1.43516766434515, 0.355320489017745, -0.0620063993733929
-1.43516766434515, 0.350221932275027, -0.0926728170816784
-1.43516766434515, 0.342963383525738, -0.122899939883467
-1.43516766434515, 0.333445153970695, -0.152492544386255
-1.43516766434515, 0.321637847110011, -0.181248040225487
-1.43516766434515, 0.307550526693599, -0.208957414119673
-1.43516766434515, 0.29122551172728, -0.235409881664737
-1.43516766434515, 0.272716604762217, -0.260382294971596
-1.43516766434515, 0.252037138143183, -0.283585288362657
-1.43516766434515, 0.228864021099393, -0.304285173346168
-1.43516766434515, 0.203352794960712, -0.322035047962488
-1.43516766434515, 0.176325330136965, -0.337391716557139
-1.43516766434515, 0.148272252222307, -0.350788933023239
-1.43516766434515, 0.119465617722333, -0.36248198948849
-1.43516766434515, 0.0900849568781775, -0.372649780134191
-1.43516766434515, 0.0602900219575747, -0.381535233181653
-1.43516766434515, 0.0302331050915242, -0.389493174694732
-1.43516766434515, 7.12362647006148E-10, -0.39675439542333
-1.255771706302, 0.332701120537243, -4.91131937099142E-17
-1.255771706302, 0.330287554268379, -0.0292604477639434
-1.255771706302, 0.326320653908184, -0.05835060139664
-1.255771706302, 0.320718894291027, -0.0871701063905593
-1.255771706302, 0.313375571513064, -0.115595089698166
-1.255771706302, 0.304220535377815, -0.143488929349689
-1.255771706302, 0.293242764260085, -0.170716801471112
-1.255771706302, 0.280445818489513, -0.197138128313996
-1.255771706302, 0.265839482395998, -0.222603529965366
-1.255771706302, 0.249457999045791, -0.246964648635121
-1.255771706302, 0.231298793946608, -0.270028714132077
-1.255771706302, 0.211039789712628, -0.291263951831223
-1.255771706302, 0.188556276871054, -0.310126193512059
-1.255771706302, 0.164123383783843, -0.326386558002188
-1.255771706302, 0.138313913223788, -0.340374805778815
-1.255771706302, 0.111679629275241, -0.352726687501358
-1.255771706302, 0.0843769288396438, -0.363520642400981
-1.255771706302, 0.0565448584699359, -0.372870456070871
-1.255771706302, 0.0283819651545415, -0.381175415093655
-1.255771706302, 7.70753812108184E-10, -0.388699300388931
-1.06637574825886, 0.297252634248277, -3.29437330639875E-17
-1.06637574825886, 0.293510071526199, -0.0268345718159986
-1.06637574825886, 0.288678019776317, -0.0534942249626821
-1.06637574825886, 0.282684786726907, -0.0799167179515644
-1.06637574825886, 0.275435214043982, -0.106022008055282
-1.06637574825886, 0.266861044121506, -0.13172241658342
-1.06637574825886, 0.256943551595247, -0.15693480155049
-1.06637574825886, 0.245677374679301, -0.181573841131871
-1.06637574825886, 0.233056285369741, -0.205546920283024
-1.06637574825886, 0.219087670190116, -0.228760405023645
-1.06637574825886, 0.203749333170397, -0.251091576601065
-1.06637574825886, 0.186882764172795, -0.272289577680501
-1.06637574825886, 0.168210369002468, -0.291907667621709
-1.06637574825886, 0.147343554778133, -0.309163885612832
-1.06637574825886, 0.12471582812647, -0.324053288317646
-1.06637574825886, 0.101032100740236, -0.337206375237828
-1.06637574825886, 0.0765517712652055, -0.348811260086884
-1.06637574825886, 0.0514435922421833, -0.358989929030082
-1.06637574825886, 0.0258827341456083, -0.367974850211164
-1.06637574825886, 8.3254868903845E-10, -0.375987896260917
-1.0046173650416, 0.284279658092491, -4.63798284261785E-17
-1.0046173650416, 0.28017959911304, -0.0259428689563527
-1.0046173650416, 0.275113522944706, -0.0517143000359483
-1.0046173650416, 0.26902345963527, -0.0772628613578898
-1.0046173650416, 0.261826747901232, -0.102521633849051
-1.0046173650416, 0.253457022617475, -0.127416068795787
-1.0046173650416, 0.243893001540185, -0.151876438181371
-1.0046173650416, 0.233127987418743, -0.175832337486353
-1.0046173650416, 0.221155117933149, -0.199207860429137
-1.0046173650416, 0.207974133350324, -0.221923790823102
-1.0046173650416, 0.193552835129253, -0.24387255210224
-1.0046173650416, 0.177790979632182, -0.264877957918991
-1.0046173650416, 0.160415443026258, -0.284561869657809
-1.0046173650416, 0.140883043540017, -0.302096541196932
-1.0046173650416, 0.119505852826688, -0.317341735874177
-1.0046173650416, 0.0969517622197812, -0.330792728885457
-1.0046173650416, 0.0735473764658737, -0.342706298965727
-1.0046173650416, 0.0494929851601523, -0.353248292584256
-1.0046173650416, 0.0249330872438316, -0.362554265580504
-1.0046173650416, 8.52776939282086E-10, -0.370811142541317
-0.932858981824345, 0.268401995136514, -6.48037641903324E-17
-0.932858981824345, 0.263945942107824, -0.0248468734463302
-0.932858981824345, 0.258652328678812, -0.0495287377773724
-0.932858981824345, 0.252481545014786, -0.0740058551768098
-0.932858981824345, 0.245367045254673, -0.0982252080692265
-0.932858981824345, 0.23724683341073, -0.122125936238849
-0.932858981824345, 0.228097853890711, -0.145651988312122
-0.932858981824345, 0.217912918278977, -0.168748288121584
-0.932858981824345, 0.206686504422219, -0.19135661263739
-0.932858981824345, 0.1944123391274, -0.213413382562989
-0.932858981824345, 0.181046507467778, -0.234825771779963
-0.932858981824345, 0.166544630185587, -0.25548517840015
-0.932858981824345, 0.150670302913208, -0.275103400428429
-0.932858981824345, 0.13276827125183, -0.29287945407513
-0.932858981824345, 0.112973476982909, -0.308529026337302
-0.932858981824345, 0.0918477439295765, -0.322336323978764
-0.932858981824345, 0.0697920769595932, -0.334609133032546
-0.932858981824345, 0.0470543963791779, -0.345568489041693
-0.932858981824345, 0.0237459673243485, -0.355256054677937
-0.932858981824345, 8.76372464878162E-10, -0.36381832568486
-0.861100598607087, 0.251708271472446, -7.90928250637994E-17
-0.861100598607088, 0.246967663800514, -0.0236868206611847
-0.861100598607088, 0.241505018377524, -0.0472175470171555
-0.861100598607088, 0.235297824006208, -0.0705627996562721
-0.861100598607088, 0.228294756262576, -0.0936815584852045
-0.861100598607088, 0.220441012314663, -0.116525169513722
-0.861100598607088, 0.211713874184006, -0.139049520034003
-0.861100598607088, 0.202106829000158, -0.161212759123037
-0.861100598607088, 0.19161710715737, -0.182972102021566
-0.861100598607088, 0.18023652403121, -0.204278790263173
-0.861100598607088, 0.167913119420358, -0.225054051666159
-0.861100598607088, 0.154634876146846, -0.245232365147613
-0.861100598607088, 0.140223370187067, -0.264613035945527
-0.861100598607088, 0.124010891999474, -0.282504713052498
-0.861100598607088, 0.105934027499666, -0.298513415429709
-0.861100598607088, 0.0863726589091096, -0.312674857588272
-0.861100598607088, 0.0657735727016671, -0.325286378045341
-0.861100598607088, 0.0444383332849251, -0.336609595285531
-0.861100598607088, 0.0224683901955781, -0.346646591246775
-0.861100598607088, 9.00098828983419E-10, -0.355514807896616
-0.78934221538983, 0.234245595204117, -8.35528560427898E-17
-0.78934221538983, 0.229299709213317, -0.0224614952849886
-0.78934221538983, 0.22373745886567, -0.0447783254624745
-0.78934221538983, 0.217548691829063, -0.0669295201533453
-0.78934221538983, 0.210694712262305, -0.0888838480869334
-0.78934221538983, 0.203130596311917, -0.110603610403462
-0.78934221538983, 0.194836586125496, -0.132055223644371
-0.78934221538983, 0.185807971771547, -0.153208082651053
-0.78934221538983, 0.176045228121326, -0.174032303937338
-0.78934221538983, 0.165542315152178, -0.194493012056087
-0.78934221538983, 0.154246936847147, -0.214526858271683
-0.78934221538983, 0.142150331120879, -0.234087386425018
-0.78934221538983, 0.129132235442108, -0.253044440890062
-0.78934221538983, 0.114631378043419, -0.270886119957411
-0.789342215389831, 0.0983965787642746, -0.287163583497972
-0.78934221538983, 0.0805437237413438, -0.301649959523717
-0.78934221538983, 0.0615123391421464, -0.314556733605298
-0.78934221538983, 0.0416534137646251, -0.326152080548997
-0.78934221538983, 0.0211009449322249, -0.336469261503648
-0.78934221538983, 9.23969291494618E-10, -0.345615208377472
-0.717583832172573, 0.216045676182688, -7.96999439417198E-17
-0.717583832172573, 0.210980292225027, -0.0211658096465513
-0.717583832172573, 0.20539571283963, -0.0422005931248001
-0.717583832172573, 0.199289070190235, -0.0630897449003043
-0.717583832172573, 0.192632328965764, -0.0838100581056411
-0.717583832172573, 0.18539159227563, -0.104333503079001
-0.717583832172573, 0.177551776577011, -0.124635633057464
-0.717583832172573, 0.16911068235727, -0.144695182366648
-0.717583832172573, 0.160071771451434, -0.164492563462123
-0.717583832172573, 0.150433107028969, -0.184004861994108
-0.717583832172573, 0.14014923820962, -0.203184738392996
-0.717583832172573, 0.129196767758173, -0.221990778673814
-0.717583832172573, 0.11749673552096, -0.240339778096004
-0.717583832172573, 0.104680545585889, -0.257923796288858
-0.717583832172573, 0.0903658845921257, -0.274305238483583
-0.717583832172573, 0.0743479042521648, -0.289023758454667
-0.717583832172573, 0.0570003186305557, -0.302156299697305
-0.717583832172573, 0.0387043729134164, -0.313934752296189
-0.717583832172573, 0.0196518610440221, -0.32444719121613
-0.717583832172573, 9.47922300501019E-10, -0.333793550891322
-0.645825448955316, 0.197140035438329, -7.0764911594141E-17
-0.645825448955316, 0.192047022788852, -0.0197915321066122
-0.645825448955316, 0.186524461827462, -0.0394675349781001
-0.645825448955316, 0.180572579237941, -0.0590179277950148
-0.645825448955316, 0.174172845001462, -0.0784262720112013
-0.645825448955316, 0.167301886404958, -0.0976727876556917
-0.645825448955316, 0.159949684822601, -0.116740646130781
-0.645825448955316, 0.152116809302079, -0.135616119267226
-0.645825448955316, 0.143808859930966, -0.154287384294601
-0.645825448955316, 0.135027739478041, -0.172740779449164
-0.645825448955316, 0.125739108862747, -0.190943857527154
-0.645825448955315, 0.115901109589415, -0.208855828616487
-0.645825448955316, 0.105454517183903, -0.22641936745614
-0.645825448955316, 0.0942484440571431, -0.243507197577958
-0.645825448955316, 0.0818579359889249, -0.259749875737236
-0.645825448955316, 0.067765508305873, -0.274535277031332
-0.645825448955316, 0.0522231182940544, -0.287794041734776
-0.645825448955316, 0.035601432927308, -0.299675077364251
-0.645825448955316, 0.0181382098738795, -0.310282796453538
-0.645825448955316, 9.71877726754438E-10, -0.319691372634507
-0.574067065738315, 0.17756393942992, -6.0099368535935E-17
-0.574288431768237, 0.172600039880602, -0.0183407488052557
-0.574275891866084, 0.167228520893583, -0.0365682230258124
-0.574250142426891, 0.16150758433049, -0.0546890788455847
-0.574224437698197, 0.155430993915951, -0.0726937529074085
-0.574198795357279, 0.148983994212513, -0.0905691107053697
-0.574173225603724, 0.142160647794919, -0.108304220603598
-0.574147751940381, 0.134964164907827, -0.125891228684694
-0.574122393044944, 0.12740100943665, -0.143323707296302
-0.574097154563721, 0.119474905876865, -0.160594161650285
-0.574072021379027, 0.111162848174339, -0.177682125871005
-0.574047018196599, 0.102412790309586, -0.194549796801393
-0.574022200455208, 0.0931712957251105, -0.211153237448948
-0.573997551911541, 0.0834580096784901, -0.227485141870655
-0.573973132906443, 0.0728950712737991, -0.243275282477399
-0.573949204505367, 0.0607641317891375, -0.257888857488432
-0.573925607215114, 0.0471515662919708, -0.271136754216521
-0.573902011007134, 0.0323461453368865, -0.283038829017445
-0.573889510618536, 0.0165670296674941, -0.29361802935339
-0.574067065738059, 9.95751259099433E-10, -0.302914514150052
-0.502308682520801, 0.157349184405808, -5.13248758979686E-17
-0.502308682520801, 0.152501951999838, -0.0167617294701238
-0.502308682520801, 0.147385321441324, -0.0334431946420767
-0.502308682520801, 0.141999101001168, -0.0500395744722274
-0.502308682520801, 0.13634185531861, -0.0665455194966628
-0.502308682520801, 0.130404526114119, -0.0829527820812091
-0.502308682520801, 0.124183064917096, -0.0992544280040781
-0.502308682520801, 0.117682601908127, -0.115446843762464
-0.502308682520801, 0.110908852878208, -0.131526861201494
-0.502308682520801, 0.103864214108723, -0.14749004512718
-0.502308682520801, 0.096533080776798, -0.163323654207084
-0.502308682520801, 0.0888680891994074, -0.178998201402745
-0.502308682520801, 0.0808217408819598, -0.194480467136361
-0.502308682520801, 0.0724794962491251, -0.209805525291442
-0.502308682520801, 0.0635677665405701, -0.224803249696065
-0.502308682520801, 0.0533802733454337, -0.238959855763397
-0.502308682520801, 0.0418257931644887, -0.252025147787159
-0.502308682520801, 0.0290121053830458, -0.263857052181133
-0.502308682520801, 0.0150183890693061, -0.274265809032025
-0.502308682520801, 1.01952427344408E-09, -0.283132521729837
-0.430550299303546, 0.13649844774095, -4.88915939528598E-17
-0.430550299303544, 0.131935619734763, -0.0150990503746796
-0.430550299303544, 0.127173408323363, -0.0301363980491184
-0.430550299303544, 0.122210607813925, -0.0451087491732492
-0.430550299303544, 0.117052509095186, -0.0600149418617784
-0.430550299303544, 0.111693665992943, -0.0748501385511815
-0.430550299303544, 0.106130430638907, -0.0896099073998534
-0.430550299303544, 0.100368920355749, -0.104293419509973
-0.430550299303544, 0.0944133392548507, -0.118899297040871
-0.430550299303544, 0.0882632355371627, -0.133424328681267
-0.430550299303544, 0.0819065688639732, -0.147860130601953
-0.430550299303544, 0.0753101210306131, -0.162187862640896
-0.430550299303544, 0.068438622136715, -0.176385745370966
-0.430550299303544, 0.0613600849820006, -0.190481685104832
-0.430550299303544, 0.0539145199067804, -0.204385790752191
-0.430550299303544, 0.0455922341554885, -0.217780357461792
-0.430550299303544, 0.0361579079686051, -0.230414515734537
-0.430550299303544, 0.0254672069405671, -0.242000060767464
-0.430550299303544, 0.0133670608442149, -0.252099328216566
-0.430550299303544, 1.04346836229861E-09, -0.260449537142282
-0.377377457642961, 0.120629908661963, -5.40753924655447E-17
-0.378887697694874, 0.116508470316776, -0.0147641105730078
-0.380454767576322, 0.112231943621034, -0.0294780909661055
-0.382079288188696, 0.107798634137615, -0.044139352087758
-0.383758945764846, 0.103214856126725, -0.0587480331221883
-0.385496496003257, 0.0984730892995222, -0.0732993923354386
-0.38729294847922, 0.0935705785295556, -0.0877902091843733
-0.389146782342802, 0.0885114742094876, -0.102219845643414
-0.391058192739207, 0.0832952437889326, -0.116585882106402
-0.393029792445018, 0.0779147570122827, -0.130883022648559
-0.395067447840744, 0.0723540045533731, -0.14510167716784
-0.397183229499299, 0.0665800458727204, -0.159223542596193
-0.399379840469311, 0.0605855043627156, -0.173240827430055
-0.40164520931105, 0.0544033229283778, -0.187165290112059
-0.404065363187165, 0.0477987338277016, -0.200866544329231
-0.406767561637508, 0.0404244463457624, -0.214112881955139
-0.409824421913665, 0.0320822883278566, -0.226688903165673
-0.41330561984024, 0.0225821147603527, -0.23829120656793
-0.417246326668576, 0.0118279434989046, -0.24857549450486
-0.421580501401387, 5.23245458823447E-10, -0.257423496941278
-0.339345477578402, 0.109055544124821, -1.80754490304496E-16
-0.341995031086674, 0.105251396055688, -0.0146937806288896
-0.344735018047459, 0.101317406395247, -0.0293366813954784
-0.347565716544385, 0.0972531758795151, -0.0439266748474016
-0.350483197813359, 0.0930643453080801, -0.0584642322669259
-0.353493458994029, 0.0887423041708529, -0.0729437515023088
-0.356597091519379, 0.0842862033064038, -0.087362805392588
-0.359792700643295, 0.0796980452486408, -0.101720215292406
-0.363082974056063, 0.0749739710938704, -0.116012005711264
-0.366475460068424, 0.0701031432078898, -0.130230426878612
-0.369982325976682, 0.0650680921579818, -0.14436359585364
-0.373621105049521, 0.0598436442120422, -0.158394258601964
-0.377385887842343, 0.0544382839702844, -0.172322838489346
-0.38129571634404, 0.048824671526172, -0.186128165822783
-0.385511173959138, 0.0427722461281081, -0.199653919446667
-0.390200337475584, 0.0360396882532613, -0.212691608153747
-0.395479824820244, 0.028459561441137, -0.225016474381025
-0.401452775902123, 0.0198837805579704, -0.236327285746507
-0.408105181512574, 0.0103324596615605, -0.246411811982193
-0.415301642869877, 5.24305970557238E-10, -0.255281216394304
-0.30925959723305, 0.0997631871053165, -1.84326694442093E-16
-0.312804853151339, 0.0962179311870276, -0.0146894093612768
-0.316463306297615, 0.0925594780407515, -0.0293231792997055
-0.320233725885227, 0.0887890584531396, -0.0439000186453398
-0.324111941008771, 0.0849108433295957, -0.0584201747109293
-0.328106325705955, 0.0809164586324118, -0.072877199992462
-0.332216278378195, 0.0768065059601717, -0.0872692982898864
-0.336442097082833, 0.072580687255534, -0.101594124078567
-0.340789990485424, 0.0682327938529427, -0.115845679739683
-0.345272358049218, 0.0637504262891491, -0.130013644897805
-0.349905133838304, 0.0591176505000629, -0.144084465877982
-0.354704317835405, 0.0543184665029618, -0.158043275235807
-0.359664815905807, 0.0493579684325594, -0.171888845868867
-0.364857746041119, 0.0441650382972481, -0.18556231485225
-0.370467397966117, 0.0385553863722501, -0.198900997824664
-0.376686080169452, 0.0323367041689147, -0.211686145892173
-0.383649725511989, 0.0253730588263782, -0.223675748854473
-0.391437590613047, 0.0175851937257214, -0.234602514778378
-0.399952065263462, 0.00907071915993621, -0.244388263468642
-0.409022784338367, 5.25368770023361E-10, -0.253119380557513
-0.281005181171108, 0.0909241143042495, -1.97541587684653E-16
-0.285406844296989, 0.0876366044618907, -0.0147326320984761
-0.289942711373351, 0.0842488605045001, -0.0294016888600491
-0.294608812216162, 0.0807638476792386, -0.0440069941889066
-0.299402172976605, 0.0771837870913944, -0.0585479419113898
-0.304331998787162, 0.073501803620641, -0.0730176339007852
-0.30939681670803, 0.0697189973748141, -0.0874145152740185
-0.314599755583547, 0.0658330314857211, -0.101734451653508
-0.319951875023172, 0.0618356457630856, -0.115968453377738
-0.325469117880257, 0.0577149328242196, -0.130103870963243
-0.331167401966221, 0.053459003989726, -0.144126912424087
-0.337062803061644, 0.0490558525963595, -0.158022410080612
-0.34316876701115, 0.0444954362248612, -0.171775404725939
-0.349590499630067, 0.0396991788589689, -0.185301835110969
-0.35653215710286, 0.0345146005276769, -0.198420177676769
-0.364201081083181, 0.0287868420998761, -0.210889509546538
-0.372724308766494, 0.0224210221594989, -0.222459952722897
-0.382105134851561, 0.0154146799685887, -0.232946217209859
-0.392169292600701, 0.00789797179632926, -0.242397492771008
-0.402743925806857, 5.264339737062E-10, -0.250938214424651
-0.25246636877685, 0.0818896479102484, -2.20761817784653E-16
-0.257757848949687, 0.0788804717663254, -0.0148297324642386
-0.263206549990131, 0.075781886748386, -0.0295839036332252
-0.268804693389787, 0.0725983163638687, -0.0442638738377462
-0.274551626648967, 0.0693301316784155, -0.0588675376521347
-0.28045530846675, 0.0659728067131666, -0.0733882166404976
-0.286514944976009, 0.062526792927059, -0.0878236225916148
-0.292737293063044, 0.0589882477920309, -0.102167110204035
-0.299139438216804, 0.0553474550766914, -0.116405461114216
-0.305736367431616, 0.0515958919283936, -0.130525629218376
-0.312543835445898, 0.0477245988912855, -0.144512858459351
-0.319589593509546, 0.0437177942943751, -0.15834298141177
-0.326906976760085, 0.0395565210033023, -0.171984967519761
-0.334612502744477, 0.0351745174407373, -0.185340164663224
-0.342961127568946, 0.0304267943394924, -0.198171283953985
-0.352138223474533, 0.0252079336110047, -0.210228134059529
-0.362217502841181, 0.0194760162594572, -0.221289355464892
-0.373096356283866, 0.0132893945349624, -0.231300288606019
-0.384562590063718, 0.00676873956489944, -0.240405290839818
-0.39646506727513, 5.27501697584883E-10, -0.248737946482939
-0.222171958767983, 0.0721992556922815, -2.39668776612531E-16
-0.228437532232287, 0.0695068070418066, -0.0149992317997646
-0.234889766625043, 0.0667341462658542, -0.0299043976949012
-0.241516173358213, 0.063886639973275, -0.0447187865723634
-0.248318252867847, 0.0609636433951521, -0.0594385317441815
-0.255301201223272, 0.0579629236712488, -0.0740576012440058
-0.262466304601044, 0.0548839281044579, -0.0885718659870593
-0.269825180152196, 0.0517216645607306, -0.102970780294949
-0.277398532411326, 0.0484672358662407, -0.117237309399791
-0.285193810432898, 0.0451174410056693, -0.131361496001164
-0.293245312165818, 0.0416575414292613, -0.145314215235032
-0.301590506894437, 0.0380714357977447, -0.159060945241471
-0.310248051831348, 0.0343511067146027, -0.172576680483194
-0.319407669600976, 0.0304150263792263, -0.185692526368438
-0.329343128361923, 0.026145550857925, -0.198119059830052
-0.340172781894615, 0.0214918210428765, -0.209624756926137
-0.351856603642317, 0.016471037187164, -0.220094697722786
-0.364203816309808, 0.0111651803325833, -0.229623179560718
-0.377019699386458, 0.00565792606388672, -0.238389892243947
-0.390186208743837, 5.28572057079337E-10, -0.246518808585751
-0.188581660816836, 0.0613599508374824, -2.60407824197703E-16
-0.195953341939026, 0.0590441981443927, -0.0152780064509086
-0.203555000445556, 0.0566561999569163, -0.030431675362098
-0.211369136863226, 0.0542014535899149, -0.0454661593890235
-0.219396281105817, 0.0516797925753543, -0.0603768228436825
-0.227639895810864, 0.0490901291542738, -0.075157150103443
-0.23610207721034, 0.0464318048127259, -0.0898011179841876
-0.244802098654076, 0.0436987649871666, -0.104291097651782
-0.253749639389253, 0.0408879690220995, -0.11861452200849
-0.262963255437866, 0.037993587696591, -0.132751237278963
-0.272510013998265, 0.0349945524046316, -0.146642830476635
-0.282366011804426, 0.0318983721596673, -0.160295239720319
-0.292605893060138, 0.0286815981020574, -0.173632343372326
-0.30354809176786, 0.0252441968219816, -0.186339386422455
-0.315358781316107, 0.0215339663229618, -0.198159458027809
-0.328028633687108, 0.0175538369246794, -0.208958282200529
-0.341391563621517, 0.013355982942937, -0.218799179687188
-0.355242411741294, 0.00900485354129525, -0.227870867538651
-0.369442303573212, 0.00454407504563412, -0.236330072252982
-0.383907350212327, 5.29645166997959E-10, -0.244281035877313
-0.149623468864359, 0.0487040595958307, -2.88121317943585E-16
-0.158276595391783, 0.0468556687802425, -0.01574421004142
-0.167234720421052, 0.0449421273595184, -0.0313090335285661
-0.17647326942369, 0.0429686846886276, -0.0467015413735631
-0.185988979026179, 0.0409360378554509, -0.0619164489055506
-0.195780114787832, 0.0388445573531539, -0.076947539453557
-0.205850860920089, 0.0366933493940433, -0.091784143437048
-0.216212954904676, 0.0344799067394523, -0.106409481919875
-0.226871957891783, 0.0322030414743651, -0.120809814151417
-0.23790927472141, 0.0298453647442303, -0.134908757893487
-0.249275305262913, 0.0274174716126522, -0.148732339679138
-0.260982844824006, 0.0249166288791875, -0.162253555650174
-0.27335887745655, 0.0222729896143603, -0.17513457662593
-0.286579688762907, 0.0194488975228086, -0.187103934120102
-0.300626870098994, 0.0164482848674594, -0.198045685406072
-0.315329961677388, 0.0133075634950474, -0.208048244682546
-0.330493854058492, 0.010068410672232, -0.217305677841038
-0.345981846387586, 0.00676002704289511, -0.22598504901964
-0.361711256279804, 0.00340007438964017, -0.234198528631045
-0.377628491680817, 5.30721141484422E-10, -0.242024866642109
-0.102025585800351, 0.0331838324196712, -3.04520125430604E-16
-0.112119993729279, 0.0319400848063905, -0.0166011773692711
-0.122679347554033, 0.0306390504901838, -0.0329061227443913
-0.133665120570629, 0.0292854764058359, -0.0489225465747324
-0.145071375050201, 0.0278800941501036, -0.0646378124564689
-0.156870258459156, 0.0264263354767285, -0.0800559802597008
-0.169054093597439, 0.0249251463054034, -0.0951672191988576
-0.181632481117219, 0.023375343724926, -0.109946305529731
-0.194657679796214, 0.0217704888504681, -0.124327284131251
-0.208001800732786, 0.0201263390713981, -0.138408671412263
-0.221810456489974, 0.0184249532386145, -0.152025642169851
-0.236363753650113, 0.0166318189868854, -0.164828876643616
-0.251734190151406, 0.0147380037331169, -0.176622389628273
-0.267817317869671, 0.0127563766922327, -0.18740977138153
-0.284426602973191, 0.0107099209861382, -0.197357159605417
-0.301400582815613, 0.00861853067826503, -0.206660066257349
-0.318634278146814, 0.00649514044295079, -0.215465669616826
-0.336062850005143, 0.00434773922064785, -0.223873305008239
-0.353644240080226, 0.00218150911413135, -0.231951734242648
-0.371349633149307, 5.31800093966243E-10, -0.23975054220662
-0.0398939616312065, 0.0129402283588446, -3.05216201873661E-16
-0.0510222325656246, 0.0124973850767303, -0.0186331568641756
-0.0630220805148508, 0.0120198578775791, -0.0367157595433738
-0.0759693527445175, 0.0115046284621197, -0.0541311244743761
-0.089814928790012, 0.010953651551611, -0.0708402057012148
-0.104478462419179, 0.0103701244791661, -0.0868355888826894
-0.119860013673307, 0.0097580242992252, -0.10214148689356
-0.135836516467952, 0.00912224835739336, -0.116824209917366
-0.15249740843503, 0.00845923753341768, -0.130722542912112
-0.169938347259507, 0.00776518518353294, -0.143625652055313
-0.188112887735139, 0.00704193956859594, -0.155472202011026
-0.206853969472065, 0.00629614876284865, -0.166401423100864
-0.225990310798497, 0.00553462882407297, -0.176623102755084
-0.245413506054457, 0.0047616936945288, -0.186288528869711
-0.265050937751319, 0.00398023314632823, -0.195510706635883
-0.284849537469341, 0.00319235900738361, -0.204381385983657
-0.304767910802399, 0.00239971858979198, -0.212979528845473
-0.32478460749262, 0.0016031655877784, -0.221345909574303
-0.344888104789057, 0.000803158427066138, -0.229501227508492
-0.365070774617797, 5.32882137103638E-10, -0.237458306817058
