-109.579997112877, 6.44492746263669, -8.88178419700125E-16
-109.579997112877, 6.60100570487898, -0.776835233847312
-109.579997112877, 6.72338178624717, -1.55969743411269
-109.579997112877, 6.81730970193463, -2.34650415535593
-109.579997112877, 6.89224341061178, -3.13536794135951
-109.579997112877, 6.95777171978816, -3.92507649527118
-109.579997112877, 7.01783684592684, -4.71522046493828
-109.579997112877, 7.07437602874354, -5.50562528377787
-109.579997112877, 7.12932567977323, -6.29614252496167
-109.579997112877, 7.19601634239902, -7.08541955250888
-109.579997112877, 7.01820661925636, -7.81528819235393
-109.579997112877, 6.30233118217826, -8.14254452350312
-109.579997112877, 5.52965309330144, -8.31572268472448
-109.579997112877, 4.74369320787267, -8.41606777398632
-109.579997112877, 3.95421758046299, -8.48401985733878
-109.579997112877, 3.16360616172093, -8.53754245745777
-109.579997112877, 2.3726864965203, -8.58635759903685
-109.579997112877, 1.58182561862813, -8.63611455603161
-109.579997112877, 0.791013909347909, -8.68664387588315
-109.579997112877, 1.82504966908184E-21, -8.73389984288156
-107.442118229735, 6.65459561631215, -8.88178419700125E-16
-107.442118229735, 6.76308837454472, -0.798165593284709
-107.442118229735, 6.86291239188919, -1.59745870684222
-107.442118229735, 6.95188325912191, -2.39803155580302
-107.442118229735, 7.03064920773401, -3.19967497367096
-107.442118229735, 7.10149373407492, -4.00205904208544
-107.442118229735, 7.16694468113397, -4.80490278962254
-107.442118229735, 7.23018317889681, -5.60792457373912
-107.442118229735, 7.2943990725157, -6.41086846310095
-107.442118229735, 7.30858216114872, -7.17224126251714
-107.442118229735, 7.16952800678142, -7.92754615492531
-107.442118229735, 6.42450643732887, -8.22016348408062
-107.442118229735, 5.63203555359936, -8.36097018201935
-107.442118229735, 4.82910971879595, -8.424437231403
-107.442118229735, 4.02468599151665, -8.46609378287835
-107.442118229735, 3.21995283515195, -8.50139866984571
-107.442118229735, 2.4150922746855, -8.53368187756231
-107.442118229735, 1.61012814006401, -8.56326787544623
-107.442118229735, 0.805093068648453, -8.59085873884457
-107.442118229735, 9.09417340664776E-16, -8.61670637887331
-105.249421939332, 6.76366725934722, -8.88178419700125E-16
-105.249421939332, 6.85950657729493, -0.810494031172223
-105.249421939332, 6.95367791029972, -1.62118265498772
-105.249421939332, 7.04255259166467, -2.43246741468247
-105.249421939332, 7.12470121295705, -3.24446096786961
-105.249421939332, 7.20150721254559, -4.05697869850774
-105.249421939332, 7.27457359012169, -4.86984155851939
-105.249421939332, 7.34513440721041, -5.6829260654186
-105.249421939332, 7.4144236979943, -6.49612007797443
-105.249421939332, 7.37949984376402, -7.22737696852297
-105.249421939332, 7.26657758052133, -8.00946753519516
-105.249421939332, 6.51474887635708, -8.30537295869793
-105.249421939332, 5.70789518651343, -8.42399130990265
-105.249421939332, 4.8934642746315, -8.47629245824982
-105.249421939332, 4.07822041353296, -8.51446577657293
-105.249421939332, 3.26275268186735, -8.54758603170994
-105.249421939332, 2.44718122496493, -8.57805696447634
-105.249421939332, 1.63151044857668, -8.60573109748673
-105.249421939332, 0.815766000563725, -8.63115623541328
-105.249421939332, 9.81622121066059E-16, -8.65588194423043
-103.056725648929, 6.84655866767146, -8.88178419700125E-16
-103.056725648929, 6.94023329080495, -0.822145799894305
-103.056725648929, 7.03252890367545, -1.64444731954036
-103.056725648929, 7.12180315781416, -2.4670818312893
-103.056725648929, 7.20641123785724, -3.29020856065089
-103.056725648929, 7.28603486232713, -4.1138333189744
-103.056725648929, 7.36322838289696, -4.93768984166838
-103.056725648929, 7.43848455748157, -5.76172554011733
-103.056725648929, 7.5109815777311, -6.58600805455541
-103.056725648929, 7.43988127379231, -7.29988286786918
-103.056725648929, 7.34766002514421, -8.1072472812345
-103.056725648929, 6.60543558371889, -8.43833280491175
-103.056725648929, 5.78681646572526, -8.55479488686069
-103.056725648929, 4.96099821604761, -8.60648779166327
-103.056725648929, 4.13445718777305, -8.64553878836526
-103.056725648929, 3.30774602608332, -8.68085162116101
-103.056725648929, 2.48094332279863, -8.71395020404829
-103.056725648929, 1.65402691866363, -8.7440638424655
-103.056725648929, 0.827022520330694, -8.77167376882994
-103.056725648929, 1.11417454727741E-15, -8.79873711085272
-100.864029358526, 6.91682617424919, -8.88178419700125E-16
-100.864029358526, 7.01377283259335, -0.833695998032392
-100.864029358526, 7.10723396290448, -1.66778930436934
-100.864029358526, 7.19605021873106, -2.50238965691292
-100.864029358526, 7.28045383577782, -3.33744839615224
-100.864029358526, 7.36136703516437, -4.17285290468226
-100.864029358526, 7.44035299101553, -5.00844202545851
-100.864029358526, 7.51731789070395, -5.84421978978958
-100.864029358526, 7.59034735978376, -6.68034856437106
-100.864029358526, 7.49365158169402, -7.38786121249323
-100.864029358526, 7.41341659912799, -8.21500463475923
-100.864029358526, 6.69623157160077, -8.6035017591171
-100.864029358526, 5.8679029918711, -8.73498458660118
-100.864029358526, 5.03086229792536, -8.79591549327641
-100.864029358526, 4.19269135718996, -8.83966311515154
-100.864029358526, 3.35439081288039, -8.88089745029644
-100.864029358526, 2.51600151401754, -8.92028309303641
-100.864029358526, 1.67744365802961, -8.95587713912018
-100.864029358526, 0.838747946194445, -8.98808601857503
-100.864029358526, 4.47273289145371E-16, -9.01890845722455
-98.6713330681237, 6.9788267862197, -8.88178419700125E-16
-98.6713330681237, 7.07992445378151, -0.844854728845565
-98.6713330681237, 7.17466276656868, -1.69044571242094
-98.6713330681237, 7.26327849632817, -2.53670099811019
-98.6713330681237, 7.34734373955274, -3.38342139263738
-98.6713330681237, 7.42841774952338, -4.23043374277789
-98.6713330681237, 7.50765359707074, -5.07762007671545
-98.6713330681237, 7.58454789884567, -5.92502186250835
-98.6713330681237, 7.65596568851682, -6.77289838030859
-98.6713330681237, 7.54101812162692, -7.48090638533787
-98.6713330681237, 7.46429329841326, -8.32300173203486
-98.6713330681237, 6.77992641180162, -8.77527225542413
-98.6713330681237, 5.94460732228565, -8.93373734533909
-98.6713330681237, 5.09757969507414, -9.01344771495798
-98.6713330681237, 4.24849558818521, -9.06870748312153
-98.6713330681237, 3.39921191068833, -9.12086468191113
-98.6713330681236, 2.54980092678646, -9.17090168142859
-98.6713330681237, 1.70009201863465, -9.21555190649256
-98.6713330681237, 0.850119251172978, -9.25489890772483
-98.6713330681237, 1.67539647178966E-15, -9.29095519764732
-96.4786367777209, 7.03531172248755, -8.88178419700125E-16
-96.478636777721, 7.13951476147031, -0.855297378124003
-96.4786367777209, 7.23539020115605, -1.71156816938034
-96.478636777721, 7.32384871205061, -2.56863830318264
-96.478636777721, 7.40730010362076, -3.42621175826608
-96.4786367777209, 7.48778579969133, -4.28406908608986
-96.4786367777209, 7.56623677742917, -5.14211487151218
-96.4786367777209, 7.64181371108738, -6.00041813039432
-96.4786367777209, 7.70966207361294, -6.85935558637325
-96.4786367777209, 7.58229893830447, -7.57198569111377
-96.4786367777209, 7.50328218886974, -8.42589512139248
-96.4786367777209, 6.85011104964917, -8.9364741850143
-96.4786367777209, 6.01137815630358, -9.13036902362701
-96.4786367777209, 5.15671810568957, -9.23838170738031
-96.4786367777209, 4.29839521543092, -9.31364433541789
-96.478636777721, 3.43956848990813, -9.38302461067177
-96.4786367777209, 2.58045833459552, -9.448792281752
-96.4786367777209, 1.72077720965479, -9.50655259103488
-96.4786367777209, 0.860557885310452, -9.55570718109506
-96.4786367777209, 3.49116692860489E-15, -9.59854391931944
-94.2859404873182, 7.08803627037273, -8.88178419700125E-16
-94.2859404873182, 7.19303182298858, -0.864960166451726
-94.2859404873182, 7.28941088855664, -1.73092237434409
-94.2859404873182, 7.37781674356388, -2.59773622251791
-94.2859404873182, 7.4606603453553, -3.46510068139644
-94.2859404873182, 7.54008317101334, -4.33278586970977
-94.2859404873182, 7.61705424717874, -5.20069183197547
-94.2859404873182, 7.6904088905738, -6.06891027757389
-94.2859404873182, 7.70484609991472, -6.89244654827777
-94.2859404873182, 7.61800161738365, -7.65757655272766
-94.2859404873183, 7.53237208004137, -8.52096193414255
-94.2859404873182, 6.90295307088055, -9.07881009380513
-94.2859404873182, 6.06471153066967, -9.31314754761209
-94.2859404873182, 5.2054655299951, -9.45648579355877
-94.2859404873182, 4.34041221262259, -9.56057109355026
-94.2859404873183, 3.47407124935463, -9.65350270488516
-94.2859404873183, 2.60704799346298, -9.73982728912115
-94.2859404873182, 1.73896837071438, -9.81464684493671
-94.2859404873182, 0.869829218831567, -9.87609108878473
-94.2859404873182, 4.09806462890393E-15, -9.92684000387572
-92.0932441969155, 7.13780642972833, -8.88178419700125E-16
-92.0932441969154, 7.24180037858645, -0.874085052615995
-92.0932441969154, 7.33805118968023, -1.74905543981491
-92.0932441969154, 7.42631949435029, -2.62486815082164
-92.0932441969155, 7.50842801341362, -3.50128097831211
-92.0932441969155, 7.58640429049957, -4.37807198086446
-92.0932441969155, 7.66140528102381, -5.25512239865063
-92.0932441969155, 7.73192462448934, -6.13254327234155
-92.0932441969154, 7.6622656877281, -6.89082910371397
-92.0932441969154, 7.64863227792591, -7.73905955898128
-92.0932441969155, 7.55362551946267, -8.61045768056538
-92.0932441969155, 6.94194269928117, -9.20659190969516
-92.0932441969155, 6.10719425672025, -9.48230202692345
-92.0932441969154, 5.24577852619467, -9.6624541286441
-92.0932441969155, 4.37622273549949, -9.79902305142861
-92.0932441969155, 3.50401246439247, -9.91769461788514
-92.0932441969155, 2.63057357694038, -10.0269643456835
-92.0932441969155, 1.75529048564385, -10.1201066000523
-92.0932441969154, 0.878203177221271, -10.1945766792608
-92.0932441969155, 4.68656860840638E-15, -10.2544855657465
-89.9005479065127, 7.18520556014666, -8.88178419700125E-16
-89.9005479065127, 7.28712170463042, -0.88278920387842
-89.9005479065127, 7.38266045302019, -1.76628986436442
-89.9005479065127, 7.47047034284041, -2.6505919989857
-89.9005479065127, 7.55154356183427, -3.53553844519964
-89.9005479065127, 7.6277525935054, -4.42091802082775
-89.9005479065127, 7.7004638202193, -5.3065915955101
-89.9005479065127, 7.76781345020976, -6.19268708585821
-89.9005479065127, 7.65935934793872, -6.92868423232701
-89.9005479065127, 7.67451307495911, -7.81715695509731
-89.9005479065128, 7.56897476696277, -8.6956811086887
-89.9005479065127, 6.97242577657453, -9.32456860723902
-89.9005479065127, 6.14301045845811, -9.63954472150358
-89.9005479065127, 5.2806558939157, -9.85329793340554
-89.9005479065127, 4.40795409157232, -10.0206260670025
-89.9005479065127, 3.53097938909056, -10.1641584283858
-89.9005479065127, 2.65200788731355, -10.2949293542813
-89.9005479065127, 1.77029921894948, -10.4054808780816
-89.9005479065127, 0.885918991454809, -10.492389932588
-89.9005479065127, 6.00358430202501E-15, -10.5619224081776
-87.69785161611, 7.2309414564379, -8.88178419700125E-16
-87.69785161611, 7.33029728341867, -0.89106906498162
-87.6978516161099, 7.4245403194574, -1.78269177226501
-87.6978516161099, 7.51133719375187, -2.67506939469389
-87.69785161611, 7.59093443042483, -3.56811870818419
-87.6978516161099, 7.66510959688579, -4.4616362352917
-87.69785161611, 7.7353615670765, -5.35547065856755
-87.69785161611, 7.79947042977887, -6.2497636670507
-87.6978516161099, 7.68598073021625, -6.99506302814305
-87.69785161611, 7.69597785733661, -7.891539272788
-87.6978516161099, 7.58065461512235, -8.77676784614191
-87.6978516161099, 7.00000711002511, -9.43595125876962
-87.6978516161099, 6.17685288069993, -9.78657329906508
-87.6978516161099, 5.31343279291216, -10.0273922011179
-87.69785161611, 4.43770138401679, -10.2193424750318
-87.6978516161099, 3.55623831632293, -10.383262675729
-87.6978516161099, 2.67206018107057, -10.5318778008015
-87.6978516161099, 1.78431162360234, -10.6570960889719
-87.6978516161099, 0.893075664714392, -10.7547907100451
-87.69785161611, 5.26689546283419E-15, -10.8339899139802
-82.2261108901031, 7.34350426092527, -8.88178419700125E-16
-82.2261108901031, 7.43575529633751, -0.908482213315752
-82.2261108901031, 7.52329843567762, -1.81742852703502
-82.2261108901031, 7.60335365004576, -2.72706391729965
-82.2261108901031, 7.67593920214016, -3.63732656908443
-82.2261108901031, 7.74298813038293, -4.54801532072613
-82.2261108901031, 7.80584534261694, -5.45900265741791
-82.2261108901031, 7.86167906791471, -6.37044345816572
-82.2261108901031, 7.73627518232545, -7.13379706748876
-82.2261108901031, 7.72885925811031, -8.0468736667517
-82.2261108901031, 7.60004257919067, -8.94747112930912
-82.2261108901031, 7.06733606020455, -9.67407248478453
-82.2261108901031, 6.26334298625606, -10.0987809849651
-82.2261108901031, 5.39340993120279, -10.3752128155657
-82.2261108901031, 4.50653025500672, -10.5923250978033
-82.2261108901031, 3.61261681218779, -10.7786937774134
-82.2261108901031, 2.71539234071824, -10.9484485412022
-82.2261108901031, 1.81377048608468, -11.0926908816983
-82.2261108901031, 0.907711766779514, -11.2061745997132
-82.2261108901031, 5.25162421334035E-15, -11.30568548418
-76.7443701640961, 7.47644000055698, -8.88178419700125E-16
-76.7443701640962, 7.55722239581512, -0.91927559143952
-76.7443701640962, 7.62986150982462, -1.83922866431267
-76.7443701640962, 7.69343322070231, -2.75985341911166
-76.7443701640962, 7.74989308082802, -3.68094328721101
-76.7443701640962, 7.80185140541763, -4.60229924883887
-76.7443701640962, 7.85037620321403, -5.52384213716142
-76.7443701640962, 7.89293707574583, -6.44567670956016
-76.7443701640962, 7.75444738775861, -7.2175505210959
-76.7443701640962, 7.72708816439198, -8.13991970372264
-76.7443701640962, 7.59217234837507, -9.05037258790225
-76.7443701640962, 7.10263537996298, -9.82104507931366
-76.7443701640962, 6.32362988418646, -10.3048841276463
-76.7443701640962, 5.45054940200468, -10.6019401578424
-76.7443701640962, 4.55480948252777, -10.8233479620973
-76.7443701640962, 3.65101067836922, -11.0096325586938
-76.7443701640962, 2.74380645784652, -11.1786181191811
-76.7443701640962, 1.83241685949546, -11.3230152887396
-76.7443701640962, 0.916741460482123, -11.4375316486218
-76.7443701640962, 1.72951836323151E-15, -11.5432733833172
-71.2626294380893, 7.63198010752096, -8.88178419700125E-16
-71.2626294380893, 7.69599149561928, -0.922470036878668
-71.2626294380893, 7.74566094165586, -1.84582275296156
-71.2626294380893, 7.78296827252659, -2.76976215499281
-71.2626294380893, 7.81327080704081, -3.69396139082053
-71.2626294380893, 7.84044161634529, -4.61825870143739
-71.2626294380893, 7.86552008523167, -5.54261519180135
-71.2626294380893, 7.88717666388808, -6.46705738453222
-71.2626294380893, 7.73362502663774, -7.23802838873787
-71.2626294380893, 7.68315004754526, -8.16123772510803
-71.2626294380893, 7.53774225734054, -9.0729404252538
-71.2626294380893, 7.08432824098207, -9.8683490258949
-71.2626294380893, 6.32985355297191, -10.3926326351792
-71.2626294380893, 5.46454702802641, -10.716465731689
-71.2626294380893, 4.56987474297262, -10.9493535460077
-71.2626294380893, 3.66369633281253, -11.1332347331296
-71.2626294380893, 2.75308040484504, -11.293900236748
-71.2626294380893, 1.83835540428864, -11.4289050238998
-71.2626294380893, 0.919657373059381, -11.5339600931178
-71.2626294380894, 2.27370468812943E-16, -11.6303634211405
-65.7808887120825, 7.76583233108896, -8.88178419700125E-16
-65.7808887120825, 7.81328950231485, -0.918101372163793
-65.7808887120825, 7.83900926908082, -1.83707029746185
-65.7808887120825, 7.84770371189123, -2.75637033749305
-65.7808887120824, 7.84868181802424, -3.67571777380829
-65.7808887120825, 7.84779915509476, -4.59506568052293
-65.7808887120825, 7.84536630363542, -5.51441074728877
-65.7808887120825, 7.8411855986383, -6.43374949588572
-65.7808887120825, 7.66566242094406, -7.19616359821488
-65.7808887120824, 7.58259027167812, -8.1114909899153
-65.7808887120825, 7.4119866811229, -9.01405869714727
-65.7808887120824, 6.99510038484255, -9.82496914610257
-65.7808887120825, 6.2753044484525, -10.3880082825754
-65.7808887120825, 5.43010422119329, -10.7472527010773
-65.7808887120825, 4.54675195789062, -11.000756955226
-65.7808887120825, 3.64661909042112, -11.1872013416724
-65.7808887120825, 2.74031628825433, -11.341382202429
-65.7808887120825, 1.82973906373568, -11.4676003615894
-65.7808887120825, 0.915442207507167, -11.5637127565318
-65.7808887120825, 5.79747759137356E-17, -11.6483449188878
-60.2991479860756, 7.85125527016105, -8.88178419700125E-16
-60.2991479860756, 7.88596388228547, -0.907439312095859
-60.2991479860756, 7.89153615159814, -1.81552766014629
-60.2991479860756, 7.87432768476246, -2.72349294605209
-60.2991479860756, 7.8470190013521, -3.63122262762061
-60.2991479860756, 7.81714667838013, -4.53887216821616
-60.2991479860756, 7.78615382737739, -5.44648441645022
-60.2991479860756, 7.75512706075219, -6.35409561280154
-60.2991479860756, 7.5517298194575, -7.10193336155692
-60.2991479860756, 7.43000850593332, -8.00140554927101
-60.2991479860756, 7.21649069582337, -8.88361032118098
-60.2991479860756, 6.82784848946388, -9.69945266240257
-60.2991479860756, 6.1613570865273, -10.3089132765004
-60.2991479860756, 5.35024076981202, -10.7144830016421
-60.2991479860756, 4.48819440922487, -10.9985284453954
-60.2991479860756, 3.6022628173896, -11.1971630913481
-60.2991479860756, 2.70743644003012, -11.3518773862159
-60.2991479860756, 1.80785967983236, -11.4758226021924
-60.2991479860756, 0.904701367860557, -11.570684838864
-60.2991479860756, 1.84418646421785E-17, -11.6495547924548
-54.8174072600687, 7.89494560498081, -8.88178419700125E-16
-54.8174053609213, 7.91848879931566, -0.892442487735837
-54.8174064508912, 7.90570674964256, -1.78508457363752
-54.8174072131697, 7.86463969722856, -2.67691762540479
-54.8174072600687, 7.81045149558357, -3.56806814747537
-54.8174072600687, 7.75279711106981, -4.45900268914884
-54.8174072600687, 7.69313857388531, -5.34980539898495
-54.8174072600687, 7.63214168242366, -6.2405175507357
-54.8174072600687, 7.39497921115953, -6.96825256430512
-54.8174072600687, 7.23291411705889, -7.84572551373378
-54.8174072600687, 6.97068162961296, -8.69875026323766
-54.8174072600687, 6.59106838132594, -9.50483205897999
-54.8174072600687, 5.99147965945925, -10.1607217734281
-54.8174072600687, 5.23075083344514, -10.6245448812301
-54.8174072600687, 4.40081553365111, -10.9516686103547
-54.8174072600687, 3.53710094738452, -11.1761653124326
-54.8174072600687, 2.65964810899918, -11.3406280408719
-54.8174072600687, 1.77634934791638, -11.4700410017371
-54.8174072600687, 0.889238462347671, -11.5705015044698
-54.8174072600687, 3.56335262355498E-18, -11.649913976623
-49.3356665340619, 7.90973992442256, -8.88178419700125E-16
-49.3356690395621, 7.91644114375807, -0.874080734434112
-49.3356671316317, 7.88384288022259, -1.74758504124716
-49.335666571097, 7.81956939869254, -2.61936542885827
-49.3356665340619, 7.73832934270928, -3.48975458297256
-49.3356665340618, 7.65133990730867, -4.35959195200042
-49.3356665340618, 7.56147130359113, -5.22913668009515
-49.3356665340618, 7.46799146113705, -6.09829978213746
-49.3356665340618, 7.19040010543245, -6.79920702579178
-49.3356665340618, 6.98132211439458, -7.64774637571351
-49.3356665340619, 6.67957807232166, -8.46773231106869
-49.3356665340619, 6.29233961496029, -9.25081166000471
-49.3356665340618, 5.76034241978796, -9.94132743595033
-49.3356665340618, 5.06917097676176, -10.4730363680638
-49.3356665340618, 4.28468564160617, -10.8565161507552
-49.3356665340618, 3.4531357059613, -11.1242684529132
-49.3356665340619, 2.59935726482683, -11.3113687919354
-49.3356665340619, 1.73717043137731, -11.4551356972012
-49.3356665340619, 0.870120934490088, -11.5663342926289
-49.3356665340618, 7.31594567499259E-20, -11.6499982338477
-43.853925808055, 7.90003771928567, -8.88178419700125E-16
-43.853925808055, 7.87754063386075, -0.851844177063936
-43.853925808055, 7.82043765269907, -1.70205542418001
-43.853925808055, 7.73087686035358, -2.54948953921525
-43.853925808055, 7.62120630068178, -3.39458468419203
-43.853925808055, 7.50287366258746, -4.23851818388919
-43.853925808055, 7.37971738324217, -5.08176131891011
-43.853925808055, 7.24886928369907, -5.92383880529158
-43.853925808055, 6.92017618542176, -6.5879678658744
-43.853925808055, 6.65219018311632, -7.39681565369445
-43.853925808055, 6.32256568302951, -8.18231947528507
-43.853925808055, 5.9258678590986, -8.93628138391241
-43.853925808055, 5.44870751729547, -9.64133199477041
-43.853925808055, 4.84656129076521, -10.2420386377606
-43.853925808055, 4.12959951944636, -10.6999691300028
-43.853925808055, 3.34440631840402, -11.0293644908496
-43.853925808055, 2.52436445755155, -11.2599984454583
-43.853925808055, 1.6897353660211, -11.4314716947495
-43.853925808055, 0.847318390739083, -11.5597958345819
-43.853925808055, -8.86452218701581E-16, -11.65
-38.3721850820481, 7.84995456788255, -8.88178419700125E-16
-38.3721850820481, 7.78523965611579, -0.824224445792545
-38.3721850820481, 7.69343461395003, -1.64585803251333
-38.3721850820481, 7.5735150421126, -2.46387113296119
-38.3721850820481, 7.43251966964244, -3.27853630308707
-38.3721850820481, 7.27969304499086, -4.09107642634146
-38.3721850820481, 7.11945881267808, -4.90218769964409
-38.3721850820481, 6.90073943184166, -5.65242715755262
-38.3721850820481, 6.5598506533083, -6.32827311819141
-38.3721850820481, 6.23586667024443, -7.0888799057326
-38.3721850820481, 5.88065500284786, -7.83537562896398
-38.3721850820481, 5.48343268355359, -8.56036216546767
-38.3721850820481, 5.04190577863945, -9.25916357991508
-38.3721850820481, 4.52900112264501, -9.90675192784117
-38.3721850820481, 3.91317946024731, -10.4562710788114
-38.3721850820481, 3.19699341134454, -10.8670117077725
-38.3721850820481, 2.42814631532763, -11.1695033694636
-38.3721850820481, 1.63180094690824, -11.3909391353629
-38.3721850820481, 0.82042487331706, -11.5489936889498
-38.3721850820481, -8.51798964372083E-16, -11.65
-32.8804443560413, 7.71974839563554, -8.88180102988344E-16
-32.8804443560412, 7.59822518963588, -0.788137874123305
-32.8804443560412, 7.4586978647399, -1.57328023882254
-32.8804443560412, 7.2989315157309, -2.3545550758662
-32.8804443560412, 7.12093185848456, -3.13188605390771
-32.8804443560412, 6.9297275477371, -3.90608484999123
-32.8804443560412, 6.72921489249008, -4.67792331491107
-32.8804443560412, 6.39265366938181, -5.28255606708636
-32.8804443560412, 6.07537677139284, -6.01362125848073
-32.8804443560412, 5.70973943572128, -6.72229376389074
-32.8804443560412, 5.33356742492764, -7.42545528714145
-32.8804443560412, 4.94472989957779, -8.1216776075974
-32.8804443560412, 4.53553521501328, -8.80610559998937
-32.8804443560412, 4.09189884915351, -9.46857195246439
-32.8804443560412, 3.5843456836052, -10.0829340892518
-32.8804443560412, 2.97989111356066, -10.6006300041369
-32.8804443560412, 2.28747001203702, -10.9951146276559
-32.8804443560412, 1.5538180591109, -11.3065747896841
-32.8804443560412, 0.787018965002391, -11.5236211163003
-32.8804443560412, 2.24588609274902E-16, -11.65
-30.6977480656385, 7.63159602066026, -8.89386262364464E-16
-30.6977480656385, 7.48323780888771, -0.770215695451421
-30.6977480656385, 7.31988459553012, -1.53738587925969
-30.6977480656385, 7.13975935059137, -2.30079142784919
-30.6977480656385, 6.94397687753253, -3.06033647296706
-30.6977480656385, 6.73596085605783, -3.81663005717873
-30.6977480656385, 6.51891482627236, -4.57037972910525
-30.6977480656385, 6.17056421094733, -5.16117439733407
-30.6977480656385, 5.83405916139601, -5.86919193710425
-30.6977480656385, 5.45468467825394, -6.55570686441058
-30.6977480656385, 5.07266482751188, -7.24077499262671
-30.6977480656385, 4.68944163400165, -7.92516959633171
-30.6977480656385, 4.29782041628618, -8.60477848474921
-30.6977480656385, 3.88211741417253, -9.2698225082766
-30.6977480656385, 3.41235359363186, -9.89747556802043
-30.6977480656385, 2.85815148433699, -10.4509379481946
-30.6977480656385, 2.20590845922685, -10.8852304001336
-30.6977480656385, 1.51054561316839, -11.247341474413
-30.6977480656385, 0.770074657781006, -11.5034676288297
-30.6977480656385, 4.05938689235457E-16, -11.65
-28.5050517752357, 7.51069337658319, -8.96746135422464E-16
-28.5050517752357, 7.33355498291261, -0.749975773172607
-28.5050517752357, 7.14376481403881, -1.49684733979576
-28.5050517752357, 6.94035056110081, -2.24012373422874
-28.5050517752357, 6.72425909308809, -2.97981676483078
-28.5050517752357, 6.49783793484446, -3.7164179036836
-28.5050517752357, 6.26339954671604, -4.45050502715308
-28.5050517752357, 5.90409724036349, -5.02685434558849
-28.5050517752357, 5.55143851086668, -5.71154868860568
-28.5050517752357, 5.15995743721188, -6.37530555518153
-28.5050517752357, 4.77175231165426, -7.04098879184054
-28.5050517752357, 4.39438807829513, -7.71288186460312
-28.5050517752357, 4.02318517336868, -8.38820482985341
-28.5050517752357, 3.64217245866211, -9.05799045262231
-28.5050517752357, 3.21397454283362, -9.69828969590356
-28.5050517752357, 2.70960383679821, -10.279900150664
-28.5050517752357, 2.10515189608829, -10.7562279403965
-28.5050517752357, 1.45626257472129, -11.1715536684899
-28.5050517752357, 0.750190036890009, -11.4768873485008
-28.5050517752357, 1.50407876962869E-15, -11.65
-26.312355484833, 7.34821634149442, -9.16455820650833E-16
-26.312355484833, 7.14116356374006, -0.728168924802644
-26.312355484833, 6.92306634263513, -1.45310537470992
-26.312355484833, 6.69385461356559, -2.17460543942079
-26.312355484833, 6.45479688959076, -2.89290554022181
-26.312355484833, 6.2078363852149, -3.60852933214263
-26.312355484833, 5.95436846410168, -4.32187307470838
-26.312355484833, 5.58306388513489, -4.88180828793303
-26.312355484833, 5.21826733749986, -5.5446588795042
-26.312355484833, 4.81788529358788, -6.18714378404349
-26.312355484833, 4.42415289434783, -6.83369976153516
-26.312355484833, 4.05140477826739, -7.49257655747362
-26.312355484833, 3.70150390049366, -8.16385508426552
-26.312355484833, 3.36297802221015, -8.84098236105762
-26.312355484833, 2.98877000058326, -9.49871523078425
-26.312355484833, 2.54099078660844, -10.1083920016898
-26.312355484833, 1.99178008495182, -10.6277734816045
-26.312355484833, 1.39378998045007, -11.0918578395731
-26.312355484833, 0.728755070414826, -11.449601060159
-26.312355484833, 1.6176716387275E-15, -11.65
-24.1196591944302, 7.13647569985575, -9.54683354986456E-16
-24.1196591944302, 6.89899371869542, -0.705779730366791
-24.1196591944302, 6.65147194985988, -1.40810151568808
-24.1196591944302, 6.39465820062013, -2.10708062907786
-24.1196591944302, 6.13033444068691, -2.80325661329857
-24.1196591944302, 5.8605156743526, -3.49732285452828
-24.1196591944302, 5.58582584921988, -4.18947457007544
-24.1196591944302, 5.2053741609801, -4.73891464159174
-24.1196591944302, 4.82853730617828, -5.37488190516093
-24.1196591944302, 4.42331879267519, -5.99964167937719
-24.1196591944302, 4.02852448939792, -6.63099194826241
-24.1196591944302, 3.66126534185848, -7.27871742513539
-24.1196591944302, 3.32980306581176, -7.94541800504974
-24.1196591944302, 3.04070206981811, -8.63159123432616
-24.1196591944302, 2.73829997178239, -9.31184982110927
-24.1196591944302, 2.36407263171141, -9.95504109673179
-24.1196591944302, 1.87858261569315, -10.5179767155902
-24.1196591944302, 1.33094120116941, -11.0223922198875
-24.1196591944302, 0.707881234449866, -11.4262417556524
-24.1196591944302, 1.60469819289173E-15, -11.65
-21.9269629040275, 6.87053386222144, -1.01665048356142E-15
-21.9269629040275, 6.60279081173648, -0.683594518872074
-21.9269629040275, 6.32574357872646, -1.36347257539402
-21.9269629040275, 6.04078132913774, -2.04007338077854
-21.9269629040275, 5.75011284322843, -2.7142444534523
-21.9269629040275, 5.4560173961063, -3.38692852754411
-21.9269629040275, 5.15849994344978, -4.05810536488179
-21.9269629040275, 4.78646574393469, -4.62666422741913
-21.9269629040275, 4.38096157984024, -5.20756762483952
-21.9269629040275, 3.98122044907186, -5.82335773828459
-21.9269629040275, 3.5890620035048, -6.44392589327261
-21.9269629040275, 3.22999974033576, -7.08417649825091
-21.9269629040275, 2.91766238955302, -7.74831914275746
-21.9269629040275, 2.67628458677416, -8.44128103533684
-21.9269629040275, 2.46393307875823, -9.14399800581438
-21.9269629040275, 2.18878649411073, -9.82401166537223
-21.9269629040275, 1.77445217762669, -10.4277989539692
-21.9269629040275, 1.27154912206336, -10.9623085487505
-21.9269629040275, 0.687427763546469, -11.4036631074126
-21.9269629040275, 1.5185581278832E-15, -11.65
-19.734266613625, 6.54938406432547, -2.80341813224717E-07
-19.7342666136249, 6.2524786807845, -0.662888331656262
-19.7342666136248, 5.94694094107352, -1.32184363122307
-19.7342666136247, 5.63461312324376, -1.97761024457683
-19.7342666136248, 5.31795088147254, -2.63129670163178
-19.7342666136247, 4.99935682812421, -3.28404433906645
-19.7342666136247, 4.67839600877058, -3.93563058765702
-19.7342666136247, 4.31191469674633, -4.52421244294635
-19.7342666136247, 3.88076149313465, -5.05315976162942
-19.7342666136247, 3.48936965899725, -5.66503615187942
-19.7342666136247, 3.10527612926209, -6.28143310488733
-19.7342666136247, 2.75799691473325, -6.91923089574569
-19.7342666136247, 2.46665566442902, -7.58418037160014
-19.7342666136247, 2.27380828017653, -8.28358695966315
-19.7342666136247, 2.16910232863788, -9.00223253017903
-19.7342666136247, 2.02587852781719, -9.71325666407632
-19.7342666136247, 1.68273786907501, -10.3497089214573
-19.7342666136247, 1.21650548971434, -10.9060849421043
-19.7342666136247, 0.666861925700283, -11.3784047890791
-19.7342666136247, 1.39133688368756E-15, -11.65
-17.541570323241, 6.17812923659258, -3.496680034415E-06
-17.541570323231, 5.85286718653462, -0.645034986639936
-17.5415703232253, 5.51948468916824, -1.28590962259293
-17.5415703232227, 5.18017256801015, -1.9236669414063
-17.541570323222, 4.83750945626218, -2.55963144143667
-17.541570323222, 4.49398923591383, -3.19513382981419
-17.541570323222, 4.14882444735354, -3.82974369662779
-17.541570323222, 3.77844047305507, -4.43098581515994
-17.541570323222, 3.33136578762418, -4.92393611390375
-17.541570323222, 2.94370576297686, -5.53351020935027
-17.541570323222, 2.57459705842702, -6.15442225239846
-17.541570323222, 2.24399615337358, -6.79654910473519
-17.541570323222, 1.97921265517613, -7.46811015966864
-17.541570323222, 1.84095015158606, -8.17560072128485
-17.541570323222, 1.86958480854593, -8.89597571516143
-17.541570323222, 1.88709270532912, -9.61539470307406
-17.541570323222, 1.60411495827396, -10.2741952354455
-17.541570323222, 1.16660977904894, -10.8482547015173
-17.541570323222, 0.645788973741554, -11.3471815621289
-17.541570323222, 3.52500210857868E-16, -11.65
-15.3488740330065, 5.76106503171521, -1.36247306975404E-05
-15.3488740329088, 5.4067064463916, -0.63084625056156
-15.3488740328526, 5.04468401322485, -1.25731555656652
-15.3488740328268, 4.67756461953127, -1.88081382401842
-15.3488740328196, 4.30800245530287, -2.50286858860743
-15.3488740328192, 3.93854157447851, -3.12498341897557
-15.3488740328192, 3.56793743372102, -3.74641741849085
-15.3488740328192, 3.17993592154793, -4.34619363953934
-15.3488740328192, 2.72582973885845, -4.82807700596784
-15.3488740328192, 2.34542113577841, -5.44352841111479
-15.3488740328192, 1.99426317995398, -6.07605898852644
-15.3488740328192, 1.68754306558029, -6.73113586111138
-15.3488740328192, 1.45891347141036, -7.41684304896884
-15.3488740328192, 1.39112404678687, -8.1344144117977
-15.3488740328192, 1.59709494042939, -8.8221576908328
-15.3488740328192, 1.77578186608023, -9.51573509603672
-15.3488740328192, 1.53660416163071, -10.1910100396907
-15.3488740328192, 1.1219157318176, -10.7829502276892
-15.3488740328192, 0.623381360990298, -11.3062769545071
-15.3488740328192, -7.06635560277056E-16, -11.65
-13.1561777433787, 5.2987480673675, -3.54703485265298E-05
-13.1561777428431, 4.91333825702648, -0.620434201554051
-13.1561777425506, 4.5204323205551, -1.23611619902189
-13.1561777424363, 4.12309108024306, -1.84894814541813
-13.1561777424165, 3.72480736241744, -2.46116861856926
-13.1561777424165, 3.32803588502893, -3.07437012730345
-13.1561777424165, 2.930204021223, -3.6868835051572
-13.1561777424165, 2.51056097214404, -4.26893220824904
-13.1561777424165, 2.05999551865728, -4.77256832896244
-13.1561777424165, 1.69215679935542, -5.40344955233688
-13.1561777424165, 1.36513188402888, -6.05635114264266
-13.1561777424165, 1.09376894988028, -6.73412076028386
-13.1561777424165, 0.915098955780321, -7.44125983530283
-13.1561777424165, 0.951957472511703, -8.16445234765379
-13.1561777424165, 1.37540775622769, -8.74950021733086
-13.1561777424165, 1.6810382908519, -9.39777996266163
-13.1561777424165, 1.47509833227382, -10.090199168845
-13.1561777424165, 1.08074749114146, -10.7037700415244
-13.1561777424165, 0.598483432369329, -11.2515704406911
-13.1561777424165, -8.84513185120848E-16, -11.65
-11.1142738748178, 4.82436422378598, -0.000144797152725933
-11.2539742254295, 4.44312259195565, -0.613314514685438
-11.3949652015635, 4.05835884884892, -1.22398587983318
-11.5359292612291, 3.67366856066402, -1.8347099036454
-11.6758673291471, 3.29177819936821, -2.44742261289327
-11.813991898277, 2.9148368681518, -3.06359954151178
-11.9516649265664, 2.5391277898693, -3.68063285290538
-12.1025142312593, 2.12746071222913, -4.23458342018892
-12.2445433029821, 1.73986401090475, -4.8017351515129
-12.3630148305325, 1.41655574223543, -5.45144875912247
-12.4667167895917, 1.13355355990298, -6.12208907551084
-12.5507790146387, 0.904148123825717, -6.81542113028235
-12.6008506155358, 0.767502948986854, -7.53505595291479
-12.5617370375728, 0.874243728262336, -8.25132853575003
-12.384208681573, 1.35871781756272, -8.76868884526901
-12.2792090685371, 1.64526129179215, -9.41594958187116
-12.3606766311004, 1.42293667802515, -10.1060519570191
-12.5015091816103, 1.03860527773762, -10.715765786684
-12.6724089771357, 0.57222050031737, -11.257392099673
-12.8820907061161, 0, -11.6498764529337
-9.59782935385997, 4.43997416019324, -0.00023123813513403
-9.856575567498, 4.06847424296796, -0.608279900791387
-10.1158171610362, 3.6962630743998, -1.21568270620836
-10.3731284190433, 3.32682342267801, -1.82558964492236
-10.6263488744832, 2.96325722044064, -2.44071250279836
-10.8748720318874, 2.60643525537261, -3.06167295108718
-11.1220698102726, 2.2515162290528, -3.68425736019344
-11.3994297259476, 1.85329132648846, -4.21258037406517
-11.6344939111508, 1.51579334297098, -4.83290463363339
-11.8376446237217, 1.22411574953615, -5.50234446501117
-12.0137562880008, 0.971259996471365, -6.19476861982324
-12.1535222528899, 0.77058828940685, -6.911928925038
-12.2238916681886, 0.669554030427418, -7.65784486033293
-12.0860074534964, 0.867523977985756, -8.35424223524385
-11.7365871357465, 1.36921100673781, -8.79989129858162
-11.5706134574661, 1.60751094889269, -9.46380785969486
-11.7418054113256, 1.36171876591064, -10.1554908486094
-12.0058878905933, 0.982557201344381, -10.7550669195833
-12.3181229030291, 0.534259699155582, -11.2798994945425
-12.6902297807059, 0, -11.6494564824987
-8.38872987405206, 4.10963898124361, -0.000327343724426218
-8.74841031518355, 3.74995854011212, -0.604186955990533
-9.10668143743275, 3.39168741786292, -1.20971792071397
-9.46037633765417, 3.0379925176415, -1.82059892454107
-9.80708978533554, 2.69127906996014, -2.43942894744002
-10.1462922342217, 2.35207662107402, -3.0665302035878
-10.4833231294597, 2.01504572583599, -3.6959798966062
-10.8621784952922, 1.6361903600035, -4.21222182043635
-11.1659738418889, 1.33239501340672, -4.87433445357782
-11.433599838223, 1.06476901707264, -5.56707604851163
-11.6633126901957, 0.835056165099937, -6.28644643389198
-11.8412410105175, 0.65712784477812, -7.034265545241
-11.899794885809, 0.598573969486667, -7.81491879129692
-11.5963869013592, 0.901981953936441, -8.43780244481698
-11.1137923087755, 1.38457654652013, -8.830452415212
-10.9368670793247, 1.56150177597097, -9.52175766991111
-11.2001203657941, 1.29824848950161, -10.2139816791703
-11.5735596332594, 0.924809222036254, -10.7993975968608
-12.0024603304511, 0.495908524844582, -11.3040697021768
-12.4983688552957, 0, -11.6487052216131
-7.25059250313142, 3.77615715974621, -0.000444224719287589
-7.71173569674133, 3.4317389831676, -0.601084782161064
-8.16911126125723, 3.0901347697149, -1.20619074686179
-8.61892181968584, 2.75418070059587, -1.82005690970456
-9.0586283588787, 2.42577311146293, -2.44521893231368
-9.48802950345119, 2.105062405366, -3.08144716378854
-9.9146519401914, 1.78642705785205, -3.72059656244327
-10.3820488886023, 1.43733808301559, -4.25356002031513
-10.7582371904604, 1.15637093274304, -4.93987443506074
-11.0863173024745, 0.911334780160938, -5.66375623170234
-11.3651867234356, 0.703053060291925, -6.41902652817936
-11.5704223428954, 0.549766881935917, -7.20951247776283
-11.551110441528, 0.564190535905916, -8.02653879968497
-11.024057787568, 0.957835105647473, -8.49653743482328
-10.4293224766203, 1.40203043191913, -8.8630070127843
-10.2952637294609, 1.50215609763614, -9.59574276787379
-10.6647423044967, 1.22620030155786, -10.2843114025542
-11.1526371482974, 0.86180187869814, -10.8495883579562
-11.6963309388052, 0.455728393198047, -11.3299739410176
-12.3065079298855, 0, -11.6475842847707
-6.10814542427083, 3.41579684194452, -0.000592021744100512
-6.67927751034726, 3.09100359084766, -0.599865484359756
-7.24395515107302, 2.7698808747121, -1.20716831023258
-7.79777160422203, 2.4549347340305, -1.82755143934923
-8.33814226516133, 2.14763499016643, -2.463429389699
-8.86610174700465, 1.8473932759715, -3.11297597303863
-9.3888289916384, 1.55012704743959, -3.76811195624942
-9.94832984598549, 1.23194828300829, -4.32546108661655
-10.3983925149512, 0.976005181553543, -5.04793016000973
-10.7883248853752, 0.754257173718896, -5.81547372553074
-11.1154377258547, 0.568233580359352, -6.62076075732023
-11.3241797079807, 0.449525511476584, -7.47436323542561
-11.0512801865704, 0.604718898334878, -8.24985179449731
-10.3215466148358, 1.01970615780828, -8.53410811147883
-9.62154355281539, 1.41778617438252, -8.89895431290179
-9.60997941977542, 1.42436250314733, -9.69217050156702
-10.1079999691228, 1.14114655839662, -10.3684099047195
-10.7226985764394, 0.791577756393858, -10.9062669290442
-11.38833015565, 0.413044226383705, -11.357587765542
-12.1146470044753, 0, -11.6460510535207
-4.92107618520035, 3.00878195142947, -0.00078503431694334
-5.61806647620475, 2.70927056925506, -0.602516695945766
-6.30563451603503, 2.41380812651178, -1.21693573898845
-6.97868694867497, 2.12458334536692, -1.85008801586404
-7.6346759304645, 1.84269108780931, -2.5041113890545
-8.27588940817433, 1.56714817500779, -3.17530054964432
-8.91150281348898, 1.29401173105527, -3.85278549187144
-9.56950913898591, 1.0112525784922, -4.45174506263661
-10.097611422087, 0.784315924162141, -5.23035856102933
-10.5548825845717, 0.587816891576023, -6.06055252577462
-10.9252798235205, 0.428649410446181, -6.9399994611534
-11.0169847800826, 0.389241862526718, -7.88428511496538
-10.2925236195663, 0.700558054901821, -8.36967857143163
-9.42031036764218, 1.07536642742328, -8.55928951348175
-8.62004002889952, 1.41925941756034, -8.95409292343748
-8.85008130803024, 1.32040584333002, -9.81853053904883
-9.50631165695281, 1.03840986524063, -10.4680374987665
-10.2662006348774, 0.71186959485996, -10.9703639469188
-11.0688504519168, 0.366954092870553, -11.3870304027262
-11.9227860790652, 0, -11.6440584238907
-3.66681015684857, 2.53327507141132, -0.0010452425598517
-4.51472844032946, 2.26690855121825, -0.613131895809579
-5.35025746959708, 2.00443401283153, -1.24363257948507
-6.16798392005831, 1.74755200742764, -1.89924187382358
-6.96288332641794, 1.49784092924881, -2.58498613277008
-7.74025574249561, 1.25363581019579, -3.29253057282554
-8.5152292586995, 1.01018428570973, -4.0029711139327
-9.27697615748616, 0.77088779375923, -4.67881323376099
-9.89346701534673, 0.577222286435772, -5.54252459181842
-10.4249784787508, 0.410252353474246, -6.46615943661739
-10.7856627032339, 0.29694638562826, -7.47166382551036
-10.2394864937424, 0.468523127360077, -8.24340785800602
-9.22180181055626, 0.788220358797587, -8.3993238750576
-8.20484095371851, 1.10769020617061, -8.56366283258368
-7.41354588524138, 1.35626901139571, -9.10680562982047
-7.97792364819865, 1.17897440208956, -9.9836361594825
-8.82932821876257, 0.91151269362565, -10.5859021892336
-9.76109920084525, 0.618804541260589, -11.0439424680601
-10.7261622189406, 0.315637970961166, -11.4188501481937
-11.730925153655, 0, -11.6415546548921
-2.34718957171181, 1.96347258292443, -0.00140772806163845
-3.38427024040382, 1.74194220578743, -0.636124687292557
-4.40463934275216, 1.52398157949665, -1.29849611787441
-5.40112222425015, 1.31112327906451, -1.99782274407935
-6.37203514380274, 1.10372696773712, -2.73382459419435
-7.32525376246322, 0.90011032878058, -3.49370896416757
-8.29920742987509, 0.692064484547618, -4.19151652149189
-9.13335197151935, 0.513883210442605, -5.08382302806402
-9.85748345045951, 0.359201781630796, -6.0728018925048
-10.4457471297818, 0.23354301788138, -7.14978618735193
-10.1099499752069, 0.305272510620178, -8.15360644944061
-8.91317316117892, 0.56091551599489, -8.30339477940611
-7.70610348098336, 0.818757176298532, -8.36519824204867
-6.50809169323142, 1.0746639839049, -8.52200567369029
-6.06154316565713, 1.17005103209689, -9.37220133689751
-6.94667936070791, 0.980977451779837, -10.1983623759147
-8.03678776554552, 0.748119841630315, -10.7287793538959
-9.17889510284606, 0.504154760801816, -11.1324303957509
-10.345467181127, 0.254963776666508, -11.4545411566785
-11.5390642282448, 0, -11.638483379225
-1.04583184977507, 1.26924790918573, -0.00194137300063496
-2.31003880413121, 1.11348301507368, -0.674065934535319
-3.5523015995206, 0.960421894727521, -1.38640442423417
-4.76343144812217, 0.81119671290637, -2.15119081096212
-5.94330631006167, 0.665822506331887, -2.96415384209314
-7.10666011220017, 0.522483885087522, -3.8010249872317
-8.23447571163685, 0.383523980762652, -4.65808994247122
-9.20135764203707, 0.264392962705293, -5.71812710445189
-10.0540815854969, 0.159327526779518, -6.87243241034725
-9.98654873948793, 0.1676483531849, -8.08588872252255
-8.57052539374673, 0.342118779683933, -8.23039392858312
-7.14113145902484, 0.518236617130687, -8.21990175154037
-5.71211919133125, 0.694307428792587, -8.2486492268785
-4.32211266280983, 0.865572283002953, -8.51442438994718
-4.54039708193792, 0.838677122115647, -9.75314446879376
-5.76654927572961, 0.687601013910429, -10.4758263437925
-7.12638416828297, 0.520053653631659, -10.917287659321
-8.51728379924299, 0.348678758888014, -11.2486448655771
-9.92498025933272, 0.175234300848745, -11.4975998206136
-11.3472033028345, 0, -11.6347838551769
-0.130156610003772, 0.438741065879703, -0.00278818559892496
-1.56845483811869, 0.381504796943467, -0.717618429096964
-2.97825675260288, 0.325402522778814, -1.48701802667255
-4.34759827144336, 0.270910347299581, -2.32636976579854
-5.67962810143083, 0.217902969490199, -3.22406039151446
-6.99795612481501, 0.165440847367244, -4.13530299158069
-8.21228421273372, 0.117117344175535, -5.18591813279659
-9.35125255392193, 0.0717927397146457, -6.31860501791182
-10.2179236636108, 0.0373040504124047, -7.64264597582233
-8.86963120766575, 0.0909585902739418, -8.18930534555726
-7.26438105814786, 0.154838617010927, -8.1504533018527
-5.65919682402687, 0.21871602068177, -8.10186437606484
-4.05388048832094, 0.282598681260834, -8.12364818127982
-2.71413717650632, 0.335913012740691, -8.80985225888199
-3.32388489362182, 0.311648445324919, -10.163371532685
-4.80298359770235, 0.25278854439815, -10.775628408593
-6.36734921739424, 0.190535494527792, -11.1362160713284
-7.95447064560955, 0.127376890057526, -11.3800717992154
-9.55192780957855, 0.0638069807968573, -11.5438063532585
-11.1553423774242, 0, -11.630391555896
