-109.579997112876, 5.97309766952464, -8.88178419700125E-16
-109.579997112877, 6.12738641074947, -0.757523253989468
-109.579997112877, 6.24873571802509, -1.52102536948342
-109.579997112877, 6.34207556046459, -2.28847838262054
-109.579997112877, 6.41633276957362, -3.05803321875425
-109.579997112877, 6.48096726281, -3.82846462808848
-109.579997112877, 6.54023784134868, -4.59932826949101
-109.579997112877, 6.59584927179767, -5.37046519497394
-109.579997112877, 6.64948662513512, -6.14174230536676
-109.579997112877, 6.70379629232025, -6.91293169564008
-109.579997112877, 6.70272059092393, -7.67812134908039
-109.579997112877, 6.15439754432422, -8.20448089295309
-109.579997112877, 5.4059303899836, -8.38286890406805
-109.579997112877, 4.63596009833794, -8.45205461047463
-109.579997112877, 3.86391600111175, -8.49282011231287
-109.579997112877, 3.09131619157452, -8.5216382532861
-109.579997112877, 2.31856841216495, -8.5462588532005
-109.579997112877, 1.54581382631752, -8.5706680570885
-109.579997112877, 0.772991347051286, -8.59272197308101
-109.579997112877, 8.88178617076276E-16, -8.60778932718939
-107.442118229735, 6.29081496231351, -8.88178419700125E-16
-107.442118229735, 6.4059261144657, -0.779269897729876
-107.442118229735, 6.50819816191439, -1.5603254499426
-107.442118229735, 6.59670436734261, -2.34306123565063
-107.442118229735, 6.67342764435652, -3.12704371660923
-107.442118229735, 6.74159684822866, -3.91181877670538
-107.442118229735, 6.8038587139354, -4.69708654661578
-107.442118229735, 6.86350335915698, -5.48255836867896
-107.442118229735, 6.92384948372337, -6.26797636054996
-107.442118229735, 6.95560051527288, -7.02620264829501
-107.442118229735, 6.93014182123783, -7.80487676929164
-107.442118229735, 6.28472963502615, -8.2289192854598
-107.442118229735, 5.51191950125681, -8.37163701671368
-107.442118229735, 4.72549058935662, -8.41562722508296
-107.442118229735, 3.93809447387013, -8.43848570486813
-107.442118229735, 3.15054864716635, -8.45563541295352
-107.442118229735, 2.36295324474466, -8.47036113041348
-107.442118229735, 1.5753302716559, -8.48353308294302
-107.442118229735, 0.787680378174472, -8.49495346020629
-107.442118229735, 9.1992277104126E-18, -8.504066840036
-105.249421939332, 6.50486226792679, -8.88178419700125E-16
-105.249421939332, 6.60270968511666, -0.794904389421959
-105.249421939332, 6.69721986044381, -1.59021107224786
-105.249421939332, 6.78509760529227, -2.38627614797895
-105.249421939332, 6.86531037735138, -3.18315051051882
-105.249421939332, 6.93921443484962, -3.98063592298974
-105.249421939332, 7.00869236598645, -4.77852003943852
-105.249421939332, 7.07576480653092, -5.57661048016246
-105.249421939332, 7.14245607938947, -6.37473294417367
-105.249421939332, 7.12821417236456, -7.10585745566225
-105.249421939332, 7.09050434298907, -7.89673811565783
-105.249421939332, 6.39712867878106, -8.26193765529864
-105.249421939332, 5.60471243558915, -8.37021100941763
-105.249421939332, 4.80455336900075, -8.40408824386059
-105.249421939332, 4.0039206870722, -8.42483419194577
-105.249421939332, 3.20319176660745, -8.44156449430305
-105.249421939332, 2.40242676599596, -8.45648805489376
-105.249421939332, 1.60163798051462, -8.47006882447653
-105.249421939332, 0.800829169725259, -8.48240571676182
-105.249421939332, 5.76444958333931E-17, -8.49335141160777
-103.056725648929, 6.66167288276152, -8.88178419700125E-16
-103.056725648929, 6.75433923489474, -0.808893891747078
-103.056725648929, 6.84588602134894, -1.61791503116839
-103.056725648929, 6.93439181552639, -2.42727394443912
-103.056725648929, 7.01793221597186, -3.2371593833761
-103.056725648929, 7.0965970213863, -4.04753423473081
-103.056725648929, 7.17236961792854, -4.85818486431983
-103.056725648929, 7.24530260421505, -5.66909577198261
-103.056725648929, 7.31543657789612, -6.48025356544597
-103.056725648929, 7.26036606540615, -7.19154914589107
-103.056725648929, 7.21391924456568, -7.99645089213951
-103.056725648929, 6.50501303440377, -8.35113734197807
-103.056725648929, 5.6973057739818, -8.44660599605896
-103.056725648929, 4.8837750986772, -8.47888639486402
-103.056725648929, 4.06993718899854, -8.50259628048801
-103.056725648929, 3.25601582931755, -8.52328600778561
-103.056725648929, 2.4420566376286, -8.54243728265635
-103.056725648929, 1.62806462282401, -8.5601355117946
-103.056725648929, 0.814046370013318, -8.5765797324189
-103.056725648929, 1.04820159142802E-15, -8.59157287229102
-100.864029358526, 6.78667818629338, -8.88178419700125E-16
-100.864029358526, 6.88093542757844, -0.822576013733998
-100.864029358526, 6.97290415690285, -1.64541080304063
-100.864029358526, 7.06157765301117, -2.46860688513108
-100.864029358526, 7.14594737747856, -3.29225488494871
-100.864029358526, 7.22596793593785, -4.11633724194513
-100.864029358526, 7.3038850824982, -4.9406215793886
-100.864029358526, 7.37990387775451, -5.76508307258606
-100.864029358526, 7.45273925320649, -6.58983098399869
-100.864029358526, 7.36862213517535, -7.29307401581288
-100.864029358526, 7.31482735807811, -8.11315670646193
-100.864029358526, 6.61294255336706, -8.49716708161357
-100.864029358526, 5.79261092913388, -8.60349294637641
-100.864029358526, 4.96561458362949, -8.64280828426749
-100.864029358526, 4.13814117935695, -8.6711357009029
-100.864029358526, 3.31061633546027, -8.69794540518733
-100.864029358526, 2.48305273045002, -8.723520588156
-100.864029358526, 1.65541802064029, -8.746677189148
-100.864029358526, 0.827728808659492, -8.76780008307519
-100.864029358526, 3.33756646879565E-16, -8.78731580702222
-98.6713330681237, 6.88931785561243, -8.88178419700125E-16
-98.6713330681237, 6.9879816772245, -0.835596203726651
-98.6713330681237, 7.08167669160445, -1.67176360882325
-98.6713330681237, 7.17003234215895, -2.50851217914249
-98.6713330681237, 7.25398804058573, -3.34571438493303
-98.6713330681237, 7.3347668311524, -4.18322952537544
-98.6713330681237, 7.41371053010543, -5.0209196944963
-98.6713330681237, 7.49053979294743, -5.85880630248183
-98.6713330681237, 7.56293051358853, -6.69708555024963
-98.6713330681237, 7.45744882743659, -7.4000662887816
-98.6713330681237, 7.3964233356194, -8.2345387049951
-98.6713330681237, 6.71414895709794, -8.66771095168794
-98.6713330681237, 5.88402760616947, -8.80037920793716
-98.6713330681237, 5.04459735936115, -8.85685882941953
-98.6713330681236, 4.20404239612798, -8.89456205564188
-98.6713330681237, 3.36344614623238, -8.93137414749086
-98.6713330681236, 2.52279482450716, -8.96690093106369
-98.6713330681237, 1.68197835336928, -8.99824491495445
-98.6713330681237, 0.84102775517599, -9.02578730681892
-98.6713330681237, 1.49707755961671E-15, -9.05087056447762
-96.4786367777155, 6.97463887127637, -8.88178419700125E-16
-96.4786367777187, 7.07725925817035, -0.84772215308577
-96.4786367777203, 7.17238622881626, -1.6963176716515
-96.4786367777209, 7.26069619720083, -2.54565076769994
-96.4786367777209, 7.34425478835951, -3.3954655531537
-96.4786367777209, 7.42489812587115, -4.24556235735716
-96.4786367777209, 7.50364650484618, -5.09583681255542
-96.4786367777209, 7.57985410341615, -5.94634241737012
-96.4786367777209, 7.64981107619315, -6.79737874523992
-96.4786367777209, 7.5289697519112, -7.50477822075566
-96.478636777721, 7.46026033835135, -8.35203720467308
-96.4786367777209, 6.80196770653826, -8.83904936098771
-96.4786367777209, 5.9657296976192, -9.00801148015886
-96.4786367777209, 5.11605630163733, -9.09148755286804
-96.4786367777209, 4.26393918144669, -9.14678627364537
-96.4786367777209, 3.41164488889027, -9.19934731171422
-96.478636777721, 2.55921863573605, -9.24971234983376
-96.4786367777209, 1.70642177182172, -9.29328999707453
-96.4786367777209, 0.853302716096443, -9.33008808480008
-96.478636777721, 1.89921496654542E-15, -9.36235736962787
-94.2859404873125, 7.04585940690342, -8.88178419700125E-16
-94.2859404873158, 7.15056445094708, -0.858717259967032
-94.2859404873176, 7.24663736150548, -1.71844292588961
-94.2859404873181, 7.334953321151, -2.57900146820533
-94.2859404873181, 7.41800521492921, -3.4400854308975
-94.2859404873182, 7.49791827270041, -4.30146681195425
-94.2859404873182, 7.57562346424525, -5.16305017538215
-94.2859404873182, 7.65014599295818, -6.02491412076447
-94.2859404873182, 7.71572222324238, -6.88748842097206
-94.2859404873182, 7.58473570599117, -7.60190021423536
-94.2859404873182, 7.50708281065971, -8.45991458116963
-94.2859404873182, 6.87023842646164, -8.99545250723035
-94.2859404873182, 6.03222560896901, -9.20667775240099
-94.2859404873182, 5.17570532346828, -9.32660031061791
-94.2859404873182, 4.31458294433245, -9.40913736588306
-94.2859404873182, 3.45281483725832, -9.48476401659432
-94.2859404873182, 2.59066477239379, -9.55588859524312
-94.2859404873182, 1.72774653385364, -9.6168484888459
-94.2859404873182, 0.864082327891212, -9.66627841570157
-94.2859404873182, 2.88957386959483E-15, -9.70777233929219
-92.0932441969155, 7.10588846937545, -8.88178419700125E-16
-92.0932441969155, 7.21053397528439, -0.868746358132927
-92.0932441969154, 7.30687731749157, -1.73845185088269
-92.0932441969154, 7.39520036959451, -2.6090095871151
-92.0932441969154, 7.47768733869372, -3.48014104867237
-92.0932441969154, 7.5564382565386, -4.35161893894833
-92.0932441969154, 7.63250383270917, -5.22333522793879
-92.0932441969154, 7.70457309968944, -6.09539012507221
-92.0932441969155, 7.68362880176772, -6.89168649975891
-92.0932441969154, 7.62719356133744, -7.69125369511063
-92.0932441969154, 7.538905613377, -8.55821091627847
-92.0932441969154, 6.91887979770388, -9.13425985298082
-92.0932441969154, 6.08296696219835, -9.3895892753671
-92.0932441969155, 5.22303889134261, -9.55021295393895
-92.0932441969154, 4.35587141837351, -9.66704919799808
-92.0932441969154, 3.48699187864584, -9.77058556686833
-92.0932441969155, 2.61728650444248, -9.86693122340481
-92.0932441969155, 1.74609083523175, -9.9485010225427
-92.0932441969154, 0.873484153082147, -10.013479317877
-92.0932441969154, 4.38413115652042E-15, -10.0653426008127
-89.9005479065127, 7.15774865402861, -8.88178419700125E-16
-89.9005479065127, 7.26092345186786, -0.878067350433544
-89.9005479065127, 7.35693550366287, -1.75694550346679
-89.9005479065127, 7.44505874457522, -2.63665005201829
-89.9005479065127, 7.52675805866867, -3.51697564944013
-89.9005479065127, 7.60399036924682, -4.39770533830194
-89.9005479065127, 7.67800878701667, -5.27871084867442
-89.9005479065127, 7.74714778888479, -6.16011116803507
-89.9005479065128, 7.64200893063091, -6.89087221819723
-89.9005479065127, 7.65932828410977, -7.77476699178094
-89.9005479065127, 7.55936839919669, -8.64941629904924
-89.9005479065127, 6.95351462733923, -9.25990840097995
-89.9005479065127, 6.12224798783431, -9.55747394751088
-89.9005479065127, 5.26118919560153, -9.75702097779558
-89.9005479065126, 4.39027520251748, -9.90894317078945
-89.9005479065127, 3.51612879329358, -10.0412559532252
-89.9005479065126, 2.64043137404284, -10.1628835716024
-89.9005479065127, 1.76230313472662, -10.2652197736696
-89.9005479065127, 0.881847895692875, -10.345394307109
-89.9005479065127, 4.90411328541401E-15, -10.4084464368349
-87.6978516161099, 7.20431845584272, -8.88178419700125E-16
-87.6978516161099, 7.30524891045989, -0.886768543386737
-87.6978516161099, 7.40036633893238, -1.7741778625205
-87.6978516161099, 7.48787261878453, -2.66236967216807
-87.6978516161099, 7.56842370458944, -3.55122003377593
-87.6978516161099, 7.64384728021463, -4.44052164719797
-87.6978516161099, 7.71557332615283, -5.33012883504875
-87.6978516161099, 7.78157333067363, -6.22017688541414
-87.6978516161099, 7.67075808814544, -6.9606025028996
-87.6978516161099, 7.68383255583398, -7.85294392964771
-87.69785161611, 7.57250426458581, -8.73449886859987
-87.69785161611, 6.98072671888649, -9.37580479269715
-87.6978516161099, 6.15539160199611, -9.71154244153351
-87.6978516161099, 5.29397022196593, -9.94410266057201
-87.6978516161099, 4.42042467093735, -10.1267352004589
-87.69785161611, 3.54200826106975, -10.2845645170963
-87.69785161611, 2.66122640818694, -10.4286224338582
-87.6978516161099, 1.77698882289166, -10.5493305332411
-87.6978516161099, 0.889420680412899, -10.6428125133266
-87.6978516161099, 6.10659261495303E-15, -10.7166618546412
-82.2261108901031, 7.31089009788805, -8.88178419700125E-16
-82.2261108901031, 7.40547116148636, -0.904921524409794
-82.2261108901031, 7.49564354753601, -1.81029139075747
-82.2261108901031, 7.5784610050895, -2.71636249987173
-82.226110890103, 7.65376756336765, -3.62308945778678
-82.226110890103, 7.72341362336567, -4.53027033147205
-82.2261108901031, 7.78881916258083, -5.43776647807326
-82.2261108901031, 7.84722584340554, -6.34573606768811
-82.2261108901031, 7.72501426809769, -7.10567742883288
-82.2261108901031, 7.72268722276424, -8.01547044284493
-82.226110890103, 7.59423863826741, -8.91247864344268
-82.2261108901031, 7.04614094689727, -9.62211927065802
-82.2261108901031, 6.23717386034896, -10.0318575064683
-82.2261108901031, 5.37088749398788, -10.3090031215617
-82.2261108901031, 4.4883069270662, -10.529762336954
-82.2261108901031, 3.5988235453881, -10.7211120893737
-82.2261108901031, 2.70588682919349, -10.8956603594818
-82.2261108901031, 1.80791261069193, -11.0416531572603
-82.2261108901031, 0.904926187570378, -11.1530338032446
-82.2261108901031, 4.73497775733201E-15, -11.247505951781
-76.7443701640962, 7.43268491730817, -8.88178419700125E-16
-76.7443701640963, 7.51769691801358, -0.917650469433703
-76.7443701640962, 7.59594800104503, -1.83590029059011
-76.7443701640962, 7.66578283094496, -2.75482859401875
-76.7443701135363, 7.72839709388562, -3.67427832068923
-76.7443687936287, 7.78653556195937, -4.59402337471879
-76.7443647468581, 7.8417874123328, -5.51394623043927
-76.744355110399, 7.89230221646962, -6.43413956300283
-76.7443701640962, 7.75273207680122, -7.19682500816899
-76.7443701640962, 7.73155242630397, -8.11812148416432
-76.7443701640962, 7.59850173238376, -9.02728911263683
-76.7443701640962, 7.09730879366953, -9.78848379018501
-76.7443701640962, 6.31120613567566, -10.2591813626167
-76.7443701640962, 5.43874426912262, -10.5544659356187
-76.7443701640962, 4.54539240104532, -10.7804041690871
-76.7443701640962, 3.64453442952713, -10.9746483978035
-76.7443701640962, 2.74016169602202, -11.1518370320592
-76.7443701640962, 1.83068212228267, -11.3001261393845
-76.7443701640962, 0.91595687934538, -11.4121861023504
-76.7443701640962, 2.07170662940308E-15, -11.5138391463916
-71.2626294380893, 7.59317032370447, -8.88178419700125E-16
-71.2626294380893, 7.66165347728779, -0.92308646205514
-71.2626294380893, 7.7175061989584, -1.84702202410322
-71.2626294380893, 7.76195626063365, -2.77157976630905
-71.262629534088, 7.79945592233002, -3.69644849639245
-71.2626319029932, 7.8339872123817, -4.62143374907677
-71.2626392058979, 7.86714820403356, -5.54646917492824
-71.2626567372796, 7.89840802631832, -6.47157053970844
-71.2626294380893, 7.74323624845743, -7.23443407072009
-71.2626294380893, 7.69961278502257, -8.1589503587102
-71.2626294380893, 7.55857619989356, -9.07207360474413
-71.2626294380893, 7.09702505525932, -9.86365760465788
-71.2626294380893, 6.33614322255092, -10.3801272711715
-71.2626294380893, 5.46774821055817, -10.6985091474094
-71.2626294380893, 4.57221079255198, -10.9319257443744
-71.2626294380893, 3.66627106886062, -11.1216375715153
-71.2626294380893, 2.75601293614055, -11.2895340530697
-71.2626294380893, 1.84092811495983, -11.4282620420021
-71.2626294380893, 0.920996064377628, -11.5306482568483
-71.2626294380893, 1.21142474626071E-15, -11.6231454508413
-65.7808887120825, 7.74625000050683, -8.88178419700125E-16
-65.7808887120825, 7.79628734194034, -0.919458932983584
-65.7808887120825, 7.82586107139254, -1.83980443026214
-65.7808887120825, 7.8392808456459, -2.7605381495009
-65.7808887120825, 7.84525095419054, -3.68135648151267
-65.7808887120825, 7.84946822741803, -4.60218484672739
-65.7808887120825, 7.85190913343247, -5.52301953380649
-65.7808887120825, 7.85195003874889, -6.44385731963745
-65.7808887120825, 7.68051392256193, -7.20831079506349
-65.7808887120825, 7.60437790063796, -8.12577053392127
-65.7808887120825, 7.43975990380993, -9.03085842444954
-65.7808887120824, 7.01563347559102, -9.83917290503852
-65.7808887120825, 6.28813646049427, -10.3946375655321
-65.7808887120825, 5.43866294909707, -10.7477143803611
-65.7808887120825, 4.55335748969125, -10.9999550388821
-65.7808887120825, 3.65236431271922, -11.1896408762136
-65.7808887120825, 2.74536391094607, -11.3485340782053
-65.7808887120825, 1.83360520237724, -11.4769177563598
-65.7808887120825, 0.917466237707946, -11.569616803006
-65.7808887120825, 7.13084195816799E-17, -11.6483091854863
-60.2991479860756, 7.84351573260479, -8.88178419700125E-16
-60.2991479860756, 7.87960914283381, -0.909189705924344
-60.2991479860756, 7.88740237967456, -1.81906486656879
-60.2991479860756, 7.87313583505555, -2.72888312304681
-60.2991479860756, 7.84912738213533, -3.63850767028391
-60.2991479860756, 7.82265044507344, -4.54806426407901
-60.2991479860756, 7.79508023276738, -5.45758863210097
-60.2991479860756, 7.76745388438625, -6.36711143736189
-60.2991479860756, 7.56780703824959, -7.11720106110617
-60.2991479860756, 7.45311572905601, -8.01944966747562
-60.2991479860756, 7.247442552844, -8.9053175944922
-60.2991479860756, 6.85415638078581, -9.72029415605426
-60.2991479860756, 6.17826836337835, -10.3221556102775
-60.2991479860756, 5.36208437929693, -10.7216851042988
-60.2991479860756, 4.49728080365278, -11.0032324098256
-60.2991479860756, 3.6097308533225, -11.20297216763
-60.2991479860756, 2.71355281946343, -11.360421328797
-60.2991479860756, 1.81231778490858, -11.4854196478102
-60.2991479860756, 0.907033306763782, -11.5771557236418
-60.2991479860756, 2.14903487076757E-17, -11.6497070524919
-54.8174072600648, 7.89177838735053, -8.88178419700125E-16
-54.8174072600671, 7.91587987315239, -0.894566246615054
-54.8174072600683, 7.90551631560374, -1.78939690662735
-54.8174072600687, 7.86725565113182, -2.68350142515631
-54.8174072600687, 7.81593293645834, -3.57697024821089
-54.8174072600687, 7.76123900573826, -4.47024072095019
-54.8174072600687, 7.70468927425305, -5.36339554338605
-54.8174072600687, 7.647060314712, -6.25648151899962
-54.8174072600687, 7.41429607291353, -6.98706728564188
-54.8174072600687, 7.26149096392465, -7.86837964634578
-54.8174072600687, 7.00858814380498, -8.72642870251589
-54.8174072600687, 6.62701193556678, -9.53346880033066
-54.8174072600687, 6.01436187281691, -10.1801582284349
-54.8174072600687, 5.24654250836858, -10.6365949220262
-54.8174072600687, 4.4125732652783, -10.9594043933774
-54.8174072600687, 3.54626556917334, -11.1825554383219
-54.8174072600687, 2.66679312336769, -11.347901377381
-54.8174072600687, 1.7813483555471, -11.4774044106656
-54.8174072600687, 0.891808542173468, -11.5754028091508
-54.8174072600687, 4.45991126197898E-18, -11.649939204342
-49.3356665340618, 7.90932373284591, -8.88178419700125E-16
-49.3356665340618, 7.9171810091132, -0.876833506445569
-49.3356665340618, 7.88768622076128, -1.75319900488129
-49.3356665340619, 7.82614159829858, -2.62793475209759
-49.3356665340619, 7.74796331450104, -3.50136786839792
-49.3356665340619, 7.66519642625779, -4.3743811616132
-49.3356665340619, 7.57871682543971, -5.24703421991544
-49.3356665340619, 7.4877475640675, -6.11923034809969
-49.3356665340619, 7.21655938491474, -6.82435642349987
-49.3356665340618, 7.02219352805074, -7.679187862419
-49.3356665340618, 6.73117438301579, -8.50593414246188
-49.3356665340618, 6.34536588444971, -9.29253084818936
-49.3356665340618, 5.79624463645337, -9.97261122548993
-49.3356665340619, 5.09202914650509, -10.4919231929808
-49.3356665340618, 4.30120600507637, -10.8687556346771
-49.3356665340618, 3.46540279129332, -11.1323075525376
-49.3356665340618, 2.60843672374123, -11.3177536459985
-49.3356665340618, 1.74325428757203, -11.4602548190036
-49.3356665340618, 0.873167915779967, -11.5693656327439
-49.3356665340619, 1.5743246073932E-19, -11.6499978539461
-43.853925808055, 7.90249949608234, -8.88178419700125E-16
-43.853925808055, 7.88367004346165, -0.855429819542683
-43.853925808055, 7.82958740276315, -1.70934187034603
-43.853925808055, 7.74279049596378, -2.56057981829395
-43.853925808055, 7.63613029546501, -3.40958621997253
-43.853925808055, 7.52116580741713, -4.25751524991233
-43.853925808055, 7.40161513338537, -5.10480989708503
-43.853925808055, 7.27485557940872, -5.95105065148192
-43.853925808055, 6.95655372014859, -6.62183040476062
-43.853925808055, 6.71069818641785, -7.44132554332773
-43.853925808055, 6.39517805613023, -8.23627836502468
-43.853925808055, 6.00283088187152, -8.9963311377717
-43.853925808055, 5.50965422720693, -9.69401559035794
-43.853925808055, 4.88280868728273, -10.2741723364844
-43.853925808055, 4.1529243807475, -10.7185301125481
-43.853925808055, 3.36123390384343, -11.0414296918156
-43.853925808055, 2.53617095468252, -11.2671507900016
-43.853925808055, 1.69731597449506, -11.435405566198
-43.853925808055, 0.851007065212947, -11.5613991729662
-43.853925808055, -8.87208896398871E-16, -11.65
-38.3721850820481, 7.85765458302694, -8.88178419700125E-16
-38.3721850820481, 7.79762258031278, -0.828545365003393
-38.3721850820481, 7.70952627534515, -1.65456306561504
-38.3721850820481, 7.59262653919916, -2.47701082159371
-38.3721850820481, 7.45459356612439, -3.2961980550696
-38.3721850820481, 7.30503389885176, -4.11337048851524
-38.3721850820481, 7.14830049632847, -4.92919686603766
-38.3721850820481, 6.93628875203595, -5.68822881305342
-38.3721850820481, 6.60710400182074, -6.36945367159165
-38.3721850820481, 6.3098532633815, -7.14514752551948
-38.3721850820481, 5.97464668267265, -7.90509790855347
-38.3721850820481, 5.58485627085111, -8.63850869002979
-38.3721850820481, 5.13418134044177, -9.33591369367843
-38.3721850820481, 4.59035205388653, -9.96262911743316
-38.3721850820481, 3.94567106202363, -10.4847489312616
-38.3721850820481, 3.2185687229315, -10.8846771087427
-38.3721850820481, 2.44268567520736, -11.179977138676
-38.3721850820481, 1.64067896481183, -11.3957688526647
-38.3721850820481, 0.824588760491624, -11.550351786418
-38.3721850820481, -8.58738835670122E-16, -11.65
-32.8804443560413, 7.73442488480813, -8.88178419700125E-16
-32.8804443560413, 7.61763726621383, -0.792648069425541
-32.8804443560412, 7.48231860118314, -1.58233610427261
-32.8804443560412, 7.32603207248542, -2.36814110751361
-32.8804443560412, 7.15070511594525, -3.1499276601743
-32.8804443560412, 6.96226306569851, -3.92866755001138
-32.8804443560412, 6.76449397769832, -4.70508910373815
-32.8804443560412, 6.42946919966652, -5.31339409405489
-32.8804443560412, 6.13159993549396, -6.05688287493243
-32.8804443560412, 5.79539898590065, -6.78413032471514
-32.8804443560412, 5.4438689527585, -7.50409109943382
-32.8804443560412, 5.0663156812356, -8.21069427043223
-32.8804443560412, 4.6511117016817, -8.8957859723586
-32.8804443560412, 4.18090926368339, -9.54405448552161
-32.8804443560412, 3.63412765709241, -10.1288410888546
-32.8804443560412, 3.00500410390649, -10.6233487389166
-32.8804443560412, 2.30461676210932, -11.0113875255728
-32.8804443560412, 1.56357916964792, -11.3149145158902
-32.8804443560412, 0.791268342704942, -11.526329483945
-32.8804443560412, 1.98493381232672E-16, -11.65
-30.6977480656385, 7.64917383869803, -8.88897645639694E-16
-30.6977480656385, 7.50536723785424, -0.774413688541102
-30.6977480656385, 7.34597576073341, -1.54576472109679
-30.6977480656385, 7.16912705710502, -2.31330063607334
-30.6977480656385, 6.97606682761484, -3.07692469260573
-30.6977480656385, 6.77050725462697, -3.83728732600495
-30.6977480656385, 6.55575166047594, -4.5951018010694
-30.6977480656385, 6.20825036418173, -5.18865868214168
-30.6977480656385, 5.89225888528366, -5.90988704574915
-30.6977480656385, 5.54303636630197, -6.61588777432286
-30.6977480656385, 5.18697641236723, -7.31847496504679
-30.6977480656385, 4.81696333925513, -8.0137831139792
-30.6977480656385, 4.41805364712667, -8.69286081267
-30.6977480656385, 3.97425989761764, -9.34329112889209
-30.6977480656385, 3.46466906917575, -9.94330499263047
-30.6977480656385, 2.88261736186825, -10.472922065802
-30.6977480656385, 2.22301402388259, -10.9022337680202
-30.6977480656385, 1.52023203946314, -11.256987087572
-30.6977480656385, 0.774034082769292, -11.506659140846
-30.6977480656385, 3.75993587366634E-16, -11.65
-28.5050517752357, 7.53092291938946, -8.95037651434002E-16
-28.5050517752357, 7.35773845624679, -0.753299927148873
-28.5050517752357, 7.17147077484742, -1.5034687508861
-28.5050517752357, 6.97104316066071, -2.24997880888498
-28.5050517752357, 6.75742934255318, -2.99282603983477
-28.5050517752357, 6.5331201748617, -3.73251901039189
-28.5050517752357, 6.30054932770163, -4.46965413336548
-28.5050517752357, 5.94180230395573, -5.04765292975996
-28.5050517752357, 5.60992545295257, -5.74547868750882
-28.5050517752357, 5.24838913830951, -6.42866596503003
-28.5050517752357, 4.88794908084017, -7.11244005277459
-28.5050517752357, 4.52493824175598, -7.79484744496802
-28.5050517752357, 4.14459218068588, -8.4676973179654
-28.5050517752357, 3.72879249900482, -9.11909506661273
-28.5050517752357, 3.25632761315689, -9.73042930844658
-28.5050517752357, 2.72371970772559, -10.2900575115885
-28.5050517752357, 2.1191068468824, -10.7703841461191
-28.5050517752357, 1.46530262765148, -11.182140143753
-28.5050517752357, 0.753275949005031, -11.4796721835053
-28.5050517752357, 1.48676591930024E-15, -11.65
-26.312355484833, 7.36998700586796, -9.13257559566001E-16
-26.312355484833, 7.16613580076144, -0.730135742148368
-26.312355484833, 6.9509135570675, -1.45699959563474
-26.312355484833, 6.72417391436996, -2.18035417800191
-26.312355484833, 6.4871775300845, -2.9004158974796
-26.312355484833, 6.24192224341425, -3.61770915303499
-26.312355484833, 5.98991081639208, -4.33265551388641
-26.312355484833, 5.61908783844587, -4.89289586231034
-26.312355484833, 5.27433030729811, -5.56776177793794
-26.312355484833, 4.90237069951362, -6.22829225709167
-26.312355484833, 4.53622948109588, -6.89205429411155
-26.312355484833, 4.17894568187275, -7.56064329892889
-26.312355484833, 3.81762974157865, -8.22704917744728
-26.312355484833, 3.43360976122138, -8.88055166542135
-26.312355484833, 3.00363645169855, -9.50459667249795
-26.312355484833, 2.5262328119293, -10.0932462460201
-26.312355484833, 1.99680087970108, -10.6350114045592
-26.312355484833, 1.40256214104782, -11.1050980194689
-26.312355484833, 0.730584044845868, -11.4518882446945
-26.312355484833, 1.61554072070952E-15, -11.65
-24.1196591944302, 7.15808368183055, -9.50260937629038E-16
-24.1196591944302, 6.92298419524925, -0.706368753936953
-24.1196591944302, 6.67757054621094, -1.40922066664889
-24.1196591944302, 6.4225489229044, -2.10864532376114
-24.1196591944302, 6.15970069753055, -2.8051686823725
-24.1196591944302, 5.89107199098498, -3.49948476068152
-24.1196591944302, 5.61737930593377, -4.19181914506307
-24.1196591944302, 5.24142192644694, -4.74661228432855
-24.1196591944302, 4.87845855933869, -5.38640187921459
-24.1196591944302, 4.49953737557023, -6.02722542233549
-24.1196591944302, 4.12959018002333, -6.67324406409084
-24.1196591944302, 3.77739328799063, -7.32911818195223
-24.1196591944302, 3.43442179414894, -7.98988113793463
-24.1196591944302, 3.08629256269628, -8.64792698754953
-24.1196591944302, 2.71101133192806, -9.29076074460928
-24.1196591944302, 2.30450589065657, -9.914416848258
-24.1196591944302, 1.87024102969543, -10.5185335683423
-24.1196591944302, 1.34134145082332, -11.0412431379502
-24.1196591944302, 0.709168822141063, -11.4297158930435
-24.1196591944302, 1.60612917544548E-15, -11.65
-21.9269629040275, 6.8902989039518, -1.01162337073323E-15
-21.9269629040275, 6.62418728462793, -0.683104468062386
-21.9269629040275, 6.34855112439813, -1.36242280420268
-21.9269629040275, 6.06474440831192, -2.038370478509
-21.9269629040275, 5.77500950495862, -2.71180055409922
-21.9269629040275, 5.48165604079255, -3.38366323534971
-21.9269629040275, 5.18477530961932, -4.05397378970593
-21.9269629040275, 4.81952133506779, -4.63097191749018
-21.9269629040275, 4.42307864007443, -5.20966861938949
-21.9269629040275, 4.04622017127989, -5.83850200339895
-21.9269629040275, 3.67661210863807, -6.47157337926397
-21.9269629040275, 3.33049667747323, -7.11779971811425
-21.9269629040275, 3.0047718847077, -7.77455302048364
-21.9269629040275, 2.69564537123619, -8.43928959758572
-21.9269629040275, 2.39239093336032, -9.10674045331342
-21.9269629040275, 2.0835902610595, -9.77163705675055
-21.9269629040275, 1.75258209277355, -10.4247959466695
-21.9269629040275, 1.28493880453487, -10.9873791467342
-21.9269629040275, 0.689654503186876, -11.4103266169673
-21.9269629040275, 1.51991636692793E-15, -11.65
-19.7342666136249, 6.56621428029703, -2.29634329908038E-07
-19.7342666136248, 6.270512968291, -0.661398776748457
-19.7342666136248, 5.96602002785383, -1.31879773663316
-19.7342666136247, 5.65457317159596, -1.97293335858148
-19.7342666136247, 5.33863988702006, -2.62491587621227
-19.7342666136247, 5.02065481499514, -3.27590074737219
-19.7342666136247, 4.70027314380293, -3.92570864438044
-19.7342666136247, 4.34315549568862, -4.52636781320662
-19.7342666136247, 3.91588572882519, -5.04633513697111
-19.7342666136247, 3.54484915441401, -5.66861144484414
-19.7342666136247, 3.18059854948699, -6.29482116784411
-19.7342666136247, 2.84451832819758, -6.9365874602369
-19.7342666136247, 2.53846083685207, -7.59318108218553
-19.7342666136247, 2.27324095123345, -8.26718955489198
-19.7342666136247, 2.07103514565662, -8.9626456670925
-19.7342666136247, 1.8890400991914, -9.66390645941193
-19.7342666136247, 1.64721216734083, -10.3449543318832
-19.7342666136247, 1.23232838985451, -10.9364039449122
-19.7342666136247, 0.671622612380738, -11.3904243591298
-19.7342666136247, 1.39198528445755E-15, -11.65
-17.5415703232395, 6.19155704368283, -3.29701259310028E-06
-17.5415703232303, 5.86778649751816, -0.641981473176793
-17.541570323225, 5.53581744547328, -1.27976124453615
-17.5415703232226, 5.19782323233048, -1.91437086105772
-17.541570323222, 4.85637450848251, -2.5471299227801
-17.541570323222, 4.51398453742035, -3.17938059918687
-17.541570323222, 4.17000204723101, -3.81076562849965
-17.541570323222, 3.81466330595813, -4.43174060633162
-17.541570323222, 3.36890571277742, -4.9063298391554
-17.541570323222, 2.99800904909433, -5.52228841780233
-17.541570323222, 2.64464756058482, -6.14837355855198
-17.541570323222, 2.32562181192983, -6.79262753968921
-17.541570323222, 2.04701605810291, -7.45530051489923
-17.541570323222, 1.83831954151792, -8.14257327831887
-17.541570323222, 1.78435128461469, -8.85831501978106
-17.541570323222, 1.73068041795955, -9.57514806066357
-17.541570323222, 1.55155966839272, -10.2687851305585
-17.541570323222, 1.18196323183852, -10.8829282372863
-17.541570323222, 0.654308959398242, -11.366977956498
-17.541570323222, 3.52637794933604E-16, -11.65
-15.3488740330002, 5.77119698941503, -1.32800447983954E-05
-15.3488740329066, 5.41993073580179, -0.624666461369637
-15.3488740328523, 5.06102702472216, -1.24496624997631
-15.348874032827, 4.69699562738758, -1.86227288370936
-15.3488740328197, 4.3304393206102, -2.47808489075628
-15.3488740328192, 3.96389487908649, -3.09390399376931
-15.3488740328192, 3.59639950367557, -3.70915566964276
-15.3488740328192, 3.22213344425376, -4.3202869997781
-15.3488740328192, 2.76660421969707, -4.78176136637198
-15.3488740328192, 2.40607199618037, -5.4010919942129
-15.3488740328192, 2.07336606115357, -6.03572510920038
-15.3488740328192, 1.78184911884789, -6.69024933770368
-15.3488740328192, 1.54289415753048, -7.36561514872172
-15.3488740328192, 1.42236107262604, -8.06888893979231
-15.3488740328192, 1.55795040293353, -8.77153857466282
-15.3488740328192, 1.59615697123934, -9.48628001400071
-15.3488740328192, 1.4586816256578, -10.1866979678484
-15.3488740328192, 1.13055788652078, -10.8213883967958
-15.3488740328192, 0.63582365172285, -11.3359481358444
-15.3488740328192, -7.06635537227008E-16, -11.65
-13.1561777433647, 5.30596120398712, -3.50303849646773E-05
-13.1561777428459, 4.92697073385243, -0.609262441763977
-13.1561777425575, 4.5406563825892, -1.21387543162823
-13.1561777424398, 4.14991184178198, -1.81563766710713
-13.1561777424167, 3.75804192450309, -2.41666830718177
-13.1561777424165, 3.36759316193116, -3.01862309806067
-13.1561777424165, 2.97653290898353, -3.62018026220335
-13.1561777424165, 2.57893228837701, -4.21741338209243
-13.1561777424165, 2.12175978443979, -4.68481871712038
-13.1561777424165, 1.77298647416246, -5.31174200125399
-13.1561777424165, 1.46575706925723, -5.95993760785745
-13.1561777424165, 1.21156135225424, -6.63068560996645
-13.1561777424165, 1.02205286105495, -7.3222760596192
-13.1561777424165, 1.07395732676083, -8.019472178557
-13.1561777424165, 1.37114596608721, -8.66871104195733
-13.1561777424165, 1.46386167910031, -9.37852156898371
-13.1561777424165, 1.35793471527036, -10.0854657071646
-13.1561777424165, 1.07162547937565, -10.7412748047959
-13.1561777424165, 0.61208165890512, -11.2886388970452
-13.1561777424165, -8.84513185120848E-16, -11.65
-11.1126184911712, 4.82888175835181, -0.000143933674226693
-11.2494194475705, 4.45555256035583, -0.599863098481442
-11.3874895530704, 4.07875986014205, -1.1971222661364
-11.5255955146966, 3.70186930872012, -1.7943117718213
-11.6627661083945, 3.32753137218984, -2.39331836148123
-11.798227959574, 2.95785658634788, -2.99559854354041
-11.9329834006323, 2.59010959056627, -3.59921944333433
-12.0693310249599, 2.21801753376581, -4.19979818943752
-12.220367061719, 1.80584086515246, -4.69262768922929
-12.3327782075638, 1.4990713510449, -5.33359946413343
-12.4297328245854, 1.23448263494685, -5.99547622586837
-12.5087235977943, 1.01891716824725, -6.67723403251123
-12.5650504551068, 0.865201426635414, -7.37742557310677
-12.5081090961615, 1.02059414045409, -8.04866531492076
-12.3968503130532, 1.32421886180909, -8.68365106359855
-12.3643958267447, 1.41278700975055, -9.39480057327323
-12.4049556723201, 1.30209937263139, -10.1020248786165
-12.5066457697848, 1.02458755158935, -10.7558439314781
-12.6689485017949, 0.581664122041014, -11.2954060321014
-12.8820907061162, 0, -11.6498121597211
-9.59578457871934, 4.44290998593852, -0.000230474852461459
-9.84749380354042, 4.08151356250452, -0.591107272166152
-10.0997349654733, 3.71935339999893, -1.18128970322598
-10.3502917665097, 3.35961159146565, -1.77366157307295
-10.5970862565599, 3.0052715942298, -2.37084589073499
-10.8393721154158, 2.65740495206998, -2.97365496034755
-11.0797246044193, 2.31231418334245, -3.5788358394696
-11.321937888856, 1.96455174131888, -4.18173234121428
-11.5818744380975, 1.5913427765604, -4.68862083615175
-11.7750518407725, 1.31398455711236, -5.34332296111783
-11.9400546636781, 1.07707853947639, -6.02115152802483
-12.073282356282, 0.88579428422659, -6.72005315174617
-12.1630003772278, 0.756979887732251, -7.43919117525448
-11.9931479996589, 1.00084874795688, -8.07082964512754
-11.791139603597, 1.29088623820907, -8.707122840232
-11.7368753874267, 1.36879714377206, -9.4345232354627
-11.8233206960498, 1.2446816077553, -10.1528793536085
-12.0183683325032, 0.964638163723309, -10.8031665254532
-12.3166467519918, 0.536379111766274, -11.3194075304758
-12.6902297807059, 0, -11.6491697360426
-8.38682287560541, 4.11154597969026, -0.000326731811135529
-8.73393037757185, 3.76443847772382, -0.582495925673085
-9.07982729329112, 3.41854156200455, -1.16610272445536
-9.42166522555907, 3.0767036297366, -1.75446772362736
-9.75714239348692, 2.74122646180875, -2.35010610781811
-10.08547890277, 2.41288995252569, -2.95364862035755
-10.4105550806558, 2.08781377463986, -3.56072292942598
-10.7371938627894, 1.76117499250623, -4.16611256837744
-11.0786565858323, 1.41971226946336, -4.68508202249801
-11.334105892267, 1.16426296302862, -5.35522192414683
-11.550516806583, 0.947852048712677, -6.05225276926735
-11.7255026795634, 0.772866175732259, -6.77218910089348
-11.8303164021327, 0.668052453162924, -7.51689088894497
-11.510658243523, 0.987710611772711, -8.08560919436342
-11.2372603157195, 1.26110853957616, -8.73038880726072
-11.1735365079367, 1.32483234735897, -9.48124407593534
-11.3121247583085, 1.18624409698718, -10.2138000091412
-11.5964146008634, 0.901954254432252, -10.8567260773513
-12.0076121302699, 0.490756725025815, -11.3441597602274
-12.4983688552957, 0, -11.6480127846715
-7.24907282141177, 3.77729217813988, -0.000443794072118377
-7.68978967659313, 3.44813000519143, -0.573928628497509
-8.12721942734661, 3.12142290157711, -1.15131623926202
-8.55801930026421, 2.79966751462437, -1.73640882845302
-8.97975567731422, 2.48468146258409, -2.33169475653546
-9.39176072493826, 2.17696353632994, -2.93750258262625
-9.79928026731103, 1.87259573984261, -3.54803746372088
-10.2078118686211, 1.56747205776791, -4.15751557504004
-10.6236288242298, 1.25690709741338, -4.69246970663098
-10.9390506924569, 1.02132512154732, -5.38243517918196
-11.2041678078622, 0.823314710176254, -6.10461727004318
-11.4183182333975, 0.663370250194058, -6.85265981469397
-11.5021241495491, 0.600777369658436, -7.62954225645859
-11.0023847535821, 0.974022240033892, -8.099055777541
-10.6598385683943, 1.22986279917299, -8.75711581451502
-10.6007192841021, 1.27401775229535, -9.54011240277172
-10.8066174860518, 1.1202367049786, -10.2882714979288
-11.1915289280181, 0.832754424369641, -10.9163532888596
-11.7123864004078, 0.443736905768773, -11.3691555945638
-12.3065079298854, 0, -11.6462750249974
-6.1071493521172, 3.41636329149445, -0.000591772274490371
-6.64654948024329, 3.10961547338518, -0.566002327414799
-7.18041923168156, 2.80601268786647, -1.1383085162487
-7.70497986866046, 2.50770383981653, -1.7218832110321
-8.21772344242132, 2.21611515768717, -2.31919049992379
-8.71816373571145, 1.93152314508604, -2.93015008094294
-9.21317418702365, 1.65001899266988, -3.54696394639932
-9.70865476498373, 1.36824748710352, -4.16292404254225
-10.1986455403287, 1.08959794033217, -4.72203100779713
-10.5754805753815, 0.875298167747495, -5.44054939800404
-10.8921208392984, 0.695230153267266, -6.19656030805328
-11.1461209429184, 0.550784548747921, -6.98309227081109
-11.0869517998134, 0.584433049370129, -7.75076494832737
-10.4318129639005, 0.956999532016466, -8.11444045491291
-10.016222056455, 1.19333912008411, -8.7912729724615
-9.98594172498836, 1.21055903740466, -9.61756968128634
-10.2826226830894, 1.0418415458308, -10.3799913392229
-10.7865839455967, 0.755247217010802, -10.9812432106242
-11.4200411339746, 0.395010724157897, -11.3940678086508
-12.1146470044752, 0, -11.6438829247804
-4.92061756672012, 3.00897902943282, -0.000784934235038023
-5.56950534383975, 2.73013830882377, -0.560315615378462
-6.21055696008436, 2.45466495129697, -1.13043196926171
-6.83953633968778, 2.18437928767209, -1.71624421627485
-7.45388551143838, 1.92038053195978, -2.32016507098274
-8.05400660887602, 1.66249587892315, -2.94081583053356
-8.64666144114955, 1.40781963700478, -3.56993215801441
-9.25838249579714, 1.14495023846745, -4.15041132281872
-9.8063291977741, 0.909486020120123, -4.79603971744439
-10.2506039257424, 0.718571828694044, -5.55591295213608
-10.6251143073124, 0.557636843701541, -6.35913930668237
-10.9162490205006, 0.432530136375257, -7.20156914763681
-10.5167845201185, 0.604188430878389, -7.81014489020429
-9.74977641255793, 0.933787940942433, -8.13263567621721
-9.25791099519755, 1.14515285218833, -8.83989108611721
-9.30053353389956, 1.12683705117477, -9.72257446282192
-9.72285653476426, 0.945355978417285, -10.4916388901258
-10.3681971304158, 0.668039556264105, -11.0498776403151
-11.1220431006279, 0.344096093350904, -11.4187006269775
-11.922786079065, 0, -11.6407556736864
-3.66672744955613, 2.53330105322361, -0.00104522731136678
-4.44290324050627, 2.28947184406356, -0.560398050542029
-5.20908218446022, 2.04878306175732, -1.13467561217259
-5.9611429478309, 1.81252938918592, -1.72908075189039
-6.69485452035432, 1.58203996325193, -2.34814502588135
-7.4108496607317, 1.35711600803948, -2.98964155642769
-8.11843425718391, 1.13483415568284, -3.64133819721163
-8.85903413017515, 0.902180827092887, -4.20865418623439
-9.4731924718381, 0.709248060453238, -4.95567451784864
-9.99437844882718, 0.545521793702517, -5.77757115721503
-10.4381632253709, 0.406110474303499, -6.64805920468334
-10.6530404639947, 0.338608565881451, -7.57662369261193
-9.75706759041434, 0.620071038353738, -7.82643240278654
-8.87537429240965, 0.89704770018834, -8.15219818710744
-8.32161063229929, 1.07100797681716, -8.91847957267531
-8.51188319540901, 1.01123542383518, -9.86656439492352
-9.10986431824589, 0.823384596775153, -10.6208240910183
-9.91921198470909, 0.569134717108481, -11.1204796940857
-10.8084685120716, 0.289782129285839, -11.442893071138
-11.7309251536547, 0, -11.636805579488
-2.34718957171181, 1.96347258292443, -0.00140772806163845
-3.27986639575321, 1.76424386830822, -0.570803208019736
-4.19973465865599, 1.56775118519397, -1.16154481408803
-5.10115662759504, 1.3751988073828, -1.78127413741339
-5.98166476744716, 1.18711382404236, -2.4316903369405
-6.84374468361428, 1.00296528602014, -3.10747035184589
-7.69812220572658, 0.820462053239201, -3.7934376932362
-8.55690226071967, 0.637018397211658, -4.43640957779502
-9.26392220388246, 0.485992156553087, -5.27865236673345
-9.88021934748192, 0.354345175974194, -6.19288125805039
-10.4005193866436, 0.243204097580313, -7.16656923605304
-9.77518133518652, 0.376782302786003, -7.7126095148912
-8.69392619586462, 0.607748770512572, -7.81668760042207
-7.66710141338119, 0.827088391994536, -8.15835838399214
-7.14764305361574, 0.938049679597115, -9.05739298615785
-7.58069096713757, 0.845546492046743, -10.0592726293311
-8.41547187157149, 0.667229284746708, -10.7584747329204
-9.4138843808732, 0.453958797309255, -11.191760185553
-10.4656310797767, 0.229295615461948, -11.4667738836982
-11.5390642282445, 0, -11.6319390689152
-1.04583184977507, 1.26924790918573, -0.00194137300063497
-2.17372632559594, 1.13027828637957, -0.599526450502409
-3.28515780766022, 0.993337094496387, -1.22757358768696
-4.37287725346527, 0.859317499274556, -1.89639235386578
-5.43447297951562, 0.728516647967541, -2.60657159621701
-6.47719545355567, 0.600041199230735, -3.34469321375109
-7.50989578681624, 0.472800593959955, -4.09698678379186
-8.47200348336541, 0.35425781663938, -4.9088024900701
-9.30331261525647, 0.251830932767875, -5.88146124054095
-10.056774402453, 0.158995740637561, -6.91642719977269
-9.70802093813255, 0.201966194370543, -7.66967078172568
-8.43382344374045, 0.35896203837213, -7.68549705938652
-7.16236270737789, 0.515620682184132, -7.76083652114289
-5.95315848839694, 0.664608604201481, -8.12864691501256
-5.71930814590937, 0.693421666580333, -9.29200532947815
-6.48387128362576, 0.599218659882732, -10.2980609411698
-7.60668376347378, 0.460875197660376, -10.8964997883467
-8.82640588126343, 0.310591349063464, -11.2648341594208
-10.0802802315369, 0.156099551081202, -11.4917244022347
-11.3472033028342, 0, -11.6260584959224
-0.130156610003772, 0.438741065879703, -0.00278818559892141
-1.44081664263238, 0.386584087135575, -0.651876670634761
-2.72897435619944, 0.335322575520808, -1.34448228831147
-3.98459880423482, 0.285355706907712, -2.09447789688575
-5.20590595104248, 0.236754475993281, -2.89931454140978
-6.40822691353936, 0.188908789603652, -3.73242012290964
-7.57387902869826, 0.142522319367385, -4.60743247520102
-8.64173654530439, 0.100027530170464, -5.60705324187784
-9.65811927104523, 0.059581151321139, -6.65909171838153
-9.82164072471169, 0.0530739070543056, -7.6454727870053
-8.35991675629304, 0.111242390148806, -7.62884248307833
-6.89836804179382, 0.169403899112164, -7.58034857517412
-5.43724196396771, 0.227548589486851, -7.62007383884893
-4.1747641811888, 0.277788182701023, -8.22035137946518
-4.31510143225626, 0.27220354073536, -9.61302367043594
-5.44918696861772, 0.227073244745942, -10.5090507139684
-6.81837861778575, 0.172587033246022, -11.0175724661521
-8.24654349399694, 0.115754015348722, -11.3288566534224
-9.6969163202839, 0.0580372445702654, -11.514060724861
-11.155342377424, 0, -11.6190649498034
