-109.579997112877, 5.96278804714999, -8.88178419700125E-16
-109.579997112877, 6.11477663421868, -0.753125558137008
-109.579997112877, 6.23491798843549, -1.51199149186106
-109.579997112877, 6.32780571803117, -2.27469427570723
-109.579997112877, 6.40191158246029, -3.03947033420283
-109.579997112877, 6.46633718829759, -3.80513139959921
-109.579997112877, 6.52533600848824, -4.57123066936639
-109.579997112877, 6.58068566745728, -5.33760293024193
-109.579997112877, 6.63414314935675, -6.10410986558307
-109.579997112877, 6.68746609180477, -6.87062619781878
-109.579997112877, 6.67443021142657, -7.62625422960962
-109.579997112877, 6.09700178497169, -8.12169093435432
-109.579997112877, 5.35749383597546, -8.31850712421575
-109.579997112877, 4.59568173397519, -8.41818898469747
-109.579997112877, 3.83068315109513, -8.48986082020739
-109.579997112877, 3.06464945808548, -8.54968395858085
-109.579997112877, 2.29834609996975, -8.60598471790163
-109.579997112877, 1.53217547772595, -8.66405875790138
-109.579997112877, 0.766145027363492, -8.72395778471254
-109.579997112877, 1.60589025619164E-21, -8.78237201018608
-107.442118229735, 6.36193634846805, -8.88178419700125E-16
-107.442118229735, 6.46847880882994, -0.780148039402006
-107.442118229735, 6.56660832205718, -1.56139615130954
-107.442118229735, 6.65424877254262, -2.34388933127389
-107.442118229735, 6.73191985186561, -3.12743685261614
-107.442118229735, 6.80179256383774, -3.91172002433421
-107.442118229735, 6.86615830466667, -4.69647598026379
-107.442118229735, 6.92799462176008, -5.48143624197522
-107.442118229735, 6.99030339040655, -6.26635885749817
-107.442118229735, 7.00675882243903, -7.01015348812748
-107.442118229735, 6.97127909635227, -7.78307006940539
-107.442118229735, 6.2773420548042, -8.14147431514968
-107.442118229735, 5.5065222559162, -8.29338465753708
-107.442118229735, 4.72143058538797, -8.35274122480035
-107.442118229735, 3.93495493776249, -8.39055042820355
-107.442118229735, 3.14814787598021, -8.42086281890273
-107.442118229735, 2.36120626989332, -8.44748043642957
-107.442118229735, 1.57416619438068, -8.47101103678939
-107.442118229735, 0.787082815877644, -8.49305142770665
-107.442118229735, 2.05637516185587E-17, -8.51511639989683
-105.249421939332, 6.5642083768467, -8.88178419700125E-16
-105.249421939332, 6.65847908638291, -0.79586458208304
-105.249421939332, 6.75114801744326, -1.59191643242504
-105.249421939332, 6.83875038211887, -2.38854019067664
-105.249421939332, 6.91980014798468, -3.18585744637415
-105.249421939332, 6.99551763248121, -3.98369988126603
-105.249421939332, 7.06748672941241, -4.78188959822294
-105.249421939332, 7.1369159732584, -5.58030457164211
-105.249421939332, 7.20501085800423, -6.37883462530383
-105.249421939332, 7.17405752244104, -7.09574103786151
-105.249421939332, 7.12468028564042, -7.88167262156634
-105.249421939332, 6.39839829241533, -8.20109400985052
-105.249421939332, 5.60707425162708, -8.31945808390983
-105.249421939332, 4.80682716849163, -8.36260792840067
-105.249421939332, 4.00597568708193, -8.39289976314573
-105.249421939332, 3.20492669717703, -8.41752818432399
-105.249421939332, 2.40378352307127, -8.43888327289674
-105.249421939332, 1.60254908146073, -8.45646238198417
-105.249421939332, 0.80126240615357, -8.47151934105617
-105.249421939332, 9.17490313032841E-17, -8.48781911864106
-103.056725648929, 6.71202495941257, -8.88178419700125E-16
-103.056725648929, 6.80441567043387, -0.810684058402155
-103.056725648929, 6.8955089205343, -1.62151471696441
-103.056725648929, 6.98370984204041, -2.43266461457791
-103.056725648929, 7.06742124544903, -3.24428937526557
-103.056725648929, 7.14614867052629, -4.05641350799122
-103.056725648929, 7.2223883530012, -4.86877545302447
-103.056725648929, 7.29675246482057, -5.68131132110745
-103.056725648929, 7.3686058994432, -6.49407258318188
-103.056725648929, 7.30140553296834, -7.19659442504679
-103.056725648929, 7.24526948205051, -8.00020220747305
-103.056725648929, 6.51615527442757, -8.33401082129033
-103.056725648929, 5.70888833973531, -8.44470804282206
-103.056725648929, 4.89387354249872, -8.4830393913784
-103.056725648929, 4.07845645123315, -8.51196608338485
-103.056725648929, 3.26291291698991, -8.53712399133217
-103.056725648929, 2.44728989646173, -8.55955426221591
-103.056725648929, 1.63156012223529, -8.57764223561814
-103.056725648929, 0.815761412049196, -8.59236845262859
-103.056725648929, 1.11110569593196E-15, -8.60903339424797
-100.864029358526, 6.83116883984313, -8.88178419700125E-16
-100.864029358526, 6.92711616950958, -0.825378932726188
-100.864029358526, 7.01971994957524, -1.65113904426866
-100.864029358526, 7.10780243318465, -2.47739343473458
-100.864029358526, 7.19152866570575, -3.30410107927349
-100.864029358526, 7.27176574827786, -4.13115500609321
-100.864029358526, 7.35006496966795, -4.95839483318135
-100.864029358526, 7.42642736090017, -5.78581561973973
-100.864029358526, 7.49922047095021, -6.61355671157188
-100.864029358526, 7.40583676065553, -7.31278441803795
-100.864029358526, 7.34514842463686, -8.13463215657583
-100.864029358526, 6.63341338464079, -8.51655846778568
-100.864029358526, 5.81282266894197, -8.64084938674875
-100.864029358526, 4.98319526758984, -8.68675687866482
-100.864029358526, 4.1528992840943, -8.71936278478512
-100.864029358526, 3.32252057460663, -8.74982279660033
-100.864029358526, 2.49206030406856, -8.77795954579788
-100.864029358526, 1.66143758667639, -8.80073004285283
-100.864029358526, 0.830699184121094, -8.8189007178505
-100.864029358526, 1.33023709507787E-15, -8.83878282931443
-98.6713330681237, 6.92896620754392, -8.88178419700125E-16
-98.6713330681237, 7.02937058035681, -0.839348412093639
-98.6713330681237, 7.12355341735422, -1.67941721346935
-98.6713330681237, 7.21170857474025, -2.52014065980996
-98.6713330681237, 7.29534373067436, -3.36132664013091
-98.6713330681237, 7.37598002585947, -4.20280581114715
-98.6713330681237, 7.45479317241258, -5.04445770124989
-98.6713330681237, 7.53134678336854, -5.88631786349508
-98.6713330681237, 7.60284875499119, -6.72861861682361
-98.6713330681237, 7.49034340174447, -7.43113140142903
-98.6713330681237, 7.4241018679544, -8.26903099781155
-98.6713330681237, 6.74073705206505, -8.71248511202038
-98.6713330681237, 5.91008908978396, -8.86441855607131
-98.6713330681237, 5.06743145875652, -8.93038438993979
-98.6713330681236, 4.22327797384677, -8.97500094151187
-98.6713330681237, 3.37899280913644, -9.01709730745349
-98.6713330681237, 2.53458508960575, -9.05664549604831
-98.6713330681237, 1.68987997854764, -9.08913004868212
-98.6713330681237, 0.844939274764313, -9.11490630906191
-98.6713330681237, 1.66732504844434E-15, -9.14073747585401
-96.478636777721, 7.00977168922758, -8.88178419700125E-16
-96.478636777721, 7.11357687019084, -0.852041725783697
-96.4786367777209, 7.20913740833363, -1.70504740195669
-96.478636777721, 7.29733985564601, -2.55884662505014
-96.4786367777209, 7.38055489360874, -3.41314759584733
-96.4786367777209, 7.46080675525362, -4.26773259727367
-96.4786367777209, 7.53904590355016, -5.12250414542153
-96.4786367777209, 7.61448153540911, -5.9775272423059
-96.4786367777209, 7.68263178553563, -6.83315242217297
-96.4786367777209, 7.55672501222109, -7.54253827376863
-96.4786367777209, 7.48330006276219, -8.39384885715296
-96.4786367777209, 6.82919644555305, -8.89711526505679
-96.478636777721, 5.99293840087218, -9.08658874011598
-96.4786367777209, 5.1403974435615, -9.18481558313935
-96.4786367777209, 4.28467070946712, -9.25171475300326
-96.4786367777209, 3.42854507608539, -9.31339549099378
-96.478636777721, 2.57214573404199, -9.37113485122063
-96.4786367777209, 1.71516564365848, -9.41932887051742
-96.4786367777209, 0.857651204596933, -9.45705694301374
-96.4786367777209, 2.59139244276115E-15, -9.49155532220194
-94.2859404873182, 7.07680809475042, -8.88178419700125E-16
-94.2859404873182, 7.18164074100038, -0.863308128749593
-94.2859404873182, 7.27787595649861, -1.72761648271107
-94.2859404873182, 7.36616262855139, -2.59277425295668
-94.2859404873182, 7.44890534742544, -3.45848132218622
-94.2859404873182, 7.52824005724826, -4.32450785016213
-94.2859404873182, 7.60514376017195, -5.19075364583041
-94.2859404873182, 7.67848469399759, -6.05730771945073
-94.2859404873182, 7.70730157725287, -6.89247997333618
-94.2859404873182, 7.60709097538218, -7.6426415929863
-94.2859404873182, 7.52411638312535, -8.50468971256939
-94.2859404873182, 6.89297850115997, -9.0576206230533
-94.2859404873182, 6.05619405646429, -9.29092615696831
-94.2859404873182, 5.19798674478018, -9.43027873638124
-94.2859404873182, 4.33408719390793, -9.52998621381357
-94.2859404873182, 3.46903293049799, -9.61929004582063
-94.2859404873181, 2.60330582124019, -9.70179737996199
-94.2859404873182, 1.7364344325819, -9.77104755504089
-94.2859404873182, 0.868454837403318, -9.82490296819559
-94.2859404873182, 3.19653289877421E-15, -9.87049669695063
-92.0932441969154, 7.13368629778159, -8.88178419700125E-16
-92.0932441969154, 7.23768145045402, -0.873564997179538
-92.0932441969154, 7.33391061831778, -1.74801840573013
-92.0932441969154, 7.4221577294573, -2.62331438770468
-92.0932441969154, 7.50426054897011, -3.4992092530482
-92.0932441969154, 7.58224813947575, -4.37548096806284
-92.0932441969154, 7.65727541025881, -5.25201101263319
-92.0932441969154, 7.72785118179208, -6.12890946483538
-92.0932441969154, 7.66276647580738, -6.89086346490632
-92.0932441969154, 7.64496468738982, -7.73437036558154
-92.0932441969154, 7.55041042493794, -8.60527925453125
-92.0932441969154, 6.93653428762622, -9.19849506046646
-92.0932441969154, 6.10316563302172, -9.4769143594396
-92.0932441969155, 5.24274577682212, -9.65918019805208
-92.0932441969154, 4.37376976439819, -9.79611901436339
-92.0932441969154, 3.5022503542599, -9.91603615140621
-92.0932441969154, 2.62948495608809, -10.0265180173373
-92.0932441969154, 1.75464972872519, -10.1189145774661
-92.0932441969154, 0.877850902925081, -10.1906268177895
-92.0932441969154, 4.67473505613311E-15, -10.2480735459988
-89.9005479065127, 7.18369154326934, -8.88178419700125E-16
-89.9005479065127, 7.28571747568103, -0.883062593176543
-89.9005479065127, 7.38132439170736, -1.76684172245384
-89.9005479065127, 7.46918685739681, -2.65142423716835
-89.9005479065127, 7.5503204348835, -3.53665055637035
-89.9005479065127, 7.62660589809659, -4.42230881182377
-89.9005479065127, 7.69940008296539, -5.30826073610717
-89.9005479065127, 7.76683412815355, -6.19463482914286
-89.9005479065127, 7.65833917750526, -6.93089208806092
-89.9005479065127, 7.6734903443225, -7.81964791269059
-89.9005479065127, 7.56655601521297, -8.69819263571521
-89.9005479065127, 6.96738306100473, -9.32546107516793
-89.9005479065127, 6.13975446143073, -9.64625934206031
-89.9005479065127, 5.27897070129699, -9.86728882255845
-89.9005479065127, 4.40691827273835, -10.0394472414706
-89.9005479065127, 3.53064386712762, -10.1889024200927
-89.9005479065127, 2.65229366982194, -10.3256361918365
-89.9005479065127, 1.77077141475676, -10.4398074427688
-89.9005479065127, 0.886210459265486, -10.5277582590552
-89.9005479065127, 5.10813301383438E-15, -10.5971903706569
-87.6978516161099, 7.22982502413646, -8.88178419700125E-16
-87.6978516161099, 7.32935182636336, -0.891840672351683
-87.6978516161099, 7.4237258128549, -1.78423971212601
-87.6978516161099, 7.51062982946496, -2.67739643791412
-87.6978516161099, 7.59033106332715, -3.57122541994596
-87.6978516161099, 7.66462096581738, -4.46552194462023
-87.6978516161099, 7.73498449385086, -5.36013580489686
-87.6978516161099, 7.79917726958918, -6.25521062040303
-87.6978516161099, 7.68546702122758, -7.00127889399045
-87.69785161611, 7.69536206826273, -7.89853914805037
-87.6978516161099, 7.5772775495695, -8.78404736434555
-87.6978516161099, 6.99361831873263, -9.44225247764063
-87.6978516161099, 6.17261878258932, -9.80036028619092
-87.6978516161099, 5.311461208943, -10.0518737322887
-87.6978516161099, 4.43676578390399, -10.2520501776081
-87.6978516161099, 3.55632937101185, -10.4255195770764
-87.6978516161099, 2.67301982233205, -10.5837234856618
-87.69785161611, 1.78545150623154, -10.7155507545576
-87.6978516161099, 0.89376667266214, -10.8162829964033
-87.6978516161099, 5.26734511037988E-15, -10.8965499783559
-82.2261108901031, 7.34199532822234, -8.88178419700125E-16
-82.2261108901031, 7.43446018617951, -0.90934847544503
-82.2261108901031, 7.52222305477117, -1.81916113978987
-82.2261108901031, 7.60248714229117, -2.72966497963007
-82.2261108901031, 7.67526513607, -3.64079850994706
-82.2261108901031, 7.74249941017338, -4.55235943021921
-82.2261108901031, 7.8055234414554, -5.46422077759652
-82.226110890103, 7.8614638635673, -6.37654003636852
-82.2261108901031, 7.73582884137002, -7.14078722563447
-82.2261108901031, 7.72834463048976, -8.0547441472851
-82.226110890103, 7.596727541778, -8.95570673859116
-82.2261108901031, 7.06099516931314, -9.68150117264174
-82.2261108901031, 6.25812709941973, -10.1107963119942
-82.2261108901031, 5.39059451760857, -10.3975057496692
-82.2261108901031, 4.50538223478581, -10.6249149737666
-82.2261108901031, 3.61314624269226, -10.8232783024591
-82.2261108901031, 2.71731047025843, -11.0047031524508
-82.2261108901031, 1.81588061241109, -11.1553690357569
-82.2261108901031, 0.908823906743709, -11.267933586541
-82.2261108901031, 5.26929349975137E-15, -11.3653839825039
-76.7443701640962, 7.47376522681619, -8.88178419700125E-16
-76.7443701640962, 7.55488199277991, -0.919997820954305
-76.7443701640962, 7.62792905187576, -1.84066969915076
-76.7443701640962, 7.6919379080791, -2.76201469396542
-76.7443701469763, 7.74883593049702, -3.683827764723
-76.7443697170331, 7.80154299909057, -4.60589125975428
-76.7443684020359, 7.85150002952722, -5.52810771181353
-76.7443652602315, 7.89689133827996, -6.45055840955834
-76.7443701640962, 7.75444027839992, -7.21642077824275
-76.7443701640962, 7.72740751427457, -8.13954884480025
-76.7443701640962, 7.59226805639282, -9.05069758299686
-76.7443701640962, 7.10176687259994, -9.82168575871254
-76.7443701640962, 6.32263782892555, -10.3069283079559
-76.7443701640962, 5.45041482371868, -10.6089015103275
-76.7443701640962, 4.55589984965068, -10.8382903372367
-76.7443701640962, 3.65345201946353, -11.0345768220338
-76.7443701640962, 2.74728181035947, -11.2129197489722
-76.7443701640962, 1.83563725880973, -11.3601748703291
-76.7443701640962, 0.918374607718492, -11.4677506983381
-76.7443701640962, 1.74743845610698E-15, -11.5655628251361
-71.2626294380893, 7.62810537527617, -8.88178419700125E-16
-71.2626294380893, 7.69262147320092, -0.92338554714086
-71.2626294380893, 7.74294719819087, -1.84765240704758
-71.2626294380893, 7.78099814189784, -2.77251050680901
-71.2626296008681, 7.81207866002956, -3.69763264685429
-71.2626336675964, 7.84065273326125, -4.62283645748291
-71.2626462902966, 7.86852932538968, -5.54806158739583
-71.2626766326037, 7.89586333051764, -6.47330288384014
-71.2626294380893, 7.73489786104645, -7.2322880306646
-71.2626294380893, 7.6854179550128, -8.156503381463
-71.2626294380893, 7.54122580346168, -9.06935423199479
-71.2626294380893, 7.08810806128806, -9.86598435186109
-71.2626294380893, 6.33310674226155, -10.3911211363385
-71.2626294380893, 5.46741040223315, -10.7167392383708
-71.2626294380893, 4.57325912146237, -10.9554063780199
-71.2626294380893, 3.66778353062772, -11.1473584209333
-71.2626294380893, 2.75757900686165, -11.315613445614
-71.2626294380893, 1.84220877830105, -11.4524500086118
-71.2626294380893, 0.921693510626334, -11.5495537456256
-71.2626294380893, 2.35741906989359E-16, -11.6349832901857
-65.7808887120825, 7.76207481663786, -8.88178419700125E-16
-65.7808887120825, 7.81003754250353, -0.918505287688092
-65.7808887120825, 7.83650926199632, -1.83788256510782
-65.7808887120825, 7.84612827649707, -2.75760262792885
-65.7808887120825, 7.84808823242309, -3.67737762255723
-65.7808887120825, 7.84820932990719, -4.59715508914751
-65.7808887120825, 7.84673827163812, -5.5169312830671
-65.7808887120825, 7.84339762553422, -6.43670253970879
-65.7808887120824, 7.66866236117957, -7.19965364417186
-65.7808887120825, 7.58703287274204, -8.11554912313221
-65.7808887120825, 7.4175768216037, -9.01874513409763
-65.7808887120824, 6.9986394541296, -9.82895223911486
-65.7808887120825, 6.27682223167117, -10.3901098459869
-65.7808887120825, 5.4307916984174, -10.7486042649109
-65.7808887120825, 4.54791328453174, -11.005406843735
-65.7808887120825, 3.64861010155712, -11.1979056894547
-65.7808887120825, 2.74293721253617, -11.3582073167203
-65.7808887120825, 1.83221547088278, -11.4862707795546
-65.7808887120824, 0.916855138064403, -11.5760354067101
-65.7808887120825, 6.0320426538528E-17, -11.6492310600035
-60.2991479860756, 7.84874841443851, -8.88178419700125E-16
-60.2991289425364, 7.88659121721832, -0.908048543255808
-60.2990838349977, 7.89921023892802, -1.81652816041397
-60.2991444640642, 7.87448586654912, -2.72504764804971
-60.2991479860756, 7.84778047220465, -3.63351101892983
-60.2991479860756, 7.81903210764292, -4.54191197765141
-60.2991479860756, 7.78917408297289, -5.45027741362155
-60.2991479860756, 7.75927968322576, -6.35864176294017
-60.2991479860756, 7.55712092923408, -7.10734559847322
-60.2991479860756, 7.43766571727385, -8.00785448553321
-60.2991479860756, 7.22668049016371, -8.89138776330639
-60.2991479860756, 6.83635142529268, -9.70700233742517
-60.2991479860756, 6.16645584272218, -10.3138245468087
-60.2991479860756, 5.35353387009891, -10.7174482662647
-60.2991479860756, 4.49105420332193, -11.0025818471866
-60.2991479860756, 3.60529165857201, -11.2052562581368
-60.2991479860756, 2.71056521878872, -11.3646625050185
-60.2991479860756, 1.81053038429087, -11.4903503753966
-60.2991479860756, 0.906219232304162, -11.5808708317958
-60.2991479860756, 9.07597142251204E-16, -11.6498453392372
-54.8174072600687, 7.89365380724836, -8.88178419700125E-16
-54.8174072600687, 7.91692559504552, -0.893365380481402
-54.8174072600687, 7.90545566263767, -1.78695968812945
-54.8174072600687, 7.86577138877954, -2.67977868049452
-54.8174072600687, 7.8127992816473, -3.57192748230327
-54.8174072600687, 7.75638912576994, -4.46386694137357
-54.8174072600687, 7.69803866321656, -5.35568176849242
-54.8174072600687, 7.63846208425021, -6.24741553704507
-54.8174072600687, 7.4030858578125, -6.97636705464849
-54.8174072600687, 7.24436720908164, -7.85538778935056
-54.8174072600687, 6.98552103651198, -8.71040380119824
-54.8174072600687, 6.60523049129324, -9.51701259888387
-54.8174072600687, 6.00050896035967, -10.1694148153306
-54.8174072600687, 5.23671648087586, -10.6300610424765
-54.8174072600687, 4.40529112734146, -10.9560174007893
-54.8174072600687, 3.54100215869588, -11.1820555437073
-54.8174072600687, 2.66315563462469, -11.3494065343071
-54.8174072600687, 1.77909969604956, -11.4799198417093
-54.8174072600687, 0.890756105824757, -11.5775931339957
-54.8174072600687, 8.92102548183169E-16, -11.6499687462086
-49.3356665340619, 7.9095881397258, -8.88178419700125E-16
-49.3356665340619, 7.91621025356072, -0.875271064590692
-49.3356665340619, 7.8854799414935, -1.75002006000596
-49.3356665340619, 7.82255745355651, -2.62308045254756
-49.3356665340619, 7.74278830190743, -3.49479029113459
-49.3356665340618, 7.65834043413212, -4.36606250374263
-49.3356665340619, 7.57003907656607, -5.23695227425669
-49.3356665340619, 7.47697856386382, -6.10734594090925
-49.3356665340618, 7.2019287123716, -6.81004238161035
-49.3356665340618, 6.99819942853089, -7.66108401576093
-49.3356665340619, 6.70022004934714, -8.48369278835642
-49.3356665340618, 6.31363385541135, -9.26832510151931
-49.3356665340619, 5.7753100106867, -9.95523872719347
-49.3356665340619, 5.07871686455296, -10.4818928249195
-49.3356665340619, 4.29147295066526, -10.8624742073366
-49.3356665340618, 3.45832884156875, -11.1291867818467
-49.3356665340618, 2.60347869646019, -11.3169273460183
-49.3356665340619, 1.74011897496141, -11.4607813965536
-49.3356665340618, 0.871665818544369, -11.5702564961028
-49.3356665340619, 1.05513720807459E-19, -11.6499991596341
-43.853925808055, 7.90118526812992, -8.88178419700125E-16
-43.853925808055, 7.88034254303759, -0.853320941150067
-43.853925808055, 7.82460971271889, -1.70506062842555
-43.853925808055, 7.73630492488061, -2.5540695264748
-43.853925808055, 7.6279966451785, -3.40078745228488
-43.853925808055, 7.5111838308912, -4.24638150835673
-43.853925808055, 7.3896550897058, -5.09131074092017
-43.853925808055, 7.26066010611253, -5.93512645205815
-43.853925808055, 6.93600511486845, -6.6019563979665
-43.853925808055, 6.67574460638544, -7.4148278315047
-43.853925808055, 6.35087582132786, -8.20383232663753
-43.853925808055, 5.95568900264319, -8.96017044501905
-43.853925808055, 5.47310649098788, -9.66308167869384
-43.853925808055, 4.86167773401966, -10.2564037562223
-43.853925808055, 4.13931872476251, -10.708682908389
-43.853925808055, 3.3513766097228, -11.0352535222512
-43.853925808055, 2.52933226697678, -11.264109062674
-43.853925808055, 1.6929961583059, -11.4343916772585
-43.853925808055, 0.848929497589471, -11.5614074680757
-43.853925808055, -8.86825416273706E-16, -11.65
-38.3721850820481, 7.85344887771526, -8.88178419700125E-16
-38.3721850820481, 7.79083663375803, -0.825950579535252
-38.3721850820481, 7.70071556166565, -1.64933890535831
-38.3721850820481, 7.58218194598965, -2.46913012962627
-38.3721850820481, 7.44254544215994, -3.28561239219126
-38.3721850820481, 7.29120789081312, -4.10001821055575
-38.3721850820481, 7.13256982700964, -4.91303295931329
-38.3721850820481, 6.91791927017243, -5.66833018036531
-38.3721850820481, 6.5799498063812, -6.34462215425258
-38.3721850820481, 6.26473055879906, -7.11059224048853
-38.3721850820481, 5.91602471620695, -7.86184840223868
-38.3721850820481, 5.52115645413191, -8.58987030202283
-38.3721850820481, 5.07675155458235, -9.28862603088128
-38.3721850820481, 4.55332380513561, -9.9296179459117
-38.3721850820481, 3.92666381928234, -10.4692553051538
-38.3721850820481, 3.20587329576163, -10.8752652544008
-38.3721850820481, 2.43406227104461, -11.1744677749314
-38.3721850820481, 1.63538366238487, -11.3933355681005
-38.3721850820481, 0.82209353443718, -11.5497491354761
-38.3721850820481, -8.55004514474098E-16, -11.65
-32.8804443560412, 7.72631159265913, -8.88178470573999E-16
-32.8804443560412, 7.60696829203152, -0.789920689381182
-32.8804443560412, 7.46929742884018, -1.57684571175798
-32.8804443560412, 7.31105319558691, -2.35989265020487
-32.8804443560412, 7.13436853782865, -3.13899373264306
-32.8804443560412, 6.94444069502364, -3.91498303142302
-32.8804443560412, 6.74519979356518, -4.68863156443364
-32.8804443560413, 6.40944435756854, -5.29467983849763
-32.8804443560412, 6.09855392081473, -6.0301243082517
-32.8804443560412, 5.74207892243815, -6.74505426575697
-32.8804443560412, 5.37353560385176, -7.45385597646538
-32.8804443560412, 4.98817181885734, -8.15362868330675
-32.8804443560412, 4.57697205384172, -8.83850098738952
-32.8804443560412, 4.12475547717787, -9.49680886970149
-32.8804443560412, 3.60387869270229, -10.1017664036292
-32.8804443560412, 2.9902271254434, -10.611087654316
-32.8804443560412, 2.29446447236195, -11.0026105685301
-32.8804443560412, 1.55772017103645, -11.3104306766143
-32.8804443560412, 0.788680026257891, -11.524877377433
-32.8804443560412, 2.12874453346551E-16, -11.65
-30.6977480656385, 7.63943092208843, -8.89150672040285E-16
-30.6977480656385, 7.49312103916139, -0.771814945981823
-30.6977480656385, 7.33156905876402, -1.5405785575111
-30.6977480656385, 7.15295540395771, -2.30555729081011
-30.6977480656385, 6.95844694119777, -3.06665413295962
-30.6977480656385, 6.75158474504922, -3.82449419322016
-30.6977480656385, 6.53562565906176, -4.57979018729399
-30.6977480656385, 6.18781296895168, -5.17157752733187
-30.6977480656385, 5.85788724449491, -5.88406972632829
-30.6977480656385, 5.48774067184915, -6.5769517507685
-30.6977480656385, 5.11374215036622, -7.26778136135635
-30.6977480656385, 4.73439233249608, -7.95568006978262
-30.6977480656385, 4.34008418117778, -8.63508579822184
-30.6977480656385, 3.91475853184044, -9.29537953079423
-30.6977480656385, 3.43115774361068, -9.91391069951446
-30.6977480656385, 2.8667986828183, -10.4589517023915
-30.6977480656385, 2.21236809445313, -10.8922015880972
-30.6977480656385, 1.51427578635371, -11.2515658171571
-30.6977480656385, 0.771563188530589, -11.5048989958133
-30.6977480656385, 3.92842747308829E-16, -11.65
-28.5050517752357, 7.51967458713375, -8.95965068699845E-16
-28.5050517752357, 7.34436851880646, -0.751010855503191
-28.5050517752357, 7.15623698920567, -1.49890899015472
-28.5050517752357, 6.95426196639925, -2.24318772301802
-28.5050517752357, 6.73939725132545, -2.98385102607561
-28.5050517752357, 6.51404419093603, -3.72139547991503
-28.5050517752357, 6.28057935405945, -4.45641070635395
-28.5050517752357, 5.921838270202, -5.03312951002302
-28.5050517752357, 5.57593550377775, -5.72198971544533
-28.5050517752357, 5.19355148138231, -6.39170913481822
-28.5050517752357, 4.81391227322092, -7.06299523719714
-28.5050517752357, 4.4404145738756, -7.73772504706782
-28.5050517752357, 4.0647310338255, -8.41123407791918
-28.5050517752357, 3.66949073507483, -9.07336594363429
-28.5050517752357, 3.22343266221046, -9.70206739507511
-28.5050517752357, 2.70650439037796, -10.2735867055027
-28.5050517752357, 2.10649404513402, -10.7568290842203
-28.5050517752357, 1.45873799855286, -11.174831896082
-28.5050517752357, 0.751046512124604, -11.4779273214157
-28.5050517752357, 6.08501169949311E-16, -11.65
-26.312355484833, 7.35785044101626, -9.15021282228372E-16
-26.312355484833, 7.15242110576083, -0.728253845022703
-26.312355484833, 6.93582811948592, -1.45326464929749
-26.312355484833, 6.70796632917105, -2.17481385740068
-26.312355484833, 6.47009370007357, -2.8931272933053
-26.312355484833, 6.22416902199147, -3.60872635177097
-26.312355484833, 5.9716507452105, -4.32202427918563
-26.312355484833, 5.60115774088717, -4.88145982340835
-26.312355484833, 5.24335321481334, -5.54775617867392
-26.312355484833, 4.85173148066652, -6.19519834259364
-26.312355484833, 4.46604448421342, -6.84617543653076
-26.312355484833, 4.09724957422887, -7.50688054639813
-26.312355484833, 3.73941081730652, -8.17359774315267
-26.312355484833, 3.37743057601425, -8.83805612971486
-26.312355484833, 2.97473030191697, -9.47834312271418
-26.312355484833, 2.50779057773459, -10.0733212554183
-26.312355484833, 1.97855191634127, -10.6134492619331
-26.312355484833, 1.39327480262903, -11.092514604263
-26.312355484833, 0.728397929806096, -11.4496238741848
-26.312355484833, 1.61677834411951E-15, -11.65
-24.1196591944302, 7.14602149708574, -9.5271666625773E-16
-24.1196591944302, 6.90999305447154, -0.704834234845748
-24.1196591944302, 6.66383831349742, -1.40619627543051
-24.1196591944302, 6.40828040431094, -2.10418853692558
-24.1196591944302, 6.14508884911815, -2.79934048029283
-24.1196591944302, 5.87628495616304, -3.49234309879127
-24.1196591944302, 5.60255739711981, -4.18341461835205
-24.1196591944302, 5.23012774122467, -4.74205389078354
-24.1196591944302, 4.85337755091675, -5.36994202640163
-24.1196591944302, 4.4564651325605, -5.99840555378118
-24.1196591944302, 4.06911981266234, -6.63277104060727
-24.1196591944302, 3.7048573800192, -7.28066335568127
-24.1196591944302, 3.36274931273323, -7.9405291244609
-24.1196591944302, 3.03545094119086, -8.60789970916755
-24.1196591944302, 2.68685422756764, -9.26421222567743
-24.1196591944302, 2.28454458895772, -9.88903680726525
-24.1196591944302, 1.8441515605461, -10.4873963363669
-24.1196591944302, 1.32612900731974, -11.0194974529637
-24.1196591944302, 0.706038347192525, -11.4249363190634
-24.1196591944302, 1.60533533238877E-15, -11.65
-21.9269629040275, 6.87926603731486, -1.01442209823797E-15
-21.9269629040275, 6.61289602676575, -0.681730121089616
-21.9269629040275, 6.33716798621776, -1.35973049253095
-21.9269629040275, 6.05344208673299, -2.03442514836863
-21.9269629040275, 5.76392297531747, -2.70665627438294
-21.9269629040275, 5.47089501303559, -3.37736627418841
-21.9269629040275, 5.17443889033929, -4.04656715361435
-21.9269629040275, 4.81345306427858, -4.62817378986545
-21.9269629040275, 4.40496341340361, -5.19527587180408
-21.9269629040275, 4.01294859685489, -5.81336720228805
-21.9269629040275, 3.62764717674944, -6.43560053748282
-21.9269629040275, 3.27035552714805, -7.07433025006074
-21.9269629040275, 2.94273587147382, -7.72875900443288
-21.9269629040275, 2.65079853577088, -8.39983817679113
-21.9269629040275, 2.37332088432546, -9.07710740226812
-21.9269629040275, 2.06448162666077, -9.74063798261479
-21.9269629040275, 1.71928586118635, -10.3851674662807
-21.9269629040275, 1.2608968949756, -10.9543322222609
-21.9269629040275, 0.683889902235197, -11.4005413932249
-21.9269629040275, 6.30982151758198E-16, -11.65
-19.734266613625, 6.55682770999874, -2.57130633310006E-07
-19.7342666136249, 6.26144912733969, -0.660045063544785
-19.7342666136248, 5.95742040184458, -1.31615189695553
-19.7342666136247, 5.64655975111376, -1.96905189508636
-19.7342666136247, 5.33130104463481, -2.61984152013441
-19.7342666136247, 5.01405136106366, -3.26966344984924
-19.7342666136247, 4.69447464304418, -3.91834347538442
-19.7342666136247, 4.34252329569703, -4.52467542419297
-19.7342666136247, 3.90482312928994, -5.03290250829667
-19.7342666136247, 3.52077665367069, -5.64562035424167
-19.7342666136247, 3.14294663512694, -6.26212004302934
-19.7342666136247, 2.79634923754977, -6.89669013548199
-19.7342666136247, 2.48572193852287, -7.54956439553458
-19.7342666136247, 2.23347727664456, -8.22682254322213
-19.7342666136247, 2.05975883316381, -8.92857910750174
-19.7342666136247, 1.87759720791655, -9.62834364050823
-19.7342666136247, 1.60808213792731, -10.2975943978855
-19.7342666136247, 1.19722434525145, -10.8910121666916
-19.7342666136247, 0.660913676809191, -11.3727195952916
-19.7342666136247, 5.03446475311544E-16, -11.65
-17.5415703232403, 6.18407584360534, -3.40738061655423E-06
-17.5415703232308, 5.86094612189232, -0.640812213284247
-17.5415703232252, 5.52972527507014, -1.27747900280572
-17.5415703232227, 5.19256381173449, -1.91102209998627
-17.541570323222, 4.85200056475238, -2.54274443443216
-17.541570323222, 4.5105233506801, -3.17397370893819
-17.541570323222, 4.16750127707078, -3.80436406032604
-17.541570323222, 3.81690636030728, -4.43054044301193
-17.541570323222, 3.36478643301725, -4.8961352634736
-17.541570323222, 2.98170728717976, -5.50301176708748
-17.541570323222, 2.61478501945272, -6.11967488726216
-17.541570323222, 2.28417424947812, -6.75655199762785
-17.541570323222, 1.9961788664983, -7.41370457714465
-17.541570323222, 1.79850978933834, -8.10206583693857
-17.541570323222, 1.7908425796951, -8.81854746960439
-17.541570323222, 1.73146425307904, -9.53289415271367
-17.541570323222, 1.50752891111474, -10.2125159786456
-17.541570323222, 1.13396707631871, -10.8236774085552
-17.541570323222, 0.635616685400617, -11.3376280561392
-17.541570323222, 3.52561429439852E-16, -11.65
-15.3488740330037, 5.76555775342157, -1.34712346625393E-05
-15.3488740329083, 5.41466228991586, -0.624440301332022
-15.3488740328529, 5.05618931878638, -1.24455133184918
-15.3488740328271, 4.69263481479769, -1.86169903586354
-15.3488740328197, 4.32658386709958, -2.47737058061441
-15.3488740328192, 3.96055650544848, -3.09305616981425
-15.3488740328192, 3.59358831044541, -3.70818091461599
-15.3488740328192, 3.21988994131341, -4.31921581793631
-15.3488740328192, 2.76083059977484, -4.77832922242952
-15.3488740328192, 2.3883187532196, -5.39009362342788
-15.3488740328192, 2.04264606997802, -6.01733684619456
-15.3488740328192, 1.73523390187671, -6.66414685925944
-15.3488740328192, 1.47907416686687, -7.33273882490787
-15.3488740328192, 1.38369592482823, -8.03507885957741
-15.3488740328192, 1.59645757418735, -8.71762178874634
-15.3488740328192, 1.60809925395547, -9.43103069233052
-15.3488740328192, 1.41029736962809, -10.1173872251603
-15.3488740328192, 1.06765043936946, -10.7449040147251
-15.3488740328192, 0.604918450505532, -11.289940264912
-15.3488740328192, 1.81542869690976E-16, -11.65
-13.1561777433725, 5.30195012873421, -3.52746231123484E-05
-13.1561777428472, 4.9221786974699, -0.611051417401114
-13.1561777425564, 4.53507469819493, -1.21745176434978
-13.156177742439, 4.14355239325263, -1.82101173806672
-13.1561777424166, 3.75094795535028, -2.42386900795218
-13.1561777424165, 3.35978410962018, -3.0276619611774
-13.1561777424165, 2.96793304951078, -3.63100851441255
-13.1561777424165, 2.56919706432328, -4.22980212461024
-13.1561777424165, 2.10867313972528, -4.69758970796516
-13.1561777424165, 1.74758194459196, -5.31975048588989
-13.1561777424165, 1.42534225173768, -5.96281061330082
-13.1561777424165, 1.1505656483179, -6.627523114142
-13.1561777424165, 0.937451868069513, -7.3142002546638
-13.1561777424165, 1.07687241216142, -7.97931128341793
-13.1561777424165, 1.44175478119642, -8.58856769023799
-13.1561777424165, 1.48368452417631, -9.30250343554169
-13.1561777424165, 1.30506540169628, -9.99775060941215
-13.1561777424165, 0.991680119991602, -10.6440459880005
-13.1561777424165, 0.563919329526943, -11.2213376161506
-13.1561777424165, -8.84513185120848E-16, -11.65
-11.1135382284765, 4.82637179936044, -0.000144413016571162
-11.2507703144104, 4.45186605079326, -0.602199977643162
-11.3892716894755, 4.07389641786549, -1.20179713898563
-11.5277951625899, 3.69586647946014, -1.80135159938314
-11.6653698261898, 3.320425837975, -2.40274739298924
-11.8012181482069, 2.94969637494605, -3.00744688552615
-11.9364072291813, 2.58076597777338, -3.61339681414791
-12.0733410958519, 2.2070740682417, -4.21600853379614
-12.2256343902443, 1.79146634917173, -4.70990456070495
-12.3421429534295, 1.47351500147336, -5.34767756124937
-12.4444779788642, 1.19424317488673, -6.00560974598348
-12.5307974365905, 0.958677760926062, -6.68267038531555
-12.595059110996, 0.7833079389661, -7.37971886707652
-12.4970905943673, 1.05066358255612, -7.98941950244275
-12.3684029218475, 1.40185166514198, -8.59065907162657
-12.3596919855122, 1.4256237714301, -9.30769717877963
-12.4253570833635, 1.24642401316543, -10.002791223343
-12.5361211958305, 0.944149245777453, -10.6479444119258
-12.6859220317834, 0.535343434638256, -11.2229891247255
-12.8820907061161, 0, -11.6497223050207
-9.59692010462995, 4.44127963248961, -0.000230898525129031
-9.8498418865988, 4.07814225650718, -0.594330029233978
-10.1032869369887, 3.71425358769471, -1.18774656381008
-10.3550034245887, 3.35284673658448, -1.78340815873105
-10.6029004868583, 2.99692369980375, -2.38395013015826
-10.8462543098179, 2.6475237073756, -2.99015362895404
-11.0877962765001, 2.3007251228969, -3.59857855707063
-11.3315251046809, 1.95078670941651, -4.20431175478567
-11.5934897177205, 1.5746659125483, -4.71372375070847
-11.7936072976305, 1.28734319842383, -5.36641686187596
-11.9681449155449, 1.03674741309337, -6.04116687462532
-12.1143477227558, 0.826833884260331, -6.73622474049298
-12.2154774952853, 0.681634843101528, -7.45415723315065
-11.9649212179149, 1.04137589977108, -7.98953855260971
-11.7371432970351, 1.36841248733233, -8.59293688200626
-11.7340334843739, 1.37287746144729, -9.3278172942123
-11.8622551616531, 1.18878069022902, -10.0323307153862
-12.0696752514921, 0.890973255203701, -10.6766089517315
-12.3428779790949, 0.498717116406102, -11.2412874155434
-12.6902297807059, 0, -11.6487683476261
-8.3878815304396, 4.11048732485607, -0.000327071429385386
-8.73721190125323, 3.76115695404244, -0.58654216074736
-9.0852973331215, 3.41307152217417, -1.17423473157486
-9.42923413533501, 3.06913471996066, -1.76678656514249
-9.76670242781271, 2.73166642748296, -2.36672675392661
-10.0969545517037, 2.40141430359199, -2.97464431464895
-10.4241626439736, 2.07420621132207, -3.58585725043784
-10.7540213195805, 1.74434753571519, -4.19308404440831
-11.097194480499, 1.40117437479668, -4.71803765972138
-11.3614310399819, 1.13693781531379, -5.38723771106676
-11.5904255649932, 0.90794329030252, -6.08188626824579
-11.7827113755535, 0.715657479742156, -6.79845970998175
-11.8909781250384, 0.607390730257307, -7.5434182813332
-11.4665231064712, 1.03184574882446, -7.9806369544165
-11.1638268780007, 1.33454197729494, -8.59213784541062
-11.1777745139219, 1.3205943413738, -9.35111382343726
-11.3665924567014, 1.13177639859427, -10.0680164629283
-11.6606914921644, 0.837677363131236, -10.7102022078013
-12.0363528783411, 0.462015976954541, -11.2614982887413
-12.4983688552957, 0, -11.647042431889
-7.24991620161038, 3.77666227516356, -0.000444033041725931
-7.69415922942246, 3.44486647785589, -0.578774783585061
-8.13503666256922, 3.11558437259399, -1.16109919559312
-8.56912882664507, 2.79137004244703, -1.75130224480127
-8.99398229589194, 2.47405589964113, -2.35188243872018
-9.40897830686565, 2.16410408561116, -2.96310472721733
-9.81981840396495, 1.85725623646343, -3.57870401971866
-10.2377207507378, 1.54513374119967, -4.17801954834642
-10.6504850673695, 1.23684873285306, -4.73378730444505
-10.9760229724756, 0.993711301275337, -5.42405309263993
-11.2564919271114, 0.784234923262705, -6.1444916109207
-11.4916994988682, 0.608563322544066, -6.88969039743848
-11.530857178065, 0.57931727347539, -7.64786418132321
-10.9438689753089, 1.01772644717218, -7.96644536938412
-10.5723237829893, 1.29522575634231, -8.59069147454644
-10.6168961797381, 1.26193556833413, -9.38087887753239
-10.8752462226525, 1.06897934143414, -10.1122641044717
-11.2620677088723, 0.780070488844764, -10.7495723215219
-11.7394220155021, 0.423544572058783, -11.2836804120961
-12.3065079298854, 0, -11.6444393558498
-6.10770198739694, 3.4160490170673, -0.000591910677244911
-6.65202183248885, 3.10650343832303, -0.571358007897323
-7.1906768071617, 2.80017937650157, -1.14918364120134
-7.71979309257398, 2.49927980749302, -1.73854467579729
-8.23684617375038, 2.20524038067913, -2.3419040520962
-8.74142680664903, 1.91829382629182, -2.95907971124264
-9.24101219362066, 1.63418798459465, -3.58163771073106
-9.75644139721743, 1.34107202976093, -4.16430799648006
-10.2339753886585, 1.06950644734916, -4.77000015288099
-10.62231129437, 0.848666322256259, -5.48962677137853
-10.9571614518013, 0.658242646343454, -6.24402169213789
-11.2353024515209, 0.500068518563525, -7.02810897584257
-11.0625521218931, 0.598308737517681, -7.69717843231104
-10.3603165012689, 0.997658372775301, -7.94701800222294
-9.92380744718262, 1.24589376046622, -8.59316827082471
-10.0194186339466, 1.19152128000615, -9.42270987104236
-10.3637694253374, 0.995694752692746, -10.1690796778596
-10.8566317521685, 0.715412202688737, -10.796404312793
-11.4424918925748, 0.382243353783995, -11.3081387078492
-12.1146470044752, 0, -11.640843826265
-4.92087195148529, 3.00886971495082, -0.000784989747297911
-5.57566022628401, 2.72749342643187, -0.5655455555099
-6.22243105187833, 2.44956240440187, -1.14113143200164
-6.85684590201283, 2.17694100480973, -1.73276635626119
-7.47633880303718, 1.91073188048225, -2.34284286278373
-8.08148375115743, 1.65068837318149, -2.96976251523485
-8.6793906820057, 1.39375519408088, -3.60487905102744
-9.31181901223401, 1.12198744385875, -4.15205330049834
-9.84759116179894, 0.891754886651247, -4.8451685540281
-10.3051110911846, 0.69514895369748, -5.60567583396013
-10.7011632764622, 0.524957002738234, -6.40607356455357
-11.0177035010385, 0.388933013020915, -7.24643761364972
-10.4800452482364, 0.619976068444513, -7.70530783386071
-9.67163142672284, 0.967368484343891, -7.92186264566861
-9.18024093111685, 1.17852931172676, -8.60715598189257
-9.35775160282645, 1.10224924395446, -9.48452804847617
-9.81364109397281, 0.906343944591876, -10.2429882932536
-10.4315203670678, 0.640828230111942, -10.852625006851
-11.1385152501492, 0.33701766437681, -11.3351701153596
-11.9227860790649, 0, -11.6361315989467
-3.66677331681622, 2.53328664440298, -0.00104523576776013
-4.44806546282591, 2.28785017459077, -0.564168231916832
-5.21920321957045, 2.04560362223398, -1.14244611897614
-5.97598046116033, 1.80786830701459, -1.74118140098273
-6.71409086080234, 1.57599702590028, -2.3649698431509
-7.43443697017878, 1.3497062497402, -3.01122009540921
-8.14667743982969, 1.12596179330182, -3.66729430107797
-8.89080362022241, 0.892200704388778, -4.24027977948493
-9.51062027084274, 0.697490426759549, -4.99116967469877
-10.0475723087823, 0.528811382277341, -5.80991013153448
-10.5163622485837, 0.381544897523898, -6.67348607652439
-10.6735136586987, 0.33217708098863, -7.56312704456956
-9.73477161630947, 0.627075134328939, -7.68418105700417
-8.81122553501491, 0.917199502095238, -7.88769805615303
-8.29973890219971, 1.07787880004474, -8.64740672789149
-8.60094656715103, 0.983256901765585, -9.57921433778432
-9.20535127017916, 0.793388160083292, -10.3398462068736
-9.97285168796615, 0.552284247695183, -10.9209745708042
-10.8200304186999, 0.286150051884759, -11.3650434511096
-11.7309251536547, 0, -11.6301717444079
-2.34718957171181, 1.96347258292443, -0.00140772806163845
-3.27854051981092, 1.76452708812554, -0.569976102541416
-4.1971283351103, 1.56830792089974, -1.15981676127774
-5.09733464292509, 1.37601521996372, -1.77854900610234
-5.97668675774566, 1.18817717465707, -2.42788967876115
-6.83762395384949, 1.00427273259984, -3.10258324094162
-7.69079164037695, 0.822027932302958, -3.7875544677639
-8.55016251382395, 0.63845807178731, -4.42750641048306
-9.26656434856279, 0.485427769109416, -5.25944377663411
-9.9015408931565, 0.349790689330076, -6.15834032002473
-10.4511333072602, 0.23239247871491, -7.11349090382862
-9.83119138890017, 0.364818018138507, -7.59597988917712
-8.74695777017045, 0.596420717632212, -7.62670192041131
-7.68767845904753, 0.822692937692436, -7.83757504260395
-7.24509693595157, 0.917232595681597, -8.73999241254517
-7.7162758734012, 0.816584255717962, -9.72754584609724
-8.51776391829692, 0.645378722516308, -10.4680663478435
-9.46497762996353, 0.443044789284779, -11.0060743223999
-10.4786251796135, 0.226519951114595, -11.3982514323672
-11.5390642282445, 0, -11.6228303368707
-1.04583184977507, 1.26924790918573, -0.00194137300063497
-2.14867652861155, 1.13336471060889, -0.585893370936829
-3.23596009667287, 0.999398820558006, -1.19868774352746
-4.30079916522893, 0.868198352004598, -1.85022020458182
-5.34060927852687, 0.740081739739184, -2.5415942957901
-6.36121413017394, 0.61433143746529, -3.26152868286617
-7.37193600263884, 0.489798832341786, -3.9954873151866
-8.3363269316171, 0.370974734422296, -4.76142396182994
-9.17264627591143, 0.267930534531617, -5.69139477108505
-9.94051323881512, 0.17332045842288, -6.67960796311411
-9.98836278377106, 0.167424841983112, -7.5538021685082
-8.7428124875933, 0.32089102038597, -7.53530302126472
-7.49725844881414, 0.474357659920535, -7.53218656496883
-6.29132600797823, 0.622942461092389, -7.79461793689694
-6.03148529248437, 0.654957837526949, -8.92578335306939
-6.71756254816951, 0.570425197743373, -9.95645328891339
-7.75905752181665, 0.442100991228473, -10.6386962729883
-8.91148581873234, 0.300108518380371, -11.1130180456293
-10.1149374120078, 0.151829386273403, -11.4348422472146
-11.3472033028342, 0, -11.6139757757382
-0.130156610003772, 0.438741065879703, -0.00278818559892141
-1.36484928285229, 0.389607165485916, -0.613004189702977
-2.58019822146553, 0.341243038115053, -1.26084309292622
-3.76739662156355, 0.293999145589552, -1.95894411421121
-4.9234890187768, 0.247993098951533, -2.70754874916787
-6.05905008086394, 0.202804085245855, -3.48713852762241
-7.18189001445098, 0.158121301693125, -4.27796512091636
-8.21453142436644, 0.117027917652682, -5.18917853968516
-9.19676484040476, 0.0779404913737728, -6.15497230862873
-10.1144197161396, 0.0414229317804166, -7.18116410350863
-9.16307550328741, 0.0792811395938986, -7.5253146863826
-7.7879561800357, 0.134003239549626, -7.45208321439715
-6.41149007735511, 0.188778933835154, -7.43939061719401
-5.13805585497063, 0.239454532400364, -7.85583043455871
-5.005896710497, 0.244713731214361, -9.16728540703137
-5.88737368762545, 0.209635850745754, -10.1953647487267
-7.11632059378813, 0.160730599905201, -10.8109408910026
-8.43188461461145, 0.108378469709387, -11.2147807333403
-9.78558701837376, 0.0545086440175922, -11.4646263891768
-11.155342377424, 0, -11.603485739598
