-109.579997112877, 6.43998198165468, -8.88178419700125E-16
-109.579997112877, 6.5981659427587, -0.780107623219466
-109.579997112877, 6.72161493356376, -1.56647147658136
-109.579997112877, 6.8159157524222, -2.35688672500561
-109.579997112877, 6.89095915041173, -3.1493847730999
-109.579997112877, 6.9566589822724, -3.94272004476955
-109.579997112877, 7.01694987622808, -4.73648574647359
-109.579997112877, 7.0736847145505, -5.53051423659632
-109.579997112877, 7.12871509394833, -6.32466300814424
-109.579997112877, 7.19607385900222, -7.11753486467329
-109.579997112877, 7.0498159392297, -7.8701616880071
-109.579997112877, 6.3467144018459, -8.22219929809034
-109.579997112877, 5.56642736736018, -8.37637181790191
-109.579997112877, 4.77392958398176, -8.45048757194329
-109.579997112877, 3.97897038927355, -8.49163334402548
-109.579997112877, 3.18337112339285, -8.51840113666032
-109.579997112877, 2.38761129816374, -8.54000212587011
-109.579997112877, 1.59183255580807, -8.56090319042819
-109.579997112877, 0.795994932149516, -8.57928964605042
-109.579997112877, 2.66097112753737E-22, -8.58868313003395
-107.442118229735, 6.61565402886752, -8.88178419700125E-16
-107.442118229735, 6.73198742590744, -0.800436522682505
-107.442118229735, 6.8356218590639, -1.60261269483125
-107.442118229735, 6.92543204333562, -2.40645469981545
-107.442118229735, 7.00343310930979, -3.21153249614695
-107.442118229735, 7.07282161622237, -4.01740066011479
-107.442118229735, 7.13648460432013, -4.82374339975811
-107.442118229735, 7.19796979630856, -5.63025592883598
-107.442118229735, 7.26083294522311, -6.43666171463616
-107.442118229735, 7.28889914127877, -7.21381354202108
-107.442118229735, 7.16836973801232, -7.99037058942561
-107.442118229735, 6.45411119636993, -8.34176793070188
-107.442118229735, 5.65679064019016, -8.47396093731891
-107.442118229735, 4.84977089314758, -8.52714660111297
-107.442118229735, 4.04168488098693, -8.56232014160699
-107.442118229735, 3.23348912663162, -8.5949152401903
-107.442118229735, 2.42524702410086, -8.6263397666672
-107.442118229735, 1.61694868514206, -8.65628174531966
-107.442118229735, 0.808558350484692, -8.6835837699493
-107.442118229735, 8.98910900358904E-16, -8.70536583495194
-105.249421939332, 6.73153977355021, -8.88178419700125E-16
-105.249421939332, 6.83093064876524, -0.814676382672577
-105.249421939332, 6.92714605812557, -1.62973247214919
-105.249421939332, 7.0166366895769, -2.44555248611545
-105.249421939332, 7.09837244692594, -3.26218645015344
-105.249421939332, 7.17386512619363, -4.07942250601373
-105.249421939332, 7.24508464324533, -4.89704287800577
-105.249421939332, 7.31404830984963, -5.71485708042272
-105.249421939332, 7.38277483954903, -6.53269129437928
-105.249421939332, 7.36108088061768, -7.28115972792679
-105.249421939332, 7.26368822227757, -8.08062755884426
-105.249421939332, 6.5498932881995, -8.44626247045676
-105.249421939332, 5.73810404444566, -8.56355625157702
-105.249421939332, 4.91925550691404, -8.61825358997283
-105.249421939332, 4.09954601459123, -8.65887787905386
-105.249421939332, 3.27974083297276, -8.69755024979537
-105.249421939332, 2.45989960660219, -8.73545219429469
-105.249421939332, 1.64003139779658, -8.77276576963492
-105.249421939332, 0.820110673853626, -8.80888739823252
-105.249421939332, 6.31819942539327E-17, -8.84040105444659
-103.056725648929, 6.81891974442563, -8.88178419700125E-16
-103.056725648929, 6.91340527386339, -0.826405575907735
-103.056725648929, 7.00669105954037, -1.65294719615
-103.056725648929, 7.09678367137462, -2.47984231356491
-103.056725648929, 7.18168673586428, -3.30728525621323
-103.056725648929, 7.26195427645058, -4.13519240967806
-103.056725648929, 7.33931488709936, -4.96337614436213
-103.056725648929, 7.41365676302071, -5.7918362771657
-103.056725648929, 7.48486764918503, -6.62057137193213
-103.056725648929, 7.42232137287388, -7.34775132759714
-103.056725648929, 7.33897053932981, -8.16546246898994
-103.056725648929, 6.63615993721575, -8.56070280930891
-103.056725648929, 5.81309995172985, -8.67793983469174
-103.056725648929, 4.98370320499794, -8.7404964263205
-103.056725648929, 4.15330658165182, -8.78857485682498
-103.056725648929, 3.32273988203871, -8.83365671320308
-103.056725648929, 2.49212221453381, -8.87779386711281
-103.056725648929, 1.661503692074, -8.92191533630618
-103.056725648929, 0.830877531672688, -8.96587398420957
-103.056725648929, 1.05868138192936E-15, -9.00478325829031
-100.864029358526, 6.8917290340978, -8.88178419700125E-16
-100.864029358526, 6.98773791385222, -0.836756948925255
-100.864029358526, 7.08117820806937, -1.67380437702715
-100.864029358526, 7.17109992209584, -2.51123676685676
-100.864029358526, 7.25654979491949, -3.34913680718147
-100.864029358526, 7.33773472740296, -4.18746164486737
-100.864029358526, 7.41687131445078, -5.02598260123644
-100.864029358526, 7.49398263602969, -5.86469221389778
-100.864029358526, 7.56733203635201, -6.70373758113882
-100.864029358526, 7.47641803544686, -7.42018899910977
-100.864029358526, 7.39927419372373, -8.25224583993805
-100.864029358526, 6.71453807333817, -8.68743197985119
-100.864029358526, 5.88316726851134, -8.81960017199314
-100.864029358526, 5.04422830775623, -8.89349076888646
-100.864029358526, 4.20377227360281, -8.94834476755646
-100.864029358526, 3.36314595660619, -9.00056892192931
-100.864029358526, 2.52247166543055, -9.05201813625555
-100.864029358526, 1.68177591685983, -9.1031148902281
-100.864029358526, 0.841069809291849, -9.15402227667239
-100.864029358526, 1.24015250628595E-15, -9.19849389320154
-98.6713330681237, 6.95529586493932, -8.88178419700125E-16
-98.6713330681237, 7.05542059372682, -0.84613162280483
-98.6713330681237, 7.15020150119208, -1.69287798638132
-98.6713330681237, 7.23940067947705, -2.54023082078887
-98.6713330681237, 7.32412944867387, -3.38804302147088
-98.6713330681237, 7.40572124816269, -4.23616325319943
-98.6713330681237, 7.48546603435863, -5.08445926097425
-98.6713330681237, 7.56294585922344, -5.93296488721587
-98.6713330681236, 7.63523451141206, -6.78192478042961
-98.6713330681237, 7.52431162404589, -7.49486665826426
-98.6713330681237, 7.44816335376511, -8.33858568537487
-98.6713330681237, 6.78422660367952, -8.81672080525483
-98.6713330681237, 5.94729196189227, -8.97364390832635
-98.6713330681236, 5.10006797075879, -9.06302521252352
-98.6713330681237, 4.25045543667742, -9.12719698221632
-98.6713330681237, 3.40062358954868, -9.18844582465572
-98.6713330681237, 2.55072922512502, -9.24882001082543
-98.6713330681237, 1.70072283956304, -9.30759684946911
-98.6713330681237, 0.850652058058133, -9.36541346406658
-98.6713330681237, 6.3791194127186E-16, -9.41387295074333
-96.4786367777188, 7.01271679961839, -8.88178419700125E-16
-96.4786367777201, 7.11633273737017, -0.854851306241743
-96.4786367777207, 7.212171895671, -1.71060923630644
-96.4786367777209, 7.3010034428745, -2.56712414791608
-96.4786367777209, 7.38502167942634, -3.4241257331231
-96.4786367777209, 7.46612970622102, -4.28140807372359
-96.4786367777209, 7.54529754360971, -5.13887176802661
-96.4786367777209, 7.62177128785727, -5.99657955111833
-96.4786367777209, 7.69111842088505, -6.85488355134933
-96.4786367777209, 7.56656272978777, -7.5690850687171
-96.4786367777209, 7.4879532308327, -8.42257104607317
-96.4786367777209, 6.84403228971717, -8.94177032235558
-96.4786367777209, 6.00429324878135, -9.12943308211806
-96.478636777721, 5.15040613034363, -9.23949853525198
-96.478636777721, 4.29283886262088, -9.31745897844448
-96.478636777721, 3.43484977942799, -9.39071436162644
-96.4786367777209, 2.57669987328031, -9.46206107280349
-96.4786367777209, 1.71824182820918, -9.52958691495927
-96.4786367777209, 0.859509031654696, -9.5935061032289
-96.4786367777209, 2.3860472935398E-15, -9.64588937904556
-94.2859404873093, 7.06605532634232, -8.88178419700125E-16
-94.2859404873145, 7.17122707790137, -0.863054616902257
-94.2859404873172, 7.26767873725676, -1.72712703205191
-94.2859404873181, 7.35627995532426, -2.59204115403033
-94.2859404873182, 7.43955519589138, -3.45748575617375
-94.2859404873182, 7.51965042829931, -4.32323094686825
-94.2859404873182, 7.59747716203168, -5.1891829893152
-94.2859404873182, 7.67197551810059, -6.05542714659141
-94.2859404873183, 7.70559935162757, -6.89313320004504
-94.2859404873182, 7.60361110023001, -7.64102725216779
-94.2859404873182, 7.51983868528293, -8.50274816953921
-94.2859404873182, 6.89277559361523, -9.05830857122608
-94.2859404873182, 6.05287712484567, -9.27969767191746
-94.2859404873182, 5.19425311858255, -9.41526748721308
-94.2859404873182, 4.33039239344976, -9.51349134149094
-94.2859404873182, 3.46553106501918, -9.60261975185419
-94.2859404873182, 2.60022100575412, -9.68727805856194
-94.2859404873182, 1.73424690233325, -9.76481825117932
-94.2859404873182, 0.867611846072018, -9.83457496494136
-94.2859404873182, 2.94535335273784E-15, -9.89083645879217
-92.0932441969154, 7.11624249477951, -8.88178419700125E-16
-92.0932441969155, 7.22094029304714, -0.870916431488346
-92.0932441969154, 7.31739726193525, -1.74278324986118
-92.0932441969154, 7.40581601218638, -2.61550303665625
-92.0932441969154, 7.48833534727856, -3.48880172564734
-92.0932441969154, 7.5670512447848, -4.36245224820883
-92.0932441969154, 7.64302159205934, -5.23634568275877
-92.0932441969154, 7.71487624253891, -6.11058622761904
-92.0932441969154, 7.67474071253396, -6.89153802450557
-92.0932441969155, 7.63576337501844, -7.71080371806234
-92.0932441969154, 7.54482195844465, -8.57965486011401
-92.0932441969154, 6.93187566268367, -9.16721606255624
-92.0932441969155, 6.09400185497043, -9.42309284326643
-92.0932441969155, 5.23233246917457, -9.58641569307247
-92.0932441969155, 4.36382033951273, -9.70928340457512
-92.0932441969154, 3.49320681450523, -9.81646115174923
-92.0932441969154, 2.62170916067552, -9.91620817950197
-92.0932441969154, 1.74901322444277, -10.0047640451439
-92.0932441969155, 0.875081450421237, -10.0802159345957
-92.0932441969155, 3.55147344777916E-15, -10.1408663154251
-89.9005479065127, 7.16370371418909, -8.88178419700125E-16
-89.9005479065127, 7.26663250572707, -0.878549104545991
-89.9005479065127, 7.36254110501192, -1.75789097837866
-89.9005479065127, 7.45059302493434, -2.63805460450722
-89.9005479065128, 7.53216779966714, -3.51884332942269
-89.9005479065127, 7.60920334893079, -4.40004164147865
-89.9005479065127, 7.68297731590409, -5.28151890555142
-89.9005479065127, 7.75179886589975, -6.16339506391058
-89.9005479065127, 7.64617117999724, -6.89470866005618
-89.9005479065127, 7.66322173626586, -7.77905837874283
-89.9005479065127, 7.56406734282641, -8.65437960958739
-89.9005479065127, 6.9644902635741, -9.27134640035855
-89.9005479065127, 6.13026201160082, -9.56107556437359
-89.9005479065127, 5.266548425666, -9.75119001930926
-89.9005479065127, 4.39447730067196, -9.89901767262025
-89.9005479065127, 3.51888065585216, -10.024555084564
-89.9005479065127, 2.64176639405471, -10.139043807034
-89.9005479065127, 1.7628420570596, -10.2385378849981
-89.9005479065127, 0.882078072111257, -10.3202885479798
-89.9005479065127, 4.9463709388401E-15, -10.3863804841263
-87.6978516161099, 7.20903930353435, -8.88178419700125E-16
-87.6978516161099, 7.30953306276592, -0.886019744170367
-87.6978516161099, 7.40437056417071, -1.77266118297178
-87.6978516161099, 7.49165523843903, -2.66007758678222
-87.6978516161099, 7.57195518432854, -3.54815401814669
-87.6978516161099, 7.64706898323867, -4.43668561507985
-87.6978516161099, 7.71845926732138, -5.32552386081216
-87.6978516161099, 7.78411081271523, -6.21480213613885
-87.69785161611, 7.67334499843877, -6.95455157063156
-87.6978516161099, 7.68627621282844, -7.84610565845312
-87.6978516161099, 7.5788863095418, -8.72760433029308
-87.6978516161099, 6.99379817346521, -9.37294401939606
-87.6978516161099, 6.16445604384987, -9.6953578033206
-87.6978516161099, 5.29893121986665, -9.90910845894501
-87.69785161611, 4.4236031630169, -10.0788620144063
-87.6978516161099, 3.54328915154017, -10.2208115765541
-87.6978516161099, 2.66080640740156, -10.3486490483325
-87.69785161611, 1.77594265541769, -10.4586162624363
-87.69785161611, 0.888696376848283, -10.5475219031454
-87.6978516161099, 6.12346140680013E-15, -10.6205637736663
-82.2261108901031, 7.31618532494053, -8.88178419700125E-16
-82.2261108901031, 7.41017286595791, -0.903305512999413
-82.2261108901031, 7.49975505294131, -1.80705695955925
-82.2261108901031, 7.58201166781377, -2.71150344848876
-82.2261108901031, 7.65679051433006, -3.61659956687571
-82.2261108901031, 7.7259212417552, -4.5221461647291
-82.2261108901031, 7.79084493822623, -5.42800380353255
-82.2261108901031, 7.8488781947821, -6.33432524653075
-82.2261108901031, 7.72697190769491, -7.09260540182954
-82.226110890103, 7.72444074053945, -8.00073567171768
-82.2261108901031, 7.60214534509058, -8.8972202486424
-82.2261108901031, 7.06161930315891, -9.60978888633757
-82.2261108901031, 6.24976255548009, -10.0085117405793
-82.2261108901031, 5.37795595602548, -10.2618974617609
-82.226110890103, 4.49185366335537, -10.4605372656938
-82.2261108901031, 3.5989413889649, -10.6262471412891
-82.2261108901031, 2.70313933342692, -10.7756395002854
-82.2261108901031, 1.8044955148325, -10.9067068605716
-82.2261108901031, 0.903023680636532, -11.0168225197473
-82.2261108901031, 5.56522871856875E-15, -11.1134300823994
-76.7443701640907, 7.43730688541308, -8.88178419700125E-16
-76.7443701640941, 7.5217401111205, -0.916214283898287
-76.7443701640957, 7.59930500428011, -1.83303372024461
-76.7443701640962, 7.66842053678914, -2.75052890217651
-76.7443701640962, 7.73032909218834, -3.66853974875894
-76.7443701640962, 7.78738947209038, -4.58686601250555
-76.7443701640962, 7.84073571352394, -5.50541523253613
-76.7443701640962, 7.88767713402097, -6.42431054674914
-76.7443701640962, 7.75313623791617, -7.19397954119889
-76.7443701640962, 7.73154758371146, -8.11378367401353
-76.7443701640962, 7.60037923107614, -9.02182462649535
-76.7443701640962, 7.10247084038806, -9.78319926153294
-76.7443701640962, 6.3160941752057, -10.2498847039343
-76.7443701640962, 5.44081505440873, -10.531699411871
-76.7443701640962, 4.54449006096969, -10.7389552542411
-76.7443701640962, 3.64052714708095, -10.9103813844365
-76.7443701640962, 2.7337105704787, -11.0661098807897
-76.7443701640962, 1.8244466064827, -11.2067651513652
-76.7443701640962, 0.912793806735525, -11.3311018167366
-76.7443701640962, 2.47478776752659E-15, -11.4467889523465
-71.2626294380893, 7.58882333882281, -8.88178419700125E-16
-71.2626294380893, 7.65772507327148, -0.922046136695081
-71.2626294380893, 7.71420914852672, -1.84493501889117
-71.2626294380893, 7.75940900140204, -2.76844863435112
-71.2626294380893, 7.79763950584002, -3.6922798886365
-71.2626294380893, 7.83236911264173, -4.61625027702812
-71.2626294380893, 7.86463001348425, -5.54031003530489
-71.2626294380893, 7.89273353809036, -6.46450422357388
-71.2626294380893, 7.74405114238176, -7.23625921677057
-71.2626294380893, 7.7010873751487, -8.15980119261719
-71.2626294380893, 7.5604423324265, -9.07194167537919
-71.2626294380893, 7.09807318757726, -9.86184661718223
-71.2626294380893, 6.33666965188383, -10.3756752569585
-71.2626294380894, 5.4671576370627, -10.6877606300087
-71.2626294380893, 4.5691494006445, -10.9071285569782
-71.2626294380893, 3.66068669470654, -11.0790113179116
-71.2626294380893, 2.74861541684272, -11.2307907576997
-71.2626294380893, 1.83404744219922, -11.3666516270227
-71.2626294380893, 0.917333408384053, -11.4873098382617
-71.2626294380893, 3.35769976771917E-16, -11.6031829890647
-65.7808887120825, 7.73302661049729, -8.88178419700125E-16
-65.7808887120825, 7.78475546878387, -0.919878534102935
-65.7808887120825, 7.81684429198867, -1.8406524216689
-65.7808887120825, 7.8333232970112, -2.76184784292471
-65.7808887120825, 7.84249975674482, -3.68315078026499
-65.7808887120825, 7.84999114570306, -4.60446928258996
-65.7808887120825, 7.85554430099975, -5.52580134418619
-65.7808887120825, 7.85823555489173, -6.44714597123522
-65.7808887120825, 7.68937679008889, -7.21246203183234
-65.7808887120825, 7.61714614233748, -8.13076851122956
-65.7808887120825, 7.45616003668377, -9.03697377992297
-65.7808887120824, 7.02934705223718, -9.84422633292168
-65.7808887120825, 6.29852052308977, -10.3960356977411
-65.7808887120825, 5.44621199557374, -10.7434059447712
-65.7808887120825, 4.55706759345224, -10.9835687288405
-65.7808887120825, 3.65259898400233, -11.1586308834351
-65.7808887120825, 2.74292497120217, -11.3047346676701
-65.7808887120825, 1.83025307318091, -11.4306845741552
-65.7808887120825, 0.915337110932411, -11.5393523183409
-65.7808887120825, 8.20276804275101E-17, -11.6444327735788
-60.2991479860756, 7.83199090037172, -8.88178419700125E-16
-60.2991479860756, 7.86998751643461, -0.910982192566413
-60.2991479860756, 7.88087953986223, -1.82269408590701
-60.2991479860756, 7.87069903420414, -2.73443392890863
-60.2991479860756, 7.8512306207488, -3.64603294572844
-60.2991479860756, 7.82941548469936, -4.55757929951484
-60.2991479860756, 7.80651124710927, -5.46909913580893
-60.2991479860756, 7.7834451481363, -6.38061493670866
-60.2991479860756, 7.58873815030375, -7.13314786626295
-60.2991479860756, 7.4805193199483, -8.03810799904717
-60.2991479860756, 7.28267676678958, -8.9276301609121
-60.2991479860756, 6.88636714516912, -9.74264574464589
-60.2991479860756, 6.2017943396058, -10.3373025617211
-60.2991479860756, 5.37941208332046, -10.7283185959548
-60.2991479860756, 4.50900160349995, -10.9982597558618
-60.2991479860756, 3.6166248182913, -11.1845721238545
-60.2991479860756, 2.71661346221519, -11.330581661653
-60.2991479860756, 1.81293033285007, -11.4517518260752
-60.2991479860756, 0.9067962604298, -11.5532786047239
-60.2991479860756, 2.61965685259757E-17, -11.6487363394016
-54.8174072600686, 7.88510049901146, -8.88178419700125E-16
-54.8174011777897, 7.91342644038986, -0.897522924037344
-54.817402827125, 7.90610816130121, -1.79539891501409
-54.8174070081192, 7.87125482047022, -2.69271211561633
-54.8174072600687, 7.82513115061721, -3.58953023113099
-54.8174072600687, 7.77590302781812, -4.48618453421172
-54.8174072600687, 7.72505821533228, -5.38274869537962
-54.8174072600687, 7.67353601117552, -6.27927424376208
-54.8174072600687, 7.44775726186848, -7.01398557320921
-54.8174072600687, 7.30286304235507, -7.89972252034532
-54.8174072600687, 7.05931066092745, -8.76364677083278
-54.8174072600687, 6.67728269491668, -9.57336319732486
-54.8174072600687, 6.05215307900816, -10.2120385570795
-54.8174072600687, 5.27389308762921, -10.656820902454
-54.8174072600687, 4.43215162791789, -10.967690151978
-54.8174072600687, 3.55938000873249, -11.1776051243485
-54.8174072600687, 2.67484339795589, -11.3322475623061
-54.8174072600687, 1.78557186208657, -11.4568462048824
-54.8174072600687, 0.893441251218768, -11.5593317535759
-54.8174072600687, 6.47067176426909E-18, -11.6496878700756
-49.335666534062, 7.90768031147334, -8.88178419700125E-16
-49.3356667419881, 7.91986764525821, -0.88085686627105
-49.3356665832531, 7.89464093101158, -1.76143173270487
-49.3356665370261, 7.8381531785253, -2.6405909125606
-49.3356665340619, 7.76581448678752, -3.51861308416917
-49.3356665340619, 7.68918335311325, -4.39627369215734
-49.3356665340619, 7.60933070814777, -5.27364695261595
-49.3356665340619, 7.52591175240251, -6.15068820216081
-49.3356665340618, 7.26373105820569, -6.86187711125051
-49.3356665340618, 7.07957506766285, -7.72307981560652
-49.3356665340618, 6.79603758062067, -8.55674119734264
-49.3356665340619, 6.41208189019908, -9.34853704229193
-49.3356665340619, 5.84941842024847, -10.0223293711445
-49.3356665340619, 5.13030828542927, -10.5279204896038
-49.3356665340619, 4.32876891089879, -10.8914044839602
-49.3356665340618, 3.48441575205611, -11.1409324285727
-49.3356665340618, 2.62097214575718, -11.3154063580117
-49.3356665340619, 1.75066083430255, -11.4518117507152
-49.3356665340619, 0.876491274696814, -11.5611845144091
-49.3356665340618, 8.88652818050812E-16, -11.6499771161439
-43.853925808055, 7.90626229130651, -8.88178419700125E-16
-43.853925808055, 7.89448405511286, -0.8605253811556
-43.853925808055, 7.84649425098861, -1.71977947595471
-43.853925808055, 7.76554326459789, -2.57658855924913
-43.853925808055, 7.66529091592302, -3.43138302512121
-43.853925808055, 7.55741227130656, -4.28525487159024
-43.853925808055, 7.44542783679832, -5.13859805884833
-43.853925808055, 7.32728151762289, -5.99110634826134
-43.853925808055, 7.02048508065627, -6.67041470108588
-43.853925808055, 6.78753988216711, -7.49881324206265
-43.853925808055, 6.47729413811145, -8.30112706548985
-43.853925808055, 6.08597418909843, -9.06722404326276
-43.853925808055, 5.58092424067213, -9.76212058516744
-43.853925808055, 4.93555840104588, -10.3290257693014
-43.853925808055, 4.19020201787907, -10.7571219147756
-43.853925808055, 3.3870100295745, -11.064447281201
-43.853925808055, 2.55322302695453, -11.2768069638855
-43.853925808055, 1.70765165076572, -11.43670695583
-43.853925808055, 0.855817104142561, -11.5593838340652
-43.853925808055, -8.87993375014645E-16, -11.65
-38.3721850820481, 7.87153032860354, -8.88178419700125E-16
-38.3721850820481, 7.82111959749318, -0.834672713121185
-38.3721850820481, 7.74086891953078, -1.66699104895955
-38.3721850820481, 7.63065262612104, -2.49588887411312
-38.3721850820481, 7.49934124051245, -3.32173135388799
-38.3721850820481, 7.3571405973865, -4.1457790140591
-38.3721850820481, 7.20832526264127, -4.96865751609173
-38.3721850820481, 7.02678416086491, -5.7629227639339
-38.3721850820481, 6.68749653740232, -6.42601936336657
-38.3721850820481, 6.40111621850475, -7.21162040152986
-38.3721850820481, 6.07084592061764, -7.97964312888003
-38.3721850820481, 5.68009567531469, -8.71871680588799
-38.3721850820481, 5.22130336790671, -9.41721724861202
-38.3721850820481, 4.65954703597737, -10.03514397114
-38.3721850820481, 3.99495761617325, -10.5407040672698
-38.3721850820481, 3.25231077286018, -10.9232764511088
-38.3721850820481, 2.46432098597312, -11.20158743307
-38.3721850820481, 1.65338789922332, -11.4049399629127
-38.3721850820481, 0.830375751135965, -11.5523811462749
-38.3721850820481, 1.81629068091284E-17, -11.65
-32.8804443560412, 7.76321361909857, -8.88178419700125E-16
-32.8804443560412, 7.65717921527585, -0.799561207088636
-32.8804443560412, 7.53082037353102, -1.59615316407389
-32.8804443560412, 7.38192104861681, -2.38884215992886
-32.8804443560412, 7.21351274237831, -3.17762722268992
-32.8804443560412, 7.03181625094577, -3.96346905855717
-32.8804443560412, 6.84095946262893, -4.74713476859875
-32.8804443560412, 6.51787406414098, -5.37039048854181
-32.8804443560412, 6.22250916388532, -6.11418226090297
-32.8804443560412, 5.89324612938148, -6.85046594883554
-32.8804443560412, 5.54495728802533, -7.57793004354874
-32.8804443560412, 5.16515765750917, -8.28938137110601
-32.8804443560412, 4.74339765193726, -8.9767161157418
-32.8804443560412, 4.26052534347998, -9.62220083327773
-32.8804443560412, 3.69600525179816, -10.1973004284197
-32.8804443560412, 3.04774337581908, -10.6754651466398
-32.8804443560412, 2.332830019093, -11.0477878076538
-32.8804443560412, 1.57884907053248, -11.3331691530477
-32.8804443560412, 0.797608270731026, -11.5321124008185
-32.8804443560412, -7.38675896982466E-16, -11.65
-30.6977480656385, 7.68434656331937, -8.88327727651209E-16
-30.6977480656385, 7.55080463720811, -0.781292747396699
-30.6977480656385, 7.40045777754239, -1.55951956623163
-30.6977480656385, 7.23126155717691, -2.33386612541642
-30.6977480656385, 7.04479039180894, -3.10424117899704
-30.6977480656385, 6.84536517430769, -3.87137399118747
-30.6977480656385, 6.63655716183041, -4.63600391911148
-30.6977480656385, 6.2928766610627, -5.23415772520804
-30.6977480656385, 5.9835963205821, -5.9636896540772
-30.6977480656385, 5.63977505427343, -6.67785617429167
-30.6977480656385, 5.2860077557705, -7.38715500780679
-30.6977480656385, 4.91340420879057, -8.08669746960867
-30.6977480656385, 4.50771976988506, -8.7675216615294
-30.6977480656385, 4.05281964645619, -9.41625552195352
-30.6977480656385, 3.52815499437339, -10.0097159826734
-30.6977480656385, 2.92830986805165, -10.5266184429666
-30.6977480656385, 2.25347230069124, -10.9412846729535
-30.6977480656385, 1.536480466404, -11.2781702188662
-30.6977480656385, 0.78044625881175, -11.5139617207483
-30.6977480656385, 3.10496248256074E-16, -11.65
-28.5050517752357, 7.57234209232134, -8.92125250133533E-16
-28.5050517752357, 7.40818003456021, -0.759513924513702
-28.5050517752357, 7.23002500534585, -1.51586402908583
-28.5050517752357, 7.03657341493456, -2.26844656282913
-28.5050517752357, 6.82887202229383, -3.01722517176749
-28.5050517752357, 6.60974630177014, -3.76274648458751
-28.5050517752357, 6.38191557102257, -4.50565163828041
-28.5050517752357, 6.02540176681373, -5.08666407310999
-28.5050517752357, 5.69765374882639, -5.79096392270082
-28.5050517752357, 5.33935463480957, -6.48047959872402
-28.5050517752357, 4.97965971542072, -7.16927852436975
-28.5050517752357, 4.61475127230101, -7.85531945925202
-28.5050517752357, 4.22829760340998, -8.52939609948772
-28.5050517752357, 3.80258787966994, -9.17922887134159
-28.5050517752357, 3.31666004567641, -9.78514293196847
-28.5050517752357, 2.76807097476409, -10.3348208858671
-28.5050517752357, 2.14574849736286, -10.7989719609068
-28.5050517752357, 1.47957246394468, -11.1984249797726
-28.5050517752357, 0.758931498627428, -11.4859745983537
-28.5050517752357, 5.5476711042004E-16, -11.65
-26.312355484833, 7.41544779315427, -9.07100744972286E-16
-26.312355484833, 7.21866324777587, -0.734979117952527
-26.312355484833, 7.00978733557403, -1.46661211361523
-26.312355484833, 6.78849834265475, -2.19458741705942
-26.312355484833, 6.55604389341143, -2.91907734894717
-26.312355484833, 6.3145568179286, -3.64060986087335
-26.312355484833, 6.06576938976489, -4.3596564340465
-26.312355484833, 5.6957888296459, -4.9211131221969
-26.312355484833, 5.35231784526278, -5.59977867398004
-26.312355484833, 4.98074597833008, -6.2637468348779
-26.312355484833, 4.61403174804752, -6.93040420547709
-26.312355484833, 4.25455366672405, -7.60100483523607
-26.312355484833, 3.88980207625632, -8.26873568274237
-26.312355484833, 3.49959109195757, -8.92180044019203
-26.312355484833, 3.056529905201, -9.54000794023177
-26.312355484833, 2.56292566824575, -10.1187763456478
-26.312355484833, 2.01057814261398, -10.6412926802824
-26.312355484833, 1.40872398033968, -11.1064203998588
-26.312355484833, 0.73420879405905, -11.4544556499157
-26.312355484833, 1.60959595729768E-15, -11.65
-24.1196591944302, 7.2036947890868, -9.41282921730301E-16
-24.1196591944302, 6.97332172394716, -0.709563971375724
-24.1196591944302, 6.73198354894356, -1.41547364819919
-24.1196591944302, 6.48029662950086, -2.1177617325668
-24.1196591944302, 6.22005399006356, -2.81692703566801
-24.1196591944302, 5.9533794756046, -3.51366632301211
-24.1196591944302, 5.68115542779718, -4.20825488156078
-24.1196591944302, 5.30569517356281, -4.76412877133704
-24.1196591944302, 4.94067734059599, -5.40360808780691
-24.1196591944302, 4.56026574979094, -6.04535868379244
-24.1196591944302, 4.18808960308623, -6.69189593612231
-24.1196591944302, 3.83387763972311, -7.34845457319198
-24.1196591944302, 3.49191506352254, -8.01149180812966
-24.1196591944302, 3.14648504684833, -8.6727092827987
-24.1196591944302, 2.75928189207616, -9.31008676431329
-24.1196591944302, 2.33394804542024, -9.92294006988675
-24.1196591944302, 1.86924868752988, -10.5060414632133
-24.1196591944302, 1.33628651792974, -11.0273945929267
-24.1196591944302, 0.710323382683477, -11.4288779037777
-24.1196591944302, 1.60901497476392E-15, -11.65
-21.9269629040275, 6.93202973320396, -1.00121138094153E-15
-21.9269629040275, 6.66850873814824, -0.684611088746201
-21.9269629040275, 6.39488811031182, -1.36524990287678
-21.9269629040275, 6.11252544896247, -2.04231115358308
-21.9269629040275, 5.82369581200693, -2.71664133415577
-21.9269629040275, 5.53082538168452, -3.38922749381939
-21.9269629040275, 5.23412896112241, -4.06013369952442
-21.9269629040275, 4.87103778085337, -4.64091131239936
-21.9269629040275, 4.47006425419363, -5.21411201016852
-21.9269629040275, 4.09108931057962, -5.84222125355957
-21.9269629040275, 3.7191339858132, -6.47446249627507
-21.9269629040275, 3.37160531799395, -7.1204545327433
-21.9269629040275, 3.05069587079374, -7.78005385693406
-21.9269629040275, 2.7564044223405, -8.45200877534357
-21.9269629040275, 2.44175214714572, -9.11452218995279
-21.9269629040275, 2.11229383149943, -9.76996004121207
-21.9269629040275, 1.74226585850514, -10.4024361215179
-21.9269629040275, 1.26863717565104, -10.9614939528187
-21.9269629040275, 0.687590252972157, -11.4053847692674
-21.9269629040275, 1.52271975577031E-15, -11.65
-19.7342666136248, 6.60152450330173, -1.43008474908918E-07
-19.7342666136248, 6.30697095993205, -0.661399065757819
-19.7342666136248, 6.00320391928059, -1.31861900048865
-19.7342666136247, 5.69208461665414, -1.97239320765666
-19.7342666136247, 5.376146025138, -2.62385420063751
-19.7342666136247, 5.05790578980892, -3.2741945912769
-19.7342666136247, 4.73712557187185, -3.92328516121001
-19.7342666136247, 4.38485379649998, -4.53166074788919
-19.7342666136247, 3.95063496788753, -5.04043755334618
-19.7342666136247, 3.57804927465278, -5.66124302863894
-19.7342666136247, 3.21183892371296, -6.2857701270181
-19.7342666136247, 2.87494040890793, -6.92656493320943
-19.7342666136247, 2.57568082159112, -7.58568783165035
-19.7342666136247, 2.33545293526404, -8.26840112064273
-19.7342666136247, 2.12181210120784, -8.9601857212681
-19.7342666136247, 1.92650459821241, -9.65733593597537
-19.7342666136247, 1.63308250577776, -10.3172946438781
-19.7342666136247, 1.20474890474318, -10.8996166979368
-19.7342666136247, 0.664417205287809, -11.3786005384289
-19.7342666136247, 5.05134423614565E-16, -11.65
-17.5415703232365, 6.21951751675799, -2.9037805327424E-06
-17.5415703232289, 5.89608059627943, -0.641038546703428
-17.5415703232245, 5.56415825498035, -1.27772432937581
-17.5415703232225, 5.22595025024949, -1.91109617767734
-17.541570323222, 4.88408016589561, -2.54250058213406
-17.541570323222, 4.54112903747892, -3.17331891283527
-17.541570323222, 4.19654804785737, -3.80324763538692
-17.541570323222, 3.84437052388987, -4.42892865084206
-17.541570323222, 3.38924926068256, -4.8919550024815
-17.541570323222, 3.01941254030855, -5.50738941895818
-17.541570323222, 2.66702519501714, -6.13292302800246
-17.541570323222, 2.34776185902323, -6.77593290542616
-17.541570323222, 2.07674378207686, -7.44056074321195
-17.541570323222, 1.89782125803878, -8.13490982806048
-17.541570323222, 1.84084546121357, -8.84983858657051
-17.541570323222, 1.78575531580689, -9.5643020453022
-17.541570323222, 1.53741897576087, -10.2355102607279
-17.541570323222, 1.14278576997621, -10.8338725785454
-17.541570323222, 0.638446538881143, -11.343017256809
-17.541570323222, 3.52916829217842E-16, -11.65
-15.3488740329878, 5.79214309679311, -1.2584217921618E-05
-15.3488740329007, 5.44046035765282, -0.623811291195031
-15.3488740328501, 5.08095167048691, -1.24313621399835
-15.3488740328265, 4.71615808442896, -1.85936524773252
-15.3488740328196, 4.34872733714429, -2.4740269146719
-15.3488740328192, 3.98124816731867, -3.08865966188387
-15.3488740328192, 3.61283584974495, -3.70273304382342
-15.3488740328192, 3.23784106761344, -4.312786589315
-15.3488740328192, 2.78065532329065, -4.77188390706138
-15.3488740328192, 2.41954546165636, -5.39025328010969
-15.3488740328192, 2.08603254098006, -6.02384986838666
-15.3488740328192, 1.7951195622632, -6.67803285633635
-15.3488740328192, 1.56332944347776, -7.35520430049609
-15.3488740328192, 1.46714688291649, -8.06152207790563
-15.3488740328192, 1.64450483259777, -8.75287289009741
-15.3488740328192, 1.67046563687866, -9.46341426687607
-15.3488740328192, 1.44591023805368, -10.1411166057669
-15.3488740328192, 1.07769318828708, -10.7538664444087
-15.3488740328192, 0.604555352133697, -11.2902925790185
-15.3488740328192, -7.06635490768983E-16, -11.65
-13.1561777433365, 5.32077927503052, -3.41371142177393E-05
-13.1561777428363, 4.94032621119894, -0.609526533954278
-13.1561777425569, 4.55244762929916, -1.21432387492163
-13.1561777424409, 4.16007234942599, -1.81621649145634
-13.1561777424168, 3.76649940959676, -2.41732733257017
-13.1561777424165, 3.37433955394117, -3.01936096453486
-13.1561777424165, 2.98158970910585, -3.62100932259369
-13.1561777424165, 2.58230672678175, -4.21832051449624
-13.1561777424165, 2.12377369933659, -4.6856030293179
-13.1561777424165, 1.77481574784173, -5.31356119534563
-13.1561777424165, 1.46843034223196, -5.96324986689901
-13.1561777424165, 1.21694745599379, -6.63606859440455
-13.1561777424165, 1.03360601747725, -7.33030026875337
-13.1561777424165, 1.09371416505219, -8.0279131829932
-13.1561777424165, 1.49480544897573, -8.61894291234213
-13.1561777424165, 1.54969416881792, -9.32750186047265
-13.1561777424165, 1.34195504931911, -10.013517640502
-13.1561777424165, 0.998668044481376, -10.6433486703629
-13.1561777424165, 0.55402634765232, -11.207055120478
-13.1561777424165, -8.84513185120848E-16, -11.65
-11.1092379657714, 4.83810719704417, -0.000142180614362391
-11.2466250654952, 4.46317841653783, -0.600708322057862
-11.3853028014657, 4.08472749548836, -1.19876545973429
-11.5240294987029, 3.70614295936094, -1.79672695785131
-11.6618042033429, 3.33015640677242, -2.39654365866759
-11.797849231359, 2.95889013395219, -2.99968382944794
-11.9331854530183, 2.58955819050865, -3.60417327194979
-12.0701348769419, 2.21582382530315, -4.20557023694539
-12.221334787225, 1.8031999465759, -4.69982667316449
-12.3335542853565, 1.49695343822063, -5.34292407392038
-12.4298380866382, 1.23419537527577, -6.00740285337173
-12.5074838770586, 1.02230036058877, -6.69218527012038
-12.561617169327, 0.874570848168904, -7.3954947512716
-12.4977602586966, 1.04883607159743, -8.05465604258394
-12.3475886537996, 1.45865370952617, -8.61493051804396
-12.3382749903507, 1.48407065541093, -9.32745461129358
-12.4143541818866, 1.27645088207132, -10.0124381130201
-12.5354251041682, 0.946048876809567, -10.6406062249397
-12.6905736304569, 0.52264924266853, -11.2028130494618
-12.8820907061161, 0, -11.6492804901028
-9.59162300514215, 4.44888504627936, -0.000228926443743168
-9.84460944653053, 4.08565483427565, -0.59267995228084
-10.098138281296, 3.72164587041364, -1.18442125499229
-10.3499567125161, 3.36009265176459, -1.77839114165031
-10.5979580741799, 3.00401986509675, -2.37725415996842
-10.8413848969827, 2.65451506172147, -2.98183512883963
-11.08289804534, 2.30775785371429, -3.58876850550925
-11.3263583161392, 1.95820502672655, -4.19330449780926
-11.5861599715789, 1.58518973837201, -4.70331354840428
-11.778704089907, 1.3087407692629, -5.36149886828075
-11.9420021495529, 1.07428239869001, -6.04339053977044
-12.0721752648484, 0.887383812321172, -6.74676823960778
-12.157584959453, 0.764755179307607, -7.47013532127499
-11.9655420789605, 1.04048448642901, -8.06551138439895
-11.6975275291945, 1.42529159781927, -8.61386592530905
-11.7008068552376, 1.42058324156386, -9.34413282173687
-11.8475859701179, 1.20984226776649, -10.0361422230215
-12.0720828999983, 0.887516426954158, -10.6612274961031
-12.3522643903311, 0.485240393603996, -11.2143127689626
-12.6902297807059, 0, -11.6468201607273
-8.38295072245073, 4.11541813284494, -0.000325491329606908
-8.73205219724878, 3.76631665804689, -0.584692394078836
-9.07991620681087, 3.4184526484848, -1.17053160463954
-9.42364608379106, 3.07472277150461, -1.76122536388968
-9.76091138833402, 2.73745746696165, -2.35932141603929
-10.090926352609, 2.40744250268669, -2.96545120881434
-10.4177542576253, 2.08061459767038, -3.57503746091743
-10.7462857853733, 1.75208306992239, -4.18278198964423
-11.0871365366894, 1.41123231860622, -4.70650814837
-11.3414314212294, 1.1569374340663, -5.38148223061045
-11.5549220055568, 0.943446849738887, -6.08409840755764
-11.7249974689608, 0.773371386334904, -6.81004962741959
-11.8222805987944, 0.676088256501275, -7.56019304405427
-11.4641601251251, 1.03420873017055, -8.05874177366615
-11.1119756883484, 1.38639316694723, -8.60751286276603
-11.142210974404, 1.35615788089162, -9.36106154293858
-11.3545279462553, 1.14384090904036, -10.0629812769243
-11.6684960173875, 0.829872837908191, -10.684229328951
-12.0495513744024, 0.448817480893262, -11.2265559170674
-12.4983688552957, 0, -11.6424015611689
-7.24599357320926, 3.77959200402008, -0.000442922154160272
-7.68925480827487, 3.44852948711687, -0.576397693487074
-8.12916418367973, 3.11997040387266, -1.15633743248101
-8.56232507961262, 2.79645161836378, -1.74412820380452
-8.9862795650736, 2.47980890768699, -2.34227982646784
-9.40036265074364, 2.17053893841327, -2.95110761642364
-9.81009171759146, 1.86452089445108, -3.5645265275372
-10.2209996130109, 1.55762240816044, -4.17671063118941
-10.6357282932597, 1.24787025784032, -4.71756094714386
-10.9493343768565, 1.01364445341974, -5.41336840432374
-11.210193842057, 0.818813991661638, -6.1422964456593
-11.4173864134449, 0.664066206967181, -6.8975685986407
-11.4905138022351, 0.609448894483535, -7.68005056045207
-10.9400482191752, 1.02058008976938, -8.03884695682746
-10.5175918644648, 1.33610387801922, -8.59730231300521
-10.5886142288037, 1.28305876413509, -9.38013106457792
-10.8719847314021, 1.0714152808234, -10.0941682729094
-11.2775954968342, 0.768473109787087, -10.7099662100411
-11.7559472458336, 0.411202224221474, -11.2397178576811
-12.3065079298854, 0, -11.6358038940249
-6.10513495284108, 3.41750884662232, -0.000591267925073791
-6.64682964237411, 3.10945614987399, -0.567872063382268
-7.18291664106502, 2.80459245298079, -1.14215056201508
-7.70957410525023, 2.50509117441972, -1.72784933804246
-8.22427949394157, 2.21238684099908, -2.32744015044549
-8.72702426377315, 1.92648431118797, -2.94032156404291
-9.22321742016683, 1.64430757420186, -3.56024594249716
-9.72672197705364, 1.3579729662186, -4.16344701054447
-10.2097907300839, 1.08325985759629, -4.74236371658113
-10.5842677389009, 0.870301055035799, -5.46622853717284
-10.8953675854982, 0.693383783085214, -6.22879283075795
-11.1408807660323, 0.553764549571993, -7.02227236210603
-11.0746393943936, 0.591434908104046, -7.79007264042853
-10.3677345644414, 0.993439844498992, -8.00530481050402
-9.88501356683702, 1.26795519043537, -8.58448783879875
-10.0119553869656, 1.19576550355759, -9.40356920100566
-10.377221577443, 0.988044739108997, -10.1314938413149
-10.8826847578664, 0.700596294726706, -10.7394504606904
-11.4623582999252, 0.370945660678941, -11.25393820528
-12.1146470044752, 0, -11.6268067191884
-4.91969165222383, 3.00937691435911, -0.000784732197106804
-5.56816812002492, 2.73071294201196, -0.559680232531553
-6.20880662387634, 2.45541710756615, -1.12916893154587
-6.8373787112441, 2.18530646597819, -1.71435287815334
-7.4513251146524, 1.92148078829072, -2.31764709761906
-8.05102925102815, 1.66377531218893, -2.93769326003982
-8.64322077385895, 1.40929816407914, -3.56625916119996
-9.25288056290675, 1.14731453470787, -4.150243130243
-9.80211082212915, 0.911298744825552, -4.79108453393646
-10.2438963969386, 0.721454194845914, -5.55176097028064
-10.6123149105795, 0.563137013583333, -6.35744832880512
-10.8980124621265, 0.440366768929885, -7.2014338950254
-10.5402802271906, 0.594091831555343, -7.81434507315345
-9.72489567039118, 0.944479718965839, -7.95578500429661
-9.1946447974034, 1.17233966754403, -8.57121312378752
-9.39201209422839, 1.08752679047669, -9.43496407819364
-9.85513182924194, 0.888514503309443, -10.1774336979226
-10.4727765384224, 0.623099585875294, -10.7742111133647
-11.1630481540274, 0.326475359779264, -11.2694351498286
-11.9227860790649, 0, -11.6151974682164
-3.6665606799004, 2.53335344253251, -0.00104519656490634
-4.43256257192102, 2.29272027962768, -0.552874651843369
-5.18887204905963, 2.0551319087443, -1.11918453917086
-5.93153361770704, 1.82183091550514, -1.70498160050807
-6.65647148432868, 1.59409767676015, -2.3146599315264
-7.36381264061813, 1.37189229911846, -2.94668117040393
-8.06219221046318, 1.15250212978529, -3.58958660669532
-8.79481655074821, 0.922354248872346, -4.14668770506267
-9.41242666521902, 0.72833713633612, -4.87283841827496
-9.93207250882833, 0.565094689756511, -5.68007953387493
-10.3716792995534, 0.426995850068828, -6.53812221642596
-10.6830451371656, 0.329182845811769, -7.45139851203107
-9.92200219603018, 0.568258195284765, -7.78258529455482
-9.00064534589679, 0.857694834177115, -7.8865857609329
-8.43824597038307, 1.03436794942045, -8.56098521928417
-8.71494372842636, 0.947445635807101, -9.48031426593425
-9.29590382960238, 0.764941822012691, -10.2356516317103
-10.0407863967279, 0.530943120459532, -10.8162342011494
-10.8543219245233, 0.275377658770593, -11.2863954452331
-11.7309251536547, 0, -11.6007800855351
-2.34718957171181, 1.96347258292443, -0.00140772806163845
-3.24065965838814, 1.7726188034285, -0.546370562669992
-4.12262187536734, 1.58422321526813, -1.11056125273994
-4.98800531707189, 1.39936901250808, -1.70095690882021
-5.83423451017475, 1.21860634095153, -2.31970550820292
-6.66262549825283, 1.04165408106872, -2.96322909815542
-7.48151245508725, 0.866731973409639, -3.61938977652527
-8.32228084390787, 0.687135782020584, -4.21190725093157
-9.03524379155072, 0.534840058607643, -4.98487030735836
-9.64940669428346, 0.403648972346693, -5.84298763197309
-10.1860748012675, 0.289011517685128, -6.7539657323685
-10.3039482419089, 0.263832620278162, -7.6855095178918
-9.26780602306631, 0.485162535526968, -7.71393929770542
-8.23425860567083, 0.705938176300759, -7.79824125707291
-7.64459884173745, 0.831895157112507, -8.55391372525854
-7.98961939999738, 0.758195456887896, -9.54425687082712
-8.70562082464157, 0.605250685646421, -10.3082475254738
-9.58958952787557, 0.416426492778464, -10.8668925807469
-10.5373328559094, 0.213979428411512, -11.3042503592803
-11.5390642282445, 0, -11.583384189252
-1.04583184977507, 1.26924790918573, -0.00194137300063496
-2.06151614954383, 1.14410387571905, -0.538608324623386
-3.06453385439108, 1.02052051300325, -1.09889201421497
-4.04925210999195, 0.899191853731647, -1.69117329238888
-5.01276533948585, 0.780475898523105, -2.31786450123996
-5.95694185943, 0.664142449205006, -2.97380502425547
-6.89125217646413, 0.549024630006859, -3.64396710359474
-7.82891174963414, 0.433494143780136, -4.28632119600002
-8.64355537187951, 0.333120643127525, -5.09848991062461
-9.37655759859777, 0.24280630508719, -5.98687894315601
-10.0470073735998, 0.160199151368582, -6.92402583072649
-9.87472335552674, 0.181426531695731, -7.70139177127385
-8.72988930447981, 0.322483305764821, -7.63872380868339
-7.58896282334162, 0.463058622101874, -7.70698958864745
-6.93352728443102, 0.543815848570127, -8.53218018758289
-7.29487769190634, 0.499293305988162, -9.60970122586679
-8.13749386628189, 0.395473263924283, -10.3824869442871
-9.15212536787624, 0.270458947348972, -10.9185616088851
-10.2276244181225, 0.13794504596442, -11.3178758315292
-11.3472033028343, 0, -11.5628739018998
-0.130156610003772, 0.438741065879703, -0.00278818559892496
-1.21606211596903, 0.395528067098339, -0.537395552067274
-2.28796534632512, 0.352872280998477, -1.09953228069733
-3.33942795331386, 0.311029918007541, -1.69903748990346
-4.36688558012125, 0.270142819699974, -2.33887627807738
-5.37229689962331, 0.230133041790438, -3.01295162100649
-6.36678565200828, 0.190557921295316, -3.70310497427418
-7.34359425966585, 0.151686372214431, -4.41046096229196
-8.24224170253291, 0.115925202720249, -5.22135665413895
-9.10152979706042, 0.0817303163533635, -6.07411632085975
-9.9187523962931, 0.0492094027096357, -6.96701417386002
-9.72150372457733, 0.0570588026469744, -7.69036931185325
-8.51513068626157, 0.105065739114498, -7.59712793083096
-7.30924745855394, 0.153053183844393, -7.63835836719801
-6.54080342419307, 0.18363298193729, -8.45192698957719
-6.83597241021217, 0.171886898173029, -9.60127198159124
-7.73285536113839, 0.136195945643095, -10.3997798808215
-8.8191709208155, 0.0929666290049257, -10.9304410531227
-9.96798116995841, 0.0472503713531127, -11.3087612163907
-11.155342377424, 0, -11.5391553673802
