-109.579997112877, 6.45289271715208, -8.88178419700125E-16
-109.579997112877, 6.60973816076975, -0.775020042566636
-109.579997112877, 6.73248691788782, -1.55617676011278
-109.579997112877, 6.82650285563529, -2.34133484516816
-109.579997112877, 6.90136720013142, -3.12857185888302
-109.579997112877, 6.96682114751402, -3.91665516072604
-109.579997112877, 7.02685747939393, -4.70517074111642
-109.579997112877, 7.08332524771624, -5.49395060730296
-109.579997112877, 7.13807050274583, -6.28285223375678
-109.579997112877, 7.20489909920637, -7.07046148217997
-109.579997112877, 6.99677342365466, -7.78022180354095
-109.579997112877, 6.2744539981009, -8.09397513807954
-109.579997112877, 5.50602816194771, -8.27861391211132
-109.579997112877, 4.72418607157541, -8.39680831511252
-109.579997112877, 3.9381518431094, -8.48320083989015
-109.579997112877, 3.1506154371564, -8.55491718297244
-109.579997112877, 2.36268551959175, -8.62221660208985
-109.579997112877, 1.57494742166761, -8.69171765771191
-109.579997112877, 0.78748891926512, -8.76432526572604
-109.579997112877, -8.88177901352941E-16, -8.83660230024815
-107.442118229731, 6.63884723058838, -8.88178419700125E-16
-107.442118229733, 6.75143173280741, -0.79640273705836
-107.442118229734, 6.85312955856116, -1.59426550667517
-107.442118229735, 6.94235126858173, -2.39361941344735
-107.442118229735, 7.02048002756964, -3.1941368369874
-107.442118229735, 7.09028195064603, -3.99542536974664
-107.442118229735, 7.15445343275966, -4.79718639411549
-107.442118229735, 7.21637949162337, -5.59912477164627
-107.442118229735, 7.27945578615656, -6.40097308912193
-107.442118229735, 7.30265030103002, -7.16871282406659
-107.442118229735, 7.14516813895276, -7.91350545061822
-107.442118229735, 6.40335618105181, -8.21443229268442
-107.442118229735, 5.61603029245737, -8.37575645460411
-107.442118229735, 4.81612402971569, -8.45922548342334
-107.442118229735, 4.01416065488615, -8.52073619564367
-107.442118229735, 3.21170463758454, -8.57553501940044
-107.442118229735, 2.40902735317339, -8.62700036967368
-107.442118229735, 1.60615538834298, -8.67533137705133
-107.442118229735, 0.803150568058293, -8.72140303766287
-107.442118229735, 9.02537022847942E-16, -8.76486258599503
-105.249421939332, 6.75012148313078, -8.88178419700125E-16
-105.249421939332, 6.84756086728382, -0.810190690784165
-105.249421939332, 6.94257309591037, -1.6206684556961
-105.249421939332, 7.03157043905494, -2.43182699571056
-105.249421939332, 7.1133058145466, -3.24374971886776
-105.249421939332, 7.18919091766547, -4.05624152376364
-105.249421939332, 7.26101853038398, -4.86910264279843
-105.249421939332, 7.33046445749808, -5.68217111393365
-105.249421939332, 7.39920545552582, -6.49529960885903
-105.249421939332, 7.37262104795111, -7.23369363467796
-105.249421939332, 7.24868346324035, -8.01173787197515
-105.249421939332, 6.50418823300092, -8.32753655418153
-105.249421939332, 5.70138225186821, -8.47023285960409
-105.249421939332, 4.88856582660275, -8.54205640148353
-105.249421939332, 4.07439689840993, -8.59705346647767
-105.249421939332, 3.2598585742859, -8.64634348275682
-105.249421939332, 2.44513487069872, -8.69247286936798
-105.249421939332, 1.63020893679629, -8.73486855360145
-105.249421939332, 0.815128477072302, -8.77419946298743
-105.249421939332, 7.48060440809332E-17, -8.81252447289222
-103.056725648929, 6.83393145878236, -8.88178419700125E-16
-103.056725648929, 6.92773028354613, -0.822258543554651
-103.056725648929, 7.02031585234123, -1.64465435277004
-103.056725648929, 7.10984369208027, -2.46738820971937
-103.056725648929, 7.19446648324424, -3.29063982974492
-103.056725648929, 7.2747533867017, -4.11432716798548
-103.056725648929, 7.35234404191708, -4.93827275473522
-103.056725648929, 7.42684231982692, -5.762503572303
-103.056725648929, 7.49785099070561, -6.58704221325878
-103.056725648929, 7.4322332606887, -7.30611877257142
-103.056725648929, 7.33154736382663, -8.11114458531651
-103.056725648929, 6.5980402081886, -8.46381039360097
-103.056725648929, 5.78267384130312, -8.60184744839334
-103.056725648929, 4.95807098543376, -8.67161681193134
-103.056725648929, 4.13225300160317, -8.72570779718476
-103.056725648929, 3.30611338086767, -8.77469682564938
-103.056725648929, 2.47980980902557, -8.82083976884825
-103.056725648929, 1.6533146257609, -8.86340058643231
-103.056725648929, 0.826667712801823, -8.90292404244972
-103.056725648929, 1.92062955962807E-16, -8.94201157244423
-100.864029358526, 6.90442104626179, -8.88178419700125E-16
-100.864029358526, 7.00041455432309, -0.8336994645628
-100.864029358526, 7.09349775338006, -1.66772866658421
-100.864029358526, 7.18293778952942, -2.5021561481984
-100.864029358526, 7.26799927968153, -3.33704097289596
-100.864029358526, 7.348944650143, -4.17233569292525
-100.864029358526, 7.42789658987663, -5.00782143266008
-100.864029358526, 7.50484517101607, -5.8434940423494
-100.864029358526, 7.57803244241007, -6.67950282663417
-100.864029358526, 7.48533759384445, -7.39027215099062
-100.864029358526, 7.39877119506154, -8.21568310991274
-100.864029358526, 6.6880469809087, -8.61946166753163
-100.864029358526, 5.86249162669568, -8.76668032841168
-100.864029358526, 5.02674702555133, -8.84211403150737
-100.864029358526, 4.1894603383392, -8.89882085842638
-100.864029358526, 3.35189984221859, -8.95137885972978
-100.864029358526, 2.51419437249497, -9.00156844309908
-100.864029358526, 1.67627446278873, -9.04802695713618
-100.864029358526, 0.838176443731399, -9.09117148751104
-100.864029358526, 1.27742485155395E-15, -9.13276761547741
-98.6713330681237, 6.96640805418839, -8.88178419700125E-16
-98.6713330681237, 7.06680582751599, -0.844402116484155
-98.6713330681237, 7.16144407612644, -1.68946868946308
-98.6713330681237, 7.25029181400941, -2.53516404781127
-98.6713330681237, 7.33465123300055, -3.38131973377122
-98.6713330681237, 7.41594233231505, -4.22777608229852
-98.6713330681237, 7.49539757364432, -5.07440681789362
-98.6713330681237, 7.57257540714631, -5.9212480367464
-98.6713330681236, 7.64453425295665, -6.76854464191994
-98.6713330681237, 7.53238649511029, -7.47811772529446
-98.6713330681237, 7.45161406972026, -8.31873143884969
-98.6713330681237, 6.76995724100197, -8.77778608621634
-98.6713330681237, 5.93677399375095, -8.94438546473548
-98.6713330681237, 5.09120335176494, -9.03341685022157
-98.6713330681237, 4.24331458224108, -9.09802386329862
-98.6713330681237, 3.39511157186145, -9.15842561078729
-98.6713330681237, 2.54674443780405, -9.21647539911691
-98.6713330681237, 1.69808002686372, -9.26997944417263
-98.6713330681237, 0.849144073616735, -9.3190054446974
-98.6713330681237, 1.58495679299021E-15, -9.36428574758339
-96.4786367777208, 7.02279393525782, -8.88178419700125E-16
-96.4786367777209, 7.12662113324583, -0.854349962469486
-96.4786367777209, 7.22241862193121, -1.70963741615186
-96.4786367777209, 7.31103161261408, -2.56570033101194
-96.4786367777209, 7.39475608365785, -3.42225637322438
-96.4786367777209, 7.47555799681589, -4.27909350739123
-96.4786367777209, 7.55438867048576, -5.13611423722357
-96.4786367777209, 7.63046715488119, -5.99338325723425
-96.4786367777209, 7.69926212408009, -6.85125772296775
-96.4786367777209, 7.57376539182099, -7.56403841651461
-96.478636777721, 7.49292607190114, -8.41650765222798
-96.4786367777209, 6.83966943552544, -8.9271470309661
-96.4786367777209, 6.00194379839157, -9.12099913684711
-96.4786367777209, 5.14855417588331, -9.23133779750813
-96.478636777721, 4.29160096420831, -9.3108078589119
-96.4786367777209, 3.43407963216069, -9.38399026917609
-96.4786367777209, 2.5762745778735, -9.45376368939157
-96.4786367777209, 1.71797808677213, -9.5171708529763
-96.4786367777209, 0.859193380827989, -9.57359976007432
-96.4786367777209, 2.47216430871259E-15, -9.62342706877504
-94.2859404873182, 7.07548896943904, -8.88178419700125E-16
-94.2859404873182, 7.18058778972288, -0.863485046687541
-94.2859404873182, 7.27698782718972, -1.72798419328696
-94.2859404873182, 7.36547814434309, -2.59333019337829
-94.2859404873182, 7.44854721770093, -3.45921477052089
-94.2859404873182, 7.52834355311506, -4.32540782805571
-94.2859404873182, 7.60580080845484, -5.19181304522511
-94.2859404873182, 7.67982165414821, -6.05851800990876
-94.2859404873182, 7.70857200970207, -6.89285160573752
-94.2859404873182, 7.60993493219086, -7.6446129541618
-94.2859404873182, 7.52463409641806, -8.50648221481691
-94.2859404873182, 6.8940275784922, -9.06051978989787
-94.2859404873182, 6.05527366346639, -9.28747996941718
-94.2859404873182, 5.19665018307858, -9.42581928620498
-94.2859404873182, 4.33282821302484, -9.52798664369186
-94.2859404873182, 3.46776706441897, -9.61922559463236
-94.2859404873182, 2.60209350908771, -9.7044557330114
-94.2859404873182, 1.73554876209281, -9.78025245302219
-94.2859404873182, 0.8681354655996, -9.84540297379949
-94.2859404873182, 3.05412799827891E-15, -9.9001002150893
-92.0932441969155, 7.12528029874725, -8.88178419700125E-16
-92.0932441969154, 7.22969288577775, -0.872024216362843
-92.0932441969154, 7.32605887975025, -1.74497335830259
-92.0932441969154, 7.41440512233127, -2.61877163431747
-92.0932441969154, 7.49674575323773, -3.49315756892786
-92.0932441969154, 7.57514906167785, -4.36790615778883
-92.0932441969154, 7.65071434489079, -5.24290437129406
-92.0932441969154, 7.72201990183791, -6.11825888648776
-92.0932441969154, 7.67138721310736, -6.89124464883998
-92.0932441969154, 7.64127322880258, -7.72064244072295
-92.0932441969155, 7.54858990796604, -8.59031611453381
-92.0932441969155, 6.93531515594142, -9.18043124589954
-92.0932441969155, 6.0985454898098, -9.44327323215585
-92.0932441969155, 5.23689035900611, -9.61235768226038
-92.0932441969154, 4.36822683068853, -9.74157744247767
-92.0932441969154, 3.49711993156992, -9.8533641683363
-92.0932441969155, 2.62493676794356, -9.95643342966264
-92.0932441969154, 1.75128925593902, -10.0461026119533
-92.0932441969154, 0.876151151688467, -10.1199503760551
-92.0932441969155, 4.54439027872742E-15, -10.1806210947608
-89.9005479065127, 7.17259478451556, -8.88178419700125E-16
-89.9005479065127, 7.27510710370692, -0.880154968916968
-89.9005479065127, 7.37086472058743, -1.76106901425728
-89.9005479065127, 7.4588186811254, -2.64279658330711
-89.9005479065127, 7.5401882385179, -3.52515732626096
-89.9005479065127, 7.61688174208101, -4.40793777380742
-89.9005479065127, 7.69021631272181, -5.29100349596774
-89.9005479065127, 7.75843436882056, -6.17447748780032
-89.9005479065127, 7.65165160051782, -6.9075653757026
-89.9005479065127, 7.66800006288983, -7.79347286913049
-89.9005479065127, 7.56647484800699, -8.67001454536148
-89.9005479065127, 6.96805987757712, -9.29159821487183
-89.9005479065127, 6.13540560790722, -9.59032489872552
-89.9005479065127, 5.27200143300224, -9.78886712961448
-89.9005479065127, 4.39979127957389, -9.94488738905996
-89.9005479065127, 3.52365480747144, -10.0773625987597
-89.9005479065127, 2.64576907840623, -10.197736406056
-89.9005479065127, 1.76572494143647, -10.3009567515871
-89.9005479065127, 0.883515834493214, -10.3838539067381
-89.9005479065127, 5.02215672537656E-15, -10.4514550213446
-87.6978516161078, 7.21802278280216, -8.88178419700125E-16
-87.697851616109, 7.31804162994728, -0.887979661842271
-87.6978516161097, 7.41264245155518, -1.77655124077399
-87.6978516161099, 7.49973969106653, -2.66588909360827
-87.6978516161099, 7.57976046471451, -3.55589248299098
-87.6978516161099, 7.65449015910315, -4.44635715647942
-87.6978516161099, 7.7254116204772, -5.33713295691247
-87.6978516161099, 7.79042985040768, -6.22835669671839
-87.6978516161099, 7.6785771849222, -6.97027671345027
-87.6978516161099, 7.69038272551332, -7.86373825915077
-87.69785161611, 7.58001829550258, -8.74670667584986
-87.6978516161099, 6.99683011564594, -9.39764845834615
-87.6978516161099, 6.16968794532142, -9.73071358376987
-87.69785161611, 5.3047796284232, -9.95459407710656
-87.6978516161099, 4.42932611002429, -10.1334044467193
-87.6978516161099, 3.54850547938412, -10.2838609854028
-87.6978516161099, 2.6652701432429, -10.4194801997736
-87.6978516161099, 1.7792207563283, -10.5350601476833
-87.6978516161099, 0.890381352896534, -10.627000949512
-87.69785161611, 7.03459498972253E-15, -10.7026227567252
-82.2261108901031, 7.32690110279426, -8.88178419700125E-16
-82.226110890103, 7.42022725487205, -0.905401027914029
-82.2261108901031, 7.50905451418742, -1.81125289529561
-82.2261108901031, 7.59050160517587, -2.71779703646131
-82.2261108901031, 7.66446900719081, -3.62498281036284
-82.2261108901031, 7.73282436412627, -4.53261025604121
-82.2261108901031, 7.79697193293582, -5.44054447773526
-82.2261108901031, 7.85416436276392, -6.34893951211653
-82.2261108901031, 7.73088274292177, -7.10929459019716
-82.2261108901031, 7.72643832460184, -8.01943408954206
-82.2261108901031, 7.60148702402812, -8.91758347081022
-82.2261108901031, 7.06412688555409, -9.63591749038655
-82.2261108901031, 6.25541270185964, -10.0452967834191
-82.226110890103, 5.38430300929173, -10.3080536553211
-82.2261108901031, 4.4978351344128, -10.5141516997318
-82.2261108901031, 3.60443523624309, -10.6880985805407
-82.2261108901031, 2.70797818354169, -10.8456044901712
-82.2261108901031, 1.80812324384174, -10.9821526529478
-82.2261108901031, 0.904865276654724, -11.0942437016605
-82.2261108901031, 4.55625853693163E-15, -11.1925836941617
-76.7443701640962, 7.45041989799313, -8.88178419700125E-16
-76.7443701640962, 7.53370245344763, -0.917812891091993
-76.7443701640962, 7.60969696715593, -1.83625611710532
-76.7443701640962, 7.67703685572458, -2.75537466200997
-76.7443701323899, 7.73721363147534, -3.67499137802819
-76.7443693029311, 7.793023181358, -4.59488485019238
-76.7443667575033, 7.84598874020784, -5.51494639803528
-76.7443606947514, 7.89427382965539, -6.43526351044123
-76.7443701640962, 7.75393419375391, -7.19866794450717
-76.7443701640962, 7.73049174616655, -8.11991369984702
-76.7443701640962, 7.59878942576798, -9.02947500105924
-76.7443701640962, 7.10496426214873, -9.79551578978201
-76.7443701640962, 6.32154487688272, -10.2698859360418
-76.7443701640962, 5.44683204859127, -10.5582041566184
-76.7443701640962, 4.55033945891292, -10.7712621945561
-76.7443701640962, 3.64604785877774, -10.9488367340201
-76.7443701640962, 2.73870106071462, -11.1101612746794
-76.7443701640962, 1.82825331816884, -11.2527927801666
-76.7443701640962, 0.91468362761897, -11.3740226593038
-76.7443701640962, 1.92051655589824E-15, -11.4865863775181
-71.2626294380893, 7.59823846757682, -8.88178419700125E-16
-71.2626294380893, 7.66613011974391, -0.922796448818537
-71.2626294380893, 7.72118142291498, -1.84644676441871
-71.2626294380893, 7.76471519698648, -2.77071513591304
-71.262629530511, 7.80129830427828, -3.6952877835088
-71.2626318310425, 7.83497478998122, -4.61997179300536
-71.2626389347976, 7.86737099969964, -5.54470157841677
-71.2626559826345, 7.89804986927308, -6.46948972502683
-71.2626294380893, 7.7422579727205, -7.23153004532933
-71.2626294380893, 7.69799743104382, -8.15568063025686
-71.2626294380893, 7.55728019929486, -9.06856483919645
-71.2626294380893, 7.09826583810343, -9.861236367789
-71.2626294380893, 6.33871329414078, -10.3789877710783
-71.2626294380893, 5.46986873813043, -10.6949380737794
-71.2626294380893, 4.57237446110832, -10.9192107198294
-71.2626294380893, 3.66417866442242, -11.0960537677611
-71.2626294380893, 2.75210966694108, -11.251886959607
-71.2626294380893, 1.836919338559, -11.3880497753311
-71.2626294380893, 0.918831489873346, -11.5032880341803
-71.2626294380893, 3.0910793267178E-16, -11.6124798469554
-65.7808887120825, 7.73493605804946, -8.88178419700125E-16
-65.7808887120825, 7.78642382438052, -0.919846314791903
-65.7808887120825, 7.81815348156593, -1.84058698148916
-65.7808887120825, 7.83419641104019, -2.76174459021438
-65.7808887120825, 7.84291717447266, -3.68300649493448
-65.7808887120825, 7.84994347984011, -4.60428320505095
-65.7808887120825, 7.85505528423228, -5.5255723747813
-65.7808887120825, 7.85737266237223, -6.44687258899757
-65.7808887120825, 7.68814117637269, -7.21209309336146
-65.7808887120824, 7.61527815762742, -8.13030119703612
-65.7808887120825, 7.45370068872163, -9.03636326060857
-65.7808887120825, 7.02722052070116, -9.84377339090403
-65.7808887120825, 6.2968005543998, -10.3960582791505
-65.7808887120825, 5.44494318066598, -10.7444663593524
-65.7808887120825, 4.55664314584399, -10.9876117962166
-65.7808887120824, 3.65298712765326, -11.1665928095401
-65.7808887120825, 2.74393670502941, -11.3162358877126
-65.7808887120824, 1.83142331688283, -11.4429078178822
-65.7808887120824, 0.916063524546031, -11.5473441554087
-65.7808887120824, 8.03857029975108E-17, -11.6454620548737
-60.2991479860727, 7.83069096594469, -8.88178419700125E-16
-60.2991479860745, 7.86889536493284, -0.91122559081725
-60.2991479860753, 7.88012079602508, -1.82318532336864
-60.2991479860756, 7.87037693767927, -2.73518162716385
-60.2991479860756, 7.85139265109033, -3.64704247909881
-60.2991479860756, 7.83007466094016, -4.55885222588109
-60.2991479860756, 7.80766599446654, -5.47063601134787
-60.2991479860756, 7.78507943817454, -6.38241546140436
-60.2991479860756, 7.5908496963886, -7.13525775815153
-60.2991479860756, 7.48304063744789, -8.04052232018508
-60.2991479860756, 7.28573602339583, -8.93041826870519
-60.2991479860756, 6.88898568794249, -9.74544817661311
-60.2991479860756, 6.20340630309829, -10.3392951989521
-60.2991479860756, 5.38035910561957, -10.7295382314899
-60.2991479860756, 4.50999294122616, -11.0005418715082
-60.2991479860756, 3.61791657824102, -11.1895338974789
-60.2991479860756, 2.71812846616794, -11.3384533999201
-60.2991479860756, 1.81433956712156, -11.4606485789796
-60.2991479860756, 0.907650236643702, -11.5594095498721
-60.2991479860756, 2.67389759234353E-17, -11.6489585102753
-54.8174072600687, 7.88382555351244, -8.88178419700125E-16
-54.8174006593163, 7.91265540534854, -0.898058794379419
-54.8174021462832, 7.90599898867849, -1.79648446316816
-54.8174069699899, 7.87180175177693, -2.69437433852121
-54.8174072600687, 7.82657963653155, -3.59178978497002
-54.8174072600687, 7.77829407034826, -4.48904670029526
-54.8174072600687, 7.72842893397091, -5.38621730756055
-54.8174072600687, 7.67794663885929, -6.28335359632703
-54.8174072600687, 7.45327609213764, -7.01878029557562
-54.8174072600687, 7.30922625300023, -7.90520893260738
-54.8174072600687, 7.06682207066584, -8.7700283066956
-54.8174072600687, 6.68469144659568, -9.58023573447946
-54.8174072600687, 6.05768252330645, -10.2177749998711
-54.8174072600687, 5.27760955609662, -10.660520395433
-54.8174072600687, 4.43494115018648, -10.9705365020698
-54.8174072600687, 3.56182008184159, -11.1814076621534
-54.8174072600687, 2.67704184660345, -11.3378545838089
-54.8174072600687, 1.78731500843716, -11.4631174529828
-54.8174072600687, 0.894425899483433, -11.5637811302269
-54.8174072600687, 6.87110344892688E-18, -11.6497323688215
-49.335666534064, 7.90723818783206, -8.88178419700125E-16
-49.3356665340627, 7.91998845784726, -0.881597861395697
-49.335666534062, 7.89573522264955, -1.76294925561415
-49.3356665340619, 7.84025120734954, -2.64292314035317
-49.3356665340619, 7.76903124225492, -3.521788398205
-49.3356665340619, 7.6935712556461, -4.40030224066596
-49.3356665340619, 7.6149782753661, -5.27854133520738
-49.3356665340618, 7.53298445828324, -6.15646936410903
-49.3356665340619, 7.27230822487244, -6.86873149755905
-49.3356665340618, 7.08914761477854, -7.7309012699412
-49.3356665340618, 6.80636576873347, -8.56561694344259
-49.3356665340618, 6.42271727927645, -9.35836379348521
-49.3356665340619, 5.85829810350013, -10.0315899487022
-49.3356665340619, 5.13664551190977, -10.5348321639717
-49.3356665340619, 4.33325296124904, -10.8960698807092
-49.3356665340619, 3.48780481782486, -11.1445917995496
-49.3356665340619, 2.62365738072538, -11.3193796414961
-49.3356665340619, 1.75258668080922, -11.4557490378053
-49.3356665340619, 0.877507997132748, -11.5638645873627
-49.3356665340619, 5.63040620129421E-19, -11.6499780694286
-43.853925808055, 7.90682466323595, -8.88178419700125E-16
-43.853925808055, 7.89635589638886, -0.861421704046479
-43.853925808055, 7.84952519580516, -1.72162065833278
-43.853925808055, 7.76971523461517, -2.57942066952835
-43.853925808055, 7.67072296198921, -3.43524793059625
-43.853925808055, 7.56423330378895, -4.29018084050112
-43.853925808055, 7.4537286070835, -5.1446041706807
-43.853925808055, 7.33725845634656, -5.99823145322272
-43.853925808055, 7.03225886727941, -6.67897909851237
-43.853925808055, 6.80028021036046, -7.50855618197113
-43.853925808055, 6.48996260896132, -8.31178456917102
-43.853925808055, 6.09858753580716, -9.0788380945411
-43.853925808055, 5.59235542904656, -9.77392113373614
-43.853925808055, 4.9445966701138, -10.3393679095981
-43.853925808055, 4.19660167877652, -10.7646198014817
-43.853925808055, 3.39146187846671, -11.0693245182693
-43.853925808055, 2.55636694086073, -11.2801500575181
-43.853925808055, 1.70970996849316, -11.4390362635495
-43.853925808055, 0.856833412427523, -11.5606446833787
-43.853925808055, -8.88061999968203E-16, -11.65
-38.3721850820481, 7.87398151181148, -8.88178419700125E-16
-38.3721850820481, 7.82544609094019, -0.835728620098243
-38.3721850820481, 7.74673831191224, -1.66914135858436
-38.3721850820481, 7.63786015312551, -2.49916782129113
-38.3721850820481, 7.50791264499518, -3.32618172560246
-38.3721850820481, 7.36720617021293, -4.15144344604581
-38.3721850820481, 7.22000001648811, -4.97557031212133
-38.3721850820481, 7.04552990943593, -5.77781556895845
-38.3721850820481, 6.70244406511914, -6.43575620105781
-38.3721850820481, 6.41600872697695, -7.22233932275957
-38.3721850820481, 6.08495811456255, -7.991048991142
-38.3721850820481, 5.69334388836689, -8.73073625488357
-38.3721850820481, 5.23377780433689, -9.42985427877836
-38.3721850820481, 4.67074516185313, -10.0478736265918
-38.3721850820481, 4.00366917041623, -10.5516435806954
-38.3721850820481, 3.25824979864992, -10.9308849111079
-38.3721850820481, 2.46811322340023, -11.2059596279597
-38.3721850820481, 1.65563976576228, -11.407051185217
-38.3721850820481, 0.831409123937765, -11.5530620440781
-38.3721850820481, 1.63535951051165E-17, -11.65
-32.8804443560412, 7.7686924666412, -8.88178419700125E-16
-32.8804443560412, 7.66482534152355, -0.800781804442581
-32.8804443560412, 7.54031635524825, -1.59860436302245
-32.8804443560412, 7.39296941362831, -2.39252764429012
-32.8804443560412, 7.22597580569449, -3.18256279271837
-32.8804443560412, 7.04571345389575, -3.96968785087583
-32.8804443560412, 6.85634708937036, -4.75467072026377
-32.8804443560412, 6.53794301187695, -5.38377750055074
-32.8804443560412, 6.23949263051835, -6.12394273933063
-32.8804443560412, 5.90876686968579, -6.86058707734692
-32.8804443560412, 5.55868919103511, -7.58822247854862
-32.8804443560412, 5.17727464470925, -8.29986663491417
-32.8804443560412, 4.75466416687498, -8.98777573772151
-32.8804443560412, 4.27161944358048, -9.6342989467197
-32.8804443560412, 3.70656242783533, -10.2101420071638
-32.8804443560412, 3.05565248070127, -10.6861636541766
-32.8804443560412, 2.33793075458467, -11.0550727847957
-32.8804443560412, 1.58156266309049, -11.3367630556857
-32.8804443560412, 0.798719003876627, -11.5332254206503
-32.8804443560412, -7.47432161144604E-16, -11.65
-30.6977480656385, 7.69116797293918, -8.88272559601823E-16
-30.6977480656385, 7.55976713926854, -0.782563663628847
-30.6977480656385, 7.41130889328267, -1.56206426732054
-30.6977480656385, 7.24371980787756, -2.33767617069681
-30.6977480656385, 7.05865334910837, -3.10931082693158
-30.6977480656385, 6.86055894557042, -3.87771338152638
-30.6977480656385, 6.65306471141917, -4.64362893549818
-30.6977480656385, 6.31035345071172, -5.24268706115543
-30.6977480656385, 6.00061710236841, -5.97297331822222
-30.6977480656385, 5.65480893998808, -6.68717371370285
-30.6977480656385, 5.29878715591671, -7.39634608720747
-30.6977480656385, 4.92428197289523, -8.09589163997057
-30.6977480656385, 4.51781366183836, -8.77729922523922
-30.6977480656385, 4.06320589289191, -9.42734205817541
-30.6977480656385, 3.53892484190865, -10.022322316606
-30.6977480656385, 2.93732041909979, -10.5384431082547
-30.6977480656385, 2.25939685309941, -10.9497866464747
-30.6977480656385, 1.53954471135157, -11.2826549689482
-30.6977480656385, 0.781627541750771, -11.5154765527127
-30.6977480656385, 2.9710794236325E-16, -11.65
-28.5050517752357, 7.58053563501402, -8.91645251697566E-16
-28.5050517752357, 7.41826717881985, -0.760855123718997
-28.5050517752357, 7.2418125832943, -1.51854186530728
-28.5050517752357, 7.04982156086621, -2.27244113351461
-28.5050517752357, 6.84336165316938, -3.02251078344453
-28.5050517752357, 6.62533627519219, -3.76930675747415
-28.5050517752357, 6.39852212154977, -4.51347836777927
-28.5050517752357, 6.0425000187151, -5.09521301272246
-28.5050517752357, 5.71340855494163, -5.79987217747904
-28.5050517752357, 5.35244726316227, -6.48902888657241
-28.5050517752357, 4.99040377574621, -7.17762905082619
-28.5050517752357, 4.62316519610096, -7.86346247966641
-28.5050517752357, 4.23692391360117, -8.53872672137
-28.5050517752357, 3.81358624805207, -9.19121126950788
-28.5050517752357, 3.33040480144996, -9.80048057074819
-28.5050517752357, 2.78190067242838, -10.3514086802224
-28.5050517752357, 2.15341831296303, -10.8086556694088
-28.5050517752357, 1.4830313466276, -11.2028552297137
-28.5050517752357, 0.760205775263508, -11.487481302697
-28.5050517752357, 1.4326818675279E-15, -11.65
-26.312355484833, 7.42460406827684, -9.05950388137199E-16
-26.312355484833, 7.22919567896358, -0.736507502392673
-26.312355484833, 7.02152944168705, -1.46965131402582
-26.312355484833, 6.80124632823003, -2.19910405784024
-26.312355484833, 6.56959640377729, -2.92502984567259
-26.312355484833, 6.32874921811598, -3.64795946148793
-26.312355484833, 6.08047450943462, -4.36837052507499
-26.312355484833, 5.71031562137849, -4.93052442877688
-26.312355484833, 5.36435542649389, -5.60916542072868
-26.312355484833, 4.98924370726506, -6.27242943492989
-26.312355484833, 4.61856916986597, -6.93817859269699
-26.312355484833, 4.25780541542519, -7.60936091448505
-26.312355484833, 3.8962970222881, -8.28013988490732
-26.312355484833, 3.5155065806131, -8.94007104629744
-26.312355484833, 3.08272777146118, -9.56686782983037
-26.312355484833, 2.59425665639545, -10.1512810457639
-26.312355484833, 2.02531767062489, -10.6569005906066
-26.312355484833, 1.41292151028999, -11.1101431859895
-26.312355484833, 0.735705101453566, -11.455614160984
-26.312355484833, 1.60810215189115E-15, -11.65
-24.1196591944302, 7.21297689696912, -9.39517747479306E-16
-24.1196591944302, 6.98325399869523, -0.711351456576666
-24.1196591944302, 6.74239560290074, -1.41900990704796
-24.1196591944302, 6.49100351164737, -2.1229968185802
-24.1196591944302, 6.23088414412407, -2.82380855166626
-24.1196591944302, 5.96418550887399, -3.52214490799697
-24.1196591944302, 5.69180156761403, -4.21828208120885
-24.1196591944302, 5.31086483849421, -4.76799915378565
-24.1196591944302, 4.94673547517045, -5.41416870395007
-24.1196591944302, 4.56251736220701, -6.05539668310104
-24.1196591944302, 4.1864036443147, -6.70138049069562
-24.1196591944302, 3.8309264497983, -7.35894740743736
-24.1196591944302, 3.49697827664928, -8.02769694621015
-24.1196591944302, 3.17414928300633, -8.70191532956099
-24.1196591944302, 2.81252720708115, -9.35580835532871
-24.1196591944302, 2.39881593359786, -9.97816416433457
-24.1196591944302, 1.89727295207944, -10.5311991480095
-24.1196591944302, 1.34221401388387, -11.0316997882502
-24.1196591944302, 0.712393003595128, -11.4304106607967
-24.1196591944302, 1.6095793142178E-15, -11.65
-21.9269629040274, 6.9405296581792, -9.99125260222142E-16
-21.9269629040275, 6.67687063730068, -0.68668731942708
-21.9269629040275, 6.40293665810065, -1.36934194451701
-21.9269629040275, 6.12010747555007, -2.04836174811659
-21.9269629040275, 5.83068203191642, -2.7245988343874
-21.9269629040275, 5.5371215476022, -3.39905224628443
-21.9269629040275, 5.23962713327041, -4.07177872837463
-21.9269629040275, 4.86838380199186, -4.64332057341966
-21.9269629040275, 4.47022676272459, -5.22702427133155
-21.9269629040275, 4.08697867071775, -5.85486498908493
-21.9269629040275, 3.71140232885224, -6.48726836671056
-21.9269629040275, 3.36358787364661, -7.13533439849396
-21.9269629040275, 3.05424497426072, -7.80252353858961
-21.9269629040275, 2.79790509223724, -8.49181570908285
-21.9269629040275, 2.53090612963772, -9.17695609049675
-21.9269629040275, 2.21509111065561, -9.84102708259198
-21.9269629040275, 1.78497425534769, -10.4361094859771
-21.9269629040275, 1.27821826156789, -10.9688584923302
-21.9269629040275, 0.690699269485618, -11.408171254453
-21.9269629040275, 1.52327984918598E-15, -11.65
-19.7342666136248, 6.60867754111188, -1.28514397629441E-07
-19.7342666136248, 6.31318938538744, -0.66398778649214
-19.7342666136248, 6.0083329921861, -1.32372823462892
-19.7342666136247, 5.69600161756676, -1.97996582674566
-19.7342666136247, 5.37877562684296, -2.63385365332759
-19.7342666136247, 5.05920283037486, -3.28659831103813
-19.7342666136247, 4.73699673708209, -3.93804626800789
-19.7342666136247, 4.37343858849938, -4.53326179484577
-19.7342666136247, 3.94466374762284, -5.05793119974979
-19.7342666136247, 3.56785361096744, -5.67939445795081
-19.7342666136247, 3.19826456887856, -6.3051096672111
-19.7342666136247, 2.86199606845752, -6.94928784402448
-19.7342666136247, 2.57861252178003, -7.61816239926803
-19.7342666136247, 2.3873302839302, -8.31863811456047
-19.7342666136247, 2.24008250899701, -9.030288377684
-19.7342666136247, 2.05518176762057, -9.73245356219076
-19.7342666136247, 1.69096420918522, -10.3588080235051
-19.7342666136247, 1.22083631900772, -10.9123981574347
-19.7342666136247, 0.669463681596591, -11.3835971582111
-19.7342666136247, 5.05397902862016E-16, -11.65
-17.541570323236, 6.22514529505615, -2.8282615383446E-06
-17.5415703232286, 5.89978578903897, -0.644723633048206
-17.5415703232244, 5.56579063075096, -1.28501588903823
-17.5415703232225, 5.22541067108876, -1.92193965306973
-17.541570323222, 4.88133153957317, -2.55687440967136
-17.541570323222, 4.53617001847227, -3.19122185742524
-17.541570323222, 4.18926786927041, -3.8246182358961
-17.541570323222, 3.82359330865568, -4.4354722342088
-17.541570323222, 3.37989146456533, -4.92153445894004
-17.541570323222, 3.00356579472702, -5.53790233294365
-17.541570323222, 2.64586386449104, -6.16515489611189
-17.541570323222, 2.32828337722581, -6.81356464671961
-17.541570323222, 2.07755590736726, -7.49023019882034
-17.541570323222, 1.953669861019, -8.20027797423845
-17.541570323222, 1.95556847732565, -8.92209183433373
-17.541570323222, 1.93000542036293, -9.64053793853092
-17.541570323222, 1.61424654426926, -10.2863844503624
-17.541570323222, 1.1701168831967, -10.8550127227898
-17.541570323222, 0.647678199384266, -11.3522250142551
-17.541570323222, 3.52971784999939E-16, -11.65
-15.3488740329853, 5.79633363543566, -1.24477026327442E-05
-15.3488740328989, 5.44113738715941, -0.629620296688869
-15.3488740328491, 5.07794969368748, -1.25465599401667
-15.3488740328261, 4.70939460005678, -1.87654419624797
-15.3488740328196, 4.33820714009239, -2.49686625598811
-15.3488740328192, 3.96702467713814, -3.11719138069222
-15.3488740328192, 3.59472302598153, -3.73684474313133
-15.3488740328192, 3.2125718430875, -4.34809557903241
-15.3488740328192, 2.7543614812727, -4.81676218187018
-15.3488740328192, 2.38914258469911, -5.4405837412259
-15.3488740328192, 2.05344925866604, -6.08068984650715
-15.3488740328192, 1.7664240688306, -6.74389219851133
-15.3488740328192, 1.56078051848602, -7.43613600506089
-15.3488740328192, 1.51547425128841, -8.15493599673051
-15.3488740328192, 1.71339396548765, -8.84659650988081
-15.3488740328192, 1.83803159800236, -9.54662424498948
-15.3488740328192, 1.55159892691182, -10.2063839690875
-15.3488740328192, 1.12550627144932, -10.7893795993808
-15.3488740328192, 0.623643740227624, -11.3089341743501
-15.3488740328192, 1.81542938035515E-16, -11.65
-13.1561777433309, 5.32372836727289, -3.39610228249729E-05
-13.1561777428285, 4.93701043123321, -0.618993368588936
-13.1561777425511, 4.54265795061568, -1.23312049825552
-13.1561777424385, 4.14375919135111, -1.84430742593691
-13.1561777424166, 3.74376700515809, -2.45478001058413
-13.1561777424165, 3.34527198603113, -3.06623089013708
-13.1561777424165, 2.94582489928198, -3.67705946072758
-13.1561777424165, 2.53117959955882, -4.26948425606947
-13.1561777424165, 2.07829338792292, -4.76224519309451
-13.1561777424165, 1.72664626456425, -5.40166869304118
-13.1561777424165, 1.42104758372461, -6.06421862656823
-13.1561777424165, 1.17864316435757, -6.75227554173995
-13.1561777424165, 1.03054048070109, -7.46597609885853
-13.1561777424165, 1.09780510248993, -8.18592345521328
-13.1561777424165, 1.53628079870223, -8.76286129530652
-13.1561777424165, 1.76374262970685, -9.43025769554506
-13.1561777424165, 1.497319002718, -10.1060453992846
-13.1561777424165, 1.08501668107539, -10.7071329987285
-13.1561777424165, 0.595843315914217, -11.2483579399941
-13.1561777424165, -8.84513185120848E-16, -11.65
-11.1085684412565, 4.83993432644994, -0.000141835048848772
-11.2487887383211, 4.45727376307578, -0.612643224027026
-11.390333270588, 4.07099936775889, -1.22256835014322
-11.5318793160646, 3.68472084289921, -1.83249084115833
-11.6723854835836, 3.30128014033392, -2.44443961106454
-11.8110587487052, 2.92284142021106, -3.05990807271656
-11.9492381223873, 2.54575052761698, -3.67631760151382
-12.0995749038171, 2.13548212366888, -4.2347121232676
-12.2403971221696, 1.75117891979296, -4.80046050878051
-12.3530176304423, 1.44383805655626, -5.45918410767662
-12.4482880176908, 1.18384559597419, -6.14053913931215
-12.5214761021198, 0.984115640994906, -6.84447295880306
-12.560574120995, 0.877417322400505, -7.57020127721991
-12.5054411014964, 1.02787508595903, -8.27490965023555
-12.320909808479, 1.53146015905091, -8.77546566600324
-12.2521996819204, 1.71896978703497, -9.44687788152297
-12.3524636158235, 1.44534995997247, -10.1196278735709
-12.5001373058329, 1.04234912059683, -10.7159810593219
-12.6734556469425, 0.569364143097089, -11.2517751965628
-12.8820907061161, 0, -11.6498132157011
-9.59080106227758, 4.45006516676058, -0.000228621421165172
-9.85066506672361, 4.07696035960548, -0.608441273635715
-10.1110464515897, 3.70311271343243, -1.21597663296061
-10.3694861660117, 3.33205285842791, -1.82604124582395
-10.6237870504579, 2.96693540919545, -2.44140406134003
-10.873309952243, 2.60867804165516, -3.06272633433434
-11.1214567933316, 2.25239638006876, -3.68574029463895
-11.4002002609689, 1.85218501581977, -4.21269040582461
-11.6300221592111, 1.52221374793889, -4.84114566360423
-11.8224123753447, 1.24598574690398, -5.52165147262426
-11.9822347737814, 1.01651762462629, -6.22738659727261
-12.1011749653211, 0.845746927384049, -6.95728208551515
-12.1496490295991, 0.776149345206302, -7.70975999345824
-11.9671064272189, 1.03823844293978, -8.36804777893062
-11.6108380886289, 1.54975765102883, -8.79895609771864
-11.528712603161, 1.66767091679003, -9.49432927370089
-11.7277651837524, 1.381877296186, -10.1666136593852
-12.0039110020379, 0.985395557602227, -10.7512297833459
-12.3197348270424, 0.531945347849345, -11.2716981840279
-12.6902297807059, 0, -11.6491744518437
-8.3821873764314, 4.11618147886427, -0.000325247101675876
-8.74375216091737, 3.75461669437831, -0.605339891923967
-9.10388225148002, 3.39448660381565, -1.2120615079539
-9.45936301730497, 3.0390058379907, -1.82423528378222
-9.8077534767132, 2.69061537858246, -2.44450384977277
-10.1485086372377, 2.34986021805795, -3.07319983660587
-10.4870872436605, 2.0112816116352, -3.70425440326716
-10.8671212940654, 1.63124756123026, -4.22241967764649
-11.1637172675729, 1.33465158772274, -4.8939281463843
-11.4163183424843, 1.08205051281135, -5.60070753238235
-11.622248108299, 0.87612074699663, -6.33704602308483
-11.7702437279859, 0.728125127309764, -7.1004486510691
-11.7899107471915, 0.708458108104213, -7.8861820064123
-11.414481026841, 1.08388782845463, -8.42967457684152
-10.9303179014413, 1.56805095385438, -8.82004802924624
-10.8875763725107, 1.61079248278492, -9.5503883961172
-11.1826946411203, 1.3156742141754, -10.2211351527281
-11.5711862048727, 0.927182650422913, -10.7905850237412
-12.0039637488762, 0.494405106419485, -11.2930823350403
-12.4983688552957, 0, -11.6480241854303
-7.24538756183131, 3.78004462120422, -0.000442750663446079
-7.70951271459988, 3.43339928189115, -0.603471824419679
-8.16978324412669, 3.08963287980782, -1.21107996871549
-8.62233508165276, 2.75163140684262, -1.82764353944884
-9.0645979698174, 2.42131453429454, -2.45572599038719
-9.49640502000018, 2.0988069077729, -3.09504734984287
-9.92552275804564, 1.77830787206518, -3.7371990370394
-10.3943102926981, 1.42818029753924, -4.2742470154315
-10.7605299448948, 1.15465852255768, -4.97390089519239
-11.0685907456209, 0.924574373573802, -5.7160921310394
-11.3153047773697, 0.74030883929131, -6.49311719171453
-11.479811425649, 0.617442275021153, -7.30264683674415
-11.3750256254506, 0.695704590795896, -8.10286390109046
-10.7799356324239, 1.1401648216712, -8.46379209570461
-10.1900885694808, 1.5807092180631, -8.84383493391452
-10.2423397903385, 1.54168387742878, -9.61948770406798
-10.6454118193167, 1.24063783538758, -10.2846506726154
-11.1493729779655, 0.86423981903714, -10.8344900566613
-11.6969463520543, 0.455268753953663, -11.3158629441708
-12.3065079298854, 0, -11.6462966015245
-6.10473912259934, 3.41773394865078, -0.000591168845957954
-6.68033117885593, 3.09040438721534, -0.603592117860055
-7.24930530177844, 2.76683833361901, -1.21483667362416
-7.80716479753294, 2.44959298232715, -1.83947701069327
-8.35130661076873, 2.1401486473175, -2.47992747121196
-8.882284442572, 1.83819044805661, -3.13485060746054
-9.4104815732585, 1.53781358694511, -3.79276196772692
-9.96989816032485, 1.21968274390492, -4.35855705720087
-10.4065696305317, 0.971354992886629, -5.09927842564154
-10.7699264015315, 0.764720083312894, -5.89084901063968
-11.054898843674, 0.602661028651232, -6.72370994688898
-11.2047229215052, 0.517458585087472, -7.59912382923314
-10.7734929794343, 0.762691830198449, -8.25930115606567
-10.0189077773741, 1.19181179558227, -8.47800330210698
-9.34500594766276, 1.57504847852848, -8.88511345534546
-9.55736625431276, 1.45428272909455, -9.7061339861267
-10.0877845072752, 1.15264275294771, -10.3584631613515
-10.7177263544056, 0.794405375781579, -10.8836581867816
-11.3872549587912, 0.413655672828181, -11.3401728114391
-12.1146470044752, 0, -11.6439186784795
-4.91950995650699, 3.00945499282876, -0.000784692553505569
-5.62242001816892, 2.70739976074041, -0.607196504932696
-6.31566944064346, 2.40949590842455, -1.2266216803894
-6.99405683444544, 2.11797858230151, -1.86522153534652
-7.65504326354668, 1.83393881656338, -2.52508531254514
-8.30120440838545, 1.5562697871725, -3.20215451391279
-8.94199501513436, 1.2809085909137, -3.88525762796895
-9.59894559858904, 0.998603112903021, -4.49593421171651
-10.1092454544972, 0.779316535831472, -5.29800630906184
-10.5307602267267, 0.598182775911446, -6.15910652959115
-10.8474655580378, 0.462087836358836, -7.07136456536666
-10.793567704835, 0.485248877075409, -8.00435663513556
-9.95730183131008, 0.844609905309814, -8.30886906383902
-9.07279772026952, 1.22469991840733, -8.46873535368096
-8.38397495590986, 1.52070154266132, -8.97334645801373
-8.80353101593794, 1.3404094825559, -9.81596913232502
-9.48678920265318, 1.04679907431024, -10.4446663459011
-10.259441352569, 0.714774200580882, -10.9395886347708
-11.0658560837839, 0.368240835813483, -11.3664559866332
-11.922786079065, 0, -11.6408101536068
-3.66652798697718, 2.53336371274411, -0.00104519053752746
-4.51973489721249, 2.26533581416987, -0.616902824331998
-5.3603432014935, 2.001265663521, -1.25148230054619
-6.18283939387793, 1.74288528311677, -1.91158870075146
-6.98218414173666, 1.49177773764946, -2.60222137820257
-7.76408569520605, 1.24614982752091, -3.31452524980964
-8.54417366628121, 1.00109163931114, -4.0290185534528
-9.29988033223767, 0.763692636578035, -4.71993246340085
-9.8927401991325, 0.577450609741893, -5.6095839334762
-10.3788319061824, 0.424748917816982, -6.56774097732058
-10.6671932628406, 0.334162581105532, -7.60310370977547
-9.92830478866098, 0.566278287904576, -8.19774348828789
-8.89620010893694, 0.890505442064383, -8.2883239048542
-7.86922108657478, 1.21312241333064, -8.42552816348283
-7.31342555839109, 1.38772098452008, -9.11503986381246
-7.95057543847919, 1.18756561612328, -9.95799792514496
-8.81804646227269, 0.915056764176335, -10.5477054038336
-9.75695934043628, 0.62010504418959, -11.0057914907667
-10.7235529774377, 0.316457642612329, -11.3957256207901
-11.7309251536547, 0, -11.6368839045164
-2.34718957171181, 1.96347258292443, -0.00140772806163845
-3.37876981791933, 1.74311714878288, -0.632673628128138
-4.39386012317148, 1.52628412417909, -1.29123683267448
-5.3853667846308, 1.31448879207251, -1.98631767064403
-6.35154463798183, 1.10810393629826, -2.71777022779391
-7.29989077945464, 0.905528105199357, -3.47331122564991
-8.26947141061847, 0.69841638344935, -4.16615744835814
-9.09379067161436, 0.52233388352191, -5.05822462237652
-9.78653429116233, 0.374357202507054, -6.06209884385521
-10.3449829170613, 0.255067220115369, -7.14881356063798
-9.97007402573531, 0.335151354932188, -8.09764739808048
-8.77276334198545, 0.590908399999659, -8.18288415326506
-7.57090297357168, 0.847637301345887, -8.20933652153782
-6.37918074576486, 1.10220059862678, -8.35264626576016
-6.11151733485487, 1.15937607027021, -9.31562266180242
-6.9860388323426, 0.972569891154736, -10.1445125189563
-8.06699190488347, 0.741667947789623, -10.6792586328429
-9.19957881945203, 0.499736520563963, -11.0908443255786
-10.3547820313674, 0.252974035319444, -11.4302376863685
-11.5390642282445, 0, -11.6320469259951
-1.04583184977507, 1.26924790918573, -0.00194137300063497
-2.26335794181768, 1.11923463631755, -0.648471240609666
-3.46092732843308, 0.971680259990795, -1.33169566108676
-4.62999786318991, 0.827637271278832, -2.06326706722189
-5.76923401781945, 0.687270222685226, -2.84121008261863
-6.8913880070811, 0.549007894106462, -3.6440658665331
-8.00131291182896, 0.412252329944563, -4.43904677517439
-8.94484118036431, 0.295998752685151, -5.44731362503961
-9.78109874491367, 0.1929621647724, -6.54803777349424
-10.2496451044566, 0.135231843143252, -7.79909658994448
-8.96824325862785, 0.293115346427843, -8.1261368276363
-7.59240441373727, 0.462634578426344, -8.09214962894379
-6.21627900215778, 0.632189118749801, -8.08867055090543
-4.88172956092177, 0.796621019464414, -8.34668825488831
-4.89891141355643, 0.794504016827255, -9.58186972221787
-6.00569401436941, 0.658135620793168, -10.3825652830125
-7.29835466570196, 0.498864902669197, -10.8554357019654
-8.62975805573183, 0.334820631789483, -11.2058691275459
-9.98008277744682, 0.168445034368463, -11.4726899987966
-11.3472033028342, 0, -11.6262021034762
-0.130156610003772, 0.438741065879703, -0.00278818559892141
-1.46155666690747, 0.385758749535938, -0.662521984987641
-2.76953965189885, 0.333708302396678, -1.36747050438048
-4.04374627855681, 0.283001966437887, -2.1318062812447
-5.28294399673197, 0.233688790299442, -2.95187111763881
-6.50327509937663, 0.185126400513446, -3.79991306412807
-7.67863472586052, 0.138353625324537, -4.70016128582671
-8.75565493994935, 0.0954942117353645, -5.72407694963582
-9.76569159908538, 0.0553003710368777, -6.81371735104399
-9.89036749169613, 0.0503389640213865, -8.01200588232308
-8.41287077758229, 0.109135114658563, -8.08885895414814
-6.92873390186796, 0.168195506791497, -8.02082475350047
-5.44340447814953, 0.227303355701437, -8.00583650072305
-4.05274662855812, 0.282643802572337, -8.40473142865448
-4.09543199699197, 0.280945162346294, -9.77812142785497
-5.32809201701691, 0.231892150228242, -10.5775333110007
-6.7455766876884, 0.175484145102713, -11.0189044866255
-8.20136541852716, 0.117551851449097, -11.3138605837751
-9.67393649144359, 0.0589517139326704, -11.5094797564436
-11.155342377424, 0, -11.6192509750502
