-109.579997112877, 6.02706344883191, -8.88178419700125E-16
-109.579997112877, 6.18140620394475, -0.756556400476472
-109.579997112877, 6.30277759764109, -1.51910670726394
-109.579997112877, 6.39611226503608, -2.28561697330909
-109.579997112877, 6.47033681388524, -3.05423419846932
-109.579997112877, 6.53492686906829, -3.82372969609753
-109.579997112877, 6.59416516173573, -4.59365669868014
-109.579997112877, 6.64973643534124, -5.36385772488834
-109.579997112877, 6.70330369929994, -6.1342010860955
-109.579997112877, 6.75680720844191, -6.90453647153782
-109.579997112877, 6.72942815699081, -7.66093686857811
-109.579997112877, 6.13319572869494, -8.13723287916786
-109.579997112877, 5.38770384438713, -8.32831515162415
-109.579997112877, 4.62149535632084, -8.42383624234968
-109.579997112877, 3.85220425303349, -8.49058500567265
-109.579997112877, 3.08191792647771, -8.54492466240128
-109.579997112877, 2.31136953815942, -8.59545600942052
-109.579997112877, 1.54092203849121, -8.64750189383146
-109.579997112877, 0.770548896931876, -8.70063625534308
-109.579997112877, 1.2171827573431E-22, -8.75115645937581
-107.442118229735, 6.30403737793572, -8.88178419700125E-16
-107.442118229735, 6.42159733922022, -0.775754538624384
-107.442118229735, 6.52493900545687, -1.55352788988043
-107.442118229735, 6.61353670875873, -2.33312002530782
-107.442118229735, 6.68982672426343, -3.11401740351197
-107.442118229735, 6.75739942996921, -3.89572023117127
-107.442118229735, 6.8189735461186, -4.67792037432933
-107.442118229735, 6.8778286708165, -5.46033076559835
-107.442118229735, 6.93727747320717, -6.24269606156216
-107.442118229735, 6.97302650773957, -7.00165321668629
-107.442118229735, 6.92996576158794, -7.76943873434917
-107.442118229735, 6.25172515740275, -8.14924259156794
-107.442118229735, 5.48612506779907, -8.31281051388796
-107.442118229735, 4.70431937863464, -8.3781957321327
-107.442118229735, 3.9207372188149, -8.41835643176993
-107.442118229735, 3.13676418187854, -8.45019999421723
-107.442118229735, 2.35265084302855, -8.47841219850398
-107.442118229735, 1.56846275560154, -8.50446743075889
-107.442118229735, 0.784243834621342, -8.5295808762011
-107.442118229735, -8.81253767517455E-16, -8.55390266303311
-105.249421939332, 6.50823402725808, -8.88178419700125E-16
-105.249421939332, 6.60717200573159, -0.790646301914471
-105.249421939332, 6.70202784712017, -1.58179110574032
-105.249421939332, 6.78967759454349, -2.3737649128479
-105.249421939332, 6.86929968053511, -3.16658662016349
-105.249421939332, 6.9423141546628, -3.96004540149528
-105.249421939332, 7.0106739963438, -4.75391981069123
-105.249421939332, 7.07662051661182, -5.54799890807618
-105.249421939332, 7.14240200760493, -6.34209173275637
-105.249421939332, 7.13455671072608, -7.07419539109574
-105.249421939332, 7.08093482804564, -7.85259582048797
-105.249421939332, 6.36008888368539, -8.1748809297667
-105.249421939332, 5.57468866821189, -8.30153161798598
-105.249421939332, 4.77925957078526, -8.34785223692145
-105.249421939332, 3.98299776276625, -8.37733502230501
-105.249421939332, 3.18652543528775, -8.40059346984807
-105.249421939332, 2.38996502692766, -8.42063972594012
-105.249421939332, 1.59333355538579, -8.43761416336194
-105.249421939332, 0.796663378779643, -8.45269070168486
-105.249421939332, -8.39776593827363E-16, -8.46812334495199
-103.056725648922, 6.6608630492326, -8.88178419700125E-16
-103.056725648926, 6.75338278871917, -0.804319852326277
-103.056725648928, 6.84473227229555, -1.60877321418967
-103.056725648929, 6.9329481243308, -2.41357559044847
-103.056725648929, 7.01606380303372, -3.21891961375041
-103.056725648929, 7.09398809601882, -4.0247838799276
-103.056725648929, 7.16884400214424, -4.83093909053499
-103.056725648929, 7.24095632298053, -5.6373444383281
-103.056725648929, 7.31063123204206, -6.44396411605441
-103.056725648929, 7.26121717626987, -7.15455730127771
-103.056725648929, 7.20197435762378, -7.94833503159437
-103.056725648929, 6.46664343937902, -8.26100726066409
-103.056725648929, 5.66509802707715, -8.3673647575609
-103.056725648929, 4.85632983773436, -8.40426600457384
-103.056725648929, 4.04715884902148, -8.43125765119525
-103.056725648929, 3.23784543095506, -8.45365031978054
-103.056725648929, 2.42846041477604, -8.47328700858587
-103.056725648929, 1.61899932712284, -8.48946210663575
-103.056725648929, 0.809490203383237, -8.50307083443971
-103.056725648929, -7.46141032529644E-16, -8.51776281879234
-100.864029358526, 6.78240414934, -8.88178419700125E-16
-100.864029358526, 6.87593200774656, -0.818189056876072
-100.864029358526, 6.96749159016284, -1.63660047449582
-100.864029358526, 7.05591509161692, -2.45535628211221
-100.864029358526, 7.14003276691815, -3.27456514243302
-100.864029358526, 7.2196520669177, -4.09422413625233
-100.864029358526, 7.29708530397326, -4.91409292218445
-100.864029358526, 7.37264936090369, -5.73413601206824
-100.864029358526, 7.44525395312854, -6.55444570956033
-100.864029358526, 7.36565556173415, -7.25583153621508
-100.864029358526, 7.3045481263686, -8.06802925948465
-100.864029358526, 6.5771561899588, -8.41358464368636
-100.864029358526, 5.76197735753077, -8.52363133964982
-100.864029358526, 4.93936952923033, -8.56183086248925
-100.864029358526, 4.11633236896836, -8.58991783225087
-100.864029358526, 3.29320739082137, -8.61533306527001
-100.864029358526, 2.47001596277585, -8.63848974726102
-100.864029358526, 1.64671730566087, -8.65740641669777
-100.864029358526, 0.823345014658668, -8.67286076940177
-100.864029358526, 1.19055124106572E-15, -8.68970573614593
-98.6713330681237, 6.88248821997005, -8.88178419700125E-16
-98.6713330681237, 6.98026480516416, -0.831762802474962
-98.6713330681237, 7.07354051733883, -1.66404175504371
-98.6713330681237, 7.16172960575407, -2.49687515026567
-98.6713330681237, 7.24555370558715, -3.33015974097078
-98.6713330681237, 7.32612486874852, -4.16376563108208
-98.6713330681237, 7.40484523181448, -4.9975483993127
-98.6713330681237, 7.48152014595932, -5.83152162532334
-98.6713330681236, 7.5540747613232, -6.66586146447075
-98.6713330681237, 7.45218116145086, -7.36659602235251
-98.6713330681237, 7.38807462463566, -8.19564318367085
-98.6713330681237, 6.68427002992142, -8.59744654983789
-98.6713330681237, 5.8579105388315, -8.72806189001055
-98.6713330681237, 5.02205110267374, -8.77934907695296
-98.6713330681237, 4.18529033694057, -8.81427186362024
-98.6713330681237, 3.34846130159382, -8.84755800481902
-98.6713330681237, 2.51155231891183, -8.87875803817801
-98.6713330681237, 1.67445601471861, -8.90436991507133
-98.6713330681237, 0.837219009773343, -8.92498145283919
-98.6713330681237, 1.44669846997566E-15, -8.94631401644293
-96.4786367777209, 6.9662402154968, -8.88178419700125E-16
-96.4786367777209, 7.06816117174271, -0.844578412288585
-96.4786367777209, 7.1629500797211, -1.68998672999616
-96.4786367777209, 7.25115681440824, -2.53610796740195
-96.4786367777209, 7.33469030122541, -3.38270463367138
-96.4786367777209, 7.41529737424933, -4.22958523808177
-96.4786367777209, 7.49404216238802, -5.07664104358606
-96.4786367777209, 7.57034884870886, -5.92391969631895
-96.4786367777209, 7.64085829556451, -6.77169529632595
-96.4786367777209, 7.52266123950543, -7.47687013132858
-96.4786367777209, 7.45344945080708, -8.32035799733929
-96.4786367777209, 6.77974030949808, -8.78454659247283
-96.4786367777209, 5.94561085179888, -8.947330790437
-96.4786367777209, 5.09841351139973, -9.02313618259103
-96.4786367777209, 4.24921182858781, -9.07368707310811
-96.4786367777209, 3.39983744179195, -9.1213055292538
-96.4786367777209, 2.55031665038482, -9.16622283803258
-96.4786367777209, 1.70042881351092, -9.20345264996915
-96.4786367777209, 0.850238778468457, -9.23312557544645
-96.4786367777209, 2.26857622971722E-15, -9.26138542664444
-94.2859404873164, 7.03687318230215, -8.88178419700125E-16
-94.2859404873175, 7.14131232114477, -0.856221222927485
-94.285940487318, 7.23720482551987, -1.71344159692514
-94.2859404873182, 7.32545325944887, -2.57148402456672
-94.2859404873182, 7.40853098167975, -3.43004391954119
-94.2859404873182, 7.48853974288044, -4.28889570598825
-94.2859404873182, 7.56641226396088, -5.14794381529936
-94.2859404873182, 7.64123955324867, -6.00726203697018
-94.2859404873182, 7.70775764360565, -6.86724993362128
-94.2859404873182, 7.57842843793978, -7.5796203949661
-94.2859404873182, 7.50181026932063, -8.4350340523159
-94.2859404873182, 6.8556161396019, -8.95558034727725
-94.2859404873182, 6.01820729040394, -9.15871725108893
-94.2859404873182, 5.16304086695896, -9.27006007939542
-94.2859404873182, 4.30388018824974, -9.34656973940105
-94.2859404873182, 3.44415244492801, -9.41653846634091
-94.2859404873182, 2.58406279840564, -9.4818903417172
-94.2859404873182, 1.72324528499423, -9.53665172278818
-94.2859404873182, 0.861743878439544, -9.5795493451654
-94.2859404873182, 2.78936826971681E-15, -9.6172890712187
-92.0932441969154, 7.09694333960624, -8.88178419700125E-16
-92.0932441969154, 7.20168264301278, -0.866733708763259
-92.0932441969154, 7.29799279539365, -1.73444390198746
-92.0932441969154, 7.386297175211, -2.603006581229
-92.0932441969154, 7.46886928996564, -3.47213436189243
-92.0932441969154, 7.54782507902334, -4.34159880146225
-92.0932441969154, 7.6241875968906, -5.21129476671818
-92.0932441969154, 7.69671194204672, -6.08131836985268
-92.0932441969154, 7.69407668753981, -6.8919628984875
-92.0932441969154, 7.62144936156144, -7.67323086690161
-92.0932441969154, 7.53490555527685, -8.53833069392811
-92.0932441969154, 6.90943475094746, -9.10460808872567
-92.0932441969155, 6.07324420413538, -9.3521812154144
-92.0932441969155, 5.21395754087221, -9.50531052352901
-92.0932441969154, 4.34802243735929, -9.61629880077053
-92.0932441969154, 3.48055216958139, -9.71475791888141
-92.0932441969154, 2.61231645781635, -9.80621130463984
-92.0932441969154, 1.7426577600389, -9.88272737150796
-92.0932441969154, 0.871667562915047, -9.94247413145501
-92.0932441969155, 5.16928164913713E-15, -9.99137680509989
-89.9005479065127, 7.14906601294619, -8.88178419700125E-16
-89.9005479065127, 7.25257939034411, -0.876419860364317
-89.9005479065127, 7.34869267526426, -1.75368094199036
-89.9005479065127, 7.43687634447593, -2.63177507767825
-89.9005479065127, 7.5187407207875, -3.5104821504413
-89.9005479065127, 7.5962702885848, -4.38958320639899
-89.9005479065127, 7.67068086143024, -5.26895365823607
-89.9005479065127, 7.74037235735923, -6.14870926010709
-89.9005479065127, 7.64939428781392, -6.89040272651473
-89.9005479065127, 7.65437845641591, -7.7599807982781
-89.9005479065127, 7.55620290810434, -8.63322720526216
-89.9005479065127, 6.94658343479186, -9.23671779045704
-89.9005479065127, 6.11473440520393, -9.5280238726684
-89.9005479065127, 5.25411546235095, -9.72234479269281
-89.9005479065127, 4.38404469004194, -9.86976962317068
-89.9005479065127, 3.51098481383691, -9.99855707728483
-89.9005479065127, 2.63646174213908, -10.1169997604196
-89.9005479065127, 1.75956212153929, -10.2160309008891
-89.9005479065127, 0.880403813527437, -10.2927871157667
-89.9005479065127, 4.82223381916066E-15, -10.3536437288258
-87.6978516161099, 7.19582641965689, -8.88178419700125E-16
-87.6978516161099, 7.29724022259729, -0.885404943014386
-87.6978516161099, 7.39259172012656, -1.77148169599207
-87.6978516161099, 7.48027426609177, -2.6583499473449
-87.6978516161099, 7.5610908772121, -3.54587128561902
-87.6978516161099, 7.63689131808377, -4.43383619752966
-87.6978516161099, 7.70907548574055, -5.32210226129923
-87.6978516161099, 7.77567612599252, -6.21080238062392
-87.6978516161099, 7.66574165381988, -6.94967367563103
-87.6978516161099, 7.67967769778462, -7.84070322651975
-87.6978516161099, 7.56961409855472, -8.72108736370923
-87.6978516161099, 6.97415923402937, -9.35646536888916
-87.6978516161099, 6.14827581986991, -9.68765340368296
-87.6978516161099, 5.28752414056982, -9.91768887034584
-87.69785161611, 4.41479862841667, -10.0978935580976
-87.69785161611, 3.53744272696301, -10.2542764161363
-87.69785161611, 2.65779976949148, -10.3972422594169
-87.6978516161099, 1.77468593116227, -10.5165503352865
-87.6978516161099, 0.888243161612342, -10.6082949674673
-87.6978516161099, 6.06772643425877E-15, -10.6806079924376
-82.2261108901031, 7.30103625767086, -8.88178419700125E-16
-82.2261108901031, 7.3963043621222, -0.903932546765216
-82.2261108901031, 7.48718898052228, -1.80831475002693
-82.2261108901031, 7.57073265107009, -2.71340344727813
-82.2261108901031, 7.6467631172899, -3.61915491333491
-82.2261108901031, 7.71711588672555, -4.52536664415442
-82.2261108901031, 7.78322737408523, -5.43189735175088
-82.2261108901031, 7.84236684064057, -6.33890575616657
-82.2261108901031, 7.72104502758961, -7.09785924141264
-82.2261108901031, 7.72018793297973, -8.00673994895938
-82.2261108901031, 7.59135271774973, -8.90265599121498
-82.2261108901031, 7.03793063437677, -9.60664148380572
-82.2261108901031, 6.22796813031969, -10.0130099742479
-82.2261108901031, 5.36327848537409, -10.2921734451756
-82.2261108901031, 4.48227196560894, -10.5154572028911
-82.2261108901031, 3.59440433852559, -10.7099559813368
-82.2261108901031, 2.70301030605195, -10.8876060656997
-82.2261108901031, 1.80624080046231, -11.0352519987806
-82.2261108901031, 0.904150357874538, -11.1464281734086
-82.2261108901031, 3.95038034192563E-15, -11.2395293366436
-76.7443701640962, 7.41769421984268, -8.88178419700125E-16
-76.7443701640962, 7.50403707342789, -0.916424495016849
-76.7443701640962, 7.58405501433547, -1.83342108070123
-76.7443701640962, 7.65585872735127, -2.75109718320239
-76.7443701640962, 7.72038219407382, -3.66931499514489
-76.7443701640962, 7.77989227007317, -4.58787272240603
-76.7443701640962, 7.83553734745003, -5.50667234925519
-76.7443701640962, 7.88449332280385, -6.4258489366757
-76.7443701640962, 7.75122665773229, -7.19613213751744
-76.7443701640962, 7.73199789520174, -8.11637316029983
-76.7443701640962, 7.59767508987947, -9.02406883764955
-76.7443701640962, 7.08971901257405, -9.77931876765629
-76.7443701640962, 6.30081421663334, -10.2437525675675
-76.7443701640962, 5.42960301465374, -10.539419291233
-76.7443701640962, 4.53812681546634, -10.7683063956986
-76.7443701640962, 3.63932681863686, -10.9668413615629
-76.7443701640962, 2.73691518379123, -11.1482676827811
-76.7443701640962, 1.82887607712935, -11.2984495154363
-76.7443701640962, 0.915091813405679, -11.4091354489888
-76.7443701640962, 2.6561112725125E-15, -11.5086154489149
-71.2626294380893, 7.57254633893757, -8.88178419700125E-16
-71.2626294380893, 7.64329326492806, -0.922444837417963
-71.2626294380893, 7.70228743909916, -1.84571447448963
-71.2626294380893, 7.75035680294395, -2.76962015609415
-71.2626294380893, 7.79145328391723, -3.69386492735226
-71.2626294380893, 7.82890768731447, -4.61826537427982
-71.2626294380893, 7.86374448724444, -5.54276804072042
-71.2626294380893, 7.89412431380981, -6.46742632353206
-71.2626294380893, 7.74683806947028, -7.24002490783281
-71.2626294380893, 7.70603499277742, -8.16420863582737
-71.2626294380893, 7.56532912718717, -9.07675397721408
-71.2626294380893, 7.09716084028952, -9.86384846115315
-71.2626294380893, 6.33253409177463, -10.3739827143181
-71.2626294380893, 5.4634332662413, -10.6891864436538
-71.2626294380893, 4.568481463911, -10.9230599231505
-71.2626294380893, 3.66372700968838, -11.1161286405849
-71.2626294380893, 2.75470346875769, -11.2880663378077
-71.2626294380893, 1.84039584406887, -11.4286499372347
-71.2626294380893, 0.920744239599037, -11.5292564829439
-71.2626294380893, 1.27450699864125E-15, -11.6195275177108
-65.7808887120825, 7.72896921687444, -8.88178419700125E-16
-65.7808887120825, 7.78122745089805, -0.920347423626145
-65.7808887120825, 7.81407746227008, -1.84159264886581
-65.7808887120825, 7.83147150984852, -2.76326897095152
-65.7808887120825, 7.84160800989285, -3.68505941681593
-65.7808887120825, 7.85008026974887, -4.60686697684894
-65.7808887120825, 7.85655948179202, -5.52869051658371
-65.7808887120825, 7.86002713392263, -6.45053002685595
-65.7808887120825, 7.69173541951928, -7.21644339173614
-65.7808887120825, 7.61966253672318, -8.13526430577898
-65.7808887120825, 7.45858118175749, -9.04194029736185
-65.7808887120825, 7.02990226679905, -9.84872146745608
-65.7808887120825, 6.2971279101289, -10.3987041144979
-65.7808887120825, 5.44446108921069, -10.7467933284774
-65.7808887120825, 4.55767724754594, -10.9976210404195
-65.7808887120825, 3.65605687532038, -11.1892669890391
-65.7808887120825, 2.74858882690051, -11.351305900616
-65.7808887120825, 1.83605109091134, -11.4812813285957
-65.7808887120825, 0.918717454953482, -11.5721212936344
-65.7808887120825, 8.56264465257571E-17, -11.6479705945374
-60.2991479860756, 7.8333309812305, -8.88178419700125E-16
-60.2991479860756, 7.87111623190399, -0.910897926001344
-60.2991479860756, 7.88165666455832, -1.82252097592701
-60.2991479860756, 7.87101299792852, -2.73416276602145
-60.2991479860756, 7.851034155079, -3.64565806895799
-60.2991479860756, 7.82869583953663, -4.55709908293741
-60.2991479860756, 7.80527005682305, -5.46851300164573
-60.2991479860756, 7.78169902892619, -6.37992321261272
-60.2991479860756, 7.58626499112448, -7.13228756976493
-60.2991479860756, 7.47498915327642, -8.03676566811037
-60.2991479860756, 7.27413960753004, -8.92554093625116
-60.2991479860756, 6.87915090536322, -9.74130818130606
-60.2991479860756, 6.19621426273793, -10.3375217353679
-60.2991479860756, 5.37443193902092, -10.729686918706
-60.2991479860756, 4.50648061621042, -11.0073738423896
-60.2991479860756, 3.6170157108084, -11.2067698230225
-60.2991479860756, 2.7193028696076, -11.3657307177581
-60.2991479860756, 1.81637353562218, -11.4913458819359
-60.2991479860756, 0.90909574017769, -11.5809198487843
-60.2991479860756, 2.56398057060097E-17, -11.6498039032669
-54.8174072600687, 7.88659228664668, -8.88178419700125E-16
-54.8174017910549, 7.91429996562597, -0.896797938867989
-54.8174035537689, 7.90620440306152, -1.79393154072841
-54.8174070487427, 7.87055293070385, -2.69046926322589
-54.8174072600687, 7.82334553715155, -3.58648726148992
-54.8174072600687, 7.77298396446501, -4.48233483615359
-54.8174072600687, 7.72095909110926, -5.37808742057938
-54.8174072600687, 7.66818003900335, -6.27379594809174
-54.8174072600687, 7.44044662726715, -7.00748686994369
-54.8174072600687, 7.2894247149434, -7.89142555448062
-54.8174072600687, 7.03966635302036, -8.75282874764424
-54.8174072600687, 6.65937506661342, -9.56289038585256
-54.8174072600687, 6.04109899231694, -10.206996596011
-54.8174072600687, 5.26518943577681, -10.6542906982585
-54.8174072600687, 4.42600991146822, -10.9700836789157
-54.8174072600687, 3.55636749698267, -11.1896820449277
-54.8174072600687, 2.67442753519716, -11.3544745885848
-54.8174072600687, 1.78654672631456, -11.483300492032
-54.8174072600687, 0.894419049223218, -11.5789200681321
-54.8174072600687, 8.94186963876077E-16, -11.6499540458342
-49.3356665340618, 7.90816137427023, -8.88178419700125E-16
-49.3356669111793, 7.91953154013157, -0.879505810536952
-49.3356666234762, 7.89325359378121, -1.75868717926848
-49.3356665394923, 7.83562209282744, -2.63640713714806
-49.3356665340618, 7.76197566044383, -3.51295398269152
-49.3356665340618, 7.68396708505887, -4.38912619583121
-49.3356665340619, 7.60263155125079, -5.26499559499943
-49.3356665340619, 7.51752895049838, -6.1405068405441
-49.3356665340618, 7.25172860402232, -6.84960523270077
-49.3356665340618, 7.05682880371738, -7.7070471953934
-49.3356665340619, 6.76463182890969, -8.53629499390103
-49.3356665340619, 6.38035370044466, -9.32666747160094
-49.3356665340619, 5.83017486447307, -10.0091391678235
-49.3356665340618, 5.11772950499058, -10.521427630682
-49.3356665340619, 4.31928490803911, -10.8884282855999
-49.3356665340619, 3.47820723211657, -11.1442375378784
-49.3356665340619, 2.61765211131315, -11.3259342852825
-49.3356665340619, 1.74930424434154, -11.4658557061579
-49.3356665340619, 0.876148040729889, -11.572219774088
-49.3356665340619, 3.79866455942921E-19, -11.6499970947295
-43.853925808055, 7.90551114455344, -8.88178419700125E-16
-43.853925808055, 7.89215465637692, -0.858484419798134
-43.853925808055, 7.84286310874871, -1.71564352179114
-43.853925808055, 7.76069260785092, -2.57030844497711
-43.853925808055, 7.65907632575438, -3.42290875493804
-43.853925808055, 7.54966162696778, -4.27454996855001
-43.853925808055, 7.43603865630714, -5.12564005515677
-43.853925808055, 7.31606607681852, -5.97585442834659
-43.853925808055, 7.0026734446757, -6.65133231043237
-43.853925808055, 6.75210327966338, -7.47246304575511
-43.853925808055, 6.42991882391157, -8.26794411895258
-43.853925808055, 6.03516839526883, -9.03013399583693
-43.853925808055, 5.54443579613564, -9.73322868972786
-43.853925808055, 4.91592235014331, -10.3155168342619
-43.853925808055, 4.17707979635239, -10.7504398230758
-43.853925808055, 3.37751260361654, -11.0615971379801
-43.853925808055, 2.54702158486454, -11.2786284182406
-43.853925808055, 1.70405151959865, -11.4413050988594
-43.853925808055, 0.854204677611968, -11.5635633532409
-43.853925808055, -8.87879675318438E-16, -11.65
-38.3721850820481, 7.86845813207699, -8.88178419700125E-16
-38.3721850820481, 7.81589035424546, -0.831958057352126
-38.3721850820481, 7.73399458962194, -1.66152733128828
-38.3721850820481, 7.62246982973108, -2.4876494610188
-38.3721850820481, 7.48984479234023, -3.31067088555128
-38.3721850820481, 7.34615537641076, -4.13184343691092
-38.3721850820481, 7.19574279564881, -4.9518108301604
-38.3721850820481, 7.01429055562278, -5.74539458153963
-38.3721850820481, 6.66219215534812, -6.39980983980486
-38.3721850820481, 6.35185661886618, -7.17347551772004
-38.3721850820481, 6.00364605558175, -7.93076776203388
-38.3721850820481, 5.60587729058409, -8.66324029623416
-38.3721850820481, 5.15634039555438, -9.36496492272851
-38.3721850820481, 4.62156842517668, -10.0032773819154
-38.3721850820481, 3.97671125401219, -10.5291047662547
-38.3721850820481, 3.2396382477829, -10.9165241115508
-38.3721850820481, 2.45560506579989, -11.1982524940424
-38.3721850820481, 1.64800034075494, -11.4042171309998
-38.3721850820481, 0.827820352838402, -11.5527940571414
-38.3721850820481, -8.67666107257512E-16, -11.65
-32.8804443560412, 7.7565323526153, -8.88178419700125E-16
-32.8804443560412, 7.64814027273975, -0.796545791050691
-32.8804443560412, 7.5198827404577, -1.59012539209664
-32.8804443560412, 7.36952321134944, -2.37981620484774
-32.8804443560412, 7.19987640163384, -3.16559909833647
-32.8804443560412, 7.01691984911582, -3.94840140410818
-32.8804443560412, 6.82479668041951, -4.72900273033477
-32.8804443560412, 6.50496985684259, -5.35495123945098
-32.8804443560412, 6.18876303517662, -6.08341015549157
-32.8804443560412, 5.83108965020651, -6.80332493016136
-32.8804443560412, 5.45875701036722, -7.51578898821531
-32.8804443560412, 5.06749817326534, -8.21801249280557
-32.8804443560412, 4.65030452626351, -8.90511394673833
-32.8804443560412, 4.19250211611343, -9.56564548139116
-32.8804443560412, 3.66345708778062, -10.1700068085705
-32.8804443560412, 3.03277783507995, -10.6657461160768
-32.8804443560412, 2.32237982258076, -11.0409098705619
-32.8804443560412, 1.57259961752838, -11.3297743899593
-32.8804443560412, 0.794738463589074, -11.5310559902509
-32.8804443560412, 1.60469288210085E-16, -11.65
-30.6977480656385, 7.67608869192101, -8.88416596715957E-16
-30.6977480656385, 7.54025867096075, -0.778441361374463
-30.6977480656385, 7.38798154559718, -1.55382662264698
-30.6977480656385, 7.21725158697574, -2.32535794613458
-30.6977480656385, 7.0295368866576, -3.09293942259278
-30.6977480656385, 6.82896589073267, -3.85727090040414
-30.6977480656385, 6.61908981522545, -4.61909779291214
-30.6977480656385, 6.27526836061182, -5.21509058754382
-30.6977480656385, 5.94679854885077, -5.93326290503243
-30.6977480656385, 5.57307645820517, -6.62949245267653
-30.6977480656385, 5.19334270363418, -7.32248592326847
-30.6977480656385, 4.80714204058201, -8.01188962629276
-30.6977480656385, 4.40664131516274, -8.69306157058304
-30.6977480656385, 3.97688737257441, -9.35603769809811
-30.6977480656385, 3.48919407417546, -9.97722678173037
-30.6977480656385, 2.91315306358667, -10.5162523684887
-30.6977480656385, 2.24316883033539, -10.9339904573775
-30.6977480656385, 1.53037850030212, -11.2741098001583
-30.6977480656385, 0.777725588410093, -11.5125111767603
-30.6977480656385, 3.26452513274609E-16, -11.65
-28.5050517752357, 7.56249605218078, -8.9274455660693E-16
-28.5050517752357, 7.39624057479675, -0.757372944362068
-28.5050517752357, 7.21624067206184, -1.51159381765062
-28.5050517752357, 7.02124841554776, -2.26207797087068
-28.5050517752357, 6.81228281548685, -3.00879533685748
-28.5050517752357, 6.59206862196113, -3.75227877876975
-28.5050517752357, 6.3632729790926, -4.49316434939577
-28.5050517752357, 6.00656468607434, -5.07286564476476
-28.5050517752357, 5.6581772455354, -5.76509592355763
-28.5050517752357, 5.26915462165154, -6.43584450308143
-28.5050517752357, 4.88144398134739, -7.10736547060524
-28.5050517752357, 4.50075879334785, -7.78289830110146
-28.5050517752357, 4.12087164628317, -8.45887989057029
-28.5050517752357, 3.72541233124082, -9.1257931761729
-28.5050517752357, 3.28040752186232, -9.76038649650941
-28.5050517752357, 2.75981481595206, -10.333990207338
-28.5050517752357, 2.1414899613049, -10.8002117007079
-28.5050517752357, 1.4759888347273, -11.1976422509645
-28.5050517752357, 0.757052525294147, -11.4850649860963
-28.5050517752357, 5.66347896828137E-16, -11.65
-26.312355484833, 7.40452092271145, -9.0851379479062E-16
-26.312355484833, 7.20581978835285, -0.734319261829684
-26.312355484833, 6.99518522310368, -1.46530331292205
-26.312355484833, 6.77234100961536, -2.19265878835727
-26.312355484833, 6.53854311009673, -2.91657028568995
-26.312355484833, 6.29589605546343, -3.63756679922823
-26.312355484833, 6.04606304017452, -4.35610351222045
-26.312355484833, 5.67535759253166, -4.91764358464886
-26.312355484833, 5.31065157818647, -5.58474002456455
-26.312355484833, 4.90888443225172, -6.23071292265906
-26.312355484833, 4.51298681766176, -6.88028299416185
-26.312355484833, 4.13613686714292, -7.5410861895779
-26.312355484833, 3.77930493372252, -8.21290649563971
-26.312355484833, 3.42873141778645, -8.8880331127755
-26.312355484833, 3.03903233090903, -9.54101440209064
-26.312355484833, 2.58053047617834, -10.1474256443221
-26.312355484833, 2.02718928320285, -10.6677591489748
-26.312355484833, 1.41388696746029, -11.1175471615814
-26.312355484833, 0.734659747831588, -11.4563340587407
-26.312355484833, 1.6112364566969E-15, -11.65
-24.1196591944302, 7.1926630162689, -9.43408583175503E-16
-24.1196591944302, 6.96041316333337, -0.710836213904037
-24.1196591944302, 6.71729559608319, -1.41802915299952
-24.1196591944302, 6.46396122439799, -2.12162847424471
-24.1196591944302, 6.20222317533099, -2.8221475437908
-24.1196591944302, 5.93420073126291, -3.52028808975941
-24.1196591944302, 5.66069185519515, -4.21629619419607
-24.1196591944302, 5.27470659986581, -4.76006816433854
-24.1196591944302, 4.89823544717969, -5.40376934469819
-24.1196591944302, 4.48873425592033, -6.02949792756829
-24.1196591944302, 4.08958314698221, -6.66183618990666
-24.1196591944302, 3.71781033568472, -7.31061869727006
-24.1196591944302, 3.38208332993922, -7.97871151349083
-24.1196591944302, 3.0883926858714, -8.66637808316916
-24.1196591944302, 2.77467142861729, -9.34492291744161
-24.1196591944302, 2.39576128905076, -9.98922979270389
-24.1196591944302, 1.91872153359492, -10.5634142569693
-24.1196591944302, 1.35634724553106, -11.0558361693834
-24.1196591944302, 0.714759434240766, -11.4358909312911
-24.1196591944302, 1.6083340617694E-15, -11.65
-21.9269629040275, 6.92193212016532, -1.00370506721096E-15
-21.9269629040275, 6.65628323794737, -0.68799453073929
-21.9269629040275, 6.38057626061406, -1.37202166508217
-21.9269629040275, 6.09618972574713, -2.05248824919273
-21.9269629040275, 5.80544915724599, -2.73026675972444
-21.9269629040275, 5.51076377152181, -3.40634039502287
-21.9269629040275, 5.21223073203532, -4.08072301853487
-21.9269629040275, 4.8302636940977, -4.63924393662424
-21.9269629040275, 4.42609615627379, -5.23120612707785
-21.9269629040275, 4.02095753311819, -5.84746302163794
-21.9269629040275, 3.62411479765407, -6.46901112069659
-21.9269629040275, 3.26114367936492, -7.11088823662103
-21.9269629040275, 2.94776077288143, -7.77818798695891
-21.9269629040275, 2.71153990057668, -8.47641249899928
-21.9269629040275, 2.49529933623293, -9.18136557210698
-21.9269629040275, 2.2211307607399, -9.8656354021463
-21.9269629040275, 1.82633270949526, -10.4862587732809
-21.9269629040275, 1.3082189351305, -11.0100896410863
-21.9269629040275, 0.69798369101817, -11.4203376305595
-21.9269629040275, 1.52204954578525E-15, -11.65
-19.7342666136249, 6.59300941745504, -1.61562014448387E-07
-19.7342666136248, 6.2955360002493, -0.6672005339238
-19.7342666136248, 5.9888055328011, -1.33019783300526
-19.7342666136247, 5.67473381325671, -1.98975186215724
-19.7342666136247, 5.35591259841248, -2.64702524546964
-19.7342666136247, 5.03486521683152, -3.30321479968089
-19.7342666136247, 4.71116749467459, -3.95809997517756
-19.7342666136247, 4.33018123534018, -4.53156886129759
-19.7342666136247, 3.90301348410993, -5.07769088523037
-19.7342666136247, 3.50612264859824, -5.69098742584858
-19.7342666136247, 3.11770939192624, -6.30958871947443
-19.7342666136247, 2.7677415811856, -6.95065222003433
-19.7342666136247, 2.47899743535298, -7.62116883517018
-19.7342666136247, 2.30296994185201, -8.329063430776
-19.7342666136247, 2.20871954609302, -9.05344362955077
-19.7342666136247, 2.06800452966435, -9.76949704876434
-19.7342666136247, 1.75139728189806, -10.4242070010569
-19.7342666136247, 1.26925448722543, -10.9713670360722
-19.7342666136247, 0.683959261608213, -11.4051710426309
-19.7342666136247, 5.04818370247181E-16, -11.65
-17.5415703232372, 6.21280184257351, -2.99547929056646E-06
-17.5415703232292, 5.88487397740946, -0.64985367071819
-17.5415703232246, 5.5483300223185, -1.2952869130372
-17.5415703232225, 5.20546408964042, -1.93738682785671
-17.541570323222, 4.8589998303307, -2.57755400289603
-17.541570323222, 4.51154446163486, -3.21718415869465
-17.541570323222, 4.16223271589574, -3.85580150233642
-17.541570323222, 3.77203191146464, -4.43513218662785
-17.541570323222, 3.33303116960822, -4.95461057102176
-17.541570323222, 2.940335466689, -5.56749764782565
-17.541570323222, 2.56788846198155, -6.19281802482585
-17.541570323222, 2.23651077952329, -6.84070335923855
-17.541570323222, 1.97901283049074, -7.52079004942688
-17.541570323222, 1.87258781385219, -8.23871906001177
-17.541570323222, 1.93695882112042, -8.96301165227788
-17.541570323222, 1.94485039162444, -9.68838895867909
-17.541570323222, 1.69336857355922, -10.3661647451171
-17.541570323222, 1.24002371309277, -10.9334158361112
-17.541570323222, 0.672735030667248, -11.3868368466339
-17.541570323222, 3.52850722719612E-16, -11.65
-15.3488740329907, 5.78713121190201, -1.27486663591438E-05
-15.3488740329007, 5.42834511597886, -0.636594585847592
-15.3488740328492, 5.06151235298241, -1.26857739499094
-15.3488740328258, 4.68932791820915, -1.89742575487345
-15.3488740328195, 4.31459340241381, -2.52475926150091
-15.3488740328192, 3.93995234043657, -3.15214851433205
-15.3488740328192, 3.56396249428483, -3.77872984902914
-15.3488740328192, 3.15040265254895, -4.34830054496324
-15.3488740328192, 2.70941110935514, -4.86867827900974
-15.3488740328192, 2.32567439231154, -5.49050816642687
-15.3488740328192, 1.97249639657187, -6.13011211495771
-15.3488740328192, 1.66785282066811, -6.79402353752698
-15.3488740328192, 1.45281374091448, -7.49131930715951
-15.3488740328192, 1.44005109562691, -8.21739450352336
-15.3488740328192, 1.70893725729547, -8.89422815198766
-15.3488740328192, 1.84902552619361, -9.60548967056511
-15.3488740328192, 1.64967055988227, -10.3017364430998
-15.3488740328192, 1.22116295059143, -10.8908442614541
-15.3488740328192, 0.664276902875357, -11.361674551188
-15.3488740328192, 1.81542917959651E-16, -11.65
-13.1561777433431, 5.31724534096917, -3.43488632220213E-05
-13.1561777428275, 4.92592217908791, -0.62717820238839
-13.1561777425464, 4.52684263956656, -1.24941886346914
-13.156177742436, 4.12321765993988, -1.86872382175263
-13.1561777424165, 3.71864328221547, -2.48740963559625
-13.1561777424165, 3.3156169218015, -3.1071047886451
-13.1561777424165, 2.91128969175065, -3.72595116288206
-13.1561777424165, 2.46112247766298, -4.26967139401139
-13.1561777424165, 2.03033682951444, -4.82518867932636
-13.1561777424165, 1.6608880197519, -5.46534851041126
-13.1561777424165, 1.33525709033624, -6.1287963468462
-13.1561777424165, 1.06996917561286, -6.81840199501166
-13.1561777424165, 0.912961951247797, -7.53921274653601
-13.1561777424165, 1.04828033293604, -8.25351900718658
-13.1561777424165, 1.52528124262226, -8.81628268386534
-13.1561777424165, 1.76711342834169, -9.50574789216531
-13.1561777424165, 1.61437080699698, -10.2211616871866
-13.1561777424165, 1.21102224473503, -10.8373460912611
-13.1561777424165, 0.657650150557981, -11.3251513150751
-13.1561777424165, -8.84513185120848E-16, -11.65
-11.1100417004976, 4.83591380857219, -0.000142596163253835
-11.2519650162881, 4.44860571471373, -0.620786046697307
-11.3952231209005, 4.05765498813197, -1.23883586427134
-11.5384402848374, 3.66681598847059, -1.85696597223896
-11.6805617468514, 3.27896715445499, -2.47722722100272
-11.8208001906304, 2.8962570687781, -3.10109686557508
-11.9607038482509, 2.5144606130303, -3.72560438738675
-12.123435829786, 2.07036576344838, -4.23553675628202
-12.2563226296749, 1.70771828105815, -4.8644812228842
-12.3748634066232, 1.3842210310918, -5.5251457576273
-12.4775288531798, 1.1040474867418, -6.20781686910999
-12.5588222276148, 0.882198231597421, -6.91420486060687
-12.5988019874018, 0.773093645999544, -7.64822134109632
-12.5131920058818, 1.00672290256708, -8.32932563469797
-12.329309322115, 1.50853792391576, -8.84544534755159
-12.2452928973201, 1.73781837130972, -9.53850073270694
-12.3074301486551, 1.56824609040505, -10.2538171229186
-12.4541504203195, 1.16784712542764, -10.8613015962596
-12.6517761780622, 0.628527316682204, -11.333844187844
-12.8820907061161, 0, -11.6498773927231
-9.59261070662206, 4.4474669346368, -0.000229293328473253
-9.85586659886593, 4.06949215849387, -0.616992083253361
-10.1196166538693, 3.69080787854149, -1.23310866197242
-10.3812964544483, 3.31509600671251, -1.85191799339732
-10.6386757025475, 2.94555873689124, -2.47622118682937
-10.8912250472424, 2.58295609498092, -3.10653539993892
-11.1427020451743, 2.22189309582734, -3.73816693408475
-11.4310938460131, 1.80782894921176, -4.25174202514232
-11.659059486163, 1.48052284005121, -4.90994550834605
-11.861824829819, 1.18939854754369, -5.59294203968031
-12.0353244938374, 0.940293024741282, -6.3001059318007
-12.1684469040826, 0.749159930689029, -7.03330670401055
-12.2100686643209, 0.689400677535653, -7.79528895104353
-11.9699340543439, 1.03417862220602, -8.40664096900145
-11.6341362877853, 1.51630680768541, -8.89590888442157
-11.4989557857333, 1.7103948471458, -9.61201761576569
-11.6426745277912, 1.50404786325164, -10.3318167558647
-11.9256893417947, 1.09770383024128, -10.9168267832715
-12.2856010004193, 0.580953654431945, -11.3575137925107
-12.6902297807059, 0, -11.6494606655479
-8.38386863670408, 4.11450021859158, -0.000325785149120013
-8.75048334967671, 3.74788550561896, -0.614323665163734
-9.11557627879131, 3.38279257650437, -1.23013018986148
-9.47579922253866, 3.02256963275702, -1.85163886718847
-9.82867909872534, 2.66968975657033, -2.48151249081539
-10.1738553818421, 2.32451347345352, -3.11986976058967
-10.5172877877106, 1.98108106758508, -3.76011536372982
-10.9006374149222, 1.59773144037342, -4.28908754515006
-11.2043046703723, 1.2940641849234, -4.96804455431671
-11.4707797457599, 1.02758910953573, -5.67762445308878
-11.695837991097, 0.802530864198674, -6.41524815709282
-11.8611319262325, 0.637236929063156, -7.18331310835559
-11.8487530996515, 0.649615755644187, -7.97419935039391
-11.4160629627779, 1.08230589251773, -8.46648628988031
-10.9698508334843, 1.52851802181139, -8.95177459608775
-10.8238577501588, 1.6745111051369, -9.70237241323873
-11.0664280789512, 1.43194077634445, -10.4215806677006
-11.4753872123494, 1.02298164294623, -10.9747034441342
-11.9649333191702, 0.533435536125521, -11.3810021684599
-12.4983688552957, 0, -11.6487153039322
-7.2467227412387, 3.77904740371675, -0.000443128542743881
-7.71777737974676, 3.42722657688463, -0.612919076872657
-8.18480360080308, 3.07841449053149, -1.23017576688401
-8.64377601751081, 2.73561762167848, -1.85676157751305
-9.09210357217252, 2.40077117695972, -2.49523641036531
-9.52992234216448, 2.07377352303776, -3.14498107841572
-9.96558411342743, 1.74838688621292, -3.79699389082006
-10.4382183121978, 1.39538631895989, -4.34657902706797
-10.813527641101, 1.11507565514656, -5.05428518803031
-11.139017494143, 0.871974112647356, -5.79949976816825
-11.4102333993453, 0.669408643128801, -6.57772275684063
-11.5898540127487, 0.535253775396603, -7.39485825407821
-11.3997165711626, 0.677263441456636, -8.16598369547696
-10.7823762861148, 1.1383419486341, -8.51678771861746
-10.2419361047039, 1.54198538176003, -9.0188222627519
-10.1370060504325, 1.62035543787545, -9.81673886725855
-10.5042917049447, 1.34603748812903, -10.5239717360346
-11.0453009532704, 0.941969030863361, -11.0338987799465
-11.6569086612984, 0.48517206519329, -11.4040480979886
-12.3065079298855, 0, -11.6476033161623
-6.10561149324715, 3.41723784607527, -0.000591387217730451
-6.69054718641301, 3.08459471483204, -0.613737127363962
-7.26857420812686, 2.75588042932584, -1.23548034670623
-7.83500272935836, 2.43376201677327, -1.87117767212337
-8.38723129505996, 2.11971888108648, -2.5231971398943
-8.92691032573555, 1.81281245576882, -3.18899967248159
-9.46199809539155, 1.50851700369106, -3.85969961523641
-10.0268352877042, 1.18730355324046, -4.43950198631841
-10.4749175525289, 0.932486674449709, -5.18936670903341
-10.8603472672007, 0.71329925152341, -5.98409166919983
-11.1738976908354, 0.53498837745798, -6.81932591308487
-11.3112147572792, 0.456898461782299, -7.70806721314972
-10.7693820223545, 0.765029662632695, -8.29137217580541
-10.0170473722201, 1.19286977683226, -8.57108890790872
-9.38624762469203, 1.55159502758503, -9.10403923117
-9.40757889030179, 1.5394642941237, -9.95981858726232
-9.92981202506819, 1.24247905759719, -10.6361225964137
-10.6123482944565, 0.854332113430423, -11.09304614474
-11.3483116758457, 0.435802065553468, -11.4264711020835
-12.1146470044753, 0, -11.6460825239306
-4.91991050342443, 3.00928286939689, -0.000784779948884814
-5.63595194442428, 2.7015848075215, -0.618822561028026
-6.34186425058359, 2.39823944785082, -1.25049063828278
-7.03220313887134, 2.10158631326863, -1.90220774477733
-7.70447416166723, 1.8126973203628, -2.57593078702362
-8.3620094493803, 1.53014058263897, -3.26670533933968
-9.01489381418511, 1.24958244427386, -3.96269775728947
-9.67597090298346, 0.96550372015778, -4.5942642496373
-10.2013312153751, 0.73974534829116, -5.40760019001424
-10.6506697921018, 0.546655114586806, -6.27325291462224
-10.9900587015982, 0.400812564568707, -7.19506556487597
-10.7936051831284, 0.48523277186475, -8.08655710882507
-9.91756235183547, 0.861686795157418, -8.35473951801196
-9.04098282208403, 1.23837144906172, -8.62870826451267
-8.3395340516353, 1.5397987335923, -9.22993115699944
-8.61154425748499, 1.42291022915964, -10.1319794439896
-9.32067955249352, 1.11817988341754, -10.750898596265
-10.1561839967106, 0.759146057365662, -11.151198908119
-11.0280509956766, 0.384486477020225, -11.4483274320847
-11.9227860790652, 0, -11.6441063099188
-3.66660007262913, 2.53334106763238, -0.0010452038274995
-4.54049520467841, 2.25881413517607, -0.632170443178277
-5.40103544669733, 1.98848253103647, -1.28311482414725
-6.24228345510026, 1.72421142262525, -1.96116183509077
-7.05917677977212, 1.4675911368018, -2.67116683357433
-7.85906033441093, 1.2163143296381, -3.40221323183994
-8.6596749988674, 0.964807850368245, -4.13237335530466
-9.41670142026985, 0.726994257370365, -4.85926259492744
-10.0299002254223, 0.534362921194342, -5.76656717162538
-10.54480902705, 0.372608577198693, -6.73836324551819
-10.7380011372074, 0.311918872643523, -7.80356573203119
-9.80696907090195, 0.604394900724764, -8.23405744950559
-8.75538100936888, 0.934742598237832, -8.38263329377921
-7.7333007274463, 1.25582067068608, -8.67483064086069
-7.10464849417259, 1.45330657357438, -9.44336776088923
-7.71930830866759, 1.26021627338952, -10.3248726637562
-8.64398320222837, 0.969737298580112, -10.8623591722928
-9.65196608215639, 0.653087808444817, -11.2085436620572
-10.68327246079, 0.329111433974128, -11.4700817680102
-11.730925153655, 0, -11.6416234634873
-2.34718957171181, 1.96347258292443, -0.00140772806163845
-3.41733372874677, 1.73487952757618, -0.65689246637637
-4.46939292458983, 1.51014959338552, -1.34223553111913
-5.49571492940612, 1.29091737003524, -2.06720112665842
-6.49505921574714, 1.07744784608581, -2.83059522737363
-7.47774804865103, 0.867536086727615, -3.61636243070521
-8.47258273576931, 0.655029856422275, -4.3503655107566
-9.30279183990299, 0.477689229513027, -5.30097589147922
-10.0216970548802, 0.324124180807113, -6.34272992300266
-10.5290352668229, 0.215751873019888, -7.49882588098706
-9.64427065364693, 0.404746079884755, -8.15521851870979
-8.39972174674022, 0.670593662465008, -8.23917347313823
-7.1589040898626, 0.935644214253838, -8.36674452489211
-5.95099990023337, 1.19366413377601, -8.67184076797109
-5.73983214975015, 1.23877159052065, -9.71770285271094
-6.69457588111071, 1.03482917286452, -10.5199237485533
-7.86023124780043, 0.785834007116974, -10.9688065851365
-9.07260825804756, 0.526858650213437, -11.2679631651696
-10.3003390938773, 0.264603568911881, -11.4931105957237
-11.5390642282448, 0, -11.6385781841753
-1.04583184977507, 1.26924790918573, -0.00194137300063496
-2.33954258669745, 1.10984780839213, -0.690280178211238
-3.6099929021786, 0.953313660099683, -1.42115458741318
-4.84760108433827, 0.800826041848539, -2.20711232306978
-6.05326294745221, 0.652274578976293, -3.04207313024421
-7.24259895021216, 0.505734650608397, -3.90054764352082
-8.37714259786205, 0.365945773057347, -4.8016753861434
-9.34863112769341, 0.246247168759354, -5.90318043358992
-10.182339135095, 0.143524715726016, -7.11171365815683
-9.61906811817474, 0.212926208895027, -8.08973172653406
-8.15778415600817, 0.392973265945451, -8.14127286753852
-6.6948502582813, 0.573223614108107, -8.15285307856934
-5.23470246762483, 0.753130681709529, -8.23985007342514
-3.89261449834299, 0.918491416123891, -8.71385234255094
-4.30101152128728, 0.868172187285938, -10.0105631920603
-5.58500422200115, 0.709969460764119, -10.6974693787647
-6.99702968315373, 0.535991619808516, -11.0797828969583
-8.43730431284026, 0.358533155106711, -11.3376269103438
-9.88885287825701, 0.179685611346929, -11.5212329432185
-11.3472033028345, 0, -11.6349103203072
-0.130156610003772, 0.438741065879703, -0.00278818559892496
-1.57547732840569, 0.38122534089269, -0.72125153000742
-2.991946440302, 0.324857749357361, -1.49493427686003
-4.36750149675022, 0.270118309644181, -2.33927596237023
-5.7056636635552, 0.216866898940623, -3.24202046070877
-7.02952592741931, 0.164184544830815, -4.15910608097509
-8.24639332066736, 0.115759991411899, -5.21892766869274
-9.3876614363604, 0.070343868718227, -6.36050169296286
-10.2085953245915, 0.0376752664164291, -7.7031391450789
-8.73569753086889, 0.0962884056035557, -8.10330775576655
-7.12252017578432, 0.160483891026965, -8.06037056452501
-5.50914317832866, 0.224687321106232, -8.02304120865319
-3.89668423450598, 0.288854217757524, -8.0703583946008
-2.62059788947052, 0.339635356051856, -8.85911981502145
-3.27881896238791, 0.313441818708509, -10.211322536226
-4.76451006796894, 0.254319576872294, -10.8281843589985
-6.33838058731246, 0.191688284866863, -11.1819900136885
-7.93635409770855, 0.128097827890576, -11.4061188243063
-9.54359808916629, 0.0641384573351427, -11.5509804064232
-11.1553423774242, 0, -11.6305559370421
