-109.579997112877, 6.26966237743025, -8.88178419700125E-16
-109.579997112877, 6.42492864483581, -0.770508844180652
-109.579997112877, 6.54685501865964, -1.54700134793927
-109.579997112877, 6.64055396757523, -2.32742690893082
-109.579997112877, 6.7152631280249, -3.10991988470129
-109.579997112877, 6.78049916374671, -3.89326761882621
-109.579997112877, 6.84029251830117, -4.67705066905889
-109.579997112877, 6.89651589303226, -5.46109860478806
-109.579997112877, 6.95103767602142, -6.24526704426596
-109.579997112877, 7.0147846946734, -7.02843396372382
-109.579997112877, 6.92158954752344, -7.78606537992489
-109.579997112877, 6.25921685162674, -8.18877927761561
-109.579997112877, 5.49300989956111, -8.35863165031669
-109.579997112877, 4.71126666202523, -8.44014657580972
-109.579997112877, 3.92688423312811, -8.49111400478041
-109.579997112877, 3.14173729393318, -8.52895559058077
-109.579997112877, 2.35638235499526, -8.56227596457625
-109.579997112877, 1.57103073585818, -8.5956774799047
-109.579997112877, 0.785625592923613, -8.62775001007296
-109.579997112877, 1.3364200252174E-21, -8.65388542752149
-107.442118229735, 6.54365578276991, -8.88178419700125E-16
-107.442118229735, 6.65282379843599, -0.796304771323334
-107.442118229735, 6.75289611376659, -1.59380067201932
-107.442118229735, 6.84181405088661, -2.39261629870056
-107.442118229735, 6.92036150666525, -3.19252060050004
-107.442118229735, 6.99090650271443, -3.99317219096404
-107.442118229735, 7.05599262120894, -4.79428778635279
-107.442118229735, 7.11883383810632, -5.59558335953565
-107.442118229735, 7.18265426078274, -6.39680120651399
-107.442118229735, 7.19899574449121, -7.15808804397814
-107.442118229735, 7.11294741248539, -7.9384977235472
-107.442118229735, 6.41132267536245, -8.30375815969575
-107.442118229735, 5.62041099251021, -8.44171508921768
-107.442118229735, 4.81866127814581, -8.4975473121267
-107.442118229735, 4.0158277081293, -8.5359874926057
-107.442118229735, 3.2128243222439, -8.57075725391765
-107.442118229735, 2.40974548066341, -8.60374025264185
-107.442118229735, 1.60659138973273, -8.63483510389519
-107.442118229735, 0.803357208451953, -8.66377275012761
-107.442118229735, 1.9580981542563E-17, -8.68907025584416
-105.249421939332, 6.68755874571135, -8.88178419700125E-16
-105.249421939332, 6.78380690359061, -0.811166859609063
-105.249421939332, 6.87823668574087, -1.62254645836403
-105.249421939332, 6.96721199935289, -2.43454064293199
-105.249421939332, 7.04933863805364, -3.24725628463711
-105.249421939332, 7.12601105087054, -4.06050598718849
-105.249421939332, 7.19887428516037, -4.87410620154443
-105.249421939332, 7.2692610787705, -5.68792474006408
-105.249421939332, 7.33850444713423, -6.50184152102876
-105.249421939332, 7.30515019919179, -7.23535250206117
-105.249421939332, 7.22819030345659, -8.03534058323487
-105.249421939332, 6.51878183929219, -8.40284456652293
-105.249421939332, 5.71154463130941, -8.52335789518687
-105.249421939332, 4.89652535918447, -8.57762371556373
-105.249421939332, 4.08069425591411, -8.61850529989454
-105.249421939332, 3.2646960739246, -8.65594463194657
-105.249421939332, 2.44862507185297, -8.69176778748892
-105.249421939332, 1.63249414217631, -8.72619654293922
-105.249421939332, 0.816303499476092, -8.75916876752498
-105.249421939332, 8.92390726795751E-17, -8.78922531777378
-103.056725648929, 6.79449118445807, -8.88178419700125E-16
-103.056725648929, 6.88837324919126, -0.823866759255079
-103.056725648929, 6.98091412684623, -1.64788501181528
-103.056725648929, 7.07041388367258, -2.47223858649286
-103.056725648929, 7.15517003430345, -3.29709262172761
-103.056725648929, 7.2348801543335, -4.12245040180147
-103.056725648929, 7.31212979308034, -4.94804261339844
-103.056725648929, 7.38742373905011, -5.77381544242788
-103.056725648929, 7.45996049053763, -6.59983453090647
-103.056725648929, 7.38949151973871, -7.31652968264072
-103.056725648929, 7.31756981455374, -8.13376424574828
-103.056725648929, 6.61600314783151, -8.52817099297883
-103.056725648929, 5.79636302327148, -8.64979502226662
-103.056725648929, 4.96932155592718, -8.7090728347114
-103.056725648929, 4.14136677626958, -8.75443432491146
-103.056725648929, 3.31323935329098, -8.79656433261279
-103.056725648929, 2.4850385230515, -8.83722952781537
-103.056725648929, 1.65677598406554, -8.87661669643949
-103.056725648929, 0.828460884165496, -8.91487599052063
-103.056725648929, 1.10655639005518E-15, -8.94983164443995
-100.864029358526, 6.88278704296888, -8.88178419700125E-16
-100.864029358526, 6.97981741002388, -0.83550860618316
-100.864029358526, 7.07347755053457, -1.67140107124228
-100.864029358526, 7.16252421554921, -2.50779734765944
-100.864029358526, 7.24713107349814, -3.34465477721233
-100.864029358526, 7.32821009184029, -4.18186178617759
-100.864029358526, 7.40734861721409, -5.01925466663361
-100.864029358526, 7.48445110494675, -5.85683742995547
-100.864029358526, 7.55757037739204, -6.69477551127558
-100.864029358526, 7.46098083010389, -7.40483506138206
-100.864029358526, 7.38997233567082, -8.23687786921456
-100.864029358526, 6.70625181835003, -8.67299411266999
-100.864029358526, 5.87713170945687, -8.81107209695961
-100.864029358526, 5.03901963474587, -8.88137573487708
-100.864029358526, 4.19948921671643, -8.93309650976871
-100.864029358526, 3.35979550474702, -8.98213206339818
-100.864029358526, 2.52003147270552, -9.02994581883603
-100.864029358526, 1.68015781672564, -9.07579174650602
-100.864029358526, 0.840192854187164, -9.11992505664475
-100.864029358526, 1.32249466244666E-15, -9.15947233888449
-98.6713330681237, 6.95798660387422, -8.88178419700125E-16
-98.6713330681237, 7.05911219638256, -0.846267012423968
-98.6713330681237, 7.15398231359278, -1.69325758204123
-98.6713330681237, 7.24278363954795, -2.5409067010211
-98.6713330681237, 7.32704235944161, -3.38902032211396
-98.6713330681237, 7.40829532350541, -4.23742748508455
-98.6713330681237, 7.48770694102133, -5.08600904373356
-98.6713330681237, 7.56476946746495, -5.93480686604203
-98.6713330681237, 7.63629085651655, -6.78408503048257
-98.6713330681237, 7.52126206583478, -7.49395929985785
-98.6713330681237, 7.44795395996806, -8.33851781054793
-98.6713330681237, 6.78615862306375, -8.82090263166574
-98.6713330681236, 5.95057191317097, -8.98547116230791
-98.6713330681237, 5.1030024956492, -9.07388550405827
-98.6713330681237, 4.25301179939377, -9.13638676591546
-98.6713330681237, 3.40279200357593, -9.19574414060274
-98.6713330681237, 2.55246734562397, -9.25357898113733
-98.6713330681237, 1.70191041929027, -9.30787892854883
-98.6713330681237, 0.85113743120861, -9.3586720657581
-98.6713330681237, 1.65532124045752E-15, -9.4029253294688
-96.4786367777209, 7.02346060415938, -8.88178419700125E-16
-96.4786367777209, 7.12771638595049, -0.856129020804477
-96.4786367777209, 7.22367969296364, -1.71322708981657
-96.4786367777209, 7.31225874622527, -2.5711211105445
-96.4786367777209, 7.39585341991403, -3.42951645070681
-96.4786367777209, 7.47649479417191, -4.28819470378238
-96.4786367777209, 7.5551106940203, -5.14706076522316
-96.4786367777209, 7.63085978578567, -6.00618397055338
-96.4786367777209, 7.69883816142433, -6.86594533650664
-96.4786367777209, 7.57141111421554, -7.5796510227973
-96.4786367777209, 7.49331117586588, -8.43471326501469
-96.4786367777209, 6.85251149924146, -8.96099914082233
-96.4786367777209, 6.01377147753941, -9.15851350130195
-96.4786367777209, 5.15897885971345, -9.27196195983944
-96.4786367777209, 4.30025947256526, -9.35207098117359
-96.4786367777209, 3.44100737819337, -9.42634843713167
-96.478636777721, 2.58150055952356, -9.49761266222623
-96.478636777721, 1.72150934214192, -9.56274122710061
-96.4786367777209, 0.861063058133425, -9.62155940009099
-96.4786367777209, 2.57411180222542E-15, -9.67049098857932
-94.2859404873182, 7.0815135695365, -8.88178419700125E-16
-94.2859404873182, 7.18660557874751, -0.86519594464451
-94.2859404873182, 7.28304547385329, -1.73139861656171
-94.2859404873182, 7.3715147332485, -2.59845301361269
-94.2859404873182, 7.45444994124188, -3.46605569073308
-94.2859404873182, 7.53399793594311, -4.33397607145854
-94.2859404873182, 7.61111506124384, -5.2021157710687
-94.2859404873182, 7.68464118442304, -6.07056633232389
-94.2859404873182, 7.69737763467364, -6.8925343030573
-94.2859404873182, 7.61246657630222, -7.65979557047071
-94.2859404873182, 7.52722696072881, -8.52354884465933
-94.2859404873182, 6.9035220222012, -9.08785208773566
-94.2859404873182, 6.06494200377948, -9.32180489717585
-94.2859404873182, 5.20554390596175, -9.46576372632947
-94.2859404873182, 4.34037703531531, -9.57095836245233
-94.2859404873182, 3.47391353954921, -9.66504554254274
-94.2859404873182, 2.60681433103148, -9.75307752884381
-94.2859404873182, 1.73878264781838, -9.83131591578019
-94.2859404873182, 0.869835138733393, -9.89865696455361
-94.2859404873182, 3.17647812966462E-15, -9.95333282793245
-92.0932441969154, 7.1339524941227, -8.88178419700125E-16
-92.0932441969155, 7.23805313788061, -0.873728424257977
-92.0932441969154, 7.33434003484429, -1.74835131965388
-92.0932441969155, 7.42263311385401, -2.62381834355411
-92.0932441969154, 7.50479885537692, -3.49988288379964
-92.0932441969154, 7.58287462245152, -4.3763222459457
-92.0932441969154, 7.65800394987392, -5.25301899145764
-92.0932441969154, 7.72869679237908, -6.13008338678051
-92.0932441969154, 7.66237659954445, -6.89091853006936
-92.0932441969154, 7.64589865860775, -7.73588107697607
-92.0932441969154, 7.55184414651661, -8.60710250733577
-92.0932441969154, 6.94256307275731, -9.20466809586893
-92.0932441969155, 6.10674258394319, -9.47583757282028
-92.0932441969154, 5.24474954647449, -9.65157888488189
-92.0932441969155, 4.37508041859498, -9.78519812503918
-92.0932441969155, 3.50280439116083, -9.90081465156701
-92.0932441969155, 2.62937930720153, -10.0074189168085
-92.0932441969154, 1.75436925686586, -10.099964766051
-92.0932441969154, 0.877765721575315, -10.1760836818813
-92.0932441969155, 4.65683731575448E-15, -10.2373616516392
-89.9005479065127, 7.18232323245365, -8.88178419700125E-16
-89.9005479065127, 7.2843341325423, -0.881891304876251
-89.9005479065127, 7.3798918782902, -1.76450370181452
-89.9005479065127, 7.46770993448794, -2.64791967567754
-89.9005479065127, 7.5488268979056, -3.53197739713165
-89.9005479065127, 7.62511918190642, -4.41646550963096
-89.9005479065127, 7.69794657095892, -5.30124554446735
-89.9005479065127, 7.76547765479131, -6.18644370960981
-89.9005479065127, 7.65749341621988, -6.92147417531158
-89.9005479065127, 7.67298782704127, -7.80906164795263
-89.9005479065127, 7.56947291754348, -8.68703268429814
-89.9005479065127, 6.97420552659459, -9.31508138157534
-89.9005479065127, 6.14293633941266, -9.62233650286383
-89.9005479065127, 5.27937769449466, -9.8274783383243
-89.9005479065127, 4.40634893351476, -9.98830062590663
-89.9005479065127, 3.52915921774067, -10.1248964565493
-89.9005479065127, 2.65011073112813, -10.2490046455634
-89.9005479065127, 1.76875029923417, -10.3552510599789
-89.9005479065127, 0.88509106153815, -10.4404919567897
-89.9005479065127, 5.09695110701632E-15, -10.5093236935037
-87.6978516161099, 7.22815303442391, -8.88178419700125E-16
-87.6978516161099, 7.32758303778441, -0.88976803303712
-87.6978516161099, 7.42184774897101, -1.78009650901599
-87.6978516161099, 7.50866671638205, -2.6711811815751
-87.6978516161099, 7.58831927419319, -3.56293572205718
-87.6978516161099, 7.66257562425259, -4.45515733556096
-87.6978516161099, 7.73294006846296, -5.34769404320443
-87.6978516161099, 7.79724103590279, -6.24068546231557
-87.6978516161099, 7.68432520414158, -6.98461064045698
-87.69785161611, 7.69488118178393, -7.87979848819165
-87.69785161611, 7.58252965933282, -8.76423495928412
-87.6978516161099, 7.00296668212088, -9.42174085829752
-87.6978516161099, 6.1774621117598, -9.76309985170457
-87.6978516161099, 5.3123051089273, -9.99272696902388
-87.6978516161099, 4.4359840233243, -10.175783436519
-87.6978516161099, 3.55407364047404, -10.3299803516773
-87.6978516161099, 2.66964178846037, -10.4690428281591
-87.6978516161099, 1.78225179615439, -10.5875294570709
-87.6978516161099, 0.891941527459551, -10.6818519185994
-87.6978516161099, 6.15576250176712E-15, -10.7592997681053
-82.2261108901031, 7.33987205405739, -8.88178419700125E-16
-82.2261108901031, 7.4322960707691, -0.907148696381929
-82.2261108901031, 7.52007371073613, -1.8147571411379
-82.2261108901031, 7.60040230147983, -2.72305415129352
-82.2261108901031, 7.6732667885884, -3.6319811329909
-82.2261108901031, 7.74057594280841, -4.54133792567197
-82.2261108901031, 7.80369771701097, -5.45099464648317
-82.2261108901031, 7.85984561925111, -6.36110456416545
-82.2261108901031, 7.73515792484794, -7.12313731783733
-82.2261108901031, 7.72858541202079, -8.03491248243629
-82.2261108901031, 7.60243365776146, -8.93463267887321
-82.2261108901031, 7.07026775923667, -9.65951116739374
-82.226110890103, 6.26428834268505, -10.0772929270129
-82.2261108901031, 5.39259169365304, -10.3436909167269
-82.2261108901031, 4.50481707733637, -10.5514262419674
-82.2261108901031, 3.6100549662884, -10.7269899346767
-82.2261108901031, 2.71222963765078, -10.8862175612187
-82.2261108901031, 1.81097506523785, -11.0245092341227
-82.2261108901031, 0.906276504244707, -11.1383547788813
-82.2261108901031, 3.51777499627852E-15, -11.2389326103804
-76.7443701640962, 7.47096460539147, -8.88178419700125E-16
-76.7443701640962, 7.55228064704583, -0.918973063273105
-76.7443701640962, 7.62563842897003, -1.83861379672186
-76.7443701640962, 7.69001927892787, -2.75892712741757
-76.7443701456643, 7.74728894837722, -3.67971190884133
-76.744369672605, 7.80034207375879, -4.60075057205424
-76.7443682225336, 7.85063722191029, -5.52194383006695
-76.7443647631414, 7.89637481841141, -6.44337288616937
-76.7443701640962, 7.75451327841085, -7.20819750414635
-76.7443701640962, 7.72817585479169, -8.13034337477262
-76.7443701640962, 7.59527975882867, -9.04085371822857
-76.7443701640962, 7.10664480652861, -9.81163240006154
-76.7443701640962, 6.32686305267053, -10.2935598833518
-76.7443701640962, 5.45245890567576, -10.5858113434744
-76.7443701640962, 4.5553003338377, -10.8002681690679
-76.7443701640962, 3.65007447286114, -10.9781666698332
-76.7443701640962, 2.74172699268038, -11.1394624923907
-76.7443701640962, 1.83025424742485, -11.2818816933444
-76.7443701640962, 0.915648868280373, -11.4027613414022
-76.7443701640962, 2.21071066857832E-15, -11.5155113728522
-71.2626294380893, 7.62564124318621, -8.88178419700125E-16
-71.2626294380893, 7.69041847366072, -0.92301431525773
-71.2626294380893, 7.74113008086684, -1.84690742428709
-71.2626294380893, 7.77963764931421, -2.77139411167533
-71.2626295932493, 7.81117690952971, -3.69614826159346
-71.2626334948074, 7.84017246358609, -4.6209865340719
-71.2626456081968, 7.86841821537693, -5.54584805179036
-71.2626747086559, 7.89601691434187, -6.47072907686142
-71.2626294380893, 7.73565058144909, -7.22967712970969
-71.2626294380893, 7.68674239903245, -8.15357200423999
-71.2626294380894, 7.54348588077977, -9.06621713586265
-71.2626294380893, 7.09124815239119, -9.86291904779208
-71.2626294380893, 6.33650734439956, -10.3877276333104
-71.2626294380893, 5.46986476509023, -10.7095688301591
-71.2626294380894, 4.57323740247783, -10.9371854119284
-71.2626294380894, 3.6651464743245, -11.1145073820109
-71.2626294380893, 2.75292401845036, -11.2694061060146
-71.2626294380893, 1.83748448884082, -11.4038369865907
-71.2626294380893, 0.919105075551432, -11.5166905415989
-71.2626294380893, 2.41196198786517E-16, -11.6235171752771
-65.7808887120825, 7.76060549798611, -8.88178419700125E-16
-65.7808887120824, 7.80875295972785, -0.918359382429461
-65.7808887120825, 7.83551812079453, -1.83759201701815
-65.7808887120824, 7.84550256857223, -2.75717194397197
-65.7808887120825, 7.84784603550172, -3.67680978682203
-65.7808887120825, 7.84835812586359, -4.5964508691187
-65.7808887120825, 7.84726288535811, -5.51609131401049
-65.7808887120825, 7.84425169004073, -6.43572742768689
-65.7808887120825, 7.66990834307695, -7.19858594107457
-65.7808887120825, 7.58867493386603, -8.11438156624111
-65.7808887120825, 7.41985182104096, -9.01755987234735
-65.7808887120825, 7.00171441765963, -9.82803246000361
-65.7808887120825, 6.28023867731284, -10.3893575048558
-65.7808887120825, 5.43373926603385, -10.7462310046387
-65.7808887120825, 4.54874458072839, -10.9949617262775
-65.7808887120825, 3.64713552366557, -11.1756274009637
-65.7808887120825, 2.73968705677628, -11.3247527575035
-65.7808887120825, 1.82864009727914, -11.4498711126757
-65.7808887120825, 0.914700035823052, -11.5520608925691
-65.7808887120824, -8.26914802625588E-16, -11.6472586302216
-60.2991479860756, 7.8480265096279, -8.88178419700125E-16
-60.2991288273678, 7.88599013879223, -0.907982923404204
-60.2990813854753, 7.89910423435387, -1.81639454283808
-60.2991443221388, 7.87441322887949, -2.72485431668975
-60.2991479860756, 7.8480129350937, -3.63326593178408
-60.2991479860756, 7.81959325328419, -4.54161654277018
-60.2991479860756, 7.7900658935831, -5.44993209110044
-60.2991479860756, 7.7604989503325, -6.35824646680182
-60.2991479860756, 7.55874564097671, -7.10693359074397
-60.2991479860756, 7.43931268504193, -8.00738317063809
-60.2991479860756, 7.22857101928177, -8.89091680832445
-60.2991479860756, 6.83913462549253, -9.70691760062997
-60.2991479860756, 6.16965988487835, -10.3140380739591
-60.2991479860756, 5.35646307201216, -10.716911425609
-60.2991479860756, 4.49243804108786, -10.9969505937708
-60.2991479860756, 3.60471916529393, -11.1905331905433
-60.2991479860756, 2.70846428380892, -11.3407737373473
-60.2991479860756, 1.80799112609334, -11.4631138886837
-60.2991479860756, 0.904552825227225, -11.5615731069944
-60.2991479860756, 1.97019401984302E-17, -11.6492473982042
-54.8174072600687, 7.89332113077225, -8.88178419700125E-16
-54.8174072600687, 7.91674356015152, -0.893359537946366
-54.8174072600687, 7.90549055215984, -1.78695475025468
-54.8174072600687, 7.86608786056317, -2.67978423547066
-54.8174072600687, 7.81343418847549, -3.57194981601742
-54.8174072600687, 7.75735285095703, -4.46390792661446
-54.8174072600687, 7.69934692407614, -5.35574311603116
-54.8174072600687, 7.64014175247543, -6.2474995369598
-54.8174072600687, 7.40511953903632, -6.97650372994288
-54.8174072600687, 7.24581029493282, -7.85541090191798
-54.8174072600687, 6.98654775688051, -8.71030458873539
-54.8174072600687, 6.60698407201979, -9.51729311754093
-54.8174072600687, 6.00328185005491, -10.1705715346583
-54.8174072600687, 5.23928131470486, -10.6308399600276
-54.8174072600687, 4.40693560729991, -10.9543082017412
-54.8174072600687, 3.54110596814501, -11.174276684681
-54.8174072600687, 2.66198537789085, -11.334810957536
-54.8174072600687, 1.77747839218123, -11.4624016291348
-54.8174072600687, 0.889625677046289, -11.5645378101624
-54.8174072600687, 4.01815149197923E-18, -11.6498465091256
-49.3356665340619, 7.90954292814153, -8.88178419700125E-16
-49.3356665340619, 7.91641367111438, -0.875300059986164
-49.3356665340619, 7.88595424476829, -1.75008954791574
-49.3356665340618, 7.82334167560548, -2.62320327930241
-49.3356665340619, 7.74391900693956, -3.49497578054445
-49.3356665340619, 7.65983253239553, -4.36631397010906
-49.3356665340619, 7.57192424046259, -5.23727455542809
-49.3356665340619, 7.47931481869543, -6.10774741870623
-49.3356665340619, 7.20439922131457, -6.81051613375985
-49.3356665340619, 6.99908449110905, -7.66120469804105
-49.3356665340619, 6.69981028765269, -8.483384300807
-49.3356665340619, 6.31335051859448, -9.26814318121357
-49.3356665340619, 5.77697550090294, -9.95664004499773
-49.3356665340618, 5.08081805626524, -10.4838278245273
-49.3356665340618, 4.29305989366587, -10.8633591969978
-49.3356665340618, 3.45888125794433, -11.1268438598235
-49.3356665340618, 2.60306797891256, -11.3103004705432
-49.3356665340618, 1.73931081960914, -11.4520430633336
-49.3356665340619, 0.871061693965218, -11.5634340918544
-49.3356665340618, 1.14626723230651E-19, -11.6499956213309
-43.853925808055, 7.90145309776954, -8.88178419700125E-16
-43.853925808055, 7.88102522169739, -0.853350982505753
-43.853925808055, 7.82566720902191, -1.70513521669389
-43.853925808055, 7.73772850726282, -2.55420240456353
-43.853925808055, 7.62981252770364, -3.40099078845784
-43.853925808055, 7.51342506319287, -4.24666385114789
-43.853925808055, 7.39235154226814, -5.09167881338052
-43.853925808055, 7.26389012691623, -5.93559649171053
-43.853925808055, 6.93882932303897, -6.60236158321627
-43.853925808055, 6.6755016254128, -7.41426309896378
-43.853925808055, 6.34815287299484, -8.20227451399006
-43.853925808055, 5.95207518951706, -8.9581883383099
-43.853925808055, 5.47156915001856, -9.66261595290871
-43.853925808055, 4.86284219974917, -10.258675958004
-43.853925808055, 4.14067237042245, -10.7111888232046
-43.853925808055, 3.35207760402783, -11.0362004606459
-43.853925808055, 2.52939783440726, -11.2628389338416
-43.853925808055, 1.6927590582299, -11.4317732461321
-43.853925808055, 0.848717529153803, -11.5591245586917
-43.853925808055, -8.86907513738429E-16, -11.65
-38.3721850820481, 7.85428696992423, -8.88178419700125E-16
-38.3721850820481, 7.79222493481664, -0.825973819533088
-38.3721850820481, 7.70258014091283, -1.64939575871394
-38.3721850820481, 7.58447364866403, -2.46923033514929
-38.3721850820481, 7.44526568271926, -3.28576750480441
-38.3721850820481, 7.2943837984428, -4.10023952636212
-38.3721850820481, 7.13623711207718, -4.91333165290584
-38.3721850820481, 6.9249287676045, -5.67233341221384
-38.3721850820481, 6.5826261440258, -6.34444366549175
-38.3721850820481, 6.26266832438757, -7.1084238833522
-38.3721850820481, 5.90992725362263, -7.85778252300619
-38.3721850820481, 5.51301768834266, -8.58468760809183
-38.3721850820481, 5.06955743542466, -9.28406081384452
-38.3721850820481, 4.55085143527558, -9.92891329615703
-38.3721850820481, 3.92767768374694, -10.4724012529779
-38.3721850820481, 3.2066519339468, -10.8778704932812
-38.3721850820481, 2.43435536767934, -11.175768607347
-38.3721850820481, 1.63542292270248, -11.3936521771316
-38.3721850820481, 0.822063911021287, -11.549628478444
-38.3721850820481, 3.241879312215E-17, -11.65
-32.8804443560412, 7.72790896994195, -8.88178424468618E-16
-32.8804443560412, 7.60916307589943, -0.789986965944937
-32.8804443560412, 7.47202834296835, -1.57698169783965
-32.8804443560412, 7.31425691951934, -2.36010005155883
-32.8804443560412, 7.13800736341674, -3.13927568371307
-32.8804443560412, 6.94850553837737, -3.91534501319962
-32.8804443560412, 6.7497038452309, -4.68908240506483
-32.8804443560412, 6.41441109492602, -5.29516803367118
-32.8804443560412, 6.10023054693484, -6.02911395189426
-32.8804443560412, 5.73764970414705, -6.74093780890112
-32.8804443560412, 5.36352534966164, -7.44678546136908
-32.8804443560412, 4.97486780841654, -8.14471719369689
-32.8804443560412, 4.56382181630426, -8.82967224009254
-32.8804443560412, 4.11605737865602, -9.49103538204498
-32.8804443560412, 3.60225771998854, -10.1019918628844
-32.8804443560412, 2.99143756327588, -10.6143836466934
-32.8804443560412, 2.29516133156848, -11.004938592387
-32.8804443560412, 1.55796532353042, -11.3116184151901
-32.8804443560412, 0.788719849888144, -11.525261788503
-32.8804443560412, 2.10032275556311E-16, -11.65
-30.6977480656385, 7.64134407089452, -8.89097523041686E-16
-30.6977480656385, 7.49560137738641, -0.771908604326269
-30.6977480656385, 7.33456817979253, -1.54076730608247
-30.6977480656385, 7.15641498356278, -2.30583958708704
-30.6977480656385, 6.96231851932688, -3.06702775864508
-30.6977480656385, 6.75584048951749, -3.82495872216158
-30.6977480656385, 6.54026092911667, -4.58034925340889
-30.6977480656385, 6.19280326132725, -5.17213396818519
-30.6977480656385, 5.85893449686415, -5.88270445526266
-30.6977480656385, 5.48223405799698, -6.57202747430249
-30.6977480656385, 5.10207690538658, -7.25947217565908
-30.6977480656385, 4.71890165007272, -7.94523611683537
-30.6977480656385, 4.32476039896709, -8.62473681126543
-30.6977480656385, 3.90414258512666, -9.28805853507239
-30.6977480656385, 3.4280805416263, -9.91240665759821
-30.6977480656385, 2.86799606446481, -10.4616394426483
-30.6977480656385, 2.21304572829604, -10.8940363517542
-30.6977480656385, 1.51454320651908, -11.2525789012071
-30.6977480656385, 0.77162106196901, -11.505270922909
-30.6977480656385, 3.89583004090401E-16, -11.65
-28.5050517752357, 7.52187622469961, -8.95779070206023E-16
-28.5050517752357, 7.34707217840413, -0.751073853298178
-28.5050517752357, 7.15940670082497, -1.49903480098099
-28.5050517752357, 6.95785044838469, -2.24337250657243
-28.5050517752357, 6.74335722437388, -2.98408868988075
-28.5050517752357, 6.51833856487679, -3.72168024635715
-28.5050517752357, 6.28519169928084, -4.45674123556842
-28.5050517752357, 5.92672310146092, -5.03338900937302
-28.5050517752357, 5.57650000217081, -5.71993675773594
-28.5050517752357, 5.18731282225895, -6.3856623480547
-28.5050517752357, 4.80073603699267, -7.05291482849544
-28.5050517752357, 4.42303625069022, -7.72523856685119
-28.5050517752357, 4.04710264658354, -8.39855305458976
-28.5050517752357, 3.65683695386124, -9.06359622854128
-28.5050517752357, 3.21873953385072, -9.6978146051513
-28.5050517752357, 2.70656823431822, -10.273425967397
-28.5050517752357, 2.10564270624716, -10.7553207189642
-28.5050517752357, 1.45814535328267, -11.1736928923883
-28.5050517752357, 0.750933619087136, -11.4777227163952
-28.5050517752357, 1.4947974602511E-15, -11.65
-26.312355484833, 7.36021961443775, -9.14673153027703E-16
-26.312355484833, 7.15523042114428, -0.728149348335794
-26.312355484833, 6.93905218592674, -1.45305437767448
-26.312355484833, 6.71157068193778, -2.17449290703796
-26.312355484833, 6.47404007073001, -2.89268781748746
-26.312355484833, 6.22842168562321, -3.60815950156265
-26.312355484833, 5.97619221704447, -4.32132631768082
-26.312355484833, 5.60598976391568, -4.8805326914808
-26.312355484833, 5.24399109885038, -5.5442341298243
-26.312355484833, 4.84570112879422, -6.18733459410745
-26.312355484833, 4.453252700833, -6.83399620047519
-26.312355484833, 4.07932817597392, -7.49155249647762
-26.312355484833, 3.71985289313946, -8.15713202412062
-26.312355484833, 3.36118325755558, -8.82314809283666
-26.312355484833, 2.96625471683491, -9.46800804547237
-26.312355484833, 2.50348854761736, -10.0658721051408
-26.312355484833, 1.97245142508718, -10.6038176193709
-26.312355484833, 1.389184795497, -11.0851790482257
-26.312355484833, 0.727484141785492, -11.4474400968906
-26.312355484833, 1.6165468466296E-15, -11.65
-24.1196591944302, 7.14837283074449, -9.52235368098472E-16
-24.1196591944302, 6.91277949726433, -0.704383424740873
-24.1196591944302, 6.66704475219497, -1.40529339959765
-24.1196591944302, 6.41188435642559, -2.10282884389887
-24.1196591944302, 6.14906243824216, -2.79751592447454
-24.1196591944302, 5.88060039375674, -3.49004447735913
-24.1196591944302, 5.60720706163934, -4.18064004916002
-24.1196591944302, 5.237857605248, -4.74279847686108
-24.1196591944302, 4.85511908433696, -5.36400938990946
-24.1196591944302, 4.45196139461797, -5.98781078220086
-24.1196591944302, 4.05824180037343, -6.6175697255112
-24.1196591944302, 3.6887152174743, -7.26181618221185
-24.1196591944302, 3.34262487470819, -7.91895912823448
-24.1196591944302, 3.01346538491526, -8.58478127018333
-24.1196591944302, 2.66860064935811, -9.24246577422383
-24.1196591944302, 2.26822999691945, -9.867779055938
-24.1196591944302, 1.82686347662646, -10.4647198410356
-24.1196591944302, 1.31477501866503, -11.0021442762755
-24.1196591944302, 0.703191429615689, -11.418843885161
-24.1196591944302, 1.60549106922114E-15, -11.65
-21.9269629040275, 6.88141679351118, -1.01387503546063E-15
-21.9269629040275, 6.61559192732609, -0.680753805160596
-21.9269629040275, 6.34040930566775, -1.35778012255579
-21.9269629040275, 6.05721761356518, -2.03149769631132
-21.9269629040275, 5.76821447244931, -2.7027449033061
-21.9269629040275, 5.47568287217162, -3.37246288466889
-21.9269629040275, 5.17973340485388, -4.04067669010083
-21.9269629040275, 4.82400133402587, -4.62843196919023
-21.9269629040275, 4.40869387561855, -5.18572898712863
-21.9269629040275, 4.01165040139977, -5.79928167845962
-21.9269629040275, 3.62062276007177, -6.41661970491785
-21.9269629040275, 3.25834245624877, -7.05125483829913
-21.9269629040275, 2.92477648566376, -7.70144125683635
-21.9269629040275, 2.62112592750389, -8.36612000190157
-21.9269629040275, 2.33477863729963, -9.03850148649393
-21.9269629040275, 2.02144194343099, -9.69865407917596
-21.9269629040275, 1.68404776872044, -10.3460652839201
-21.9269629040275, 1.23821302200353, -10.924242272228
-21.9269629040275, 0.677511073524343, -11.3885011885516
-21.9269629040275, 1.51930837953544E-15, -11.65
-19.734266613625, 6.55865915182052, -2.51611796708871E-07
-19.7342666136249, 6.2641315405036, -0.658302898387109
-19.7342666136248, 5.96097449234193, -1.31267790910209
-19.7342666136248, 5.65098990668746, -1.9638487685935
-19.7342666136247, 5.33659346240199, -2.61290287411333
-19.7342666136247, 5.0201880976574, -3.26098056017461
-19.7342666136247, 4.70148955175518, -3.90793304942396
-19.7342666136247, 4.35807236638059, -4.52455965380036
-19.7342666136247, 3.91202941514592, -5.01795556622921
-19.7342666136247, 3.52411504339596, -5.62593405100753
-19.7342666136247, 3.14149128691358, -6.23718917749357
-19.7342666136247, 2.79021347684651, -6.86696303389046
-19.7342666136247, 2.4717518979076, -7.51393476695956
-19.7342666136247, 2.19450533080149, -8.1795156888575
-19.7342666136247, 1.98276169612099, -8.86852721052145
-19.7342666136247, 1.79239311033509, -9.56408942685581
-19.7342666136247, 1.54841327716092, -10.2404793619364
-19.7342666136247, 1.15839301322187, -10.8460644215258
-19.7342666136247, 0.64860426937518, -11.352571045896
-19.7342666136247, 5.03517037348795E-16, -11.65
-17.5415703232402, 6.18553707242072, -3.38565084353085E-06
-17.5415703232307, 5.863967510737, -0.637754128055044
-17.5415703232252, 5.53435923739627, -1.27138985091106
-17.5415703232227, 5.19883012660902, -1.90191269112522
-17.541570323222, 4.85988392831731, -2.53060674231165
-17.541570323222, 4.51999472276126, -3.15879183723612
-17.541570323222, 4.178636444964, -3.7861791847426
-17.541570323222, 3.83040119262901, -4.40975175077845
-17.541570323222, 3.37897565991388, -4.87171900322506
-17.541570323222, 2.99343323202665, -5.47295314460019
-17.541570323222, 2.62168299247824, -6.0826998998219
-17.541570323222, 2.28603442073721, -6.71305865800182
-17.541570323222, 1.98770467077516, -7.36188156494759
-17.541570323222, 1.74399811847592, -8.03282929817907
-17.541570323222, 1.64589933435497, -8.73752329956866
-17.541570323222, 1.60035638580382, -9.45024750549125
-17.541570323222, 1.41529515022481, -10.1366129274092
-17.541570323222, 1.07181934431855, -10.7618527655015
-17.541570323222, 0.613155924515937, -11.3068330043501
-17.541570323222, 3.52576402109945E-16, -11.65
-15.348874033003, 5.76666034274554, -1.34337238088947E-05
-15.3488740329086, 5.41890062781318, -0.618864471648552
-15.3488740328535, 5.0636664728082, -1.23345867480068
-15.3488740328275, 4.70338773862658, -1.84511141858745
-15.3488740328198, 4.34058291698168, -2.45527046815266
-15.3488740328192, 3.97773551002052, -3.06540424809963
-15.3488740328192, 3.6141172574608, -3.67507845799121
-15.3488740328192, 3.24472202582593, -4.28125509152595
-15.3488740328192, 2.787074365469, -4.733687677719
-15.3488740328192, 2.41273073604434, -5.33682636699035
-15.3488740328192, 2.06275376305657, -5.95434264597091
-15.3488740328192, 1.74841971879367, -6.59070574425585
-15.3488740328192, 1.47735561999265, -7.24660481363359
-15.3488740328192, 1.28348990761175, -7.92833921802879
-15.3488740328192, 1.36633812154397, -8.62607484926475
-15.3488740328192, 1.42708957156892, -9.33235596047685
-15.3488740328192, 1.27094680488448, -10.0217057005212
-15.3488740328192, 0.969067994983217, -10.6633696889436
-15.3488740328192, 0.563889584494184, -11.2447729563668
-15.3488740328192, 1.81542872199416E-16, -11.65
-13.156177743371, 5.30273509224189, -3.52267438877821E-05
-13.1561777428532, 4.92909699782311, -0.601220862482205
-13.1561777425627, 4.54831481480021, -1.19791009118161
-13.1561777424419, 4.16314987161491, -1.79178242225919
-13.1561777424168, 3.77677907175003, -2.38487171631019
-13.1561777424165, 3.39174666122446, -2.97883046553249
-13.1561777424165, 3.00639284606273, -3.57258047606706
-13.1561777424165, 2.61565323078497, -4.16278848129516
-13.1561777424165, 2.15653535680837, -4.61767697206318
-13.1561777424165, 1.79326401913681, -5.22513297261149
-13.1561777424165, 1.46430364712847, -5.85175237892225
-13.1561777424165, 1.17823616972143, -6.49906171137976
-13.1561777424165, 0.942078720683814, -7.16608878541423
-13.1561777424165, 0.830419125565384, -7.86059782927069
-13.1561777424165, 1.13268127651468, -8.49219073559156
-13.1561777424165, 1.23486360338873, -9.18939274015127
-13.1561777424165, 1.09639178617392, -9.88157245787651
-13.1561777424165, 0.83709885125443, -10.5395863201568
-13.1561777424165, 0.489212568883686, -11.1552905279182
-13.1561777424165, -8.84513185120848E-16, -11.65
-11.113358081343, 4.82686342008168, -0.000144319048117924
-11.2477979157378, 4.45997771347289, -0.589960827646234
-11.3834780393474, 4.08970726314548, -1.17737503023784
-11.5192293494093, 3.71924254530846, -1.76465088690554
-11.6541144593504, 3.35114168372561, -2.35360911394344
-11.7873900948183, 2.98743307077996, -2.945652048357
-11.9197864003122, 2.62612414539917, -3.53936287831324
-12.0533701935364, 2.26157457131528, -4.13081669401167
-12.2058235723386, 1.84552998260729, -4.60713558371766
-12.3233797079194, 1.52471981452772, -5.22658533262057
-12.4285393408075, 1.23773964683746, -5.86453619314378
-12.5192764271399, 0.990118544174066, -6.52092837005027
-12.5932496703164, 0.78824589448575, -7.1947160346972
-12.61279746551, 0.734900048855032, -7.89110799972944
-12.4876167467463, 1.07651767032989, -8.48766341706731
-12.4565903228505, 1.16118864233592, -9.18475002164996
-12.5069871290422, 1.02365598370315, -9.87547514466004
-12.5953800639936, 0.78243205967149, -10.5340710170916
-12.7143316201645, 0.457813795044591, -11.1506056804701
-12.8820907061161, 0, -11.6493030687255
-9.5966975812376, 4.44159912478546, -0.000230815460450623
-9.84287293249391, 4.08814806813515, -0.578463469078679
-10.0895951212588, 3.73391187887815, -1.1559826604705
-10.3348050977906, 3.38184687779643, -1.73546758393664
-10.5765041786965, 3.0348227135102, -2.31944756993198
-10.8139119252391, 2.69395991614152, -2.9087911011692
-11.0489550604033, 2.35649215562768, -3.5010358165212
-11.2852210597825, 2.01726864399282, -4.09178650123579
-11.5481104944368, 1.63982001647352, -4.57658414728797
-11.7503796123922, 1.34940818968333, -5.20465982719069
-11.9305005327144, 1.09079606914482, -5.85302608445446
-12.0859609515578, 0.867590744049967, -6.52064135490856
-12.2122245364496, 0.686305342125263, -7.20670159509393
-12.2177889000908, 0.678316198620318, -7.90892808751714
-11.9729386904575, 1.02986465736844, -8.47158247837577
-11.9243121779238, 1.09968112009941, -9.18081806402777
-12.0195085713251, 0.963001043620241, -9.88097333757809
-12.1795126872515, 0.733272016916367, -10.5447013815507
-12.3937106752234, 0.425733082597123, -11.159798220309
-12.6902297807059, 0, -11.6469180893859
-8.38767400031896, 4.11069485497671, -0.000327004837536619
-8.72507137318383, 3.77329748211184, -0.566442414084135
-9.06139687269923, 3.43697198259644, -1.13383060510535
-9.39403590671193, 3.10433294858374, -1.70554384906274
-9.72078607541017, 2.7775827798855, -2.28400513694009
-10.0408386983348, 2.45753015696088, -2.86990659261481
-10.3568108096292, 2.14155804566648, -3.46023183416219
-10.673660197279, 1.82470865801665, -4.04961497438519
-11.0192720347048, 1.47909682059087, -4.53907124027505
-11.2868583855948, 1.21151046970087, -5.17526504004987
-11.5244419509532, 0.973926904342434, -5.83485702401679
-11.7302442057314, 0.768124649564292, -6.515492578116
-11.8968769461624, 0.601491909133299, -7.21697336342932
-11.8611375492253, 0.637231306070384, -7.91900976414211
-11.5138712585953, 0.984497596700412, -8.44526171591872
-11.45631239358, 1.04205646171564, -9.17193782379333
-11.5908966607305, 0.907472194565125, -9.88600906161509
-11.8110887077019, 0.687280147593772, -10.5568145418502
-12.1034725660641, 0.39489628923153, -11.1699244307876
-12.4983688552957, 0, -11.6426307957745
-7.24975082125614, 3.77678579428047, -0.000443986176247923
-7.67461064303401, 3.45946690690244, -0.553382219536861
-8.09652990194884, 3.14434426423416, -1.10981316404909
-8.51249991770246, 2.83366498646859, -1.67317151795427
-8.92020126918232, 2.5291614005735, -2.24586433875317
-9.31894827047235, 2.23134563097401, -2.82829616362691
-9.71180208957322, 1.93793135551335, -3.41694904637247
-10.1050945794205, 1.64418944607546, -4.00514558774944
-10.5262199439251, 1.32965974648634, -4.49977649450848
-10.8568011875104, 1.08275555120719, -5.14506912336713
-11.1489640453208, 0.864545242250132, -5.81865839018626
-11.4037210421995, 0.674272586052524, -6.51552572720734
-11.6089391037399, 0.520999521338172, -7.23701514072066
-11.498252878544, 0.60366874075335, -7.92192592390494
-11.0543358921061, 0.935221024598957, -8.41027430651283
-10.9923841097906, 0.981491511069435, -9.16014213944242
-11.168135365482, 0.850226585433671, -9.89261736338891
-11.4500931569685, 0.63963822641291, -10.5719777785721
-11.8204440358861, 0.363030924866186, -11.1816712141991
-12.3065079298854, 0, -11.6362227296543
-6.1075935891141, 3.41611066135512, -0.000591883528519964
-6.62171356978214, 3.12373923967196, -0.539403447978085
-7.13098029389899, 2.83412778369918, -1.08427339228374
-7.63208613898118, 2.54915728294166, -1.63905640710224
-8.12264609350417, 2.27018405350532, -2.20617051604209
-8.60217743693148, 1.99748261047387, -2.78563622547711
-9.07395856429718, 1.72918858550336, -3.37348120574328
-9.54577588345592, 1.46087397886635, -3.9612877973208
-10.0425819911215, 1.17834866675858, -4.46310088131112
-10.4382746653939, 0.953324870608322, -5.12073376203889
-10.7881436255694, 0.754360253134414, -5.81199947221392
-11.0953227155076, 0.579672649824618, -6.52963514599398
-11.3401539991638, 0.440441199644315, -7.27766742044885
-11.1073676337378, 0.572822906575105, -7.91532132944341
-10.5685992728979, 0.879211449210612, -8.36698007227516
-10.5072303664227, 0.914110918416154, -9.14762470890188
-10.729763267451, 0.78756018494657, -9.90381619651876
-11.0813386130612, 0.587625174657237, -10.5926359920129
-11.5365130064018, 0.328775121170044, -11.1960111705088
-12.1146470044752, 0, -11.6274749468035
-4.92082204197057, 3.00889116211864, -0.000784978855811151
-5.52958047482774, 2.74729486445338, -0.525363167518148
-6.13169290986831, 2.48855449178116, -1.05893968408514
-6.72359357323465, 2.23420233209852, -1.60587082521555
-7.3028434336423, 1.9852864884287, -2.16861353692007
-7.86912366534881, 1.74194396689652, -2.74678831883343
-8.42644596567766, 1.50245085681666, -3.33520841304111
-8.98099595192353, 1.26414906838579, -3.92672670337903
-9.55910214051366, 1.01572468454152, -4.4385270839813
-10.0256048987438, 0.815258641170478, -5.11366068438718
-10.4398871498962, 0.637232847620091, -5.8281981892853
-10.8066108097201, 0.479643980676702, -6.57290251231288
-11.0898663180525, 0.357923133336228, -7.35808568600518
-10.6653702331361, 0.540338025999526, -7.89701629299856
-10.0304903407775, 0.81315926401282, -8.31648776501748
-9.97866911329863, 0.835427934995024, -9.13879928262299
-10.2580808214965, 0.715358849387735, -9.92504379147068
-10.6936492422843, 0.528185941206078, -10.6226477179164
-11.2464991362611, 0.290614718167432, -11.214075892871
-11.9227860790649, 0, -11.6161755593106
-3.66676431612866, 2.53328947189458, -0.00104523410832979
-4.3788579147417, 2.30959115377877, -0.513503191133212
-5.08282924620456, 2.08844437875269, -1.03813337587768
-5.77551723818365, 1.87084217156176, -1.57899715476954
-6.45365020568026, 1.65781230500582, -2.13974203948173
-7.11536490818035, 1.44994010069155, -2.7216521360145
-7.76640818364232, 1.24542023697544, -3.31666911395412
-8.41607606596176, 1.0413324416466, -3.91334139458043
-9.08119334843122, 0.832391344959356, -4.44516881557676
-9.62745886948495, 0.66078654673847, -5.14598565038569
-10.1161999972065, 0.507252561208636, -5.8922746121304
-10.5529665129794, 0.370045970420571, -6.67312613794191
-10.8458440421631, 0.27804091543918, -7.51672195800735
-10.1350677456409, 0.501325413991444, -7.86176817734829
-9.40250291189213, 0.731454601417883, -8.26312974371936
-9.37938213263348, 0.738717803114628, -9.14354112474522
-9.73290444934175, 0.627661689398574, -9.96662102047611
-10.2757557104399, 0.457129452721793, -10.6682052639807
-10.9458318306681, 0.246630578140473, -11.237026868691
-11.7309251536547, 0, -11.60212852799
-2.34718957171181, 1.96347258292443, -0.00140772806163845
-3.17610567234563, 1.78640815396353, -0.506253802330562
-3.99546722924388, 1.61138466717907, -1.0271296079042
-4.80109854590551, 1.43929409139144, -1.56991459339233
-5.5904276415813, 1.27068582635571, -2.13718747904278
-6.36363242627719, 1.10552186878831, -2.72723850378889
-7.1252141127897, 0.942840716466255, -3.33292698628044
-7.88396303565414, 0.78076466962754, -3.94233024140256
-8.63916578191601, 0.619446120121365, -4.51796469532973
-9.2751155916092, 0.483601141582503, -5.25938177470699
-9.85370168439931, 0.360009603130947, -6.04865844368558
-10.3728001355698, 0.249125195456016, -6.8797657112624
-10.4156126032438, 0.239980041760353, -7.73457883013255
-9.45621351394689, 0.444916888519727, -7.80292813674685
-8.63223096555061, 0.620927463406591, -8.22193097679673
-8.67270413931005, 0.612282005326489, -9.18341036291404
-9.1311371766281, 0.514356311872755, -10.0467532437803
-9.81714593967085, 0.367818260799239, -10.7370038389199
-10.630084029567, 0.194166888171829, -11.2652554272575
-11.5390642282445, 0, -11.5851630972969
-1.04583184977507, 1.26924790918573, -0.00194137300063497
-2.00635937311338, 1.15089982745041, -0.508803493428588
-2.9558609943939, 1.03391026416067, -1.03629745780745
-3.88946212253079, 0.91887982522341, -1.59182326000907
-4.80424704424987, 0.806167760180676, -2.17826418147726
-5.70063919749616, 0.69572189658836, -2.79288733339191
-6.58628305635559, 0.586600346971131, -3.42318238464794
-7.46467750371831, 0.478372008556599, -4.06369506503924
-8.30434219890329, 0.374915622808649, -4.72694763162531
-9.04394032043463, 0.283788594366958, -5.52554858349534
-9.73512304644751, 0.198626901688007, -6.36711373261676
-10.327511406289, 0.125637815663786, -7.2791604751947
-9.63436834293853, 0.211041044538029, -7.7469710718837
-8.55113308934197, 0.344508135502446, -7.72222681941655
-7.67846976061789, 0.452030333925567, -8.24084755630109
-7.82304219662362, 0.434217340484614, -9.30428927987987
-8.44377660006221, 0.357735694587832, -10.1907004341157
-9.31734173712695, 0.250102382964291, -10.8337615300326
-10.2983864488935, 0.129226346710144, -11.2957046765735
-11.3472033028343, 0, -11.5651429912103
-0.130156610003772, 0.438741065879703, -0.00278818559892141
-1.20576850270642, 0.395937695647904, -0.532189555773565
-2.26770784541792, 0.35367841685211, -1.08849154857997
-3.3096933598504, 0.312213189428528, -1.68133120969076
-4.32816004685147, 0.271683880513094, -2.31378409747446
-5.32468600810966, 0.232027690436805, -2.98038909153572
-6.310230043387, 0.192808519927523, -3.66319718268049
-7.28160193382411, 0.154153321950239, -4.35869350154619
-8.17931522165494, 0.118429326630256, -5.15332860776396
-9.04087753427098, 0.0841439390337983, -5.98728190552087
-9.85855768245868, 0.05160481748678, -6.86398520593616
-9.89740707072199, 0.0500588279338614, -7.72306043750233
-8.70187058818226, 0.0976345297599075, -7.65474535479911
-7.50577230595355, 0.145232588088561, -7.66190784590897
-6.68179348177131, 0.178022361903738, -8.39445469544731
-6.93307399623191, 0.168022795177613, -9.54419010512631
-7.78227190598496, 0.134229442038036, -10.3752426879434
-8.84596488153363, 0.0919003784099154, -10.9246542390285
-9.9800552650842, 0.0467698895293345, -11.3102982433683
-11.155342377424, 0, -11.5419743231357
