-109.579997112877, 6.47667288188294, -8.88178419700125E-16
-109.579997112877, 6.63421846866085, -0.776700201530736
-109.579997112877, 6.75732827818466, -1.55960820454941
-109.579997112877, 6.85147844327741, -2.34654966738078
-109.579997112877, 6.9264009756509, -3.1355762395116
-109.579997112877, 6.991939117973, -3.92544574013085
-109.579997112877, 7.05207287847196, -4.71574609904473
-109.579997112877, 7.10863440637672, -5.50631084384002
-109.579997112877, 7.16345316172768, -6.29699868404463
-109.579997112877, 7.23100397921698, -7.08633444809643
-109.579997112877, 7.01991976399966, -7.79832138307021
-109.579997112877, 6.29420171501781, -8.10797548552651
-109.579997112877, 5.52274158856081, -8.28773568681013
-109.579997112877, 4.73838956699835, -8.40114152403706
-109.579997112877, 3.94997489723833, -8.4820304914796
-109.579997112877, 3.16013481847576, -8.54789956769487
-109.579997112877, 2.36991754557129, -8.60912813699805
-109.579997112877, 1.57984616197709, -8.67220542682671
-109.579997112877, 0.789972825243616, -8.73772194826945
-109.579997112877, -8.88178140809072E-16, -8.80202703064798
-107.442118229735, 6.64114047627006, -8.88178419700125E-16
-107.442118229735, 6.7563805413407, -0.794338662959935
-107.442118229735, 6.85926139320402, -1.59036913124889
-107.442118229735, 6.94861147965227, -2.38803221652391
-107.442118229735, 7.0263065033513, -3.18691861021967
-107.442118229735, 7.09545952472888, -3.98659210417015
-107.442118229735, 7.1588538878069, -4.78674469770421
-107.442118229735, 7.21994552375467, -5.58707723459182
-107.442118229735, 7.28220284850592, -6.38731951366195
-107.442118229735, 7.31077911899409, -7.15784489793225
-107.442118229735, 7.14229262355163, -7.89250143262794
-107.442118229735, 6.39467959357293, -8.17620541978498
-107.442118229735, 5.60809110160564, -8.33309344083389
-107.442118229735, 4.80935696656101, -8.41142729916654
-107.442118229735, 4.00845528956028, -8.46438937538965
-107.442118229735, 3.20705452303531, -8.50932481871919
-107.442118229735, 2.40545484715817, -8.55057813554889
-107.442118229735, 1.60371435130311, -8.58899685609581
-107.442118229735, 0.801895018363065, -8.62573792853179
-107.442118229735, 1.09802376445811E-17, -8.66078784472093
-105.249421939332, 6.74933281248574, -8.88178419700125E-16
-105.249421939332, 6.84762838596381, -0.806600414558332
-105.249421939332, 6.94290721953591, -1.61356140590453
-105.249421939332, 7.03169275196607, -2.42126082351235
-105.249421939332, 7.11288827226067, -3.22975899169963
-105.249421939332, 7.18791756468508, -4.03885391740242
-105.249421939332, 7.25867804269549, -4.84833418143932
-105.249421939332, 7.32710390182841, -5.65801560265705
-105.249421939332, 7.39513101023704, -6.4677307033126
-105.249421939332, 7.3749407038585, -7.20748777730878
-105.249421939332, 7.23935550680177, -7.97187413931096
-105.249421939332, 6.48237651605131, -8.25367628425671
-105.249421939332, 5.68121018959066, -8.38549760147306
-105.249421939332, 4.87099624761049, -8.44671849651238
-105.249421939332, 4.05963059849696, -8.49080261364193
-105.249421939332, 3.24795130255898, -8.52877246771101
-105.249421939332, 2.43612464463338, -8.5634599504234
-105.249421939332, 1.62415308582805, -8.59455708759353
-105.249421939332, 0.812082537169257, -8.62297576831123
-105.249421939332, 9.52214376415204E-16, -8.65105084783692
-103.056725648929, 6.83129478823416, -8.88178419700125E-16
-103.056725648929, 6.92479352344673, -0.817945432536863
-103.056725648929, 7.01713677859778, -1.63602189126144
-103.056725648929, 7.1064002042442, -2.45443951694515
-103.056725648929, 7.19065649792287, -3.27338678064411
-103.056725648929, 7.27026238814164, -4.092800599687
-103.056725648929, 7.34703871160996, -4.91248434684476
-103.056725648929, 7.42085706035668, -5.73243973346309
-103.056725648929, 7.49158643031442, -6.55266730761252
-103.056725648929, 7.43132408255225, -7.27084830435731
-103.056725648929, 7.32314817589525, -8.0652608193458
-103.056725648929, 6.5703664949388, -8.37396187977089
-103.056725648929, 5.7568305735451, -8.49596190699743
-103.056725648929, 4.93545149771735, -8.55131546456952
-103.056725648929, 4.1132633647958, -8.59348444402183
-103.056725648929, 3.29083776166384, -8.63079630682201
-103.056725648929, 2.46828760621434, -8.66525408918564
-103.056725648929, 1.64559232917322, -8.69603575991237
-103.056725648929, 0.822789233431158, -8.72381594930801
-103.056725648929, 1.06028302483887E-15, -8.75200467093454
-100.864029358526, 6.90004386343534, -8.88178419700125E-16
-100.864029358526, 6.99524251340539, -0.829406119651411
-100.864029358526, 7.08789840616761, -1.65909991274232
-100.864029358526, 7.17710221563183, -2.4891716302201
-100.864029358526, 7.26194261915928, -3.31970022994712
-100.864029358526, 7.34252686866424, -4.15065337766221
-100.864029358526, 7.42106089736435, -4.98180306319271
-100.864029358526, 7.49763833482707, -5.81313527828305
-100.864029358526, 7.57073512841716, -6.64477948656475
-100.864029358526, 7.48241074366218, -7.35345879070094
-100.864029358526, 7.39367609620725, -8.17211320794273
-100.864029358526, 6.66097887584407, -8.53313102175887
-100.864029358526, 5.83693144711681, -8.662939895214
-100.864029358526, 5.00424986859124, -8.72243686390111
-100.864029358526, 4.17056137544621, -8.76644941354585
-100.864029358526, 3.33670021554787, -8.80710531132428
-100.864029358526, 2.50272860738368, -8.84542636109488
-100.864029358526, 1.66857963632954, -8.87964303908435
-100.864029358526, 0.834290509514517, -8.91028927127103
-100.864029358526, 1.24293130995225E-15, -8.94089979575567
-98.6713330681237, 6.96058940396264, -8.88178419700125E-16
-98.6713330681237, 7.06011072393124, -0.840581986022158
-98.6713330681237, 7.15432819196418, -1.6817744771545
-98.6713330681237, 7.24301124778172, -2.52356870913124
-98.6713330681237, 7.32725378878865, -3.36581957700266
-98.6713330681237, 7.40836499752191, -4.20837820269344
-98.6713330681237, 7.48764221283556, -5.05111146030613
-98.6713330681237, 7.56472546366998, -5.8940480671441
-98.6713330681237, 7.63699025262987, -6.7374082134422
-98.6713330681237, 7.52828832622505, -7.44451162694469
-98.6713330681237, 7.44840001387009, -8.28056329882151
-98.6713330681237, 6.74740224839433, -8.70536304171943
-98.6713330681237, 5.9151051825088, -8.85580683160772
-98.6713330681237, 5.07192351084199, -8.92912006149992
-98.6713330681237, 4.22706727279626, -8.98105940183445
-98.6713330681237, 3.38201936867345, -9.02982622241833
-98.6713330681236, 2.53684517643667, -9.07635036647792
-98.6713330681237, 1.69140501567047, -9.11771896343807
-98.6713330681237, 0.845737009478285, -9.15418154999742
-98.6713330681237, 1.53050154823486E-15, -9.18901442728708
-96.4786367777191, 7.01587548049174, -8.88178419700125E-16
-96.4786367777202, 7.11909022592377, -0.851214062082065
-96.4786367777208, 7.21457145994793, -1.70333011268256
-96.4786367777209, 7.30307480539107, -2.55620032396833
-96.478636777721, 7.38677102615778, -3.40955675280236
-96.478636777721, 7.46755431821766, -4.26319444546276
-96.478636777721, 7.54641177838641, -5.11701212873226
-96.478636777721, 7.62263392667107, -5.97106873803568
-96.478636777721, 7.69213272904547, -6.82569092222008
-96.4786367777209, 7.56906804933516, -7.53608945889382
-96.4786367777209, 7.49029244020687, -8.38532374667466
-96.478636777721, 6.82317532413101, -8.87217495094356
-96.4786367777209, 5.98572911983852, -9.05282348975375
-96.4786367777209, 5.13390262269408, -9.149622851593
-96.478636777721, 4.2791246326546, -9.21720401669135
-96.4786367777209, 3.42396875922891, -9.27990585527201
-96.4786367777209, 2.56859059395328, -9.33948968067062
-96.4786367777209, 1.71275076033447, -9.39196847464521
-96.4786367777209, 0.856484327603508, -9.43701266278185
-96.4786367777209, 2.3925282501948E-15, -9.47771824718005
-94.2859404873088, 7.06786926366801, -8.88178419700125E-16
-94.2859404873143, 7.1728006268792, -0.861059521840272
-94.2859404873172, 7.26905260569418, -1.72313221474869
-94.2859404873181, 7.35747621458807, -2.58604446192843
-94.2859404873182, 7.44057338971252, -3.44948735357365
-94.2859404873182, 7.5204825724574, -4.31323162872289
-94.2859404873182, 7.59813108358218, -5.17718204113021
-94.2859404873182, 7.67248932276113, -6.04142129273227
-94.2859404873182, 7.72325425110091, -6.89311019783168
-94.2859404873182, 7.60507677499526, -7.6229241347254
-94.2859404873183, 7.52203427306344, -8.48251939026079
-94.2859404873182, 6.88271343101841, -9.02146130865749
-94.2859404873182, 6.04396744708735, -9.2392440102128
-94.2859404873182, 5.18631565743763, -9.36794948529514
-94.2859404873182, 4.32383769921674, -9.46039512867881
-94.2859404873182, 3.46041474718814, -9.54369515357877
-94.2859404873182, 2.59648299585659, -9.62153252192642
-94.2859404873182, 1.73171596425307, -9.68934403833851
-94.2859404873182, 0.8660952472692, -9.74533520967091
-94.2859404873182, 2.95370900052739E-15, -9.7934509608224
-92.0932441969154, 7.11732815791186, -8.88178419700125E-16
-92.0932441969155, 7.22191836141121, -0.870249741003765
-92.0932441969155, 7.31829672520951, -1.74144636357928
-92.0932441969154, 7.40664921033927, -2.61349462072783
-92.0932441969154, 7.48909834018316, -3.48612215008108
-92.0932441969155, 7.56773347899443, -4.35910241519564
-92.0932441969155, 7.64362210576443, -5.23232561962382
-92.0932441969155, 7.71540586678749, -6.1058949348304
-92.0932441969155, 7.68093022643748, -6.89151344219122
-92.0932441969154, 7.63658103660532, -7.70474758846138
-92.0932441969154, 7.54562013809644, -8.57283016365876
-92.0932441969154, 6.92660123353839, -9.15332024386292
-92.0932441969155, 6.09002199376082, -9.41129744618523
-92.0932441969154, 5.22928463681726, -9.57584403966579
-92.0932441969155, 4.36150413836681, -9.6990666296562
-92.0932441969155, 3.49164318672339, -9.80683311478921
-92.0932441969155, 2.62082104174191, -9.90653855597991
-92.0932441969154, 1.7484971893275, -9.99193235035242
-92.0932441969154, 0.874698228310272, -10.0607963212255
-92.0932441969154, 3.55968251413188E-15, -10.1171141594867
-89.9005479065127, 7.1644751154609, -8.88178419700125E-16
-89.9005479065127, 7.26740462293295, -0.878955292419804
-89.9005479065127, 7.36332930958521, -1.75870130848357
-89.9005479065127, 7.45139663091293, -2.63926890468037
-89.9005479065127, 7.53297597936471, -3.52046242411533
-89.9005479065127, 7.61000552229181, -4.40206629675792
-89.9005479065127, 7.68376314252503, -5.28394983300554
-89.9005479065127, 7.7525455079875, -6.16623374732393
-89.9005479065127, 7.64671913662694, -6.89797265178898
-89.9005479065127, 7.66366285262754, -7.78272697763167
-89.9005479065127, 7.56284263897871, -8.6581478455359
-89.9005479065127, 6.95967970056646, -9.27294265165629
-89.9005479065127, 6.12759996727054, -9.5703940083745
-89.9005479065127, 5.26552207122274, -9.76948466589612
-89.9005479065127, 4.39417552064899, -9.92385652123813
-89.9005479065127, 3.51924605444092, -10.056682826464
-89.9005479065127, 2.64265334469979, -10.1780651569201
-89.9005479065127, 1.76373287870665, -10.2810068195698
-89.9005479065127, 0.882531666977588, -10.3623950257929
-89.9005479065127, 5.84067991225565E-15, -10.4278322352325
-87.6978516161099, 7.20973486472683, -8.88178419700125E-16
-87.6978516161099, 7.31030899571262, -0.887224446007788
-87.69785161611, 7.40522923228708, -1.77506999047021
-87.69785161611, 7.49258152952869, -2.66369163241905
-87.69785161611, 7.57292949404023, -3.55297471554498
-87.6978516161099, 7.64808326834333, -4.4427133078565
-87.6978516161099, 7.71949488059571, -5.33275979104043
-87.6978516161099, 7.78510998867067, -6.22325003627107
-87.6978516161099, 7.67389079743965, -6.96424316663392
-87.6978516161099, 7.68648999507314, -7.85700481291418
-87.69785161611, 7.57560898729641, -8.73910954973458
-87.6978516161099, 6.98734739807018, -9.38430149252355
-87.6978516161099, 6.16104640078054, -9.7182780832045
-87.6978516161099, 5.29812278694755, -9.94693354221784
-87.6978516161099, 4.42389561162636, -10.1283057086847
-87.6978516161099, 3.54454037613085, -10.2832004158929
-87.6978516161099, 2.66277514559196, -10.4237599175757
-87.6978516161099, 1.77782426720382, -10.5423268706109
-87.6978516161099, 0.889760606765428, -10.6350564781731
-87.6978516161099, 6.12569376822994E-15, -10.7098275056243
-82.2261108901031, 7.31695804874009, -8.88178419700125E-16
-82.2261108901031, 7.41105491652313, -0.904988086978081
-82.2261108901031, 7.50071985843137, -1.81042442697145
-82.2261108901031, 7.5830261661965, -2.71655819049799
-82.226110890103, 7.65783340011915, -3.62334255201528
-82.2261108901031, 7.72699551079995, -4.53057650787427
-82.2261108901031, 7.79192891892815, -5.43812261152393
-82.226110890103, 7.84988287007251, -6.34613727691557
-82.2261108901031, 7.7273125326185, -7.10612470918224
-82.2261108901031, 7.72422331345485, -8.01593454616953
-82.2261108901031, 7.59748602989808, -8.91333216640191
-82.2261108901031, 7.05379404088714, -9.62635802091052
-82.2261108901031, 6.24465158914465, -10.0351138178862
-82.2261108901031, 5.37623343893767, -10.3055583323313
-82.2261108901031, 4.49205135228436, -10.5198682374718
-82.2261108901031, 3.60093995300542, -10.7035586806494
-82.2261108901031, 2.70654020165402, -10.8705459851989
-82.2261108901031, 1.80782743707068, -11.0121556210145
-82.2261108901031, 0.90480315283117, -11.1233952769068
-82.2261108901031, 5.55666421759843E-15, -11.2191998849559
-76.7443701640962, 7.43772667749809, -8.88178419700125E-16
-76.7443701640962, 7.52223609352448, -0.917534385380282
-76.7443701640962, 7.59984161483103, -1.83567662131233
-76.7443701640962, 7.6689686674823, -2.75449620000882
-76.7443701210055, 7.73089344711472, -3.67383054288436
-76.7443689912768, 7.78837066746132, -4.59345510605554
-76.7443655253388, 7.84297090751978, -5.51325486378789
-76.7443572733337, 7.89284840159556, -6.43332096322199
-76.7443701640962, 7.7531476400841, -7.19608036836709
-76.7443701640962, 7.73137347679335, -8.11720151459021
-76.7443701640962, 7.5991475633968, -9.02639606008386
-76.7443701640962, 7.10054277744141, -9.78906856385552
-76.7443701640962, 6.31510186875641, -10.2602381264335
-76.7443701640962, 5.44158392964, -10.5517876680534
-76.7443701640962, 4.54694242421721, -10.7718539904664
-76.7443701640962, 3.64469089835515, -10.9587149708901
-76.7443701640962, 2.73913454388034, -11.1288921449901
-76.7443701640962, 1.82936938544783, -11.2745833549944
-76.7443701640962, 0.91528030646307, -11.3904789914504
-76.7443701640962, 2.02702563513531E-15, -11.496656691783
-71.2626294380893, 7.58731854367747, -8.88178419700125E-16
-71.2626294380893, 7.65644414473219, -0.922850736331461
-71.2626294380893, 7.71319354584999, -1.84654393168012
-71.2626294380893, 7.75867992397612, -2.77086348662651
-71.2626295158194, 7.79721586538569, -3.69550181862151
-71.2626314381125, 7.83270988452841, -4.62026286475664
-71.2626373612023, 7.86673429752436, -5.54507917930284
-71.2626515739453, 7.89866005522098, -6.46997000247588
-71.2626294380893, 7.74441360147185, -7.23318270808448
-71.2626294380893, 7.70179267314844, -8.15756117324983
-71.2626294380893, 7.56154476164642, -9.07058896116091
-71.2626294380893, 7.09918988067755, -9.86144916643007
-71.2626294380893, 6.33758211105325, -10.3764640106743
-71.2626294380894, 5.46845584772521, -10.692223075109
-71.2626294380893, 4.57188865235921, -10.9208588846308
-71.2626294380893, 3.66498710994125, -11.1049760104323
-71.2626294380893, 2.7540306181981, -11.2679957125854
-71.2626294380894, 1.83901346262828, -11.4061040069906
-71.2626294380894, 0.91997642469667, -11.5147010689946
-71.2626294380893, 3.40198532546938E-16, -11.6151286221515
-65.7808887120825, 7.7298144756189, -8.88178419700125E-16
-65.7808887120825, 7.78196129542334, -0.920209869966101
-65.7808887120825, 7.8146527868962, -1.84131703158036
-65.7808887120825, 7.83185702007848, -2.76285332511534
-65.7808887120825, 7.84179419170476, -3.68450238616757
-65.7808887120825, 7.8500629249679, -4.60616824331926
-65.7808887120825, 7.85635064665037, -5.52784956516347
-65.7808887120825, 7.85965874545002, -6.44954612856439
-65.7808887120825, 7.69132553198891, -7.21529820879707
-65.7808887120825, 7.62008676449633, -8.13404207771706
-65.7808887120824, 7.45969090266377, -9.04068736583747
-65.7808887120825, 7.03096959189109, -9.84724507809176
-65.7808887120825, 6.29855094846889, -10.3975425779964
-65.7808887120825, 5.44587348089647, -10.7451105307768
-65.7808887120825, 4.55796729317321, -10.9912970052963
-65.7808887120825, 3.65503511668882, -11.1759287154411
-65.7808887120825, 2.74654021502307, -11.3312805242808
-65.7808887120825, 1.83387759650532, -11.4596034088342
-65.7808887120825, 0.917472366148791, -11.5581677931709
-65.7808887120825, 9.73041993680316E-16, -11.6463622330655
-60.2991479860756, 7.8291565823674, -8.88178419700125E-16
-60.2991479860756, 7.86760649151256, -0.911596775755761
-60.2991479860756, 7.87921974153737, -1.82393285332649
-60.2991479860756, 7.86998212373294, -2.73631540257656
-60.2991479860756, 7.85156028546985, -3.64856870352571
-60.2991479860756, 7.83082023189765, -4.56077270308247
-60.2991479860756, 7.80898726772998, -5.47295138330867
-60.2991479860756, 7.78695685311032, -6.38512537844652
-60.2991479860756, 7.5933150137447, -7.13841903035393
-60.2991479860756, 7.48709145860956, -8.04426373231905
-60.2991479860756, 7.2913357693097, -8.93487589082682
-60.2991479860756, 6.89297354911839, -9.74938673726982
-60.2991479860756, 6.20536889170029, -10.3415443542735
-60.2991479860756, 5.38150515694328, -10.731012048017
-60.2991479860756, 4.51131638670466, -11.0039624907096
-60.2991479860756, 3.61975691058125, -11.1972218902805
-60.2991479860756, 2.72034382800285, -11.3506578689111
-60.2991479860756, 1.81640473318208, -11.4744420546321
-60.2991479860756, 0.908893824223639, -11.5690200748308
-60.2991479860756, 2.73821719243095E-17, -11.6493216699829
-54.8174072600687, 7.88337700891901, -8.88178419700125E-16
-54.8174004153873, 7.91238232899329, -0.898409082775298
-54.8174018508479, 7.90594553165957, -1.7971895068184
-54.8174069540087, 7.87195848973571, -2.69544329655217
-54.8174072600687, 7.82703597907946, -3.59322963877573
-54.8174072600687, 7.77906527185809, -4.49085935850484
-54.8174072600687, 7.72952782644112, -5.38840407151614
-54.8174072600687, 7.67939421770073, -6.28591586594843
-54.8174072600687, 7.45525843585257, -7.02177514463664
-54.8174072600687, 7.31338774765203, -7.90892309462873
-54.8174072600687, 7.07313464148206, -8.77469944214177
-54.8174072600687, 6.68982814120723, -9.58459475234866
-54.8174072600687, 6.05994095246095, -10.2198843308721
-54.8174072600687, 5.27895911478161, -10.6617966777502
-54.8174072600687, 4.43617034696964, -10.9725945493473
-54.8174072600687, 3.56336187545498, -11.1863048045156
-54.8174072600687, 2.67882610986201, -11.3461192124103
-54.8174072600687, 1.78894562942401, -11.4727408365368
-54.8174072600687, 0.895413369030131, -11.5707836725874
-54.8174072600687, 7.01316882671906E-18, -11.6498262649528
-49.3356665340623, 7.90713074822089, -8.88178419700125E-16
-49.3356665340621, 7.92004894520442, -0.882026941024732
-49.3356665340619, 7.89596109137523, -1.76381459009162
-49.3356665340618, 7.84066625868455, -2.64423282186818
-49.3356665340618, 7.76967403902805, -3.52354943035124
-49.3356665340618, 7.69445667220797, -4.40251713830285
-49.3356665340619, 7.61612417591245, -5.28121271691244
-49.3356665340618, 7.53442588893266, -6.1596016668173
-49.3356665340619, 7.27470322605385, -6.87247768589504
-49.3356665340619, 7.09537623070333, -7.73589467902205
-49.3356665340619, 6.8157067650694, -8.57210108784044
-49.3356665340619, 6.4317534822586, -9.36507266565627
-49.3356665340619, 5.86265415191195, -10.0348758333647
-49.3356665340618, 5.13899265010244, -10.5361104204758
-49.3356665340619, 4.33504144322489, -10.8972099404612
-49.3356665340618, 3.4895224997598, -11.1470668086184
-49.3356665340618, 2.62535739806626, -11.3239306519218
-49.3356665340619, 1.75400446018446, -11.4612285371328
-49.3356665340619, 0.878327556408596, -11.5679775975053
-49.3356665340619, 5.84840771657439E-19, -11.6499855119217
-43.853925808055, 7.90694219085143, -8.88178419700125E-16
-43.853925808055, 7.89674694577034, -0.862041169843475
-43.853925808055, 7.850121520686, -1.72286838067409
-43.853925808055, 7.77049269442652, -2.5813042659135
-43.853925808055, 7.67171109921029, -3.437776363484
-43.853925808055, 7.56546735399543, -4.29336096267483
-43.853925808055, 7.45522492384109, -5.14843963024803
-43.853925808055, 7.33903786662483, -6.00272754517311
-43.853925808055, 7.03610886228539, -6.68461813531838
-43.853925808055, 6.81078387333333, -7.51666536413708
-43.853925808055, 6.5050982230565, -8.32230221801453
-43.853925808055, 6.1148026708867, -9.09053646883739
-43.853925808055, 5.60281248911258, -9.78197306845718
-43.853925808055, 4.949419873892, -10.3419872552003
-43.853925808055, 4.19969054259385, -10.765558218997
-43.853925808055, 3.39395333322325, -11.0704508944481
-43.853925808055, 2.55840779790169, -11.2820179234552
-43.853925808055, 1.71119870551651, -11.4412790894732
-43.853925808055, 0.85762220324462, -11.5623273267117
-43.853925808055, -8.88074449106479E-16, -11.65
-38.3721850820481, 7.874513476591, -8.88178419700125E-16
-38.3721850820481, 7.8263466282969, -0.836582948327838
-38.3721850820481, 7.74788635847781, -1.67085434307606
-38.3721850820481, 7.6391755013454, -2.50174169615894
-38.3721850820481, 7.50939486981899, -3.32962397023132
-38.3721850820481, 7.36889377818674, -4.15576459226168
-38.3721850820481, 7.2219065926547, -4.98077559782002
-38.3721850820481, 7.04533727116217, -5.78098425781357
-38.3721850820481, 6.70858538648922, -6.4439892052015
-38.3721850820481, 6.43189539330823, -7.23493713076655
-38.3721850820481, 6.10809251987031, -8.00759747003906
-38.3721850820481, 5.71919291621754, -8.7496132439872
-38.3721850820481, 5.25533601662456, -9.44674157595919
-38.3721850820481, 4.68207096854626, -10.0563615479529
-38.3721850820481, 4.0086124141481, -10.5532176278298
-38.3721850820481, 3.26181084332067, -10.931665990977
-38.3721850820481, 2.47075717008629, -11.2066408393717
-38.3721850820481, 1.6574012743613, -11.407626493848
-38.3721850820481, 0.832287084007813, -11.5534181501498
-38.3721850820481, -8.72209580223352E-16, -11.65
-32.8804443560412, 7.76990010948192, -8.88178419700125E-16
-32.8804443560412, 7.66641512043462, -0.801771121588178
-32.8804443560412, 7.54217612635225, -1.60057900191402
-32.8804443560412, 7.39499382621648, -2.39548079074412
-32.8804443560412, 7.22811300827638, -3.18649255409789
-32.8804443560412, 7.04797315143186, -3.97460201390415
-32.8804443560412, 6.85871805318214, -4.76057062888361
-32.8804443560412, 6.53735722951293, -5.38662070582625
-32.8804443560412, 6.24866647816361, -6.13445406601029
-32.8804443560412, 5.93016891653314, -6.87748470151276
-32.8804443560412, 5.59028351520818, -7.61094921094138
-32.8804443560412, 5.21343453264178, -8.32603619910464
-32.8804443560412, 4.78848033522454, -9.01353073457111
-32.8804443560412, 4.29475801463671, -9.65297964365923
-32.8804443560412, 3.71648200022813, -10.2169109752045
-32.8804443560412, 3.05992521288995, -10.6871032866273
-32.8804443560412, 2.34105457909734, -11.0558168353363
-32.8804443560412, 1.58354931781329, -11.3371259312008
-32.8804443560412, 0.799677467431869, -11.5333305039373
-32.8804443560412, -7.493331296837E-16, -11.65
-30.6977480656385, 7.69267793915891, -8.8826241752043E-16
-30.6977480656385, 7.56163834958207, -0.783514753545881
-30.6977480656385, 7.41345237348483, -1.56396110448843
-30.6977480656385, 7.24603994940843, -2.34050961998559
-30.6977480656385, 7.06108301947809, -3.11307374176575
-30.6977480656385, 6.86308261662281, -3.88240757834588
-30.6977480656385, 6.65565412807978, -4.64925089000194
-30.6977480656385, 6.31268824977466, -5.24907474817482
-30.6977480656385, 6.01106711742638, -5.98379213230894
-30.6977480656385, 5.67836714863795, -6.70516244733212
-30.6977480656385, 5.33359399541835, -7.42083815560751
-30.6977480656385, 4.96442201403597, -8.12417049511003
-30.6977480656385, 4.55530111572682, -8.80495805816381
-30.6977480656385, 4.09001504213787, -9.4483822185141
-30.6977480656385, 3.55149323556117, -10.0316939975864
-30.6977480656385, 2.94166331415082, -10.5397417127687
-30.6977480656385, 2.26255920462184, -10.9508697870085
-30.6977480656385, 1.54152190156746, -11.2832603758158
-30.6977480656385, 0.782551675850556, -11.5156608225777
-30.6977480656385, 2.94122693590511E-16, -11.65
-28.5050517752357, 7.58235688429646, -8.91542947761005E-16
-28.5050517752357, 7.42041464756783, -0.761608922130473
-28.5050517752357, 7.24422452139366, -1.52004432059958
-28.5050517752357, 7.05242551346497, -2.27468303261559
-28.5050517752357, 6.84609487729852, -3.02548241098776
-28.5050517752357, 6.6281646483443, -3.77300341683703
-28.5050517752357, 6.40141056206669, -4.51789300091612
-28.5050517752357, 6.04519050670184, -5.10017561026922
-28.5050517752357, 5.7250188504653, -5.80975588568423
-28.5050517752357, 5.37780177441087, -6.50668932802024
-28.5050517752357, 5.02755740074132, -7.20211391839429
-28.5050517752357, 4.66685885610038, -7.89214745025919
-28.5050517752357, 4.27649398692834, -8.56575258827092
-28.5050517752357, 3.83990764822432, -9.21018173368073
-28.5050517752357, 3.34089485955508, -9.80743911160632
-28.5050517752357, 2.78359990225359, -10.3506660477405
-28.5050517752357, 2.1566701394122, -10.8112255252581
-28.5050517752357, 1.48522100452734, -11.204886017622
-28.5050517752357, 0.760946697758127, -11.4877085348097
-28.5050517752357, 5.42140941108849E-16, -11.65
-26.3123554848331, 7.42664745716693, -9.05697922779314E-16
-26.312355484833, 7.23155580130351, -0.736833070903723
-26.312355484833, 7.02416951970209, -1.47029881607714
-26.312355484833, 6.80412107120914, -2.20006630123687
-26.312355484833, 6.57266091829652, -2.9262977419437
-26.312355484833, 6.33196679087522, -3.64952450664746
-26.312355484833, 6.08381727328302, -4.37022571872612
-26.312355484833, 5.71365930113834, -4.93253350162253
-26.312355484833, 5.37686731617739, -5.61612179884898
-26.312355484833, 5.01546581390876, -6.28722305928193
-26.312355484833, 4.65821015298347, -6.96053792749297
-26.312355484833, 4.30352542260106, -7.63521683323372
-26.312355484833, 3.93541385270014, -8.30262083721354
-26.312355484833, 3.53389803738044, -8.95035081891725
-26.312355484833, 3.07931620157596, -9.56187434863656
-26.312355484833, 2.5823559405138, -10.1396498172001
-26.312355484833, 2.02789391256605, -10.6616449181449
-26.312355484833, 1.41667774528639, -11.1167160654983
-26.312355484833, 0.736126026727442, -11.4560511682786
-26.312355484833, 1.60775299522685E-15, -11.65
-24.1196591944302, 7.21505333198991, -9.39125831191569E-16
-24.1196591944302, 6.98567018729787, -0.711175808952482
-24.1196591944302, 6.74513118825227, -1.41865611043169
-24.1196591944302, 6.49403169049542, -2.1224591579198
-24.1196591944302, 6.23417479584932, -2.82307867290547
-24.1196591944302, 5.96770972346824, -3.52121358297836
-24.1196591944302, 5.69554524455468, -4.21714508246286
-24.1196591944302, 5.31628909743436, -4.76880017613569
-24.1196591944302, 4.95932620774635, -5.4171588249797
-24.1196591944302, 4.58812649378896, -6.0656991344369
-24.1196591944302, 4.22406207568518, -6.71824982864469
-24.1196591944302, 3.87512224333449, -7.37902620341708
-24.1196591944302, 3.53136408200983, -8.04252337813851
-24.1196591944302, 3.17586731586872, -8.69976032417371
-24.1196591944302, 2.78020723770116, -9.33345214534194
-24.1196591944302, 2.35824119971624, -9.95016099374289
-24.1196591944302, 1.89651814449407, -10.5368611181611
-24.1196591944302, 1.34952827592175, -11.0453026104784
-24.1196591944302, 0.71286276253061, -11.4319191614055
-24.1196591944302, 1.60970447793895E-15, -11.65
-21.9269629040274, 6.9424316860283, -9.98660091480176E-16
-21.9269629040275, 6.67915275975047, -0.686109903683519
-21.9269629040275, 6.4055888514585, -1.36818538675047
-21.9269629040275, 6.12311627690023, -2.04662218306966
-21.9269629040275, 5.83402623279575, -2.72226827820441
-21.9269629040275, 5.54078219081467, -3.39612295926789
-21.9269629040275, 5.24360639103308, -4.06825199011532
-21.9269629040275, 4.87563184948128, -4.64365897699901
-21.9269629040275, 4.48216985226567, -5.22641421662249
-21.9269629040275, 4.11035574983075, -5.86031147299189
-21.9269629040275, 3.74583015132887, -6.49838460430336
-21.9269629040275, 3.40333855032542, -7.1485569339836
-21.9269629040275, 3.08257591765023, -7.80971701799087
-21.9269629040275, 2.77923519565163, -8.47908490187582
-21.9269629040275, 2.45911103193608, -9.14049931699605
-21.9269629040275, 2.13568463882478, -9.80037205530708
-21.9269629040275, 1.77773016935816, -10.4409442363853
-21.9269629040275, 1.28990441153717, -10.9892156167417
-21.9269629040275, 0.692200769150553, -11.4121388750272
-21.9269629040275, 1.52340466911802E-15, -11.65
-19.7342666136248, 6.61027630964584, -1.25408208056779E-07
-19.7342666136248, 6.31532374351334, -0.662927280784958
-19.7342666136247, 6.01101055743248, -1.32161156662607
-19.7342666136247, 5.6992200920612, -1.97679238632855
-19.7342666136247, 5.38252196332238, -2.62961730493495
-19.7342666136247, 5.06346273441338, -3.28129213367289
-19.7342666136247, 4.74178980880344, -3.93167997669725
-19.7342666136247, 4.38348506967431, -4.53329198531722
-19.7342666136247, 3.9563728962074, -5.05280577325621
-19.7342666136247, 3.58982710535256, -5.67900338985964
-19.7342666136247, 3.22990942645374, -6.30897629952667
-19.7342666136247, 2.89801690927576, -6.95413955082282
-19.7342666136247, 2.60086146408898, -7.61595933100261
-19.7342666136247, 2.35119176564323, -8.29707290724864
-19.7342666136247, 2.12792971754773, -8.98745312556813
-19.7342666136247, 1.93403797753194, -9.68660016214642
-19.7342666136247, 1.67342362847334, -10.3612955777034
-19.7342666136247, 1.23630332091797, -10.9384442768527
-19.7342666136247, 0.673272754192997, -11.3919269597726
-19.7342666136247, 1.39363495992291E-15, -11.65
-17.5415703232358, 6.22640142551534, -2.81156982418978E-06
-17.5415703232286, 5.90219118662342, -0.64247345576803
-17.5415703232244, 5.56938441383534, -1.28053585155751
-17.5415703232225, 5.23020722455936, -1.91523752817585
-17.541570323222, 4.88731847134708, -2.54794351771479
-17.541570323222, 4.54332592603432, -3.18005053382401
-17.541570323222, 4.1976504375199, -3.8112379605267
-17.541570323222, 3.84243695827463, -4.43522124386865
-17.541570323222, 3.39399702725498, -4.90559120484003
-17.541570323222, 3.0278383473609, -5.52511967473699
-17.541570323222, 2.67949084366314, -6.15474874639388
-17.541570323222, 2.36618032584179, -6.80249035106986
-17.541570323222, 2.10042044144642, -7.47102340165981
-17.541570323222, 1.90888135617185, -8.16420150033472
-17.541570323222, 1.81191411266367, -8.87665131154928
-17.541570323222, 1.76618973984737, -9.59474896902557
-17.541570323222, 1.58026455515099, -10.2860028011718
-17.541570323222, 1.18689938284066, -10.8862612511975
-17.541570323222, 0.654880406745687, -11.3673287014164
-17.541570323222, 3.52983996364622E-16, -11.65
-15.3488740329848, 5.7972677854199, -1.24173926587442E-05
-15.3488740328992, 5.44503378413467, -0.624382730475078
-15.3488740328495, 5.08491095454573, -1.24423994910466
-15.3488740328264, 4.71945815151749, -1.86097201219204
-15.3488740328196, 4.35134438436984, -2.47612094879791
-15.3488740328192, 3.98317669983523, -3.09123767119184
-15.3488740328192, 3.6140564103128, -3.7057826838209
-15.3488740328192, 3.23824933957777, -4.31623795966508
-15.3488740328192, 2.78254832594206, -4.77692726574483
-15.3488740328192, 2.42692664691186, -5.39934913514433
-15.3488740328192, 2.09994613209776, -6.03719927020861
-15.3488740328192, 1.81761737005509, -6.69594911629501
-15.3488740328192, 1.59552442494341, -7.37720653234246
-15.3488740328192, 1.47270976497827, -8.08234222058948
-15.3488740328192, 1.54551649986534, -8.79261632699233
-15.3488740328192, 1.6241488147962, -9.5041636028545
-15.3488740328192, 1.48970795943448, -10.2035767358533
-15.3488740328192, 1.1377747279345, -10.8256557621943
-15.3488740328192, 0.634237592708497, -11.332859500475
-15.3488740328192, -7.06635479643614E-16, -11.65
-13.1561777433297, 5.32438506414162, -3.39218872458154E-05
-13.156177742835, 4.94459561777471, -0.607978756061174
-13.1561777425577, 4.55738870975658, -1.21122983819956
-13.1561777424416, 4.16567653270013, -1.81156813010506
-13.1561777424168, 3.77273002550147, -2.41109991689587
-13.1561777424165, 3.38117742371354, -3.01154291052449
-13.1561777424165, 2.9891015256823, -3.61164389486871
-13.1561777424165, 2.59076565523494, -4.20758922074984
-13.1561777424165, 2.1336883819101, -4.67365448463616
-13.1561777424165, 1.79069698547608, -5.30298695526595
-13.1561777424165, 1.49155983036211, -5.95420033897487
-13.1561777424165, 1.25048612556549, -6.62901846739832
-13.1561777424165, 1.07910866102429, -7.32462941516633
-13.1561777424165, 1.04569609335951, -8.03738673885952
-13.1561777424165, 1.32378648935298, -8.69453991449975
-13.1561777424165, 1.48328156151159, -9.39093878374593
-13.1561777424165, 1.38675133206054, -10.0966079077306
-13.1561777424165, 1.07884696803569, -10.741639175847
-13.1561777424165, 0.604909346196534, -11.276428999109
-13.1561777424165, -8.84513185120848E-16, -11.65
-11.1084195018713, 4.8403407813659, -0.000141758249219677
-11.2453317120322, 4.4667079723522, -0.598238600484109
-11.3835326917367, 4.08955811701958, -1.1938283593197
-11.5217969889504, 3.71223546848775, -1.78929427473385
-11.6591237454111, 3.3374713644764, -2.38658888534711
-11.7947406967185, 2.9673733110792, -2.98717207101635
-11.9295998626594, 2.59934325055695, -3.58919871498448
-12.065933010631, 2.22729069966722, -4.18840284149772
-12.216661786582, 1.81595254442471, -4.68005620543982
-12.3269113364574, 1.51508201604732, -5.32286387848472
-12.4207503242177, 1.25899583826455, -5.98722960523404
-12.4948461701929, 1.0567886060868, -6.6723418752557
-12.5453426777326, 0.918983862921485, -7.37513033153581
-12.5367673310219, 0.942385945730718, -8.08661205891055
-12.4148455600718, 1.27510991320221, -8.70893708874312
-12.3577970167625, 1.43079513267038, -9.40445481610322
-12.3965822288141, 1.32495046249812, -10.1096031755617
-12.505387531924, 1.02802127708255, -10.7521916423721
-12.6722420471591, 0.572676051476538, -11.2791123233393
-12.8820907061161, 0, -11.6496228110867
-9.59061831928739, 4.45032754356901, -0.000228553641216929
-9.84217139183372, 4.08915531880572, -0.588995599192363
-10.0942755239687, 3.72719189950211, -1.17704115470888
-10.3447199138928, 3.36761148741338, -1.7672509310926
-10.5914147113187, 3.01341462580508, -2.3622721016297
-10.8335808538124, 2.66571986874466, -2.96296083670557
-11.0736958030941, 2.32097015230055, -3.56617227743658
-11.3154640058104, 1.97384674502838, -4.16735238700028
-11.5747228162, 1.60161085703043, -4.67256722165416
-11.7640668767164, 1.3297564332692, -5.32858891645915
-11.9233447382945, 1.10107014039517, -6.00856010919545
-12.0477435250996, 0.922462158654114, -6.71044111976966
-12.1292749095469, 0.805401885007754, -7.4309735555052
-12.0692032455026, 0.891650946998976, -8.14217726441769
-11.8235989222712, 1.24428213903739, -8.73359645184393
-11.7254964321171, 1.38513470054716, -9.44259168862426
-11.8125503131634, 1.26014539481733, -10.157279119734
-12.019325349841, 0.96326410743559, -10.7941030594586
-12.3232593231201, 0.526884983940234, -11.2985055405979
-12.6902297807059, 0, -11.6483248125128
-8.382017725736, 4.11635112955967, -0.000325192837166523
-8.72838100941676, 3.76998784587891, -0.579830136874108
-9.07354850245079, 3.42482035284488, -1.16075862683551
-9.41469148437671, 3.08367737091896, -1.74641687763014
-9.74950369107654, 2.74886516421913, -2.33933285820014
-10.0771684227189, 2.42120043257674, -2.94018012474711
-10.4013863157971, 2.09698253949855, -3.5447681286828
-10.7269253992277, 1.77144345606798, -4.14793141387349
-11.0674800410266, 1.43088881426903, -4.66431804099839
-11.3180072414903, 1.18036161380539, -5.33506561011617
-11.526780461496, 0.971588393799712, -6.03375286939962
-11.6896239043596, 0.808744950936065, -6.75646794139268
-11.7897161885693, 0.708652666726341, -7.50099265668728
-11.6284443650598, 0.869924490235863, -8.18786885976048
-11.2813521947867, 1.21701666050901, -8.75634368633747
-11.1610180814449, 1.33735077385075, -9.48614702248001
-11.304288531651, 1.19408032364467, -10.2128219129825
-11.6020433718862, 0.896325483409498, -10.8401035907668
-12.0169365328319, 0.481432322463749, -11.3182289586904
-12.4983688552957, 0, -11.6459731911576
-7.24525292399743, 3.78014517937766, -0.000442712568064053
-7.68417880822466, 3.4523206450605, -0.570533239518067
-8.11984944124322, 3.12692738957632, -1.14449608340496
-8.54896231906453, 2.80643198386804, -1.72609530173108
-8.96908602503941, 2.49265040202012, -2.31782551258575
-9.37951012067055, 2.18611325564129, -2.92006515696864
-9.78517634551436, 1.88312966313396, -3.52732512674636
-10.191627696619, 1.57955967629426, -4.13376571577543
-10.6064747881012, 1.26971908710819, -4.66450233431196
-10.9162100866214, 1.03838429085267, -5.35385067565726
-11.1719562435403, 0.847372851773554, -6.07685903358233
-11.371174071578, 0.698581235578175, -6.82704652384003
-11.4783812265232, 0.61851046074284, -7.60419303932433
-11.1530454103522, 0.861496956334681, -8.22071227559046
-10.715879001537, 1.18800737538022, -8.77870924167375
-10.5929962043904, 1.27978595850277, -9.53865781874205
-10.8070390264622, 1.11992186528988, -10.2781078457229
-11.2039812363915, 0.823454056493428, -10.8893512778128
-11.7241377399145, 0.4349600768329, -11.3378540449989
-12.3065079298854, 0, -11.642424018067
-6.10465120822027, 3.41778394408563, -0.000591146841513483
-6.64048569189397, 3.11306384825319, -0.561549683263963
-7.17087247954167, 2.8114417659038, -1.12931006583366
-7.69210222746327, 2.51502713866956, -1.7081724772883
-8.20167472480847, 2.22524179458341, -2.30060681196161
-8.6990460720873, 1.94239504017518, -2.90660647822496
-9.19059123877162, 1.66286153708464, -3.51889324555583
-9.68224245946828, 1.38326772285365, -4.13106718283467
-10.1717636018292, 1.10488524849414, -4.68237286908287
-10.5422990073867, 0.894167969686909, -5.39814839245524
-10.8479231272033, 0.720364651840124, -6.15341661651663
-11.0851532608115, 0.585455848375602, -6.94045384208229
-11.1648862617737, 0.540113026227175, -7.76093124665447
-10.6128579650868, 0.854042272279793, -8.24144745960912
-10.0880001340456, 1.15252012961506, -8.80036562350911
-9.99341519369593, 1.20630900092854, -9.60322896865993
-10.2978520621165, 1.03318085306465, -10.3544282114455
-10.8079794049445, 0.743079977645894, -10.9405203363472
-11.4342812477999, 0.386912609942201, -11.357074994688
-12.1146470044752, 0, -11.6375227478334
-4.91946961266914, 3.00947232942411, -0.00078468375114614
-5.56170177359485, 2.73349166702704, -0.554165137465552
-6.19628573097854, 2.46079759849447, -1.11788738824561
-6.81910038564135, 2.19316104678911, -1.69693400548502
-7.42759811598722, 1.9316767784742, -2.29373699376991
-8.02200143167216, 1.67624917647232, -2.907147580553
-8.60865095887002, 1.42415354040572, -3.5293629261698
-9.19644451723591, 1.17156629009312, -4.14852658398293
-9.76231660458567, 0.928399156772214, -4.73594459226522
-10.1996683840837, 0.740459901857891, -5.48928263546872
-10.56153544323, 0.584958018335078, -6.2886756828465
-10.838802344678, 0.465810601282486, -7.12678324579404
-10.7443816950659, 0.506385139602606, -7.95698337090289
-9.97459315850421, 0.8371794584666, -8.25356777333647
-9.35837859605436, 1.10197981178198, -8.8211543945314
-9.33989489328398, 1.10992264747985, -9.68272573121026
-9.76102675680856, 0.928953431480919, -10.4413504136958
-10.4011571935149, 0.653875924169384, -10.9918251075034
-11.1395512167268, 0.336572487757352, -11.3756852414725
-11.9227860790649, 0, -11.6311074270692
-3.66652072928336, 2.53336599268864, -0.00104518919948297
-4.43004663181356, 2.29351064141665, -0.551044759172015
-5.18395335542641, 2.05667707569317, -1.11541779843096
-5.92432504984498, 1.82409542751579, -1.69912406455501
-6.64712428707394, 1.59703402151743, -2.30652300208229
-7.35236079113136, 1.3754898029782, -2.93623698570651
-8.04851310276141, 1.15679930840362, -3.57698832996172
-8.77680759714156, 0.928011612792874, -4.13749728374019
-9.3950224847701, 0.733804515767972, -4.85500524365275
-9.90888006844065, 0.572380403204617, -5.66246122025207
-10.338865932564, 0.437303898086043, -6.52219199706332
-10.6422995921987, 0.341982721976285, -7.43668237428038
-10.0876556261089, 0.516219539452299, -8.03851119696337
-9.18563036120086, 0.799583320633468, -8.24865670974552
-8.48491441112457, 1.01970744450467, -8.84585387250906
-8.60867544682661, 0.980828938099415, -9.77992975849309
-9.18208660940879, 0.800696560967672, -10.5343886504885
-9.96914437586594, 0.553448869148265, -11.0417125430961
-10.8319209503727, 0.28241473964227, -11.3936155143057
-11.7309251536547, 0, -11.6230137139655
-2.34718957171181, 1.96347258292443, -0.00140772806163845
-3.25325704166618, 1.76992788154289, -0.554215264934535
-4.14740829551712, 1.57892859820561, -1.12691659439167
-5.02439183877362, 1.39159650250125, -1.72670335061032
-5.8816568677054, 1.20847647057053, -2.35559557669323
-6.72085139507271, 1.0292164710823, -3.00950989983712
-7.55107931522306, 0.851871824891434, -3.67532445604633
-8.39928074331805, 0.670687865025503, -4.28223834380336
-9.10575840243715, 0.519777461439535, -5.0820271942999
-9.71243521551348, 0.390185475725853, -5.96417205536438
-10.2323183227665, 0.279133457986318, -6.90238517158961
-10.2627584958041, 0.272631145083659, -7.87795829490211
-9.22450799315148, 0.494411409974139, -8.02347820555593
-8.18692071445093, 0.716050003867693, -8.20326398550405
-7.45877852651451, 0.871588158586514, -8.89161111730531
-7.77814427381577, 0.803368572029646, -9.89803718541759
-8.54598998334214, 0.639349364315613, -10.6262913084766
-9.49670082317335, 0.436268410968303, -11.090317017192
-10.5035200769972, 0.221202162274552, -11.4110004026009
-11.5390642282445, 0, -11.6130818811252
-1.04583184977507, 1.26924790918573, -0.00194137300063497
-2.11023511278217, 1.13810113690804, -0.565010028281315
-3.16040040953384, 1.00870864647361, -1.15453856835409
-4.19000119598238, 0.881849941159403, -1.77976516970197
-5.1962604937921, 0.757867176761134, -2.44246068027141
-6.18304358189689, 0.636284106283185, -3.13432727770868
-7.1600855763662, 0.515901251017971, -3.84010388476899
-8.11582359552948, 0.398143291499672, -4.54826233463758
-8.93091682244362, 0.297714394360448, -5.43787362169115
-9.66793690104727, 0.206905010575167, -6.39451952356825
-10.269474005372, 0.132788693593408, -7.43734057010984
-9.40895670270753, 0.238814361360262, -7.95708039549171
-8.2069014603533, 0.386921446910581, -7.94925565416853
-7.0162550045091, 0.533622838229778, -8.09482724071016
-6.36183929346512, 0.614254410129285, -8.9686787459456
-6.87616093258759, 0.550884045505522, -10.038528000058
-7.86667173019206, 0.428841678174714, -10.7129224000246
-8.99083223566369, 0.29033212363037, -11.1391453281229
-10.1579936007583, 0.146524366665277, -11.4272094587507
-11.3472033028342, 0, -11.6011656650509
-0.130156610003772, 0.438741065879703, -0.00278818559892141
-1.30848727474402, 0.391850059894609, -0.584282578391859
-2.46962613184545, 0.345643192224004, -1.19935248005807
-3.6056788346112, 0.300434613954071, -1.85961733170267
-4.71331622509057, 0.256356807052788, -2.5666093042108
-5.7992502351965, 0.21314267396518, -3.30668428861119
-6.87161200514286, 0.170468640540254, -4.06626877468866
-7.88780905914988, 0.130029650393135, -4.8902900537252
-8.83282046280116, 0.0924234531595581, -5.80358753458527
-9.73012692909933, 0.0567156470736269, -6.76362125073892
-10.0351438928447, 0.0445776685752995, -7.85110866556975
-8.73220893966535, 0.0964272321281473, -7.90782853491245
-7.41984914552541, 0.148651851925493, -7.84949944095592
-6.11834644172265, 0.20044441992005, -7.98157428594167
-5.51828922340675, 0.224323359387056, -9.02689202474775
-6.16759407187615, 0.198484638180186, -10.1302516830734
-7.31622935748318, 0.152775343103865, -10.7594529875139
-8.56491467871615, 0.10308461313857, -11.165505638222
-9.85109313689895, 0.0519018648784766, -11.4312293629791
-11.155342377424, 0, -11.5871423699231
