-109.579997112877, 6.43260954735975, -8.88178419700125E-16
-109.579997112877, 6.5901171304881, -0.776321801858788
-109.579997112877, 6.71320578061712, -1.55885006783592
-109.579997112877, 6.80734438634055, -2.34541177237896
-109.579997112877, 6.88225362965089, -3.13405945212923
-109.579997112877, 6.94777438171973, -3.92355065933323
-109.579997112877, 7.00789253098061, -4.71347267468619
-109.579997112877, 7.06443569464625, -5.50365932767114
-109.579997112877, 7.11922858309946, -6.29396961523542
-109.579997112877, 7.18624667952924, -7.0829862436546
-109.579997112877, 7.01525387976887, -7.81646760555608
-109.579997112877, 6.30263803722251, -8.14887093218539
-109.579997112877, 5.52984471607591, -8.32043298408472
-109.579997112877, 4.74379463867259, -8.41831650381196
-109.579997112877, 3.95428289326812, -8.48322830688429
-109.579997112877, 3.16366399575932, -8.53330986963696
-109.579997112877, 2.3727482950446, -8.57852976586154
-109.579997112877, 1.5818834696862, -8.62462979783382
-109.579997112877, 0.791046891845678, -8.67120528539113
-109.579997112877, 2.65118277081385E-22, -8.71405914178327
-107.442118229735, 6.61065561557653, -8.88178419700125E-16
-107.442118229735, 6.72577116435361, -0.791455678765285
-107.442118229735, 6.82848411476689, -1.5846130397284
-107.442118229735, 6.91765739505146, -2.37940708946039
-107.442118229735, 6.99517086562108, -3.17542672256786
-107.442118229735, 7.06414720438154, -3.97223392502481
-107.442118229735, 7.12733732212464, -4.76952284284173
-107.442118229735, 7.18816424646996, -5.56699638925847
-107.442118229735, 7.25006601492125, -6.36438683531157
-107.442118229735, 7.27925315663623, -7.1324071658977
-107.442118229735, 7.12864259507782, -7.87045810101536
-107.442118229735, 6.38048013615037, -8.14386623854952
-107.442118229735, 5.59433203447184, -8.28760425739634
-107.442118229735, 4.79700650679376, -8.34883015526283
-107.442118229735, 3.99788456645361, -8.3811919580455
-107.442118229735, 3.19843232954394, -8.40437846961641
-107.442118229735, 2.3988765570827, -8.42372179281863
-107.442118229735, 1.59926938002673, -8.44081149039839
-107.442118229735, 0.799637911256617, -8.45673206208536
-107.442118229735, 8.98891525784371E-16, -8.47232697420331
-105.249421939332, 6.72807476998435, -8.88178419700125E-16
-105.249421939332, 6.82594057999212, -0.80197544056553
-105.249421939332, 6.9207832650268, -1.60431270096005
-105.249421939332, 7.00918116026411, -2.40738380029801
-105.249421939332, 7.09002800208917, -3.21125063702368
-105.249421939332, 7.16470645951746, -4.01571517480411
-105.249421939332, 7.23509076202193, -4.8205676226931
-105.249421939332, 7.30310642797944, -5.62562417275357
-105.249421939332, 7.37068099525047, -6.43071795627152
-105.249421939332, 7.35198308785594, -7.16620261596666
-105.249421939332, 7.22075306869773, -7.92084232876168
-105.249421939332, 6.45367558501139, -8.16402709097957
-105.249421939332, 5.65373827291786, -8.27244406396895
-105.249421939332, 4.8467899852929, -8.31142101430168
-105.249421939332, 4.03918788644273, -8.33405531442618
-105.249421939332, 3.23142827860157, -8.35034638995826
-105.249421939332, 2.4236110363134, -8.36350768353416
-105.249421939332, 1.61575305041314, -8.37385026274143
-105.249421939332, 0.807872643604137, -8.38230817262289
-105.249421939332, 9.51293194179134E-16, -8.39147990008786
-103.056725648929, 6.81652892403547, -8.88178419700125E-16
-103.056725648929, 6.90945118344805, -0.812677465898862
-103.056725648929, 7.00124523641537, -1.62548291673006
-103.056725648929, 7.09001474404312, -2.43862368076572
-103.056725648929, 7.17386047883998, -3.25228586665213
-103.056725648929, 7.25300904270655, -4.06641980287068
-103.056725648929, 7.32934720469104, -4.88082204827873
-103.056725648929, 7.40277738846482, -5.69549160683395
-103.056725648929, 7.47319461863015, -6.51042709051917
-103.056725648929, 7.41476515898653, -7.22353263631164
-103.056725648929, 7.30777493454504, -8.00745517646167
-103.056725648929, 6.53646482735931, -8.260759176908
-103.056725648929, 5.7245170366053, -8.35389504548184
-103.056725648929, 4.90709828657768, -8.38359356129926
-103.056725648929, 4.0893940901524, -8.40447368817722
-103.056725648929, 3.27159425761184, -8.42127062489789
-103.056725648929, 2.45374647380984, -8.43554027077596
-103.056725648929, 1.63584741961928, -8.44644425535258
-103.056725648929, 0.817916652139377, -8.45471015795894
-103.056725648929, 1.70376740924146E-16, -8.46427182457107
-100.864029358526, 6.8901466362799, -8.88178419700125E-16
-100.864029358526, 6.98476025128935, -0.824468452535338
-100.864029358526, 7.07689587120924, -1.6492172706791
-100.864029358526, 7.16564351563406, -2.47433721440661
-100.864029358526, 7.25009144989943, -3.29990794449413
-100.864029358526, 7.33027248863375, -4.12590462604688
-100.864029358526, 7.40839008526505, -4.95209932697507
-100.864029358526, 7.48459473032267, -5.77847261096564
-100.864029358526, 7.55750224135079, -6.60514226620546
-100.864029358526, 7.47114706113333, -7.3089600451709
-100.864029358526, 7.38599005759317, -8.12125922674249
-100.864029358526, 6.63022684584043, -8.42750277239729
-100.864029358526, 5.80733974084513, -8.52945268665513
-100.864029358526, 4.97816614593999, -8.56298473573217
-100.864029358526, 4.1486095634553, -8.58611258992171
-100.864029358526, 3.31900015625496, -8.60728820705903
-100.864029358526, 2.4893417861262, -8.62643804941492
-100.864029358526, 1.65959353745465, -8.64110897311763
-100.864029358526, 0.829785158806087, -8.65197690435662
-100.864029358526, 1.2399334524713E-15, -8.66449202695184
-98.6713330681237, 6.95431681335098, -8.88178419700125E-16
-98.6713330681237, 7.05333003388006, -0.836521214975166
-98.6713330681237, 7.14713093750764, -1.673642429044
-98.6713330681237, 7.23546413102064, -2.51135849372035
-98.6713330681237, 7.3193815280511, -3.34952905054883
-98.6713330681237, 7.40016278440991, -4.18800817752095
-98.6713330681237, 7.47911611209294, -5.02666145196777
-98.6713330681237, 7.55592932866924, -5.86551332823664
-98.6713330681237, 7.62818597520202, -6.70476726987284
-98.6713330681237, 7.52126778368587, -7.40783104512268
-98.6713330681237, 7.44604681566473, -8.2398873114702
-98.6713330681237, 6.7244796103157, -8.6226260820401
-98.6713330681237, 5.89256993994802, -8.75036439255089
-98.6713330681237, 5.05179077415733, -8.80078215641477
-98.6713330681237, 4.21005041083771, -8.83308468886592
-98.6713330681237, 3.36826309086257, -8.86418558204422
-98.6713330681237, 2.5264042877978, -8.89327250882108
-98.6713330681237, 1.68435625018318, -8.91612529820762
-98.6713330681237, 0.842168695387896, -8.93324304289439
-98.6713330681237, 1.5257424674094E-15, -8.95126848771456
-96.4786367777188, 7.01216535153612, -8.88178419700125E-16
-96.47863677772, 7.11501039626003, -0.848259170742284
-96.4786367777206, 7.21019865441681, -1.69741149904749
-96.4786367777209, 7.2984614335018, -2.54731273589607
-96.4786367777209, 7.38193311415056, -3.39769902442619
-96.4786367777209, 7.46249055211821, -4.24836675034812
-96.4786367777209, 7.54113736436551, -5.09921326034411
-96.4786367777209, 7.61720407739337, -5.95029395982411
-96.4786367777209, 7.68687178764401, -6.80191562858893
-96.4786367777209, 7.56514831834412, -7.50936267944535
-96.478636777721, 7.49045108708109, -8.35597701562438
-96.4786367777209, 6.80918151258771, -8.81621721560906
-96.4786367777209, 5.97164672214293, -8.98176044149277
-96.4786367777209, 5.12102793229079, -9.06126958132223
-96.4786367777209, 4.26811711815154, -9.1128611535411
-96.4786367777209, 3.41501917149625, -9.16132778191989
-96.4786367777209, 2.5617599713691, -9.2068510883035
-96.478636777721, 1.70808318688719, -9.24358033221078
-96.478636777721, 0.854067453930347, -9.27153020130624
-96.4786367777209, 1.94144675820072E-15, -9.29787871226526
-94.2859404873094, 7.0657739232627, -8.88178419700125E-16
-94.2859404873145, 7.17049724132069, -0.859210359442864
-94.2859404873172, 7.2665771919845, -1.7194299515251
-94.2859404873181, 7.35485886617685, -2.58048623729514
-94.2859404873182, 7.43782804034933, -3.44207211062231
-94.2859404873182, 7.51761549833163, -4.30395890403619
-94.2859404873182, 7.59515939534453, -5.16605045324781
-94.2859404873182, 7.66946224253575, -6.02842684093287
-94.2859404873182, 7.73459817267708, -6.8915265214806
-94.2859404873182, 7.60310837762139, -7.60619621684451
-94.2859404873182, 7.5228405316627, -8.46422449739709
-94.2859404873182, 6.87520840019341, -8.98873933486411
-94.2859404873182, 6.03667199819073, -9.20005498744109
-94.2859404873182, 5.17964443925223, -9.31989083698693
-94.2859404873182, 4.31799193607811, -9.40204123826403
-94.2859404873182, 3.45565302227435, -9.47678042109736
-94.2859404873182, 2.59287486319976, -9.54624430577167
-94.2859404873182, 1.72922044167432, -9.60357173897431
-94.2859404873182, 0.864752562928573, -9.64723164644344
-94.2859404873182, 3.83287138482599E-15, -9.68486707649515
-92.0932441969155, 7.11610711424876, -8.88178419700125E-16
-92.0932441969154, 7.22063925289261, -0.869462589132186
-92.0932441969154, 7.31695771490747, -1.73987258533156
-92.0932441969154, 7.40525950434869, -2.6111334992217
-92.0932441969154, 7.48767063794608, -3.48297267243
-92.0932441969154, 7.56627852933361, -4.35516374690349
-92.0932441969154, 7.64215317388753, -5.22759675166432
-92.0932441969154, 7.71395486281358, -6.10037350340285
-92.0932441969154, 7.68633444060245, -6.89153619011653
-92.0932441969154, 7.63564767841479, -7.69763326703253
-92.0932441969154, 7.54560531098269, -8.56500276086669
-92.0932441969154, 6.92159260750039, -9.13858587051149
-92.0932441969154, 6.08622083246424, -9.39817361409046
-92.0932441969154, 5.22640800724815, -9.56310909802273
-92.0932441969154, 4.35899002506336, -9.6832536019386
-92.0932441969154, 3.48975623965934, -9.78967089397129
-92.0932441969154, 2.61960224025166, -9.88826850971972
-92.0932441969155, 1.7477297090663, -9.9700098516855
-92.0932441969155, 0.874265795919462, -10.0328262066956
-92.0932441969154, 4.43900188180303E-15, -10.0832933834962
-89.9005479065127, 7.16363167575338, -8.88178419700125E-16
-89.9005479065127, 7.26663410776075, -0.879166382587681
-89.9005479065127, 7.36260355662941, -1.75912695769636
-89.9005479065127, 7.45070562164407, -2.63991032587743
-89.9005479065127, 7.53232571541136, -3.52131917189191
-89.9005479065127, 7.60940765840829, -4.40313746068706
-89.9005479065127, 7.683222482876, -5.28523513463725
-89.9005479065127, 7.75206339862754, -6.16773330342707
-89.9005479065127, 7.646204410849, -6.89967834579705
-89.9005479065127, 7.66313694870967, -7.78465024415216
-89.9005479065127, 7.56097615105873, -8.66002671027336
-89.9005479065127, 6.95393569266716, -9.27185574740287
-89.9005479065127, 6.12425970610153, -9.57709948267318
-89.9005479065127, 5.26404792971893, -9.7848118009062
-89.9005479065127, 4.393218102723, -9.94330325559277
-89.9005479065127, 3.51898874649789, -10.0820727323729
-89.9005479065127, 2.64305737754609, -10.2096535950161
-89.9005479065127, 1.76430002303002, -10.3156938837715
-89.9005479065127, 0.882875875113317, -10.3970187284791
-89.9005479065127, 4.94588420637342E-15, -10.460708692826
-87.6978516161099, 7.2089837504596, -8.88178419700125E-16
-87.6978516161099, 7.30972949284259, -0.88825763223331
-87.6978516161099, 7.40478206375771, -1.7771409263723
-87.6978516161099, 7.49224088728798, -2.66680308822077
-87.6978516161099, 7.5726893576111, -3.55712731419997
-87.6978516161099, 7.64795322185166, -4.44790629029184
-87.6978516161099, 7.71946850358838, -5.33899376922919
-87.6978516161099, 7.78514971678227, -6.23052789062466
-87.6978516161099, 7.67360386420729, -6.97256204159196
-87.69785161611, 7.68600381011111, -7.86636895899989
-87.6978516161099, 7.5715942441941, -8.74888090986674
-87.6978516161099, 6.97935240668006, -9.39282960107246
-87.6978516161099, 6.15632171053252, -9.73816468741113
-87.6978516161099, 5.29636905318191, -9.98143936198564
-87.6978516161099, 4.42321887322253, -10.1728788788572
-87.6978516161099, 3.54500831137456, -10.3398465405543
-87.6978516161099, 2.66423025697241, -10.4926941616732
-87.6978516161099, 1.77940905434341, -10.6196513404533
-87.6978516161099, 0.890721881259213, -10.7163559805502
-87.69785161611, 6.12328168717813E-15, -10.7921197372863
-82.2261108901031, 7.31635748646048, -8.88178419700125E-16
-82.2261108901031, 7.41066792748335, -0.906597514081143
-82.2261108901031, 7.50052670199731, -1.81364547043876
-82.2261108901031, 7.58299604030757, -2.72139397963991
-82.2261108901031, 7.65794300960249, -3.62979520654627
-82.2261108901031, 7.72724403581804, -4.53864616454813
-82.2261108901031, 7.7922922039662, -5.44781108020141
-82.2261108901031, 7.85026840772788, -6.35745035892453
-82.2261108901031, 7.72714351864809, -7.11907618280713
-82.2261108901031, 7.72365835829433, -8.03050304241867
-82.226110890103, 7.5921561773487, -8.92865469920045
-82.2261108901031, 7.04436022470022, -9.64125659219909
-82.2261108901031, 6.23773021661568, -10.0593250119704
-82.226110890103, 5.37305066888407, -10.3466407691581
-82.2261108901031, 4.49109305833492, -10.5764718451507
-82.2261108901031, 3.60220300316846, -10.7781107820312
-82.2261108901031, 2.70962857573452, -10.9627576564592
-82.2261108901031, 1.81106589016423, -11.115037238669
-82.2261108901031, 0.90655121378867, -11.2273695569048
-82.2261108901031, 4.67515329413512E-15, -11.3220622787606
-76.7443701640962, 7.44061493550168, -8.88178419700125E-16
-76.7443701640962, 7.52489867514923, -0.918174146686126
-76.7443701640962, 7.60218157823989, -1.83696219306065
-76.7443701640962, 7.6709363995519, -2.75642785716899
-76.7443701640962, 7.73247744305779, -3.67640577550712
-76.7443701640962, 7.78920106989041, -4.59669459082448
-76.7443701640962, 7.84221087149169, -5.51720450385807
-76.7443701640962, 7.88875874084915, -6.43806022719974
-76.7443701640963, 7.75322024622365, -7.20963849803133
-76.7443701640962, 7.73057426370006, -8.13135333219066
-76.7443701640962, 7.59495989785372, -9.04058537642647
-76.7443701640962, 7.09335913350977, -9.80231993579789
-76.7443701640962, 6.30860783900163, -10.2762655263747
-76.7443701640962, 5.43746483123752, -10.5768566101151
-76.7443701640962, 4.54532064591433, -10.8093503905459
-76.7443701640962, 3.64571118223065, -11.0113884312274
-76.7443701640962, 2.74232675631216, -11.1958198350426
-76.7443701640962, 1.83279769541854, -11.346364688689
-76.7443701640962, 0.917007053343925, -11.4532936547582
-76.7443701640962, 2.44616266337226E-15, -11.5494569894226
-71.2626294380893, 7.60208270441801, -8.88178419700125E-16
-71.2626294380893, 7.66953914328969, -0.92280162738507
-71.2626294380893, 7.72398912199362, -1.84646091447712
-71.2626294380893, 7.76682945523182, -2.77073515651608
-71.2626294380893, 7.80269589314676, -3.69530935264748
-71.2626294380893, 7.83517824954415, -4.62000950304122
-71.2626294380893, 7.86530381840714, -5.54478932277457
-71.2626294380893, 7.89147865731091, -6.46968816931247
-71.2626294380893, 7.74116601233295, -7.24183376824483
-71.2626294380893, 7.69576175149838, -8.1658996364378
-71.2626294380893, 7.55263061670789, -9.07835252254803
-71.2626294380893, 7.09081180788925, -9.86943501707195
-71.2626294380894, 6.33062565056046, -10.3864150403237
-71.2626294380893, 5.46353708855957, -10.7073924168261
-71.2626294380893, 4.56972932379391, -10.9459956214059
-71.2626294380893, 3.66543831173661, -11.1417268395435
-71.2626294380893, 2.75651743728171, -11.3147885910941
-71.2626294380893, 1.84189296042555, -11.4539066354239
-71.2626294380893, 0.921543824290271, -11.5489524954801
-71.2626294380893, 1.18692579229867E-15, -11.6319083081938
-65.7808887120825, 7.75212420408309, -8.88178419700125E-16
-65.7808887120825, 7.80140042004914, -0.919221483159007
-65.7808887120825, 7.82983486791969, -1.83932491742883
-65.7808887120825, 7.8418614839066, -2.7598002051717
-65.7808887120825, 7.84636599831369, -3.68034971219657
-65.7808887120825, 7.8490866265907, -4.60090639801253
-65.7808887120825, 7.85010037303541, -5.5214664697014
-65.7808887120825, 7.84891387079833, -6.44202623666579
-65.7808887120825, 7.67625625362978, -7.20604052751388
-65.7808887120825, 7.59808485732708, -8.12304114312465
-65.7808887120825, 7.43160338990904, -9.02753355487803
-65.7808887120825, 7.00893855201339, -9.83642578374236
-65.7808887120825, 6.28314048156727, -10.3936840649904
-65.7808887120824, 5.43493833422673, -10.7491334778478
-65.7808887120825, 4.55119316978897, -11.0058416582699
-65.7808887120825, 3.65160204190928, -11.200762149582
-65.7808887120825, 2.74569181226485, -11.3641840373887
-65.7808887120825, 1.83437279019653, -11.4935005011268
-65.7808887120825, 0.917977570987238, -11.5806268857258
-65.7808887120825, 9.55188129249124E-16, -11.6494607806116
-60.2991479860756, 7.84647638442895, -8.88178419700125E-16
-60.2991479860756, 7.88205400426311, -0.908670272011201
-60.2991479860756, 7.88900912449239, -1.81801283643325
-60.2991479860756, 7.87363229936715, -2.7272740653351
-60.2991479860756, 7.84838360758078, -3.63632625551304
-60.2991479860756, 7.82063201641529, -4.54530605159642
-60.2991479860756, 7.79177963974112, -5.45425184110903
-60.2991479860756, 7.76288543769309, -6.36319641991038
-60.2991479860756, 7.56181397884413, -7.11258018525372
-60.2991479860756, 7.44471460129891, -8.01396370337854
-60.2991479860756, 7.2362797962881, -8.8986471730085
-60.2991479860756, 6.84412990570726, -9.71377499345054
-60.2991479860756, 6.17106092131476, -10.3179692775174
-60.2991479860756, 5.35661824348846, -10.7198093345333
-60.2991479860756, 4.49351503807276, -11.004863160227
-60.2991479860756, 3.60753595106851, -11.2090754918295
-60.2991479860756, 2.71262008516964, -11.3705245315188
-60.2991479860756, 1.81214914169919, -11.4969684523477
-60.2991479860756, 0.9070912808943, -11.5854431738244
-60.2991479860756, 2.03129679680063E-17, -11.6499823325411
-54.8174072600669, 7.89316455717274, -8.88178419700125E-16
-54.8174046582718, 7.91772095165388, -0.89378495897206
-54.8174060265951, 7.90598072308246, -1.78780475636067
-54.8174071890954, 7.86619338187158, -2.68106519417857
-54.8174072600687, 7.81362329972187, -3.57368233243457
-54.8174072600687, 7.75766253108875, -4.46609475666643
-54.8174072600687, 7.69978430473226, -5.35838503841111
-54.8174072600687, 7.64072020707587, -6.25059765589524
-54.8174072600687, 7.40614375655947, -6.98012026313005
-54.8174072600687, 7.25023938949521, -7.86009943544382
-54.8174072600687, 6.99406735178962, -8.71637292670272
-54.8174072600687, 6.61291165630256, -9.52291883863231
-54.8174072600687, 6.00450674425704, -10.172552485919
-54.8174072600687, 5.23934602086976, -10.6318557085869
-54.8174072600687, 4.40733656413466, -10.9575796805598
-54.8174072600687, 3.54281477230824, -11.1845124726662
-54.8174072600687, 2.66478165071027, -11.3532477741575
-54.8174072600687, 1.78036592342012, -11.4843147449355
-54.8174072600687, 0.891446909632508, -11.580771784783
-54.8174072600687, 4.06258115410009E-18, -11.649996466519
-49.3356665340618, 7.90953999858777, -8.88178419700125E-16
-49.3356683865608, 7.91731381842544, -0.875774016393011
-49.3356669746896, 7.88612803430171, -1.75102850032368
-49.3356665611086, 7.82328300348902, -2.62461550917574
-49.3356665340619, 7.7438109707476, -3.49687344318308
-49.3356665340619, 7.65969208281407, -4.36869865989001
-49.3356665340619, 7.57174671315175, -5.24014587019243
-49.3356665340619, 7.47909572554856, -6.11110495309394
-49.3356665340619, 7.20538483208757, -6.81460867675192
-49.3356665340619, 7.00633330447192, -7.66728852719726
-49.3356665340618, 6.71191348590323, -8.49171571691013
-49.3356665340619, 6.32558762256237, -9.27697190774782
-49.3356665340618, 5.78195666482033, -9.96024589397794
-49.3356665340619, 5.08229296897914, -10.483837668063
-49.3356665340619, 4.29410530167673, -10.8637068258085
-49.3356665340619, 3.46046382440291, -11.1305911257085
-49.3356665340618, 2.60522619650612, -11.3189891460804
-49.3356665340619, 1.74139031764484, -11.4631179114323
-49.3356665340618, 0.87233751148068, -11.571965459924
-49.3356665340619, 1.15212856068603E-19, -11.6499998997922
-43.853925808055, 7.90146665497933, -8.88178419700125E-16
-43.853925808055, 7.88102964052274, -0.854047767333745
-43.853925808055, 7.82560171468081, -1.70652572148324
-43.853925808055, 7.73755561521082, -2.55628244776278
-43.853925808055, 7.62953474494483, -3.40376007129173
-43.853925808055, 7.51305545691344, -4.25012401463687
-43.853925808055, 7.39188383262137, -5.09582897665287
-43.853925808055, 7.26327825570638, -5.9404295586368
-43.853925808055, 6.94127123677286, -6.6087378474232
-43.853925808055, 6.68861738052642, -7.42475763690498
-43.853925808055, 6.36907425393979, -8.21667838568326
-43.853925808055, 5.97562726243587, -8.97468619036588
-43.853925808055, 5.48770229024273, -9.67459019045478
-43.853925808055, 4.86860935280315, -10.2610350546375
-43.853925808055, 4.14333982537558, -10.7102023885947
-43.853925808055, 3.35445602002186, -11.0363916980747
-43.853925808055, 2.53163987358377, -11.2651588523038
-43.853925808055, 1.69455533469991, -11.4353529042451
-43.853925808055, 0.849714571299001, -11.5620390510222
-43.853925808055, -8.86911617183848E-16, -11.65
-38.3721850820481, 7.85432963708469, -8.88178419700125E-16
-38.3721850820481, 7.79221483341462, -0.82686531230295
-38.3721850820481, 7.70244959048335, -1.65117230482069
-38.3721850820481, 7.58416867993449, -2.47188398262172
-38.3721850820481, 7.44477104200036, -3.28929477049476
-38.3721850820481, 7.29371285649803, -4.10464239119638
-38.3721850820481, 7.13537118299661, -4.91860635787456
-38.3721850820481, 6.91903293105802, -5.67232600967556
-38.3721850820481, 6.58765599349717, -6.3536947223815
-38.3721850820481, 6.28258023642215, -7.12470592045099
-38.3721850820481, 5.94187458632762, -7.88056040528859
-38.3721850820481, 5.55041196670586, -8.61137908076421
-38.3721850820481, 5.10304884535072, -9.30919010293524
-38.3721850820481, 4.56869374124346, -9.94211640904741
-38.3721850820481, 3.9327943862111, -10.4724211203439
-38.3721850820481, 3.2098611682493, -10.8765900639888
-38.3721850820481, 2.43693332665971, -11.1753312395495
-38.3721850820481, 1.63723263527403, -11.3937820368014
-38.3721850820481, 0.822994839871608, -11.5499073811411
-38.3721850820481, -8.55797925085812E-16, -11.65
-32.8804443560412, 7.72799054271948, -8.88178423641378E-16
-32.8804443560412, 7.60913589389436, -0.790854177355664
-32.8804443560412, 7.47184492009314, -1.57870855884975
-32.8804443560412, 7.31386968056754, -2.36267713982858
-32.8804443560412, 7.13738586224098, -3.1426955778992
-32.8804443560412, 6.94765166502147, -3.91960769050546
-32.8804443560412, 6.74858730503608, -4.69417969155053
-32.8804443560412, 6.41271795383951, -5.30100014790529
-32.8804443560412, 6.1090823352748, -6.04050451922671
-32.8804443560412, 5.7646273701838, -6.76224857664124
-32.8804443560412, 5.40651387083609, -7.47732054596153
-32.8804443560412, 5.02646880272325, -8.18093788702438
-32.8804443560412, 4.61363142601566, -8.8657756256877
-32.8804443560412, 4.15150803594306, -9.51810672198737
-32.8804443560412, 3.61599780863992, -10.11127580186
-32.8804443560412, 2.99459014004048, -10.6128991744117
-32.8804443560412, 2.29756655473718, -11.0039340656563
-32.8804443560412, 1.55963280375619, -11.3111123424192
-32.8804443560412, 0.789577710358343, -11.5250995294523
-32.8804443560412, 2.09887255394734E-16, -11.65
-30.6977480656385, 7.6414418350405, -8.8909485285973E-16
-30.6977480656385, 7.49557918094108, -0.772664695194816
-30.6977480656385, 7.33439098920967, -1.54227273791751
-30.6977480656385, 7.15604629087387, -2.30808610703908
-30.6977480656385, 6.96173129711275, -3.07000827095086
-30.6977480656385, 6.75503097209741, -3.82867182628059
-30.6977480656385, 6.53920102656293, -4.58478663174094
-30.6977480656385, 6.19121895200705, -5.17719868067114
-30.6977480656385, 5.86937138453167, -5.89430778461102
-30.6977480656385, 5.51182359421427, -6.59462233240673
-30.6977480656385, 5.14884928434384, -7.29215343033884
-30.6977480656385, 4.77589904417992, -7.98438310466435
-30.6977480656385, 4.3795732622011, -8.6634490711224
-30.6977480656385, 3.94380236442424, -9.3177265936893
-30.6977480656385, 3.44517457539696, -9.92516307056636
-30.6977480656385, 2.87137552047602, -10.4616365510311
-30.6977480656385, 2.21562808453059, -10.8943274486542
-30.6977480656385, 1.51619142012626, -11.2527069910236
-30.6977480656385, 0.772388731985427, -11.5052049342593
-30.6977480656385, 3.89415780532166E-16, -11.65
-28.5050517752357, 7.52198882306702, -8.9576961594756E-16
-28.5050517752357, 7.34705334305208, -0.751728434450094
-28.5050517752357, 7.15923077340501, -1.50033797724153
-28.5050517752357, 6.95749109682671, -2.24531737764141
-28.5050517752357, 6.742794443636, -2.98666938477093
-28.5050517752357, 6.51756448933899, -3.72489424727843
-28.5050517752357, 6.28418332457812, -4.46058098454721
-28.5050517752357, 5.92526195640531, -5.03776951246576
-28.5050517752357, 5.58780237691561, -5.73159401247153
-28.5050517752357, 5.21820693470896, -6.409158947849
-28.5050517752357, 4.85060147984789, -7.08781314820329
-28.5050517752357, 4.48406073887574, -7.76704493558445
-28.5050517752357, 4.10604928947749, -8.43992999280653
-28.5050517752357, 3.69851892028306, -9.09523721860785
-28.5050517752357, 3.23679444033401, -9.7133022627948
-28.5050517752357, 2.71108699404482, -10.2777916623512
-28.5050517752357, 2.11125865500201, -10.7623118688525
-28.5050517752357, 1.46140182292566, -11.1781214830092
-28.5050517752357, 0.751812094733999, -11.4784412656303
-28.5050517752357, 6.06522038232428E-16, -11.65
-26.312355484833, 7.36034086221758, -9.1465538644786E-16
-26.312355484833, 7.15517078996901, -0.728846484023617
-26.312355484833, 6.93878815927463, -1.45444195942819
-26.312355484833, 6.71108002130744, -2.17656404474655
-26.312355484833, 6.47330681778222, -2.8954371642554
-26.312355484833, 6.22743738930674, -3.61158401836735
-26.312355484833, 5.97493488964269, -4.32541801172952
-26.312355484833, 5.60421764630053, -4.88518945638443
-26.312355484833, 5.25455737962677, -5.55647155546566
-26.312355484833, 4.87527230034005, -6.21179849244326
-26.312355484833, 4.50155342234721, -6.87030316545886
-26.312355484833, 4.14064781300054, -7.53593216381671
-26.312355484833, 3.78058441765825, -8.2020186744597
-26.312355484833, 3.40410234166826, -8.85890427862409
-26.312355484833, 2.98479951271839, -9.4890988069748
-26.312355484833, 2.51173429105196, -10.0800330928653
-26.312355484833, 1.98734809979113, -10.6255926929136
-26.312355484833, 1.39882197087454, -11.1012616293219
-26.312355484833, 0.729382005942336, -11.4510102601737
-26.312355484833, 1.61653487030535E-15, -11.65
-24.1196591944302, 7.14849320787503, -9.52210761521543E-16
-24.1196591944302, 6.91256394902014, -0.70540618839149
-24.1196591944302, 6.66646276668808, -1.40732844006015
-24.1196591944302, 6.41091085064271, -2.10586694547568
-24.1196591944302, 6.14768285449146, -2.8015513979433
-24.1196591944302, 5.87880676588496, -3.49507402916859
-24.1196591944302, 5.60497177885202, -4.18665252802938
-24.1196591944302, 5.23051753936333, -4.74303055757998
-24.1196591944302, 4.86243948054203, -5.37809474618203
-24.1196591944302, 4.47703072570638, -6.01427656547103
-24.1196591944302, 4.10087959992135, -6.65594387798116
-24.1196591944302, 3.74433118406362, -7.30871428653562
-24.1196591944302, 3.4006994350365, -7.96839644469101
-24.1196591944302, 3.05753348351731, -8.62831963474956
-24.1196591944302, 2.69287725119581, -9.27650462902385
-24.1196591944302, 2.28856821427167, -9.90076660992946
-24.1196591944302, 1.85877108435624, -10.5073798251222
-24.1196591944302, 1.3371098622394, -11.0361923756305
-24.1196591944302, 0.707988524766364, -11.4284920019491
-24.1196591944302, 1.60549902935171E-15, -11.65
-21.9269629040275, 6.88152690072129, -1.01384704794226E-15
-21.9269629040275, 6.61503191910717, -0.682454592964296
-21.9269629040275, 6.33913350292859, -1.36116324917167
-21.9269629040275, 6.05519407208491, -2.03654951572538
-21.9269629040275, 5.76543133889091, -2.7094600175261
-21.9269629040275, 5.47213682691327, -3.38083963900466
-21.9269629040275, 5.1753833876335, -4.05069662937178
-21.9269629040275, 4.81135402260199, -4.62884832326024
-21.9269629040275, 4.41097932377014, -5.20402745146539
-21.9269629040275, 4.02867127872153, -5.829015490974
-21.9269629040275, 3.653499129225, -6.45825666238125
-21.9269629040275, 3.30321104135531, -7.10169409001007
-21.9269629040275, 2.97495689521757, -7.75665914418404
-21.9269629040275, 2.667803968054, -8.42177004886599
-21.9269629040275, 2.37810732472546, -9.09470308487553
-21.9269629040275, 2.07136731215727, -9.76002595052623
-21.9269629040275, 1.74048166586098, -10.4128080515472
-21.9269629040275, 1.27947489060582, -10.9801203673527
-21.9269629040275, 0.688064226988297, -11.407972975807
-21.9269629040275, 1.51931594037674E-15, -11.65
-19.734266613625, 6.55875289094093, -2.51331347202202E-07
-19.7342666136249, 6.26298071179864, -0.661040088942278
-19.7342666136248, 5.95851231057521, -1.31812140375024
-19.7342666136247, 5.64717709708609, -1.97197948782457
-19.7342666136247, 5.33142466188994, -2.62371782675115
-19.7342666136247, 5.01367096846387, -3.27448336429243
-19.7342666136247, 4.69355887432974, -3.92409121504915
-19.7342666136247, 4.33713491876138, -4.52518194558163
-19.7342666136247, 3.90719093601008, -5.04308483316372
-19.7342666136247, 3.53137078278998, -5.66213420171008
-19.7342666136247, 3.16229108228796, -6.28515908630387
-19.7342666136247, 2.8221301674126, -6.92443134485698
-19.7342666136247, 2.51201773083381, -7.57878983668581
-19.7342666136247, 2.248207111963, -8.25286892203608
-19.7342666136247, 2.07044811441616, -8.95462925155335
-19.7342666136247, 1.88843414966902, -9.65557202845338
-19.7342666136247, 1.63628944084789, -10.3327844744226
-19.7342666136247, 1.2252190793707, -10.9265760618788
-19.7342666136247, 0.669120758624097, -11.3862066409731
-19.7342666136247, 5.0352064574521E-16, -11.65
-17.5415703232401, 6.18561184273687, -3.38454120071972E-06
-17.5415703232307, 5.86185712057929, -0.642014377831214
-17.5415703232252, 5.52996784269699, -1.27986065529427
-17.5415703232227, 5.19211007147116, -1.91456799013166
-17.541570323222, 4.85084129357348, -2.54744922090051
-17.541570323222, 4.50865969542121, -3.17983783651776
-17.541570323222, 4.16489803590358, -3.8113682605704
-17.541570323222, 3.80900002180066, -4.43116826427257
-17.541570323222, 3.35773220694035, -4.90365214174525
-17.541570323222, 2.98451223344511, -5.51822680820046
-17.541570323222, 2.62903451002691, -6.14317249685854
-17.541570323222, 2.30542167602139, -6.78516319096286
-17.541570323222, 2.02085000939058, -7.44532967145898
-17.541570323222, 1.82183675742258, -8.13449218803178
-17.541570323222, 1.81204374440654, -8.85284758283018
-17.541570323222, 1.74506168850455, -9.56838115028075
-17.541570323222, 1.54365420384431, -10.2564818176606
-17.541570323222, 1.17330738351879, -10.8703816685786
-17.541570323222, 0.650465426429645, -11.3602175034296
-17.541570323222, 3.52577167509283E-16, -11.65
-15.348874033003, 5.76671674692169, -1.34318065897037E-05
-15.3488740329078, 5.41516539420024, -0.625502277398714
-15.3488740328527, 5.05600344298817, -1.2466556022533
-15.348874032827, 4.69174225991174, -1.8648345256418
-15.3488740328197, 4.32498334793418, -2.48153614292455
-15.3488740328192, 3.95825659010479, -3.09825692434956
-15.3488740328192, 3.59055508779825, -3.71439643691801
-15.3488740328192, 3.2159017898292, -4.32630614763276
-15.3488740328192, 2.7589179171076, -4.78809104077554
-15.3488740328192, 2.39375002797175, -5.40571052720656
-15.3488740328192, 2.05630880264791, -6.03882578635408
-15.3488740328192, 1.75859357082053, -6.6915234125521
-15.3488740328192, 1.51148503262638, -7.3648762369733
-15.3488740328192, 1.44489193548912, -8.06867085873816
-15.3488740328192, 1.62123941507318, -8.76265123338878
-15.3488740328192, 1.62590006425253, -9.47884765275168
-15.3488740328192, 1.45667197633791, -10.1739741162549
-15.3488740328192, 1.12144134958377, -10.8061526620878
-15.3488740328192, 0.630573648181218, -11.3262836613183
-15.3488740328192, 1.81542872327617E-16, -11.65
-13.1561777433709, 5.30277523860898, -3.52242962148224E-05
-13.1561777428463, 4.92250023970912, -0.611735970362946
-13.156177742556, 4.53487363631188, -1.21880791987199
-13.1561777424389, 4.14282228107686, -1.82303466177726
-13.1561777424166, 3.74969312698034, -2.42656135399448
-13.1561777424165, 3.35801013045854, -3.0310275525007
-13.1561777424165, 2.96561535849375, -3.6350312773696
-13.1561777424165, 2.56620302298897, -4.23439071937809
-13.1561777424165, 2.10779158551134, -4.70444797140208
-13.1561777424165, 1.75432761251301, -5.33193357564785
-13.1561777424165, 1.44195775011647, -5.98076082648748
-13.1561777424165, 1.18029116020569, -6.65163608981725
-13.1561777424165, 0.982767356810342, -7.3438271970857
-13.1561777424165, 1.18340893805258, -7.99812484178484
-13.1561777424165, 1.46769626599332, -8.6525633134449
-13.1561777424165, 1.51191858117277, -9.36937806788609
-13.1561777424165, 1.36720306465745, -10.0730576899337
-13.1561777424165, 1.06545279493247, -10.725153398929
-13.1561777424165, 0.606717512186927, -11.2777072727299
-13.1561777424165, -8.84513185120848E-16, -11.65
-11.1133488698843, 4.82688855811127, -0.000144314244286373
-11.2508054321395, 4.4517702146675, -0.603081264502824
-11.3895345456685, 4.07317908449067, -1.2035530513816
-11.5282830820708, 3.69453494937952, -1.80398736670431
-11.666076065934, 3.31849851287275, -2.40627632842438
-11.802134213265, 2.94719643750084, -3.01188549676393
-11.9375481772065, 2.57765233571719, -3.61871683031512
-12.0747690893595, 2.203177080348, -4.2220872167741
-12.226117626657, 1.79014759916355, -4.71885855358993
-12.340041553287, 1.47924971306109, -5.36178069178506
-12.4387485789613, 1.20987868158963, -6.02554519765124
-12.5203455086553, 0.987201025501626, -6.70867859623721
-12.5779809023612, 0.829914293926403, -7.41149240156998
-12.4587085138347, 1.15540810861634, -8.01069097537447
-12.3594161878445, 1.42637642203145, -8.66546497405604
-12.3460837246758, 1.46276065437234, -9.38517909632611
-12.4001983693412, 1.3150820311777, -10.0893460013337
-12.508103207036, 1.02061021185122, -10.7390399074096
-12.6702862961789, 0.578013287152003, -11.2848283929879
-12.8820907061161, 0, -11.6498618698845
-9.59668620439558, 4.44161545930803, -0.0002308112141608
-9.8501536356909, 4.07769465667457, -0.595527537239454
-10.1041431125389, 3.71302431696816, -1.1901431719749
-10.3563868494647, 3.35086045736628, -1.78702636305183
-10.604786201652, 2.99421624805047, -2.38882182365146
-10.8486234957981, 2.64412210244712, -2.99630177010152
-11.0906884965468, 2.29657256161759, -3.60595488228344
-11.3357321575225, 1.9447463513357, -4.21054942993451
-11.5952134610831, 1.57219101443269, -4.72591161092992
-11.7908432105006, 1.29131179037159, -5.3844626093427
-11.9587706245673, 1.05020673399803, -6.06596629683191
-12.0962344443301, 0.85284037665005, -6.76806193567879
-12.1794503481856, 0.733361521444769, -7.49296942929266
-11.8960357085507, 1.14027961189504, -8.02108683173212
-11.7183887443286, 1.39533970176414, -8.68529482858667
-11.702228789083, 1.41854167234265, -9.42356182942956
-11.8124254397305, 1.26032468428143, -10.1383923262943
-12.0192225515002, 0.963411702156153, -10.7839726627939
-12.3172799756289, 0.535469948592627, -11.3092507466816
-12.6902297807059, 0, -11.6493915328067
-8.38766339095704, 4.11070546433862, -0.000327001433439073
-8.73805680347219, 3.76031205182349, -0.588262516043599
-9.08718925311337, 3.4111796021823, -1.17769463452427
-9.4321306163285, 3.06623823896717, -1.77203559992265
-9.77055072416278, 2.7278181311329, -2.37382385778717
-10.1017146880339, 2.39665416726175, -2.98363129704784
-10.429919206008, 2.06844964928765, -3.59664267249683
-10.7651845019198, 1.73318435337585, -4.19342160096763
-11.1015496383493, 1.39681921694633, -4.73554518520407
-11.3598818772048, 1.13848697809088, -5.41191214990497
-11.5797319099006, 0.918636945395058, -6.11490781719888
-11.7600545220017, 0.738314333293926, -6.84006620165949
-11.8125118911124, 0.685856964183228, -7.58285849082285
-11.3717184130589, 1.12665044223672, -8.02714289522237
-11.1319230064118, 1.36644584888383, -8.7059561220134
-11.1243171664572, 1.3740516888385, -9.46980262552151
-11.2942322932082, 1.20413656208743, -10.1978220503766
-11.5946883452069, 0.903680510088742, -10.8353910195749
-12.0060306919899, 0.492338163305757, -11.3350201580395
-12.4983688552957, 0, -11.6485485822041
-7.24974236734316, 3.77679210833072, -0.000443983780645972
-7.69610581856027, 3.44341261126807, -0.581499940593513
-8.1390543441346, 3.11258365052329, -1.16660799456051
-8.5751219313229, 2.78689391829777, -1.75970401733168
-9.00184200811769, 2.46818564547554, -2.36329440982139
-9.41862680228932, 2.1568978268035, -2.97760411686361
-9.83143065027901, 1.84858329331498, -3.59610583350021
-10.2589021921022, 1.52931376702868, -4.17863255063623
-10.6607559739989, 1.22917760817395, -4.76163784248622
-10.9789768305472, 0.99150512665325, -5.46153101948568
-11.2477865429334, 0.790736792067381, -6.19300546293837
-11.4671546979996, 0.626895319365879, -6.94967379838039
-11.379066577159, 0.69268648874359, -7.64069373237286
-10.8194257584479, 1.11067047504195, -8.03139691367367
-10.5194902786096, 1.33468599232292, -8.73077205165865
-10.5354433812448, 1.32277095465892, -9.52842292280701
-10.7795910815174, 1.14042215951463, -10.2705770175302
-11.1844948635224, 0.838008019567629, -10.8932122731215
-11.7071240429761, 0.447667250130842, -11.3616462317724
-12.3065079298855, 0, -11.6472884478154
-6.10758804841383, 3.41611381225856, -0.000591882140854398
-6.65601517225035, 3.10423249288766, -0.575671274329613
-7.19865966478601, 2.79563965908059, -1.15795564895668
-7.73156786917318, 2.49258368926428, -1.7520078809803
-8.25220128966155, 2.19650818345306, -2.36028984455591
-8.76076019779373, 1.9072992505751, -2.98195285060363
-9.26308984552513, 1.62163279374922, -3.61029948176892
-9.79525949198276, 1.31899682945687, -4.16543501254519
-10.2554644913542, 1.05728595458074, -4.81514892734574
-10.6348896773336, 0.841513206548177, -5.54844872778222
-10.9552855325192, 0.659309450218222, -6.31817273891842
-11.2115577921946, 0.51357170860798, -7.11869766046449
-10.8568785328094, 0.715271862671708, -7.6674838598278
-10.1946797799525, 1.0918532018331, -8.03791608076819
-9.83516522197431, 1.29630310921714, -8.76780197344117
-9.90073286945944, 1.2590158863266, -9.60837226410965
-10.2437101916739, 1.06397042792872, -10.3615878132615
-10.7709441104803, 0.764141329279964, -10.9579479688741
-11.4097960528454, 0.400836930194681, -11.3890119180359
-12.1146470044753, 0, -11.645561608731
-4.92081949104499, 3.00889225830499, -0.000784978299139928
-5.58374984992762, 2.72401714506893, -0.572643984764568
-6.23840156240736, 2.44269954024965, -1.15567566627522
-6.88029353364952, 2.16686506451205, -1.75526107714658
-7.50685202418235, 1.89761970781968, -2.37375934574734
-8.11891249862635, 1.63460445345958, -3.00924088690833
-8.7240343340012, 1.37457087819146, -3.65256787293116
-9.36507047523294, 1.09910417060306, -4.20345450139706
-9.89160689801676, 0.872840399373342, -4.92282498589628
-10.3381821548452, 0.680937622327746, -5.70433664143175
-10.7166061284318, 0.518320884562973, -6.52746454407964
-10.9753012169297, 0.407154166004761, -7.39764746736986
-10.2069763889282, 0.737319498526332, -7.68000622226051
-9.43989879439767, 1.06694886860234, -8.04933026112875
-9.02800990183963, 1.24394618564469, -8.82827087789699
-9.18852659825388, 1.17496878635291, -9.72002894139368
-9.66781647307689, 0.969007850134458, -10.4733472071046
-10.3392699170086, 0.68047018805607, -11.0289981661958
-11.1050769673543, 0.35138679752933, -11.4168722194746
-11.9227860790651, 0, -11.6433133497243
-3.66676385611637, 2.53328961640364, -0.00104523402351021
-4.46468886799275, 2.2826280692602, -0.576368124311932
-5.25192691356841, 2.03532374424583, -1.16762485334739
-6.02398978150422, 1.79278657585491, -1.7804466104587
-6.7763421859342, 1.55644128665533, -2.41961098046193
-7.51083616705152, 1.32570607352865, -3.08125779230114
-8.23834322949089, 1.09716574315349, -3.75135786658565
-8.99078968657908, 0.86079090808873, -4.34610930956193
-9.60137799203336, 0.668979638815509, -5.13302045345835
-10.1244971707461, 0.50464607272239, -5.98684926172375
-10.5709567161898, 0.364394496782066, -6.88721991890452
-10.303531656784, 0.448403868762946, -7.54428468393355
-9.34459229668228, 0.749646742519455, -7.68269568278297
-8.45737004781359, 1.02836027856783, -8.06768002819695
-8.03432785447385, 1.16125548690342, -8.93505970047905
-8.36236133994417, 1.05820647884001, -9.8773524981695
-9.02978929234009, 0.848539504294469, -10.6053884749076
-9.87026889974813, 0.584509782704483, -11.1059283020325
-10.7820521058875, 0.298080624940821, -11.4452029670806
-11.7309251536549, 0, -11.6404836714222
-2.34718957171181, 1.96347258292443, -0.00140772806163845
-3.31414869983866, 1.7569208393651, -0.592210148192014
-4.26708908550075, 1.55336363364547, -1.20632215169388
-5.19986929695336, 1.35411283448667, -1.85195404616527
-6.1101946061343, 1.15965861781078, -2.53028472730155
-7.00192759283304, 0.96917589953003, -3.23402249397605
-7.88784135863247, 0.779936222643632, -3.94543130925297
-8.75165501551436, 0.595417340976999, -4.64372679677688
-9.46033629712522, 0.444036222492559, -5.53829537555818
-10.0825903810059, 0.311116782338508, -6.4980805966616
-10.3566305147986, 0.252579181530347, -7.47668480349929
-9.23250050213328, 0.492704133402064, -7.54104931692763
-8.11364518682362, 0.73170235933071, -7.66729346526703
-7.07591194636357, 0.953372132055966, -8.08851325021556
-6.79043707653746, 1.01435230214772, -9.12239479910259
-7.3760079946982, 0.889268738007803, -10.0931457423697
-8.29229550716581, 0.693540937528328, -10.754691227584
-9.33421170401354, 0.470977645201286, -11.189165322689
-10.4249164864297, 0.237992643081331, -11.4742313070785
-11.5390642282446, 0, -11.6370074392407
-1.04583184977507, 1.26924790918573, -0.00194137300063496
-2.22934958526416, 1.12342485852701, -0.629869923513574
-3.39428564407575, 0.979891284990776, -1.2920473003694
-4.53258335784337, 0.839639863147193, -1.99964667999068
-5.64235700154034, 0.70290293609332, -2.75187954207533
-6.73437666987731, 0.568353503802459, -3.53015116200117
-7.82700392834124, 0.433729209392336, -4.28453501091916
-8.77256951637157, 0.317224610846958, -5.23621049035585
-9.6205789353324, 0.212740058776349, -6.27808267531734
-10.2900669006957, 0.13025141110682, -7.41109393978647
-8.96616707014348, 0.293371156822106, -7.47536712776278
-7.6286888439444, 0.45816391766178, -7.48552226616623
-6.29710336498937, 0.622230623999588, -7.60212937629313
-5.11562460115392, 0.767802449807322, -8.15345561818872
-5.24624709153328, 0.751708250742458, -9.43015053409812
-6.19590313020543, 0.63469966144707, -10.3604530659734
-7.40936776572204, 0.485186806919057, -10.9213413765607
-8.69753096907279, 0.326470226316831, -11.2812135898337
-10.016081024049, 0.164009634728481, -11.5056377077299
-11.3472033028344, 0, -11.632814877948
-0.130156610003772, 0.438741065879703, -0.00278818559892496
-1.52173220592955, 0.383364097809665, -0.693489513159913
-2.88710716002762, 0.32902976954314, -1.43454671074716
-4.21499673905469, 0.276187150691811, -2.24088917739993
-5.50632792022558, 0.224799352718844, -3.10482081720269
-6.77795522092514, 0.174195659585681, -3.99758854551323
-7.9799404618919, 0.126363333045497, -4.97245130578843
-9.09303933213089, 0.0820681896292953, -6.05658540852252
-10.1382196900591, 0.04047582520592, -7.2052506383383
-8.88494728786835, 0.0903490954776689, -7.44141496545973
-7.33250713637492, 0.152127578049219, -7.38772764455984
-5.77947133472138, 0.213929764183833, -7.36102100862371
-4.23194645152603, 0.27551264641833, -7.47029032804123
-3.18388617028983, 0.317219615769773, -8.44951136085829
-3.72228882877768, 0.295794184830055, -9.84597877117807
-5.05098427820409, 0.242919496819491, -10.6347025931015
-6.53223872569802, 0.183973809296205, -11.0977261353082
-8.06022762069827, 0.123168350722818, -11.3742813701072
-9.60473302384993, 0.0617056269981839, -11.5384141057972
-11.1553423774241, 0, -11.6278325367665
