-77.2922354598345, 1.95102007355462, -2.66446792247299E-15
-77.2922354598378, 2.35262078340722, -0.54216526431329
-77.2922354598396, 2.74098629052445, -1.0938828316319
-77.2922354598403, 3.11384274499306, -1.65619057354654
-77.2922354598399, 3.46854483238219, -2.23011366959706
-77.2922354598388, 3.80217628912593, -2.81652604427919
-77.2922354598375, 4.11204859162754, -3.41582599728891
-77.2922354598362, 4.39667088070766, -4.0275189147206
-77.2922354598349, 4.6549437407889, -4.65079272083565
-77.2922354598336, 4.88605979811533, -5.28463703793717
-77.2922354598322, 5.08599353030801, -5.92896397413199
-77.2922354598305, 5.2313075370759, -6.58664034388545
-77.292235459829, 4.70653619816967, -6.90005562397377
-77.2922354598286, 4.03998456266444, -7.00432040992518
-77.2922354598281, 3.36917271436193, -7.0740570483344
-77.2922354598279, 2.69570480154313, -7.11511848939541
-77.2922354598278, 2.02209847857139, -7.15384315509504
-77.2922354598277, 1.3483218203729, -7.18946867386388
-77.2922354598276, 0.674296767170563, -7.22002117740912
-77.2922354598346, -4.44089209850063E-16, -7.24105959609094
-75.7842828920839, 2.13578743433577, -2.58268318824017E-15
-75.7842828923149, 2.52619403105964, -0.551408481553426
-75.7842828922319, 2.90311178556482, -1.11211844050969
-75.7842828922229, 3.26437149235759, -1.68303576533998
-75.7842828928899, 3.60752684658336, -2.265006785024
-75.7842828951153, 3.93001037086019, -2.85867391008764
-75.7842828934471, 4.22959971568059, -3.46421182997444
-75.7842828923121, 4.50474414825358, -4.0812369218561
-75.7842828927433, 4.75358850443564, -4.70932283209015
-75.7842828927977, 4.97312221695038, -5.34822729637231
-75.7842828921789, 5.1554371530103, -5.99867268954525
-75.7842828925978, 5.25751164662469, -6.66345611070194
-75.7842828921963, 4.71132301505662, -6.97986699718554
-75.7842828921495, 4.04456837645384, -7.08807303069773
-75.7842828921736, 3.37195801223265, -7.14830280696112
-75.7842828922125, 2.69708598164701, -7.18048735994209
-75.7842828920922, 2.0222488214333, -7.21339590827677
-75.7842828921459, 1.34738628124673, -7.24577805149127
-75.7842828920825, 0.672445322086489, -7.27648038986779
-75.7842828920839, 0, -7.32595291856169
-74.2376648738781, 2.30965410559946, -2.42037889967855E-15
-74.2376648746649, 2.68953626482591, -0.560295348518407
-74.2376648743685, 3.05573034131778, -1.12962606451283
-74.2376648743831, 3.40613582264486, -1.70880177410487
-74.2376648768623, 3.7384378539668, -2.29854360582099
-74.2376648838182, 4.0502975615222, -2.8993392641229
-74.2376648781573, 4.33976838197326, -3.51123221697134
-74.2376648745178, 4.60518484214045, -4.13393056084339
-74.2376648766579, 4.84404948996756, -4.76727754757353
-74.2376648758353, 5.05145501382585, -5.41158157139282
-74.2376648747784, 5.21606204833219, -6.0680368263347
-74.2376648748997, 5.27359027815379, -6.73706359294478
-74.237664874266, 4.7154646355509, -7.0584227448019
-74.237664874108, 4.04877244187208, -7.17446392580306
-74.2376648741841, 3.37483666248134, -7.2332360940817
-74.2376648743156, 2.69850074071502, -7.2620176520408
-74.2376648739031, 2.02236749436133, -7.29524502029584
-74.2376648740713, 1.34638133804874, -7.33134306665551
-74.2376648738866, 0.670576157709961, -7.37067919799244
-74.2376648738781, 0, -7.4487669060645
-72.6910468556723, 2.4718668448181, -2.26294946034289E-15
-72.6910468556723, 2.84200344060998, -0.568787269199583
-72.6910468556723, 3.19824174633121, -1.14637570663025
-72.6910468556723, 3.53849976360531, -1.73351444912768
-72.6910468556723, 3.86061389591764, -2.33079349654047
-72.6910468556729, 4.16235909827748, -2.93861052408656
-72.6910468561049, 4.44180725577692, -3.55699222731377
-72.6910468585285, 4.69736523458098, -4.18561662910003
-72.6910468647639, 4.9258165522134, -4.82457545633106
-72.6910468585906, 5.12082488603029, -5.47447901790938
-72.6910468590603, 5.26798756134133, -6.1367366584474
-72.6910468566572, 5.28261647751679, -6.80753134136889
-72.6910468564257, 4.71735643715155, -7.13450123348822
-72.691046856124, 4.05074975501267, -7.2601990547668
-72.6910468562564, 3.37561424247589, -7.32302115142619
-72.6910468565247, 2.69768882008129, -7.35386330499393
-72.6910468557129, 2.02014174531521, -7.39215825952145
-72.6910468560089, 1.34297842225141, -7.43671586599314
-72.6910468557304, 0.666451636798424, -7.4900270509343
-72.6910468556723, 0, -7.60599257361768
-71.1444288374665, 2.62542923090853, -2.16001539529357E-15
-71.1444288374665, 2.98644165869641, -0.577203309671419
-71.1444288374665, 3.33336812847808, -1.16297607520955
-71.1444288374665, 3.66411894872627, -1.75802635253624
-71.1444288374665, 3.97652943765635, -2.36290083559505
-71.1444288374665, 4.26838134680141, -2.97795207358733
-71.1444288374665, 4.53779758893559, -3.60315275847747
-71.1444288374665, 4.78311170224424, -4.23819004379949
-71.1444288374665, 5.00070717386561, -4.88323264173487
-71.1444288383248, 5.18307618454383, -5.53905094249438
-71.1444288465074, 5.31284685892601, -6.20711470579137
-71.1444288380168, 5.28581379334016, -6.87783233174031
-71.144428838604, 4.71457565346999, -7.20927018877238
-71.1444288381506, 4.04773837541204, -7.3450332794473
-71.1444288383318, 3.3711907979894, -7.41523167571887
-71.144428838747, 2.69144093608587, -7.45326030563175
-71.1444288375154, 2.01224910358263, -7.50023227591405
-71.1444288379197, 1.33375108565595, -7.55629804537715
-71.1444288376606, 0.656606337448105, -7.62672143877498
-71.1444288374665, -4.44089209850063E-16, -7.79500820434003
-69.5978108192607, 2.77249148374004, -2.13588053206373E-15
-69.5978108192607, 3.1249859588155, -0.5858144801007
-69.5978108192607, 3.46316615117008, -1.18000222420716
-69.5978108192608, 3.78489558153163, -1.78325024731537
-69.5978108192607, 4.08794950078834, -2.39608672093022
-69.5978108192608, 4.37003271785683, -3.01884736906174
-69.5978108192607, 4.62926700460028, -3.65145718082722
-69.5978108192607, 4.86394617708805, -4.2935730898466
-69.5978108192607, 5.07021446650081, -4.94535118542152
-69.5978108208518, 5.23959825626948, -5.60760720845408
-69.5978108290035, 5.35172057934271, -6.28172467313208
-69.5978108194189, 5.28277740140292, -6.95071732748161
-69.5978108207178, 4.70452222886634, -7.28407577192605
-69.5978108201278, 4.03675897468461, -7.42936962561323
-69.5978108203492, 3.35828102966702, -7.50878696733502
-69.5978108209303, 2.6763983924453, -7.55859848326777
-69.5978108193083, 1.99520028755458, -7.61702438838403
-69.5978108197707, 1.3150600887923, -7.68660726128009
-69.597810819777, 0.637350712388114, -7.77653002215175
-69.5978108192608, 0, -8.01206463969335
-68.051192801055, 2.91450560997328, -2.17388559620421E-15
-68.051192801055, 3.25902307062083, -0.59472619222731
-68.051192801055, 3.58892583575007, -1.19767678590795
-68.051192801055, 3.90199613905677, -1.80953048058563
-68.051192801055, 4.19590213063442, -2.43081054606973
-68.051192801055, 4.46821107862039, -3.06184795580276
-68.051192801055, 4.7170301466003, -3.70250828308885
-68.051192801055, 4.94065972949519, -4.35238176298641
-68.051192801055, 5.1351583501295, -5.01153950995664
-68.0511928010549, 5.29119180010915, -5.68076909132448
-68.051192801193, 5.38503786582425, -6.36125329056307
-68.0511928015603, 5.2733667182442, -7.02680716050347
-68.0511928026981, 4.68688743983193, -7.35984308051009
-68.0511928020057, 4.01740251161459, -7.51397486649348
-68.0511928022672, 3.33648580737772, -7.60405391651289
-68.0511928030178, 2.65222374787268, -7.66881824785959
-68.0511928010985, 1.96867338283103, -7.74068187575809
-68.0511928015393, 1.2866022552702, -7.82531513467181
-68.0511928014831, 0.608715189175992, -7.93789801715357
-68.051192801055, 0, -8.24658415440929
-66.5045747828492, 3.05231050201722, -2.24875850943939E-15
-66.5045747828492, 3.38929324746712, -0.603844049520079
-66.5045747828492, 3.71125907514114, -1.21582150955374
-66.5045747828492, 4.01588129820739, -1.83660799174548
-66.5045747828491, 4.30068819741611, -2.46672429692801
-66.5045747828491, 4.5630757483429, -3.10649304120947
-66.5045747828491, 4.80115774072374, -3.75569637016563
-66.5045747828492, 5.01330015452326, -4.41382462461876
-66.5045747828492, 5.19563775590552, -5.08080544502925
-66.5045747828492, 5.33798068631181, -5.75735934419643
-66.5045747833775, 5.41231071336406, -6.44435942370718
-66.50457478511, 5.25857477707947, -7.10477355588517
-66.5045747845312, 4.66362576849853, -7.43666421659431
-66.5045747837828, 3.99181503561022, -7.59923857067
-66.5045747840886, 3.3082374428746, -7.7015734400264
-66.5045747849795, 2.62153161050387, -7.78306300092726
-66.5045747829041, 1.93545922355749, -7.86969325721025
-66.5045747832299, 1.25136649125548, -7.97060565728818
-66.5045747831068, 0.574765244326913, -8.11108672553175
-66.5045747828492, 4.44089209850063E-16, -8.48776193443664
-64.9579567646426, 3.1863689490136, -2.34201739483264E-15
-64.957956764643, 3.51615861961708, -0.612968095447945
-64.9579567646432, 3.8303978784086, -1.23404598159507
-64.9579567646433, 4.12663125425963, -1.86390413837131
-64.9579567646434, 4.40222944873809, -2.50305298505122
-64.9579567646434, 4.65441189620763, -3.15178899494176
-64.9579567646434, 4.88134772232181, -3.80977985321918
-64.9579567646434, 5.08154477983304, -4.47638537268882
-64.9579567646434, 5.25139769236902, -5.151341891727
-64.9579567646434, 5.37980519643339, -5.83528763997692
-64.9579567659661, 5.43341283685948, -6.5285997493224
-64.9579567702046, 5.24023254059303, -7.18271942640817
-64.9579567662518, 4.63756309338469, -7.51407254912351
-64.9579567655048, 3.96315530522867, -7.68509755439442
-64.9579567658455, 3.27706490469943, -7.80133355088465
-64.9579567668165, 2.58807612003656, -7.90036827500773
-64.9579567647462, 1.89955690462315, -8.00258869305423
-64.9579567648745, 1.21361433754806, -8.12066289042012
-64.9579567648212, 0.541675207253358, -8.29625285033394
-64.9579567646434, 4.44089209850063E-16, -8.72727298083025
-63.4113387464376, 3.31690311707564, -2.43833659473302E-15
-63.4113387464376, 3.63976197105521, -0.621837625476751
-63.4113387464376, 3.94637151831064, -1.25183982884365
-63.4113387464376, 4.23413710148891, -1.89066204985988
-63.4113387464376, 4.50027223738586, -2.53878553553966
-63.4113387464376, 4.74184799595541, -3.1964490460003
-63.4113387464376, 4.95715915656806, -3.86317219098775
-63.4113387464376, 5.1449524119128, -4.53815633786786
-63.4113387464376, 5.30209119881368, -5.22091143999908
-63.4113387464376, 5.41648444782851, -5.91199041729474
-63.4113387489626, 5.44862722988963, -6.61101705027921
-63.4113387525788, 5.2207842747634, -7.25862475614734
-63.4113387479135, 4.61197728523179, -7.59123593059023
-63.4113387472303, 3.93511196131486, -7.77115944133698
-63.4113387475756, 3.24700869615139, -7.90267737673938
-63.4113387485512, 2.55612794039328, -8.01941208109981
-63.4113387466314, 1.86549889806474, -8.13760618751302
-63.4113387465215, 1.17813914102887, -8.27328018985043
-63.4113387467487, 0.514996414440046, -8.48860876391657
-63.4113387464376, 4.44089209850063E-16, -8.95772476962837
-61.8547207282318, 3.44475852340343, -2.52374287058299E-15
-61.8547207282318, 3.7608592556537, -0.630195705770907
-61.8547207282318, 4.05979745531953, -1.26870472811075
-61.8547207282318, 4.33883987193257, -1.91614813531265
-61.8547207282318, 4.5950657617004, -2.57294644917315
-61.8547207282318, 4.82546586782991, -3.23923446323183
-61.8547207282318, 5.02854892185302, -3.91434995664019
-61.8547207282318, 5.20342211274033, -4.5973117803934
-61.8547207282318, 5.34765243358019, -5.28738132138382
-61.8547207282318, 5.4481092291027, -5.98502676076841
-61.854720732129, 5.45889847265961, -6.68885315551935
-61.8547207331078, 5.20295100851432, -7.33089234758776
-61.8547207295581, 4.59028991977595, -7.66751987755453
-61.854720728981, 3.91156348496452, -7.85728791090957
-61.8547207293043, 3.22222069119742, -8.00496665396393
-61.8547207302123, 2.53006082893398, -8.13914919345864
-61.8547207285361, 1.83790694662563, -8.2733526410944
-61.8547207282158, 1.14977817010401, -8.42657069467112
-61.8547207287763, 0.497308178937589, -8.67991364237739
-61.8547207282318, 0, -9.17293005537548
-57.9981756827173, 3.74845130783482, -2.64085158124094E-15
-57.9981756827173, 4.04765357423941, -0.647530086233297
-57.9981756827173, 4.32658526387528, -1.30403861684241
-57.9981756827173, 4.58225957074974, -1.96994019387098
-57.9981756827173, 4.8116626916093, -2.64533288794594
-57.9981756827173, 5.0120599761933, -3.32988647443254
-57.9981756827173, 5.18285471860779, -4.02242221013206
-57.9981756827173, 5.32459103528595, -4.72148732571252
-57.9981756832217, 5.43742805034353, -5.42578926112052
-57.9981756931506, 5.50577418446077, -6.1356105820123
-57.9981756848482, 5.47142443435065, -6.84665670288855
-57.9981756854442, 5.1780348934282, -7.48382017656121
-57.9981756836776, 4.56748971866602, -7.84313371828203
-57.9981756832566, 3.8888141846819, -8.06186782004232
-57.9981756836617, 3.20011263709471, -8.24764220492763
-57.9981756842003, 2.50825828696552, -8.42138212079218
-57.998175683077, 1.81577151837465, -8.592588470696
-57.9981756826914, 1.12887513464731, -8.78459675116315
-57.998175683401, 0.493535578037491, -9.09772353354287
-57.9981756827173, 0, -9.60153518287533
-54.1316306372036, 4.04626627577192, -2.66447044967843E-15
-54.1316306372032, 4.32288174451912, -0.661911441019734
-54.1316306372029, 4.57630883193806, -1.33303393702932
-54.1316306372028, 4.80359544482834, -2.0134450583031
-54.1316306372028, 5.00208483517126, -2.70279949808547
-54.1316306373627, 5.16991941761203, -3.40024976311919
-54.1316306393217, 5.30760986578182, -4.10427787241264
-54.1316306454935, 5.41737798562168, -4.81320715501058
-54.1316306401451, 5.50177871076023, -5.52560045625616
-54.1316306417198, 5.5427559620172, -6.24158840034064
-54.1316306391151, 5.47706335649255, -6.95459059660527
-54.1316306384706, 5.17943469131679, -7.59724811201983
-54.1316306377443, 4.58450953420819, -7.98983522231203
-54.1316306374493, 3.91271618847041, -8.24061896766366
-54.1316306378913, 3.22814725711741, -8.4551837308039
-54.1316306379966, 2.54058939939675, -8.65999923008066
-54.1316306373083, 1.85194757867661, -8.86114663728003
-54.1316306372065, 1.16885259849892, -9.0800215201897
-54.1316306374732, 0.531309966368757, -9.40322263532129
-54.1316306372028, 4.44089209850063E-16, -9.86611782257809
-50.2650855916883, 4.3537656196648, -2.68768374603154E-15
-50.2650855912296, 4.59325139264599, -0.676115490380585
-50.2650855914947, 4.80953619073219, -1.35999902247604
-50.2650855908328, 5.00016370630912, -2.0514666394854
-50.2650855867413, 5.16314913166427, -2.74996205227195
-50.2650855885018, 5.29776425636991, -3.45447731174479
-50.2650855911968, 5.40540017940134, -4.16362323148349
-50.2650855894508, 5.48853010247543, -4.87606690147734
-50.2650855907203, 5.54973403809926, -5.59072348664971
-50.2650855886265, 5.56754632443932, -6.30753233957041
-50.2650855897348, 5.48083092999151, -7.01840833228373
-50.2650855902537, 5.19640179202988, -7.66986247667546
-50.2650855911671, 4.62643200723627, -8.09733386125643
-50.2650855914384, 3.96689155328774, -8.37815937472754
-50.2650855912056, 3.28860195765634, -8.61141074144677
-50.2650855912952, 2.60620326071817, -8.83245545134071
-50.2650855915262, 1.92265707805279, -9.04992963412678
-50.2650855915994, 1.24273021386766, -9.27829571269864
-50.2650855915454, 0.59182910970781, -9.57721016439404
-50.2650855916883, 4.44089209850063E-16, -9.95197575311654
-46.3985405461738, 4.66170155186059, -2.95033104607871E-15
-46.3985405461738, 4.84996028526305, -0.690061562105257
-46.3985405461738, 5.01838697743705, -1.3852254695325
-46.3985405461738, 5.16544837104777, -2.08521788196942
-46.3985405461738, 5.29024431924437, -2.7895194936574
-46.3985405461738, 5.39282971292988, -3.49740001676971
-46.3985405461738, 5.47447142766528, -4.20800421012162
-46.3985405461738, 5.53683865910134, -4.92056324283941
-46.3985405461738, 5.57989166087638, -5.63453334427846
-46.3985405461738, 5.57875617894283, -6.34955487165361
-46.3985405461738, 5.47807935684076, -7.05679388555989
-46.3985405461738, 5.20892894678369, -7.71458794179118
-46.3985405461728, 4.66509965679511, -8.17115208036411
-46.3985405388104, 4.01906927604353, -8.47675939375056
-46.3985405433481, 3.34782679023541, -8.7237181588149
-46.3985405435736, 2.66934045590399, -8.95022924297015
-46.3985405441685, 1.98913300941759, -9.17153270635147
-46.3985405449032, 1.31036669533512, -9.39717492990899
-46.3985405451332, 0.645159917460784, -9.65936764945182
-46.3985405461738, 0, -9.92326704258188
-42.5319955006593, 4.94006657492631, -3.62062220910046E-15
-42.5319955006593, 5.0706641736559, -0.70121832055325
-42.5319955006594, 5.18676949931086, -1.40498000463921
-42.5319955006594, 5.28789247278736, -2.1110499504515
-42.5319955006594, 5.37422154446054, -2.8190820143265
-42.5319955006593, 5.44659775363589, -3.52867800757361
-42.5319955006593, 5.5058028514903, -4.23949467521476
-42.5319955006593, 5.55174265918667, -4.95129096382956
-42.5319955006593, 5.58116742228501, -5.66393832175228
-42.5319955006593, 5.56783446267676, -6.37683976897889
-42.5319955006593, 5.46178574851351, -7.08142068964067
-42.5319955006593, 5.20342266710109, -7.7422183713086
-42.5319955006593, 4.67902204164631, -8.21788489635814
-42.5319955006593, 4.04417264406074, -8.54131982246318
-42.5319955006593, 3.3785068217233, -8.79729934762432
-42.5319955006593, 2.70361519693665, -9.02812186403586
-42.5319955006593, 2.02567354465362, -9.24987108371198
-42.5319955006593, 1.34730198136747, -9.47030412767529
-42.5319955006593, 0.67268340323418, -9.70187294561367
-42.5319955006593, 4.44089209850063E-16, -9.9010549744439
-38.6654504551449, 5.16522623793536, -3.29250767882944E-15
-38.6654504551449, 5.23925398241975, -0.706852841640558
-38.6654504551449, 5.30409947879904, -1.41460727190137
-38.6654504551449, 5.36066751872771, -2.12307278859641
-38.6654504551449, 5.4108067444541, -2.83202397731129
-38.6654504551449, 5.45656404278074, -3.54127214298585
-38.6654504551449, 5.49781231520669, -4.25079627665299
-38.6654504551448, 5.53223863493078, -4.96068112166193
-38.6654504551448, 5.55265403504232, -5.67108148209235
-38.6654504551449, 5.53366675449736, -6.3813362776916
-38.6654504551449, 5.42910408654658, -7.0835971188655
-38.6654504551449, 5.17541849845421, -7.74392168579991
-38.6654504551448, 4.66801705024411, -8.23420649315697
-38.6654504551448, 4.04389926480147, -8.57226391599849
-38.6654504551449, 3.38352400627788, -8.83467295484411
-38.6654504551449, 2.71261506335703, -9.06914601154375
-38.6654504551449, 2.03743289672468, -9.29107256861501
-38.6654504551448, 1.36043083325427, -9.50739385860298
-38.6654504551449, 0.682576227707018, -9.72103157024761
-38.6654504551449, 4.44089209850063E-16, -9.90000000000001
-34.7989054096304, 5.36524732541613, -2.76146652196773E-15
-34.7989054096304, 5.37806652858902, -0.705697439583938
-34.7989054096304, 5.38919878068754, -1.41142386517545
-34.7989054096304, 5.40044533701689, -2.11714845413368
-34.7989054096304, 5.41360744841312, -2.82283950838272
-34.7989054096304, 5.4309139643225, -3.528440137843
-34.7989054096304, 5.45097846123331, -4.23396911011391
-34.7989054096304, 5.46947412940256, -4.9395401485164
-34.7989054096304, 5.47908095434471, -5.64526988537796
-34.7989054096304, 5.45550361882746, -6.35052738459343
-34.7989054096304, 5.35247044162142, -7.04806410363869
-34.7989054096304, 5.10285378457017, -7.70523898367154
-34.7989054096304, 4.61879610554535, -8.21230038647898
-34.7989054096304, 4.01229890635379, -8.57135637489211
-34.7989054096304, 3.36199913646708, -8.84527120176977
-34.7989054096304, 2.69807182723568, -9.08469670883934
-34.7989054096304, 2.02838349868818, -9.30758477965937
-34.7989054096304, 1.35567919008919, -9.52121408557546
-34.7989054096304, 0.680878895259791, -9.72813059680434
-34.7989054096304, 0, -9.90000000000001
-30.9323603641159, 5.57692332819401, -3.8620862454816E-15
-30.9323603641159, 5.50769563163336, -0.692836258527476
-30.9323603641159, 5.45285643939597, -1.38695935222339
-30.9323603641159, 5.41171648678707, -2.08203137944475
-30.9323603641159, 5.38218471444196, -2.77769697986112
-30.9323603641159, 5.36114949793561, -3.47367476544427
-30.9323603641159, 5.34659349249362, -4.16981923706123
-30.9323603641159, 5.33535844170011, -4.86602692093591
-30.9323603641159, 5.32199966779159, -5.56219296532735
-30.9323603641159, 5.28690257021037, -6.25751354077327
-30.9323603641159, 5.18231327964162, -6.94529885695399
-30.9323603641159, 4.94746386552896, -7.59869766509641
-30.9323603641159, 4.50508290896724, -8.13073773858157
-30.9323603641159, 3.93198336461279, -8.52449558363779
-30.9323603641159, 3.30477944350881, -8.82604422660109
-30.9323603641159, 2.65643305675321, -9.07976650760516
-30.9323603641159, 1.99886488162646, -9.30869418777144
-30.9323603641159, 1.33666194340103, -9.52388682341551
-30.9323603641159, 0.671629189146571, -9.73018096042522
-30.9323603641159, 0, -9.90000000000001
-27.0658153185983, 5.74601340589888, -3.95317275574222E-15
-27.0658153186, 5.58209451678395, -0.663068235014598
-27.0658153186009, 5.45366030001624, -1.33391326591878
-27.0658153186013, 5.35787934482553, -2.01021917161729
-27.0658153186014, 5.28619683551493, -2.68953344366203
-27.0658153186014, 5.22764925121078, -3.37012373187889
-27.0658153186014, 5.17599997016442, -4.05127375248003
-27.0658153186014, 5.12892893664225, -4.73275718435719
-27.0658153186014, 5.08269728883082, -5.41429817532823
-27.0658153186014, 5.02461212846294, -6.09489825939448
-27.0658153186014, 4.91855113802994, -6.76933322482953
-27.0658153186014, 4.70354882411004, -7.41634533805258
-27.0658153186014, 4.3214207459598, -7.97878371681179
-27.0658153186014, 3.79833612412061, -8.41639142728056
-27.0658153186014, 3.21013269690789, -8.76251273075161
-27.0658153186014, 2.58863573846582, -9.04565329206469
-27.0658153186014, 1.95164349921877, -9.29223370077947
-27.0658153186014, 1.30672148019849, -9.51736767660025
-27.0658153186014, 0.657279157608891, -9.72914661095448
-27.0658153186014, 0, -9.90000000000001
-23.1892702730869, 5.84594693895498, -4.36603478190703E-15
-23.1892702730869, 5.60354963321951, -0.622451449502357
-23.1892702730869, 5.40506318296613, -1.26024883394575
-23.1892702730869, 5.24973233318727, -1.90994149480325
-23.1892702730869, 5.12854933760068, -2.56691664378883
-23.1892702730869, 5.02804762603988, -3.22741167661922
-23.1892702730869, 4.93806081023023, -3.88942672729712
-23.1892702730869, 4.85548814377597, -4.55241112770704
-23.1892702730869, 4.77554005059299, -5.21571883003723
-23.1892702730869, 4.68944677222507, -5.87824554243351
-23.1892702730869, 4.57656090055715, -6.53660664300874
-23.1892702730869, 4.38680008493322, -7.17636787645872
-23.1892702730869, 4.06990923600505, -7.76264989631886
-23.1892702730869, 3.61544683374339, -8.25036576204643
-23.1892702730869, 3.08012909456685, -8.64898873312177
-23.1892702730869, 2.49670627201479, -8.97402653298062
-23.1892702730869, 1.88938186895374, -9.2521807762201
-23.1892702730869, 1.26885922847967, -9.49969449289869
-23.1892702730869, 0.640282716987186, -9.72603158834162
-23.1892702730869, 0, -9.90000000000001
-21.6526522548811, 5.86276017476809, -4.69345466692768E-15
-21.6526522548811, 5.59545622765765, -0.605189496386605
-21.6526522548811, 5.37136136982218, -1.2276521551059
-21.6526522548811, 5.19112855532416, -1.86422898124362
-21.6526522548811, 5.04741644454202, -2.51008674608855
-21.6526522548811, 4.92787819238594, -3.16089811799684
-21.6526522548811, 4.82168116832592, -3.81402862154781
-21.6526522548811, 4.72523640312049, -4.46867598499048
-21.6526522548811, 4.63280406336792, -5.12390513920511
-21.6526522548811, 4.53588212090612, -5.77847793137272
-21.6526522548811, 4.41834762213802, -6.42959092174183
-21.6526522548811, 4.23836107366396, -7.06574472635586
-21.6526522548811, 3.94633206301045, -7.65814665075591
-21.6526522548811, 3.52499557728789, -8.16639933952752
-21.6526522548811, 3.0154721871134, -8.58755045278871
-21.6526522548811, 2.45154415859295, -8.93314768771928
-21.6526522548811, 1.85942179107847, -9.22821223479299
-21.6526522548811, 1.25121434403812, -9.48874590301277
-21.6526522548811, 0.63282633782811, -9.72414903881778
-21.6526522548811, 0, -9.90000000000001
-20.1060342366753, 5.86523801302509, -4.99540197079594E-15
-20.1060342366753, 5.57552823320899, -0.587322690566521
-20.1060342366753, 5.3267531271947, -1.1930938820766
-20.1060342366753, 5.12090091693722, -1.81478009714096
-20.1060342366753, 4.95290422834385, -2.4477941711782
-20.1060342366753, 4.81253371693034, -3.08754917295587
-20.1060342366753, 4.6890789469215, -3.73079757204767
-20.1060342366753, 4.57854514706837, -4.37640026212221
-20.1060342366753, 4.47416674790999, -5.02303309966431
-20.1060342366753, 4.36699399978384, -5.66920420385949
-20.1060342366753, 4.24416244503153, -6.31254292621334
-20.1060342366753, 4.07297962027443, -6.94436680051263
-20.1060342366753, 3.80457485408714, -7.54082482516424
-20.1060342366753, 3.4190294248069, -8.0685995386032
-20.1060342366753, 2.93935767633525, -8.51363533043853
-20.1060342366753, 2.39911651681524, -8.88327744159001
-20.1060342366753, 1.82525735971012, -9.19866365653361
-20.1060342366753, 1.23152266321239, -9.47508651881319
-20.1060342366753, 0.624807038440674, -9.72175414519264
-20.1060342366753, 0, -9.90000000000001
-18.5594162184695, 5.85145099525048, -5.18392342792759E-15
-18.5594162184695, 5.541379418248, -0.56891286054332
-18.5594162184695, 5.26893902933463, -1.15674733446258
-18.5594162184695, 5.03719949214116, -1.76178952256163
-18.5594162184695, 4.84358137392513, -2.38012217334366
-18.5594162184695, 4.68066606483687, -3.00728719679926
-18.5594162184695, 4.53877637139076, -3.6395624100307
-18.5594162184695, 4.41374221414871, -4.27539714421919
-18.5594162184695, 4.29792142635809, -4.91298607908274
-18.5594162184695, 4.18135676306466, -5.55043805499766
-18.5594162184695, 4.05301317238971, -6.18560284622017
-18.5594162184695, 3.88932009188933, -6.81236634132479
-18.5594162184695, 3.64314874472582, -7.41102539905584
-18.5594162184695, 3.2940581649582, -7.95568446723288
-18.5594162184695, 2.84876862038931, -8.42551859075685
-18.5594162184695, 2.33760424847123, -8.82299406158046
-18.5594162184695, 1.78609489401789, -9.1627986774835
-18.5594162184695, 1.20957926661712, -9.45848622289028
-18.5594162184695, 0.616228628185155, -9.7187610847894
-18.5594162184695, 0, -9.90000000000001
-17.0127982002637, 5.81744974465281, -5.17763057153222E-15
-17.0127982002637, 5.48798297773752, -0.549649923801967
-17.0127982002637, 5.19287942065155, -1.11845976024466
-17.0127982002637, 4.93599919488671, -1.70551813555256
-17.0127982002637, 4.7169055865249, -2.30772261902406
-17.0127982002637, 4.53091324272448, -2.92099423116761
-17.0127982002637, 4.36991128282962, -3.54132333308187
-17.0127982002637, 4.22982010699822, -4.16671994369008
-17.0127982002637, 4.1027220229025, -4.79490472860935
-17.0127982002637, 3.97753847909004, -5.4234765536498
-17.0127982002637, 3.84385329639254, -6.05028482750898
-17.0127982002637, 3.68611559792272, -6.67137021087923
-17.0127982002637, 3.46196285176819, -7.27120248671287
-17.0127982002637, 3.14826828217412, -7.82924694229989
-17.0127982002637, 2.74188073126703, -8.32391896105368
-17.0127982002637, 2.26536658432951, -8.75168222502641
-17.0127982002637, 1.74108693266639, -9.11983807776377
-17.0127982002637, 1.18518211997303, -9.43851676246735
-17.0127982002637, 0.607117164198826, -9.71494303123496
-17.0127982002637, 0, -9.90000000000001
-15.4661801820579, 5.75868958580633, -4.8983800282069E-15
-15.4661801820579, 5.40973133741972, -0.529061468387463
-15.4661801820579, 5.0928154801055, -1.07788627052695
-15.4661801820579, 4.81243194320983, -1.64623107150944
-15.4661801820579, 4.56966218475682, -2.23164443950251
-15.4661801820579, 4.36177292279534, -2.83036147990987
-15.4661801820579, 4.18212243416899, -3.43818322087333
-15.4661801820579, 4.02664610413083, -4.05264474312372
-15.4661801820579, 3.88807255082524, -4.67116308440689
-15.4661801820579, 3.75469895119283, -5.29083237444252
-15.4661801820579, 3.61596791156659, -5.90931917978072
-15.4661801820579, 3.46230774077297, -6.52422914856972
-15.4661801820579, 3.26086139064034, -7.1248125036247
-15.4661801820579, 2.98157426622526, -7.69326852367741
-15.4661801820579, 2.61814532264952, -8.21174422022144
-15.4661801820579, 2.18142257431611, -8.67037329995063
-15.4661801820579, 1.68946940345547, -9.06954985998831
-15.4661801820579, 1.15809713509183, -9.41473473596068
-15.4661801820579, 0.597475361011055, -9.70995913310431
-15.4661801820579, 0, -9.90000000000001
-13.9195621638521, 5.67098278632455, -4.27256499867938E-15
-13.9195621638521, 5.30171997413662, -0.506672498341485
-13.9195621638521, 4.9635339725148, -1.03455960362558
-13.9195621638521, 4.66162953865599, -1.58398481189383
-13.9195621638521, 4.39807982450389, -2.15281296118345
-13.9195621638521, 4.17108628652439, -2.73721907429556
-13.9195621638522, 3.97468485352841, -3.33264593617862
-13.9195621638521, 3.80420767204116, -3.93601525356076
-13.9195621638521, 3.6538264818218, -4.54473275569435
-13.9195621638522, 3.51222246273257, -5.15556720851807
-13.9195621638522, 3.36857575035302, -5.76592350964345
-13.9195621638522, 3.21706589604178, -6.37436608677982
-13.9195621638521, 3.03786740535471, -6.97505531226563
-13.9195621638521, 2.79476926872661, -7.55265495961245
-13.9195621638521, 2.47774511187902, -8.09294989194136
-13.9195621638521, 2.08558933785388, -8.58153944179071
-13.9195621638521, 1.63081313557476, -9.01266518811005
-13.9195621638521, 1.1280618051016, -9.38687137752173
-13.9195621638522, 0.587230375005774, -9.70337610485989
-13.9195621638521, 0, -9.90000000000001
-12.3729441456464, 5.54089343598301, -3.33317827789237E-15
-12.3729441456464, 5.15268196477094, -0.483770990826506
-12.3729441456464, 4.79544855047131, -0.9908030411913
-12.3729441456464, 4.47532203415966, -1.52201737960542
-12.3729441456464, 4.19513958988059, -2.0753487920717
-12.3729441456464, 3.9533347733627, -2.64652829365337
-12.3729441456464, 3.74376809291181, -3.23035902265332
-12.3729441456464, 3.56021412507178, -3.82289190192052
-12.3729441456464, 3.39845315243773, -4.42176663990481
-12.3729441456464, 3.24864150837917, -5.02376161142436
-12.3729441456464, 3.10051621631366, -5.62617668000867
-12.3729441456464, 2.94972198913529, -6.22792817833169
-12.3729441456464, 2.78988366228519, -6.82730785246196
-12.3729441456464, 2.58765983895601, -7.41350861471989
-12.3729441456464, 2.32104779777346, -7.97313167663179
-12.3729441456463, 1.97807870141018, -8.48943717002212
-12.3729441456464, 1.56490168831437, -8.95155647608238
-12.3729441456464, 1.0946011834746, -9.3554710028728
-12.3729441456464, 0.576097356304204, -9.69500381515133
-12.3729441456464, 0, -9.90000000000001
-10.8263261274406, 5.33378573355964, -2.32572178699484E-15
-10.8263261274406, 4.93439309685925, -0.465074019681526
-10.8263261274406, 4.56583226042174, -0.954889047487971
-10.8263261274406, 4.23502479619368, -1.47092013228973
-10.8263261274406, 3.94536428478064, -2.01113025053677
-10.8263261274406, 3.69523187865676, -2.57078002945512
-10.8263261274406, 3.47811725019239, -3.14410685198687
-10.8263261274406, 3.28588402909544, -3.7262628747896
-10.8263261274406, 3.1153972957124, -4.31517361357432
-10.8263261274406, 2.95883007538461, -4.90795690155539
-10.8263261274406, 2.80663761780637, -5.50188472190875
-10.8263261274406, 2.65733957783112, -6.09654533004038
-10.8263261274406, 2.51411961068208, -6.69269643779477
-10.8263261274406, 2.35942463788978, -7.28585524531719
-10.8263261274406, 2.14859588044415, -7.86117465393027
-10.8263261274406, 1.8589894745478, -8.40095841642681
-10.8263261274406, 1.4912297241624, -8.89083046981831
-10.8263261274406, 1.05683881116015, -9.32276994990337
-10.8263261274406, 0.563505070465798, -9.68549600892773
-10.8263261274406, 0, -9.90000000000001
-9.27970810923476, 5.00968725213548, -1.52623286360038E-15
-9.27970810923476, 4.61234713272485, -0.455426614788649
-9.27970810923476, 4.24558817952405, -0.935766110602088
-9.27970810923476, 3.91654216495384, -1.44265040080346
-9.27970810923476, 3.6285606431507, -1.97395149180806
-9.27970810923476, 3.37959227538178, -2.52465749711793
-9.27970810923476, 3.1627040068751, -3.08882905529493
-9.27970810923476, 2.96852588019639, -3.661233686841
-9.27970810923476, 2.7944685094034, -4.24008636156475
-9.27970810923477, 2.6347726920236, -4.82308101376509
-9.27970810923476, 2.48202540813495, -5.40794195242188
-9.27970810923476, 2.33595575734541, -5.99450070994333
-9.27970810923476, 2.20783726820227, -6.58517833166777
-9.27970810923476, 2.11199359155834, -7.18196844376473
-9.27970810923476, 1.96502951384742, -7.76789103881631
-9.27970810923476, 1.73154838204848, -8.32476136863295
-9.27970810923476, 1.41106518896857, -8.83650691346842
-9.27970810923476, 1.01476272871799, -9.29211715488844
-9.27970810923476, 0.549057116045518, -9.67592681099289
-9.27970810923476, 0, -9.90000000000001
-7.46518318094188, 4.42424120496585, -1.21399537365986E-15
-7.58924246180735, 4.08568398249816, -0.47849433308972
-7.70401925905216, 3.77245861630345, -0.976127840895285
-7.80715588470092, 3.49099922631876, -1.49481371396223
-7.89767342530341, 3.24397726297031, -2.03304081722752
-7.97649515904957, 3.02887310420828, -2.58662942767381
-8.04617310301346, 2.83872230685477, -3.15053142409915
-8.10938310034294, 2.66622250693038, -3.72084273457309
-8.16668649508261, 2.50984179904871, -4.29641004069697
-8.21966825552805, 2.36525481182195, -4.87547584336986
-8.27022250587491, 2.22729248879405, -5.45637586512381
-8.31730734497667, 2.09879817353265, -6.03972008141892
-8.35389081900115, 1.99896203658634, -6.62917458979424
-8.37163455079483, 1.95053947190297, -7.22605979072988
-8.41298406041312, 1.83769684514334, -7.81243589863158
-8.48916592681837, 1.62979687254451, -8.3683693894289
-8.59814114081493, 1.33240400107921, -8.87612675404908
-8.73497048794762, 0.958997324898776, -9.32336831199863
-8.89690380844588, 0.517082017713398, -9.69239703557902
-9.08638085695915, 0, -9.90000000000001
-6.23736930674853, 3.8962224805149, -1.38279248384576E-15
-6.42735037843696, 3.62345345555303, -0.504188436363077
-6.60587468911983, 3.36713369840996, -1.02100167563361
-6.76873245342836, 3.13330749044561, -1.55338991477715
-6.91386880998052, 2.92492513892285, -2.10124747404041
-7.04250294814441, 2.74023616895367, -2.66161244016172
-7.15866416323373, 2.57345544129116, -3.23029307109054
-7.26552320244993, 2.42003049386709, -3.80453145562707
-7.36358561092804, 2.27923548040462, -4.38356142172827
-7.45517505606206, 2.14773415017222, -4.96583687142429
-7.54242372913868, 2.02246516798984, -5.55014848678102
-7.62088342317669, 1.90981513369246, -6.13822718620155
-7.66666313806142, 1.84408601614848, -6.73586205053693
-7.67721891693725, 1.82893035097571, -7.33908717975863
-7.7494035309395, 1.72528988509323, -7.92848311524236
-7.89161499577938, 1.52110700383023, -8.47763092433953
-8.09240600563764, 1.23281739953761, -8.96785126786841
-8.3396643248808, 0.877811450501382, -9.38820270423516
-8.62641120703172, 0.466109027938805, -9.72238222261067
-8.95105178036606, 0, -9.90000000000001
-5.35751156302078, 3.45821114075225, -1.6204316606925E-15
-5.57736892331514, 3.23835378045789, -0.528108364510248
-5.78769878330057, 3.02802392047246, -1.06389948209266
-5.98293929298409, 2.83278341078893, -1.61096637028917
-6.15996284748979, 2.65575985628324, -2.17028817464508
-6.31989746942847, 2.49582523434455, -2.73983103859638
-6.46739537791989, 2.34832732585313, -3.31607284732492
-6.60477855007713, 2.2109441536959, -3.89729115585317
-6.73233510200426, 2.08338760176877, -4.48297672354516
-6.85271676388391, 1.96300593988911, -5.07169962770153
-6.96657733223118, 1.84914537154184, -5.66300137655157
-7.06340246926372, 1.75232023450931, -6.26023628456527
-7.08457210895405, 1.73115059481898, -6.86959051167914
-7.08474391865445, 1.73097878511858, -7.48100855374541
-7.19395402586221, 1.62176867791082, -8.07209868419718
-7.40264731375668, 1.41307539001635, -8.60768881893001
-7.68483702260967, 1.13088568116336, -9.07161214759888
-8.02106622841217, 0.794656475360855, -9.45717021914624
-8.40032238459094, 0.415400319182087, -9.75170894478744
-8.81572270377303, 0, -9.90000000000001
-4.60258307863404, 3.04563114673511, -1.86202822956778E-15
-4.83555848922952, 2.87162670035738, -0.554125891051003
-5.06291891480157, 2.70181596849195, -1.11186277920327
-5.27808526292423, 2.54111273724318, -1.67706439537454
-5.47688046393462, 2.39263677230789, -2.251524278795
-5.66035648456445, 2.25560238180427, -2.83388367867856
-5.8332976066552, 2.12643628599859, -3.42125701117474
-5.99638134643677, 2.00463246223294, -4.01300321124397
-6.14969590903759, 1.89012503194743, -4.60880821850969
-6.29593701772992, 1.78090061598597, -5.20738238768568
-6.4316226285527, 1.6795598799302, -5.80978604544731
-6.53250464499276, 1.60421321834367, -6.42227785958869
-6.48417471789416, 1.64030982693756, -7.04141966304126
-6.49113263668113, 1.63511310337187, -7.66434019160734
-6.66002126925596, 1.50897372696489, -8.25085164173467
-6.94842282320365, 1.2935726569512, -8.76095143389802
-7.31493761055947, 1.01983045171122, -9.18657019984327
-7.73399076907929, 0.706848439297527, -9.52897192727018
-8.19257937663613, 0.364338229447044, -9.78021293844436
-8.68039362718002, 0, -9.90000000000001
-3.90715038259041, 2.63750410396355, -2.30770507570795E-15
-4.14179162370741, 2.50406756029579, -0.584878783210347
-4.37608962103374, 2.37082621362258, -1.1699386741229
-4.60276531463949, 2.24191954340445, -1.75894552234289
-4.81646024081618, 2.12039481820009, -2.35433543423142
-5.01872796765298, 2.00536854985888, -2.95499482977757
-5.2136177371531, 1.89453800227695, -3.55887654408567
-5.39991514044225, 1.78859378944018, -4.16633348878624
-5.57750018037338, 1.68760415171621, -4.77723687768079
-5.74814575149218, 1.59056087367222, -5.39074945628853
-5.89892512451107, 1.50481516973605, -6.01101382451199
-5.95769132517873, 1.47139581572885, -6.64769268994395
-5.80932521429952, 1.55576913790744, -7.26711030665195
-5.86378580742952, 1.52479831078955, -7.90310100507622
-6.1260958374883, 1.37562699029276, -8.46915038199985
-6.50984778135628, 1.15739368752058, -8.93654604823879
-6.96508281118785, 0.898509151076603, -9.3102955889268
-7.46424694148202, 0.614642870996008, -9.60089093164215
-7.99421192448205, 0.313260661884681, -9.80749453698164
-8.54506455058701, 0, -9.90000000000001
-3.23921784273838, 2.22188013560829, -6.04895137663798E-15
-3.46707830915708, 2.12396370245163, -0.623274254090654
-3.6990619710614, 2.02427544550516, -1.24474894473232
-3.92983523968287, 1.92510732000069, -1.86675467064153
-4.15286658670092, 1.8292660609821, -2.49209405080018
-4.37049849151848, 1.73574505579962, -3.11968836630555
-4.58484472626624, 1.64363597212693, -3.74861948148183
-4.79301170933742, 1.55418224281762, -4.3800021452443
-4.99484773614348, 1.46744905852296, -5.01381767706635
-5.18605680374522, 1.38528250202882, -5.65148125134854
-5.32869446874172, 1.32398809844155, -6.30337264143301
-5.17477701206973, 1.39012966566793, -6.93271602498293
-5.01803425506507, 1.45748532384882, -7.57232342481875
-5.19720384192973, 1.38049238535591, -8.20630121809578
-5.58731694114014, 1.21285258454825, -8.72248619415317
-6.07789082238856, 1.00204267352404, -9.12671754133874
-6.62339668753414, 0.767627334081433, -9.43781250555389
-7.20116626692068, 0.519347598289104, -9.67006193692885
-7.79875535875467, 0.262551001295451, -9.83315885033773
-8.40973547399401, 0, -9.90000000000001
-2.57753594518242, 1.78962476445102, -6.19532331037099E-15
-2.790655172725, 1.72267512067909, -0.674710658299623
-3.01230478721318, 1.65304572635705, -1.34640508347412
-3.23806785749083, 1.58212412389898, -2.01659436171313
-3.46578061887803, 1.51059004209423, -2.68605905507938
-3.69519292627766, 1.43852206195746, -3.35488524523017
-3.92635944242587, 1.36590301164194, -4.02304827318711
-4.15633552752981, 1.29365792539933, -4.69166194055665
-4.38228757517205, 1.22267695726418, -5.36177271327111
-4.57325600296357, 1.16268580414416, -6.04342021919359
-4.51139788143909, 1.18211802172592, -6.7252558172282
-4.1101691171517, 1.30816072162603, -7.29039478249019
-4.11395621780068, 1.30697103525986, -7.98385041868075
-4.49847073338499, 1.18617897843635, -8.56314641871518
-5.03239670211414, 1.01845054858429, -8.99887397426179
-5.63591681612218, 0.828859693230986, -9.32143711072206
-6.27342288287613, 0.628592431737211, -9.56250640567344
-6.93103713831211, 0.422008348975432, -9.73486640994368
-7.5989197883957, 0.212198534909661, -9.85692593529703
-8.274406397401, 0, -9.90000000000001
-1.90462777391165, 1.33173821580093, -6.30746268030404E-15
-2.09005480637282, 1.29212922329669, -0.747797455392652
-2.29113147497628, 1.24917731842187, -1.49136427802708
-2.50431669829682, 1.20363891013025, -2.23139910117344
-2.72856302387508, 1.15573774431295, -2.96800694128019
-2.96508924755125, 1.10521347448941, -3.70058923966455
-3.20969129912281, 1.05296413037477, -4.43039837267213
-3.45840458390096, 0.999836587417694, -5.15875515654069
-3.6838936675522, 0.951669956557111, -5.89466643271087
-3.6309897372343, 0.962970743457453, -6.63371552697402
-3.03768078800002, 1.08970722524763, -7.1046166258867
-2.79977978174719, 1.14052516181464, -7.8105327996789
-3.16188548007084, 1.06317591181438, -8.47391666156396
-3.75433929401004, 0.936622095124558, -8.94805368489087
-4.43473452746873, 0.791283147807739, -9.27926751889761
-5.15280681859868, 0.637896019623895, -9.5147336339015
-5.88971995866166, 0.480484305411486, -9.67915156734409
-6.63550774784648, 0.32117688103277, -9.79529042675701
-7.38548830649565, 0.160973840884976, -9.87875749037777
-8.13907732080799, 0, -9.90000000000001
-1.20557547821854, 0.837613380785521, -6.38883096446543E-15
-1.34079236608461, 0.820953098900467, -0.841174602794638
-1.4968509377326, 0.80172488092218, -1.67868039397636
-1.67362484002271, 0.779944295016437, -2.51199475878085
-1.87333344215, 0.755337889272162, -3.34002363589863
-2.09568918927603, 0.727941093765742, -4.16218430082645
-2.33488662549551, 0.698469207698209, -4.97954235771944
-2.5612356463478, 0.67058039476007, -5.80037193686704
-2.42446653607635, 0.687431928368157, -6.59322816820491
-1.67577368190276, 0.779679532884925, -6.98317021826519
-1.27151635876098, 0.82948870290746, -7.7005314731836
-1.5560670206895, 0.794428775755437, -8.48313319929056
-2.19763061854523, 0.715380732599374, -9.03041067832847
-2.97367734373244, 0.619762815328583, -9.36534866496173
-3.79298139007195, 0.51881509661536, -9.57483810808167
-4.62869136730116, 0.415845977783244, -9.70465438516856
-5.47003839208412, 0.312182309603578, -9.79120232203062
-6.31345578470259, 0.208263548200798, -9.85439778492934
-7.15798406612396, 0.104207912470473, -9.9
-8.00374824421499, 0, -9.90000000000001
-0.4715279002839, 0.2943551271869, -6.43571907501699E-15
-0.51685830600629, 0.292551229189809, -0.904978769558711
-0.573938285914101, 0.290279763497218, -1.80928771146073
-0.647132645056183, 0.287367035147436, -2.71242482477725
-0.742740202370677, 0.283562386183944, -3.61345091706733
-0.860517800859183, 0.278875492902717, -4.51185431704225
-0.989990954290106, 0.273723181591379, -5.40861913908828
-0.952508843675747, 0.275214761099359, -6.30587528950756
-0.29364261765124, 0.301433971947701, -6.90260595683709
-0.146814457959075, 0.307276915970908, -7.7904765203947
-0.210484078354498, 0.304743219241825, -8.69243071603298
-0.68252567825075, 0.285958589300257, -9.43398445310122
-1.53721544841333, 0.251946690664888, -9.71312324292619
-2.43774242872636, 0.216110726035294, -9.80401142095886
-3.34205625172861, 0.180124066131005, -9.84783249547697
-4.2470660340426, 0.144109710917492, -9.87434586935123
-5.15227464058171, 0.108087443605625, -9.8931013823501
-6.05761254929994, 0.0720600307862687, -9.90000000000001
-6.96301585846095, 0.0360300153931345, -9.90000000000001
-7.86841916762198, 0, -9.90000000000001
