-77.2922354598346, 1.95110913695692, -2.66446549808717E-15
-77.2922354598379, 2.35227625248387, -0.541582547067352
-77.2922354598398, 2.74022142948278, -1.09270770945521
-77.2922354598405, 3.11265120014045, -1.65442673577852
-77.2922354598401, 3.46688523102812, -2.22778490767312
-77.2922354598389, 3.79994716035195, -2.81368492515531
-77.2922354598376, 4.10906264043135, -3.41255731305614
-77.2922354598363, 4.39269935784182, -4.0239061930551
-77.2922354598349, 4.6497476061708, -4.64689935886518
-77.2922354598335, 4.87942636675373, -5.28049275323999
-77.2922354598321, 5.07812336872177, -5.9244456721328
-77.2922354598303, 5.22441571075078, -6.58113329851737
-77.2922354598287, 4.68990155902682, -6.88556921678935
-77.2922354598284, 4.02566527808227, -6.99951876874728
-77.2922354598279, 3.35800624303381, -7.09151112283217
-77.2922354598277, 2.68860717030204, -7.17001438088357
-77.2922354598275, 2.01817610155342, -7.23915213051151
-77.2922354598275, 1.34657426883829, -7.29566201908506
-77.2922354598274, 0.673556931246881, -7.33135743390971
-77.2922354598346, 0, -7.35199386956712
-75.7842828920839, 2.14123712351537, -2.57842042372371E-15
-75.7842828923278, 2.53085626440991, -0.551025421724952
-75.7842828922404, 2.90700040748271, -1.11133041465971
-75.7842828922302, 3.26748929911169, -1.68182697722953
-75.7842828929311, 3.60985596040173, -2.26337166077737
-75.7842828952913, 3.93149621513645, -2.85662277226123
-75.7842828935301, 4.23013449808698, -3.46177394685221
-75.7842828923278, 4.50418066216297, -4.07844707282857
-75.7842828927702, 4.75172836163586, -4.70621916014636
-75.7842828928469, 4.96968071926115, -5.34485244155732
-75.784282892178, 5.15040150149655, -5.99494872364057
-75.784282892591, 5.25140802710159, -6.6588560222832
-75.7842828921961, 4.69901410127478, -6.97046183435453
-75.7842828921487, 4.0345275827977, -7.08739464604005
-75.7842828921746, 3.36396435189334, -7.16261230287643
-75.7842828922208, 2.6911282016073, -7.21484473034773
-75.7842828920923, 2.01735770767462, -7.25308691318445
-75.7842828921484, 1.3427207047792, -7.26816258239216
-75.7842828920827, 0.668459850671865, -7.24225293088227
-75.7842828920839, 4.44089209850063E-16, -7.26045117090078
-74.2376648738781, 2.32307827292261, -2.40670199421956E-15
-74.2376648739703, 2.70170239035762, -0.560255166656557
-74.2376648746147, 3.06661754220449, -1.12952926174887
-74.2376648763631, 3.41570567062802, -1.70863768011094
-74.2376648797681, 3.74672994557637, -2.2982511731469
-74.2376648845049, 4.057342889922, -2.89886076450555
-74.2376648784585, 4.34547438849805, -3.51056899326012
-74.2376648745651, 4.60945667481697, -4.13307406687826
-74.2376648768293, 4.84670357301029, -4.7662391217234
-74.2376648759828, 5.05211639067612, -5.4104037421303
-74.2376648748339, 5.21448153093072, -6.066657434341
-74.2376648748531, 5.26841335993636, -6.73472740354424
-74.2376648742785, 4.70681481300377, -7.05441317944036
-74.2376648741138, 4.04239294889412, -7.17871837718196
-74.2376648741961, 3.36987574904368, -7.2460879919845
-74.2376648743504, 2.69437063494741, -7.27663158132839
-74.2376648739035, 2.01832157345927, -7.29039626896479
-74.2376648740807, 1.34230639063129, -7.27802689589163
-74.2376648738893, 0.66859479524264, -7.22139259127601
-74.2376648738781, 0, -7.24172346533408
-72.6910468556723, 2.49452586098052, -2.24386376823841E-15
-72.6910468556723, 2.86262018244354, -0.568917409959225
-72.6910468556723, 3.21683936411614, -1.14657070673515
-72.6910468556723, 3.55510288310224, -1.73370412758341
-72.6910468556723, 3.87524437948718, -2.33090566938156
-72.691046855673, 4.17502977318615, -2.93857412427487
-72.691046856136, 4.45250912423788, -3.55674283142176
-72.6910468587334, 4.70605624241447, -4.1850997298014
-72.6910468654194, 4.93234692077868, -4.823762340325
-72.6910468588376, 5.12482473403643, -5.47337180861486
-72.6910468592914, 5.26914243612893, -6.13522929434547
-72.6910468566316, 5.27980360020865, -6.80474238596076
-72.6910468564888, 4.71569385246001, -7.134936390041
-72.6910468561624, 4.05177768825532, -7.26902238675009
-72.6910468563073, 3.37809250001189, -7.33533052953246
-72.6910468565849, 2.70066902652998, -7.35119600000504
-72.6910468557162, 2.02306362903889, -7.34939782961567
-72.6910468560325, 1.34596914214464, -7.3241107606865
-72.6910468557359, 0.671164989638799, -7.26306610962695
-72.6910468556723, 4.44089209850063E-16, -7.29540898555675
-71.1444288374665, 2.65794822671673, -2.14787755473701E-15
-71.1444288374665, 3.01591775541158, -0.577172984316202
-71.1444288374665, 3.35984848723829, -1.16281504867953
-71.1444288374665, 3.68765626170837, -1.7576262700272
-71.1444288374665, 3.99717650645049, -2.36214920232698
-71.1444288374665, 4.28618312244191, -2.97673686430651
-71.1444288374665, 4.55277971867996, -3.60136836358119
-71.1444288374665, 4.79528631779774, -4.23573342562622
-71.1444288374665, 5.01001867386506, -4.88001153378744
-71.1444288383689, 5.18933220667313, -5.53497586247624
-71.1444288471047, 5.3159482343048, -6.20198244865159
-71.144428838118, 5.28765593464729, -6.87128876224147
-71.1444288387877, 4.72395483363714, -7.21276011421521
-71.1444288382737, 4.06072607340767, -7.35753455825736
-71.1444288384731, 3.38619833899856, -7.4272245381593
-71.1444288388512, 2.70709258519045, -7.4362209173089
-71.1444288375263, 2.02796967556355, -7.42836668704763
-71.14442883797, 1.34931306972777, -7.40241958553492
-71.1444288376551, 0.671863074849241, -7.3541566013195
-71.1444288374665, 4.44089209850063E-16, -7.41548343360713
-69.5978108192608, 2.81510936619427, -2.14199450491229E-15
-69.5978108192607, 3.16335341479845, -0.585269842788372
-69.5978108192607, 3.49736374697065, -1.17877288082406
-69.5978108192607, 3.81501265844561, -1.78118560270536
-69.5978108192607, 4.11407621256161, -2.39303132283527
-69.5978108192607, 4.39224794598459, -3.01464706844604
-69.5978108192607, 4.64763041373043, -3.64596418236631
-69.5978108192607, 4.87854570349896, -4.28662743835843
-69.5978108192607, 5.08116526801728, -4.93677431805607
-69.5978108208812, 5.24709301130425, -5.59717417777455
-69.5978108302644, 5.35623710042276, -6.2691019581441
-69.5978108195654, 5.29209375725767, -6.93717986379963
-69.5978108211147, 4.72914760344907, -7.28899492622553
-69.5978108204081, 4.06644496380664, -7.44441768358178
-69.5978108206477, 3.39093502175346, -7.51994342631327
-69.5978108211203, 2.7099648456304, -7.52967728101435
-69.59781081933, 2.02893729173508, -7.52487513820648
-69.5978108198632, 1.34810249211884, -7.50801982559255
-69.5978108197163, 0.667516969747607, -7.4828938434096
-69.5978108192607, 0, -7.59247472015817
-68.051192801055, 2.96697128320564, -2.19890744401286E-15
-68.051192801055, 3.30594367439797, -0.593375378950978
-68.051192801055, 3.63041118242517, -1.19479979503811
-68.051192801055, 3.93816890595692, -1.80493787618508
-68.0511928010549, 4.22688829613085, -2.4243054409769
-68.0511928010549, 4.49412496652812, -3.05323332394901
-68.051192801055, 4.73797146976234, -3.69159133295773
-68.051192801055, 4.95681745504343, -4.33893848801938
-68.051192801055, 5.14688697668118, -4.99529205645127
-68.051192801055, 5.29926190528422, -5.66133280241636
-68.0511928011403, 5.39088384909004, -6.33816691827773
-68.0511928012385, 5.2928208562394, -7.00431189171025
-68.0511928033815, 4.72971283866009, -7.36473243579139
-68.0511928025018, 4.06716334340843, -7.53055268914728
-68.0511928027729, 3.3903257478916, -7.61364314329146
-68.0511928033693, 2.7071447778583, -7.63001328913892
-68.0511928011245, 2.02378241391404, -7.63516716310465
-68.0511928016854, 1.34039745440613, -7.63449983236036
-68.0511928016364, 0.657085950704754, -7.6398224119465
-68.051192801055, 0, -7.80789081346184
-66.5045747828492, 3.11395661973301, -2.29001798361629E-15
-66.5045747828492, 3.44416958293147, -0.601559548003363
-66.5045747828492, 3.75948318283065, -1.21105556831343
-66.5045747828491, 4.05758868349045, -1.8291441172401
-66.5045747828492, 4.33602394164749, -2.4563324992228
-66.5045747828491, 4.59218001905286, -3.09293692344667
-66.5045747828491, 4.82416853396602, -3.73873835998081
-66.5045747828491, 5.0305187557586, -4.39317569820381
-66.5045747828491, 5.20769967435535, -5.0560871647483
-66.5045747828491, 5.3463774196271, -5.72802628688959
-66.5045747831754, 5.41988670991273, -6.40985579611268
-66.5045747834027, 5.28966416964823, -7.07345076604201
-66.5045747855086, 4.72510261728856, -7.44068535621111
-66.5045747844936, 4.06224388424048, -7.61665727029225
-66.5045747848042, 3.38371531800555, -7.70894235935392
-66.5045747855511, 2.69802660733159, -7.73650137120915
-66.504574782912, 2.01207711363239, -7.75668105687326
-66.5045747834264, 1.3261428656261, -7.77734370222343
-66.5045747833058, 0.6413497594396, -7.81876398051493
-66.5045747828491, 0, -8.04664213069422
-64.9579567646431, 3.25618285291435, -2.39374860178571E-15
-64.9579567646432, 3.57819216817975, -0.609797383174569
-64.9579567646433, 3.88473572841162, -1.22750848800667
-64.9579567646433, 4.1733821384531, -1.85377587439718
-64.9579567646434, 4.4415234699989, -2.48908533786035
-64.9579567646434, 4.68639222545476, -3.1337139167904
-64.9579567646434, 4.90617871790112, -3.78731815951343
-64.9579567646434, 5.0996338124856, -4.44918795603021
-64.9579567646434, 5.26367269387631, -5.11893935081539
-64.9579567646434, 5.38855147150709, -5.79699151295692
-64.9579567654588, 5.44322594832814, -6.48384135855187
-64.957956766207, 5.28277116532183, -7.14446347922558
-64.9579567674461, 4.71564902296553, -7.51713732522061
-64.9579567663456, 4.05205545362822, -7.70313047892306
-64.9579567667205, 3.3716075110213, -7.80644798786606
-64.9579567675148, 2.68330691078155, -7.84892464454585
-64.9579567647002, 1.99479547989864, -7.88786753016549
-64.9579567650973, 1.30669802823077, -7.93337128133474
-64.9579567649389, 0.622415762901814, -8.01477987700949
-64.9579567646434, 0, -8.29758742294787
-63.4113387464376, 3.39353430423255, -2.49159035055392E-15
-63.4113387464376, 3.70794120182843, -0.617985282183257
-63.4113387464376, 4.00608939119466, -1.24397059749324
-63.4113387464376, 4.28541550306294, -1.87857106520348
-63.4113387464376, 4.54317380434788, -2.52222536201188
-63.4113387464376, 4.77648259593922, -3.17513091765611
-63.4113387464376, 4.98369576820669, -3.83678075274102
-63.4113387464376, 5.16388129421105, -4.50629158145183
-63.4113387464376, 5.31461598611527, -5.18302956231824
-63.4113387464376, 5.42566998041191, -5.86729459377432
-63.4113387480006, 5.4608854861071, -6.55903591467706
-63.4113387495269, 5.2727078092228, -7.21651482108963
-63.4113387491781, 4.7024405007068, -7.59395242354831
-63.4113387480526, 4.03784617157058, -7.79007994560589
-63.4113387485213, 3.35552029364754, -7.90665477899578
-63.4113387493001, 2.66478752215335, -7.96722355247589
-63.4113387464979, 1.97402454796702, -8.02744024015966
-63.41133874673, 1.28442455659122, -8.09951960789481
-63.4113387466321, 0.602955896957576, -8.2221699136108
-63.4113387464376, 0, -8.55143186975575
-61.8547207282318, 3.5266264735261, -2.56742073694571E-15
-61.8547207282318, 3.83401655019584, -0.626015053460636
-61.8547207282318, 4.12406572231078, -1.26024415792649
-61.8547207282318, 4.3940802963376, -1.90325057403653
-61.8547207282318, 4.64120917556354, -2.55538624174603
-61.8547207282318, 4.86254521320754, -3.21671277340589
-61.8547207282318, 5.05671116117719, -3.88652063182032
-61.8547207282318, 5.2232064348789, -4.56373489727813
-61.8547207282318, 5.36049809854329, -5.24745988177269
-61.8547207282318, 5.45773749042667, -5.93790184030829
-61.8547207306589, 5.47316710473353, -6.63423964975295
-61.8547207328802, 5.26036199037452, -7.288737173538
-61.854720730715, 4.68703008905426, -7.67108848974605
-61.8547207296375, 4.02143189368868, -7.87786296981701
-61.8547207302147, 3.33763376653503, -8.01033792299423
-61.8547207308981, 2.64498486827622, -8.09186668048544
-61.8547207283074, 1.95249242269677, -8.17469412878972
-61.8547207283677, 1.26209260462864, -8.27316841404203
-61.8547207284298, 0.585232931721197, -8.43508614226768
-61.8547207282318, 0, -8.80125651699817
-57.9981756827173, 3.84040336073717, -2.65494334224205E-15
-57.9981756827173, 4.13053979323997, -0.645009438113732
-57.9981756827173, 4.39986620033478, -1.29897313428239
-57.9981756827173, 4.64546175317481, -1.9622049326983
-57.9981756827173, 4.86446324315726, -2.63467787990945
-57.9981756827173, 5.05438553889926, -3.31592950312993
-57.9981756827173, 5.21488069340407, -4.00471166900519
-57.9981756827173, 5.34697490418794, -4.69950569026734
-57.9981756830492, 5.45193250359273, -5.39891417921763
-57.9981756904598, 5.51637458550593, -6.10305669821388
-57.9981756834004, 5.48546331225001, -6.80841186705695
-57.9981756863901, 5.22729695270068, -7.45786085868283
-57.9981756841529, 4.64969749369509, -7.85523597853045
-57.9981756834503, 3.98315767791742, -8.09050542352156
-57.9981756841408, 3.29873534259864, -8.26755064764425
-57.9981756843997, 2.60534735974368, -8.40706325459607
-57.9981756828131, 1.91178651931828, -8.54571385819487
-57.9981756826887, 1.22199191101546, -8.70173856464597
-57.9981756830331, 0.556873521478799, -8.93678478035372
-57.9981756827173, 0, -9.35635779715314
-54.1316306372155, 4.15113278655688, -2.66477479462766E-15
-54.1316306373609, 4.41551907380179, -0.663229141850202
-54.1316306384337, 4.65652449629282, -1.33529888813095
-54.1316306413647, 4.87136292674337, -2.01617679553861
-54.1316306470522, 5.05764213450789, -2.70540903483582
-54.1316306435673, 5.21381510383669, -3.40207978282777
-54.1316306382283, 5.34083989474177, -4.10465773674594
-54.1316306401705, 5.44102033227818, -4.81157283374
-54.1316306389941, 5.5174335791155, -5.52145218935943
-54.1316306397246, 5.55269641557358, -6.23435494973305
-54.1316306380847, 5.48496079391045, -6.94387299413477
-54.1316306382032, 5.20682292476284, -7.59373565585772
-54.131630637681, 4.63474346660925, -8.01225369520372
-54.1316306374429, 3.9722200074013, -8.27721851115521
-54.1316306378214, 3.29106073524377, -8.49101608010474
-54.1316306375644, 2.60272259029224, -8.68076386523308
-54.1316306372248, 1.91292676546443, -8.86515688038596
-54.1316306371942, 1.22622356408044, -9.06057749461256
-54.1316306373318, 0.563631286820123, -9.32362571724948
-54.1316306372028, 4.44089209850063E-16, -9.7415530121375
-50.2650855916883, 4.47310630816671, -2.74000812773391E-15
-50.2650855916883, 4.69391669535122, -0.680316038088741
-50.2650855916883, 4.89250724478188, -1.36744073441093
-50.2650855916883, 5.06678119540632, -2.06112669911023
-50.2650855916883, 5.21523810660809, -2.76078942485922
-50.2650855916883, 5.33742347138285, -3.46551741108312
-50.2650855916883, 5.43464982393683, -4.17412594326018
-50.2650855916883, 5.50935778646986, -4.88546954492794
-50.2650855905231, 5.56337620456044, -5.59867346130912
-50.2650855792886, 5.57429625854223, -6.31360430244261
-50.2650855847304, 5.48308079743004, -7.02197091059305
-50.2650855852688, 5.20940107721237, -7.67706900526441
-50.2650855888804, 4.65566441852981, -8.12167065941794
-50.2650855902332, 4.00353153133592, -8.41410137674121
-50.265085590752, 3.32825337771724, -8.64971534788357
-50.2650855907368, 2.64566802523952, -8.86348950682308
-50.2650855912294, 1.96123371815407, -9.07127752267723
-50.2650855914208, 1.2781102902631, -9.28328443790453
-50.2650855912281, 0.60982349884041, -9.53709742243938
-50.2650855916883, -4.44089209850063E-16, -9.88622376586678
-46.3985405461738, 4.78340390711295, -3.2199683708802E-15
-46.3985405461738, 4.94779678312276, -0.694833256866957
-46.3985405461738, 5.09448800834829, -1.39361497942492
-46.3985405461738, 5.22235964912605, -2.09608259468517
-46.3985405461738, 5.33093520266106, -2.80179011592584
-46.3985405461738, 5.42057852076558, -3.5101538370577
-46.3985405461738, 5.49240127756887, -4.22054800946914
-46.3985405461738, 5.54739461313155, -4.93244468064602
-46.3985405461738, 5.58424924237083, -5.64549122255724
-46.3985405461738, 5.57740890896084, -6.35921727062396
-46.3985405461738, 5.47397300987035, -7.06485652540311
-46.3985405461738, 5.21136583648213, -7.72446542481058
-46.3985405461738, 4.67833580794793, -8.1914913465942
-46.3985405461738, 4.0379928945463, -8.50577085001808
-46.3985405461738, 3.36918835385012, -8.75557448304281
-46.3985405461738, 2.69107836769532, -8.97916134517602
-46.3985405461738, 2.01025697162399, -9.19439043662359
-46.3985405448659, 1.32935629158116, -9.40936513196461
-46.398540544596, 0.654781936199794, -9.64316279587746
-46.3985405461738, 4.44089209850063E-16, -9.89931702155738
-42.5319955006595, 5.04916085320607, -3.7132723153084E-15
-42.5319955006594, 5.15361641296813, -0.704398253505919
-42.5319955006594, 5.24609860958232, -1.41046786806319
-42.5319955006594, 5.32669218014755, -2.11799379603137
-42.5319955006593, 5.39623956676849, -2.82669236900214
-42.5319955006593, 5.45606038305033, -3.53627955272733
-42.5319955006593, 5.50658971336527, -4.24658849976718
-42.5319955006593, 5.54675051004161, -4.95755683951647
-42.5319955006593, 5.57166807286861, -5.66919833604592
-42.5319955006593, 5.55531471448442, -6.380877665766
-42.5319955006593, 5.44967321918423, -7.08436789250607
-42.5319955006593, 5.194926277152, -7.74554050258518
-42.5319955006593, 4.67856429415748, -8.22823553422701
-42.5319955006593, 4.04860959355497, -8.55842363661534
-42.5319955006593, 3.3852188867399, -8.81697982849725
-42.5319955006593, 2.71176798687559, -9.048350553762
-42.5319955006593, 2.03426159986539, -9.267620633707
-42.5319955006593, 1.35528212225827, -9.48229765488892
-42.5319955006593, 0.677317647682331, -9.70014168807985
-42.5319955006593, 4.44089209850063E-16, -9.8999999376365
-38.6654504551449, 5.26054869194035, -2.77920322169096E-15
-38.6654504551449, 5.30688105870462, -0.70727380486702
-38.6654504551449, 5.34684514599871, -1.41493649527902
-38.6654504551449, 5.38195736940717, -2.12285780279182
-38.6654504551449, 5.4148148211214, -2.83088804481058
-38.6654504551449, 5.4481790310924, -3.53889460207597
-38.6654504551449, 5.480850053771, -4.24693312116694
-38.6654504551449, 5.50887829164308, -4.95516845647226
-38.6654504551448, 5.52503849641731, -5.66374994524403
-38.6654504551448, 5.50415904430011, -6.37204535798537
-38.6654504551449, 5.4008392977276, -7.07253604282772
-38.6654504551449, 5.1481170880663, -7.73140103052656
-38.6654504551449, 4.65072094921292, -8.22931946584992
-38.6654504551449, 4.03363068139684, -8.57601365926628
-38.6654504551448, 3.3770804665876, -8.84271307059171
-38.6654504551448, 2.70884307077908, -9.07894704355633
-38.6654504551448, 2.03558032406596, -9.30051916519067
-38.6654504551448, 1.35977224747712, -9.51421678950677
-38.6654504551448, 0.682490911799531, -9.72320334407526
-38.6654504551449, 0, -9.90000000000001
-34.7989054096304, 5.46375540364338, -3.27475393348347E-15
-34.7989054096304, 5.44219964643435, -0.701776401156145
-34.7989054096304, 5.42493201821932, -1.40367095299164
-34.7989054096304, 5.41274098351372, -2.1056716002807
-34.7989054096304, 5.40648973729212, -2.80774980267266
-34.7989054096304, 5.40714452160205, -3.50985485610127
-34.7989054096304, 5.41271658355502, -4.21194050326221
-34.7989054096304, 5.41923756614936, -4.91401842594388
-34.7989054096304, 5.42028584401147, -5.6161146220601
-34.7989054096304, 5.39283422774343, -6.31755021763055
-34.7989054096304, 5.28899364479905, -7.01125137240955
-34.7989054096304, 5.04449566984401, -7.66676818681066
-34.7989054096304, 4.57623685237905, -8.18371709404246
-34.7989054096304, 3.98283887518598, -8.55715209818715
-34.7989054096304, 3.34104510457393, -8.84124656858851
-34.7989054096304, 2.68282448793017, -9.08544561198368
-34.7989054096304, 2.01757632098231, -9.30990926561798
-34.7989054096304, 1.34869833038436, -9.52333651645685
-34.7989054096304, 0.67745928368285, -9.72922335671796
-34.7989054096304, 0, -9.90000000000001
-30.9323603641159, 5.64908875919935, -3.98374074742643E-15
-30.9323603641159, 5.54308560876729, -0.683581115908373
-30.9323603641159, 5.4602674573102, -1.37035722471908
-30.9323603641159, 5.39897016415347, -2.05939638422815
-30.9323603641159, 5.35467866412396, -2.74974868407327
-30.9323603641159, 5.32132567296137, -3.44072415516868
-30.9323603641159, 5.29545287510983, -4.13202141519946
-30.9323603641159, 5.2736962287213, -4.82346288754776
-30.9323603641159, 5.25046032232407, -5.51485331065805
-30.9323603641159, 5.20798340126043, -6.20525902701413
-30.9323603641159, 5.10161128629197, -6.88824459286973
-30.9323603641159, 4.86803210959595, -7.53751025771283
-30.9323603641159, 4.44364281628641, -8.07902274539304
-30.9323603641159, 3.88764143063523, -8.48900801425891
-30.9323603641159, 3.27357342760815, -8.80653562796657
-30.9323603641159, 2.63406227492519, -9.07007212236025
-30.9323603641159, 1.98318761040029, -9.30434846127003
-30.9323603641159, 1.32661790175717, -9.52221486451761
-30.9323603641159, 0.66675696735698, -9.72992045616103
-30.9323603641159, 0, -9.90000000000001
-27.0658153186014, 5.78690140547733, -3.98228901601418E-15
-27.0658153186014, 5.59496657305539, -0.651279687015181
-27.0658153186014, 5.44383695928124, -1.31321423258916
-27.0658153186014, 5.3313029691652, -1.98282329341269
-27.0658153186014, 5.24832053683183, -2.65677602182287
-27.0658153186014, 5.18247503443687, -3.33264633762536
-27.0658153186014, 5.12602760080644, -4.00936914623656
-27.0658153186014, 5.07506722128345, -4.68653112523188
-27.0658153186014, 5.02328226775243, -5.3636293205471
-27.0658153186014, 4.95741473975158, -6.0394665297496
-27.0658153186014, 4.84613443874023, -6.70902395255687
-27.0658153186014, 4.62712793796396, -7.3503795505284
-27.0658153186014, 4.25327430626677, -7.9144805393291
-27.0658153186014, 3.74807523785817, -8.3666388266356
-27.0658153186014, 3.17518250347532, -8.73000170000274
-27.0658153186014, 2.56420057959998, -9.02596831977357
-27.0658153186014, 1.93513303422816, -9.28154787252644
-27.0658153186014, 1.29662480426878, -9.5126718596378
-27.0658153186014, 0.652687022493877, -9.7282528771658
-27.0658153186014, 0, -9.90000000000001
-23.1892702730869, 5.85922534052206, -4.59575153222628E-15
-23.1892702730869, 5.5994434850756, -0.611372596210524
-23.1892702730869, 5.38512491333895, -1.2401024894766
-23.1892702730869, 5.21683330651991, -1.88271554591462
-23.1892702730869, 5.0867361854478, -2.53419571099505
-23.1892702730869, 4.98172142702627, -3.19023605339164
-23.1892702730869, 4.89072765095814, -3.84837649103117
-23.1892702730869, 4.80903147393722, -4.50774393774257
-23.1892702730869, 4.72807056876143, -5.16720307074945
-23.1892702730869, 4.63626678869828, -5.82521861922367
-23.1892702730869, 4.51374908497641, -6.47808848720705
-23.1892702730869, 4.314905961295, -7.11120299369817
-23.1892702730869, 3.99539300067758, -7.69227748259465
-23.1892702730869, 3.55674984369779, -8.1897010003962
-23.1892702730869, 3.03873081755116, -8.60471209742995
-23.1892702730869, 2.46824177364994, -8.94469966081481
-23.1892702730869, 1.87082639725832, -9.23513314512006
-23.1892702730869, 1.25824286189475, -9.49226205006837
-23.1892702730869, 0.636077301770558, -9.72529550804335
-23.1892702730869, 0, -9.90000000000001
-21.6526522548811, 5.86610313294894, -4.90150837141133E-15
-21.6526522548811, 5.58434624952541, -0.594531342156571
-21.6526522548811, 5.34676540096818, -1.20802459042471
-21.6526522548811, 5.15521566602798, -1.83743350188348
-21.6526522548811, 5.00358580690122, -2.47768966628544
-21.6526522548811, 4.88014418017721, -3.12402641333834
-21.6526522548811, 4.77334639640614, -3.77333471326073
-21.6526522548811, 4.67836188916072, -4.42448673947553
-21.6526522548811, 4.58594726250084, -5.07601205876697
-21.6526522548811, 4.48461209919574, -5.72619286962355
-21.6526522548811, 4.35758100401073, -6.37176223886281
-21.6526522548811, 4.16687283061657, -7.00094013351157
-21.6526522548811, 3.86879216034901, -7.58647610150186
-21.6526522548811, 3.46066188934002, -8.10122425514867
-21.6526522548811, 2.96934171877656, -8.5380409100465
-21.6526522548811, 2.42021737079695, -8.89997819067832
-21.6526522548811, 1.83947162976303, -9.20906178241136
-21.6526522548811, 1.24024450627797, -9.48084074011683
-21.6526522548811, 0.628810196192225, -9.72393863926797
-21.6526522548811, 0, -9.90000000000001
-20.1060342366753, 5.85880337089451, -5.13111251853563E-15
-20.1060342366753, 5.55706410846146, -0.577112900849701
-20.1060342366753, 5.29698254515549, -1.1741259528925
-20.1060342366753, 5.0815256403051, -1.78866631183241
-20.1060342366753, 4.9066391843758, -2.41600735799996
-20.1060342366753, 4.76269008185089, -3.05121423169103
-20.1060342366753, 4.6383781478488, -3.69057437617103
-20.1060342366753, 4.52890774559431, -4.33265524412351
-20.1060342366753, 4.42480107883628, -4.97563559104309
-20.1060342366753, 4.31450347958523, -5.61757135101038
-20.1060342366753, 4.18364848932093, -6.2555831908449
-20.1060342366753, 4.00151216144155, -6.8805150011117
-20.1060342366753, 3.72452997277041, -7.46915678102585
-20.1060342366753, 3.34827300925985, -7.99968038014264
-20.1060342366753, 2.88711626031748, -8.4588201652318
-20.1060342366753, 2.36401740651761, -8.84615466275235
-20.1060342366753, 1.80362748612091, -9.17774010749112
-20.1060342366753, 1.22036763587198, -9.46748005715683
-20.1060342366753, 0.621168711670157, -9.72261315632123
-20.1060342366753, 0, -9.90000000000001
-18.5594162184695, 5.83456514523069, -5.20910541274867E-15
-18.5594162184695, 5.51415679505647, -0.559084612501081
-18.5594162184695, 5.23239696188935, -1.13857492341268
-18.5594162184695, 4.99310815704611, -1.73685626444256
-18.5594162184695, 4.79423664598245, -2.34979633115114
-18.5594162184695, 4.62849007660554, -2.97255843598779
-18.5594162184695, 4.48544318722925, -3.60095069101263
-18.5594162184695, 4.36042410253976, -4.23319026447049
-18.5594162184695, 4.24431345550195, -4.86714009930005
-18.5594162184695, 4.12547905723449, -5.50057959619868
-18.5594162184695, 3.99129127739848, -6.13091664359878
-18.5594162184695, 3.81831219757416, -6.75149346124356
-18.5594162184695, 3.56297108248396, -7.34252139727159
-18.5594162184695, 3.21875511542583, -7.88655137632773
-18.5594162184695, 2.79086553309395, -8.36771687470183
-18.5594162184695, 2.29855973073459, -8.78285890621203
-18.5594162184695, 1.76287055658511, -9.14075415527918
-18.5594162184695, 1.19871865282397, -9.45210441060402
-18.5594162184695, 0.613298482408067, -9.72124889291348
-18.5594162184695, 0, -9.90000000000001
-17.0127982002637, 5.78943899796788, -5.06738746637247E-15
-17.0127982002637, 5.45056980583651, -0.540072723807724
-17.0127982002637, 5.14774396308071, -1.10111392749016
-17.0127982002637, 4.88547306539885, -1.68221387713177
-17.0127982002637, 4.66333794628357, -2.27983605100702
-17.0127982002637, 4.47603533110889, -2.8893150977177
-17.0127982002637, 4.31421823961747, -3.50608543169799
-17.0127982002637, 4.17322410614292, -4.1279590932682
-17.0127982002637, 4.04490657796965, -4.75259101644039
-17.0127982002637, 3.91769932613083, -5.37745130144887
-17.0127982002637, 3.78019349358172, -6.00011204808418
-17.0127982002637, 3.61610419515489, -6.61618274941781
-17.0127982002637, 3.38466422744762, -7.20978456636175
-17.0127982002637, 3.07285918576865, -7.76544047630165
-17.0127982002637, 2.68119283704465, -8.26791184279987
-17.0127982002637, 2.223486430576, -8.7111926523162
-17.0127982002637, 1.71689818697167, -9.0980335677474
-17.0127982002637, 1.17533140927981, -9.43434097090769
-17.0127982002637, 0.605269499867962, -9.71946847860054
-17.0127982002637, 0, -9.90000000000001
-15.4661801820579, 5.71956786976433, -4.63904270680701E-15
-15.4661801820579, 5.36158082176121, -0.519634697147636
-15.4661801820579, 5.03796657195482, -1.06130393231302
-15.4661801820579, 4.75394876235629, -1.62473124915521
-15.4661801820579, 4.51034767206839, -2.20679646733121
-15.4661801820579, 4.30315761311504, -2.80283413484684
-15.4661801820579, 4.12389649264254, -3.40790186664756
-15.4661801820579, 3.96739671895814, -4.01926192348668
-15.4661801820579, 3.82695415168793, -4.63453209062674
-15.4661801820579, 3.69146175870675, -5.25091946481389
-15.4661801820579, 3.55032143594673, -5.86603219520203
-15.4661801820579, 3.39343860736369, -6.47727810647677
-15.4661801820579, 3.18878360698121, -7.07387572243005
-15.4661801820579, 2.91186292876525, -7.64054994869947
-15.4661801820579, 2.55975438571352, -8.16358123315853
-15.4661801820579, 2.13943287525309, -8.63374923196596
-15.4661801820579, 1.66581244862733, -9.05039841330512
-15.4661801820579, 1.15024146564762, -9.4139196950937
-15.4661801820579, 0.59708393889053, -9.71677969461597
-15.4661801820579, 0, -9.90000000000001
-13.9195621638521, 5.61975056700518, -3.87704498733387E-15
-13.9195621638521, 5.24189241928913, -0.497641991938416
-13.9195621638522, 4.89773498400018, -1.01911113350181
-13.9195621638521, 4.59345077120464, -1.56478655285238
-13.9195621638522, 4.33089305522531, -2.1317390471383
-13.9195621638521, 4.10671619327251, -2.71497685923989
-13.9195621638522, 3.91266091679479, -3.30897096474078
-13.9195621638521, 3.74227078794321, -3.91018902091868
-13.9195621638521, 3.59038872929304, -4.5163705955992
-13.9195621638521, 3.44687041220974, -5.12459989466032
-13.9195621638521, 3.30175681387578, -5.73244997271866
-13.9195621638522, 3.14959270929352, -6.33856588021189
-13.9195621638521, 2.97263378859017, -6.93776373920887
-13.9195621638522, 2.7369293314439, -7.51620616967085
-13.9195621638521, 2.4292823629344, -8.05947043829249
-13.9195621638521, 2.04850077938568, -8.55447832134176
-13.9195621638521, 1.61065827669209, -8.99993314641711
-13.9195621638522, 1.12362735749839, -9.3909495186847
-13.9195621638521, 0.588661544809548, -9.71265211720761
-13.9195621638521, 0, -9.90000000000001
-12.3729441456464, 5.46794462703139, -2.91534569177625E-15
-12.3729441456464, 5.07384681508618, -0.47708429227339
-12.3729441456464, 4.71303736456352, -0.979757720522056
-12.3729441456464, 4.39269799856318, -1.50910972565805
-12.3729441456464, 4.1156312201503, -2.06235789421317
-12.3729441456464, 3.87888415873319, -2.63407082228006
-12.3729441456464, 3.67414999618937, -3.21807820171112
-12.3729441456464, 3.49311914249564, -3.80987311910313
-12.3729441456464, 3.33184838517924, -4.40737578584211
-12.3729441456464, 3.18154925296878, -5.00774868856388
-12.3729441456464, 3.03297368966356, -5.60855309504792
-12.3729441456464, 2.88426587057245, -6.20932479943721
-12.3729441456464, 2.73382189676969, -6.80965671624388
-12.3729441456464, 2.54958584081161, -7.40023069297533
-12.3729441456464, 2.29304304247136, -7.96274065951693
-12.3729441456464, 1.9538415657125, -8.47988711764147
-12.3729441456464, 1.55315958502544, -8.95111330957454
-12.3729441456464, 1.09584589802167, -9.36743051030214
-12.3729441456464, 0.579833292010649, -9.70744690429875
-12.3729441456464, 0, -9.90000000000001
-10.8263261274406, 5.23120296684797, -1.99452408655488E-15
-10.8263261274406, 4.82990403851389, -0.462566841901313
-10.8263261274406, 4.46141091012935, -0.951604586094231
-10.8263261274406, 4.13354711162699, -1.46872236814046
-10.8263261274406, 3.84971829338141, -2.0112754802698
-10.8263261274406, 3.60716307990647, -2.57354640388041
-10.8263261274406, 3.39755784536026, -3.14898364258709
-10.8263261274406, 3.21101316784447, -3.73232095497287
-10.8263261274406, 3.04427386882382, -4.32164124899509
-10.8263261274406, 2.89002848600494, -4.91437083696781
-10.8263261274406, 2.74014490693259, -5.50822271218836
-10.8263261274406, 2.59590738102876, -6.10346565388757
-10.8263261274406, 2.47360665909401, -6.70349228757537
-10.8263261274406, 2.35483161204112, -7.30416794942786
-10.8263261274406, 2.15697941529938, -7.88295192400831
-10.8263261274406, 1.86081419947298, -8.41843580791297
-10.8263261274406, 1.49660567968122, -8.91035764781461
-10.8263261274406, 1.06800006688624, -9.34704324688313
-10.8263261274406, 0.570553668563237, -9.70233938747358
-10.8263261274406, 0, -9.90000000000001
-9.27970810923476, 4.8744935261594, -1.36238756934761E-15
-9.27970810923476, 4.47956627286463, -0.458636876001884
-9.27970810923476, 4.11707815196601, -0.94325584103401
-9.27970810923476, 3.79472281905635, -1.45541047318488
-9.27970810923477, 3.51569287292722, -1.99241732279339
-9.27970810923476, 3.27695738832543, -2.5485634271647
-9.27970810923476, 3.07012923748928, -3.11741495823697
-9.27970810923476, 2.88491455287385, -3.69368381005451
-9.27970810923476, 2.71849897645944, -4.27567209634773
-9.27970810923476, 2.56490847728468, -4.86119033730361
-9.27970810923476, 2.41741675396939, -5.44827807249187
-9.27970810923476, 2.28166587520155, -6.03816719801249
-9.27970810923476, 2.18852745486864, -6.63580855914899
-9.27970810923476, 2.16494442603413, -7.24039863941576
-9.27970810923476, 2.03242917966645, -7.82976357257533
-9.27970810923477, 1.77836345437319, -8.37839274274694
-9.27970810923476, 1.44681965679177, -8.88428886927752
-9.27970810923476, 1.04253016024918, -9.33385377973025
-9.27970810923476, 0.561249907941695, -9.69876590747463
-9.27970810923476, 0, -9.90000000000001
-7.51645902478277, 4.28430965652102, -5.01176741516221E-15
-7.63836539744848, 3.95162771089884, -0.486450786883723
-7.75055512244991, 3.64546245328229, -0.992217191028331
-7.85056366611119, 3.37253958504709, -1.51909695195206
-7.9374787525662, 3.13534870295052, -2.06525745542828
-8.01245398681624, 2.93074162410501, -2.62620845853854
-8.0783823007258, 2.75082355039472, -3.19672849754014
-8.13796432655922, 2.58822446845232, -3.77312146433992
-8.19193125492215, 2.44094896238615, -4.35417750487916
-8.24213312841961, 2.30394827420382, -4.93808851244347
-8.2900912288935, 2.17307083256467, -5.52358727386535
-8.33160212884931, 2.05978777229597, -6.11317107072097
-8.34651499224119, 2.01909063481643, -6.71167179945236
-8.33285454741258, 2.05636992763984, -7.31109316014297
-8.37420284119376, 1.94353061889428, -7.89884554580707
-8.46246859496361, 1.7026537717381, -8.44243811196227
-8.57936810737916, 1.38363552533898, -8.93854217044402
-8.72283495584621, 0.992115137711827, -9.37151240003493
-8.89226102812625, 0.529752144434888, -9.71525280552071
-9.08638085695907, 0, -9.90000000000001
-6.32050832970014, 3.77685400856531, -1.44282361700431E-15
-6.50815077995869, 3.50744270488331, -0.514007823709731
-6.68347433517118, 3.25571849476521, -1.04112601841672
-6.84206694282974, 3.02801606855651, -1.58419399794724
-6.98193201226646, 2.82720207020699, -2.14279753565605
-7.10457366767092, 2.65111692410756, -2.71368608935054
-7.21450740810549, 2.49327741450669, -3.29248325958076
-7.31477095403732, 2.34932207506162, -3.87663219439137
-7.40646897371645, 2.21766485681078, -4.46508334837633
-7.49277582763279, 2.09374810983667, -5.0560351773941
-7.57384958030877, 1.97734488992171, -5.64923199268984
-7.63630000845546, 1.88768047102655, -6.24907618938034
-7.61013006772553, 1.92525447328252, -6.85149031409443
-7.57152676252771, 1.98067992080491, -7.45371928647705
-7.6605356723116, 1.85288364447645, -8.04040309011907
-7.83183345013539, 1.60693952267594, -8.57064800644616
-8.0526268548295, 1.28993109030329, -9.04174071175924
-8.31651748413398, 0.911044978059406, -9.43921822837577
-8.61807572780374, 0.47807685463542, -9.74297333138142
-8.95105178036603, 0, -9.90000000000001
-5.45529554264582, 3.36042716112721, -1.67761156891423E-15
-5.67499815655447, 3.14072454721855, -0.54066658847721
-5.88381828562537, 2.93190441814766, -1.08986451984306
-6.07580285125646, 2.73991985251657, -1.65118464195148
-6.24780096283209, 2.56792174094093, -2.22531591207278
-6.40121012092772, 2.4145125828453, -2.8099102018955
-6.54125143394044, 2.27447126983259, -3.40120271092877
-6.66995458681196, 2.14576811696107, -3.9976259463306
-6.78888246640925, 2.02684023736378, -4.59810349898159
-6.90215367296356, 1.91356903080947, -5.20077199339972
-7.00415748384952, 1.81156521992351, -5.80739078220889
-7.06081470679904, 1.75490799697399, -6.42466834098183
-6.93363540027957, 1.88208730349345, -7.0151272350473
-6.8996569865375, 1.91606571723553, -7.62963964807053
-7.05712752773173, 1.7585951760413, -8.20863582575582
-7.31194304709504, 1.50377965667799, -8.71633429561877
-7.62712063388371, 1.18860206988932, -9.15126965865893
-7.98882741538777, 0.826895288385259, -9.5068219569257
-8.38830359089255, 0.427419112880475, -9.76890414325711
-8.81572270377303, 0, -9.90000000000001
-4.70596632659569, 2.96841636780063, -2.1283322448745E-15
-4.94280501650814, 2.7915265191522, -0.571809946126145
-5.17220144545534, 2.62019513908097, -1.14831186818027
-5.38682628740337, 2.45989634743331, -1.73358246725134
-5.58234134848494, 2.3138702501939, -2.32918729546821
-5.7600840184328, 2.18111797902964, -2.93342302631299
-5.92513398936099, 2.05784561847188, -3.54325389272515
-6.07802600721018, 1.94365377799642, -4.15800297088968
-6.22110571852681, 1.83679054340913, -4.77643032524191
-6.35799249343354, 1.73455268309934, -5.39703177788907
-6.46865642890207, 1.65190011141393, -6.0255090106885
-6.44614908846212, 1.66871037178723, -6.65954487593687
-6.19537904237617, 1.85600525808348, -7.21814463696484
-6.22098849512833, 1.83687809510612, -7.85125495667267
-6.47536589723794, 1.64688895027769, -8.4084675348187
-6.82670084300065, 1.38448425025236, -8.87841767316116
-7.23829238657847, 1.07707516149506, -9.26507749506346
-7.69080991530566, 0.739099313051938, -9.57268924561152
-8.17490912444521, 0.377535770088678, -9.79314512778331
-8.68039362718002, 0, -9.90000000000001
-4.00950193072834, 2.57929849288873, -2.33695689631536E-15
-4.25381521396921, 2.44036162086832, -0.611650781713717
-4.4956015359583, 2.30286178938611, -1.22462417800238
-4.72620589177407, 2.1717209547728, -1.84325359720343
-4.94009011947296, 2.0500885769635, -2.4697768895527
-5.1390012993788, 1.93697112064099, -3.10280910754076
-5.32641048862038, 1.83039465375509, -3.74046897882045
-5.50178822174433, 1.73066027444077, -4.38264512049542
-5.66901913850465, 1.63555885313623, -5.02770023054011
-5.82235823561982, 1.54835747698096, -5.67720585512638
-5.89957875684854, 1.50444345997384, -6.34240677781643
-5.61127073811373, 1.66839940117383, -6.90235760165696
-5.3526475288112, 1.81547408845945, -7.48698323727849
-5.51742392705974, 1.72176851072027, -8.12044989940844
-5.89359080442478, 1.50784870822121, -8.63361827416795
-6.35321739303659, 1.24646676585593, -9.048870710054
-6.86276438781036, 0.956695924654984, -9.37888274735194
-7.40363551394806, 0.649111574615195, -9.634511048737
-7.96693353547288, 0.328773424811097, -9.81558397899485
-8.54506455058702, 0, -9.90000000000001
-3.33490205935576, 2.18076261597965, -6.06488707602452E-15
-3.57946982508946, 2.07566670503855, -0.665200915118325
-3.82669726521209, 1.96942787609322, -1.32923985124463
-4.0679581275624, 1.86575301106318, -1.99586409820173
-4.29669474302586, 1.76746007824108, -2.66769441695361
-4.51515379371104, 1.67358363108865, -3.34357255658694
-4.72345065439488, 1.58407409063852, -4.02323564460686
-4.92145402942046, 1.49898787739493, -4.70653930204362
-5.11241094896119, 1.41692967422399, -5.3921947825806
-5.24606239054501, 1.35949683977133, -6.09284524149315
-5.02559005471247, 1.45423843788063, -6.72921741145141
-4.5089348535137, 1.67625604044385, -7.16615165045059
-4.40600621032952, 1.72048664248137, -7.84339759522135
-4.78101842057201, 1.55933601115745, -8.42550020421383
-5.29581452529388, 1.3381173014376, -8.87029765520222
-5.87126689651015, 1.09083331871504, -9.21695232838631
-6.48017209023562, 0.829173954819055, -9.48840867744856
-7.11119124969898, 0.558011754902251, -9.69144217346345
-7.75573777820484, 0.281036560096724, -9.8362888934075
-8.40973547399401, 0, -9.90000000000001
-2.66108341090315, 1.76337901866568, -2.8721697331454E-15
-2.89689404062043, 1.68930105845886, -0.739243848639175
-3.14160022805139, 1.61242863232351, -1.47531308871768
-3.38818926306935, 1.53496472518159, -2.21069347125786
-3.62984825833761, 1.45904954927724, -2.9478659065825
-3.86575817437159, 1.3849403990947, -3.68708318351463
-4.09381091679475, 1.31329951505765, -4.42900209800801
-4.31741606865119, 1.24305580483509, -5.17240970230628
-4.49163100764087, 1.18832762174435, -5.92933301904198
-4.28626990261494, 1.2528401154533, -6.63186286635112
-3.62051956690848, 1.46198008058237, -6.97553470826241
-3.15560861759972, 1.60802801253479, -7.55368402251377
-3.42514404958311, 1.52335568445217, -8.24844829886889
-4.0023563931305, 1.34202919773929, -8.73673240271641
-4.65751871341135, 1.13621537013975, -9.10378076302617
-5.35220030450291, 0.917986890265943, -9.381069748712
-6.06787430676025, 0.693163817939499, -9.59200130715722
-6.79702333555895, 0.464107677404411, -9.74451251028557
-7.53299225308476, 0.232909125196251, -9.8557673380549
-8.274406397401, 0, -9.90000000000001
-1.97021862062346, 1.31772738188275, -2.75758922281342E-15
-2.18245678294345, 1.27239127490381, -0.830200148875203
-2.4113511537838, 1.22349724204063, -1.65577706516688
-2.64974712540958, 1.1725735761229, -2.4785439630597
-2.89219919696697, 1.12078348835905, -3.30007276296739
-3.13591996136311, 1.06872239563722, -4.12120944998074
-3.37911279091817, 1.0167740748607, -4.94250948823476
-3.59131117434244, 0.97144646503555, -5.77218778376474
-3.38006753445766, 1.01657013248402, -6.54885157365262
-2.60006459538081, 1.18318624102608, -6.85457509460209
-1.88732894761058, 1.33543341100627, -7.28353162336612
-1.85279657240905, 1.34280985753813, -8.0777849822946
-2.45817326604947, 1.21349558980498, -8.66306952140986
-3.19781050206336, 1.05550198257154, -9.06555370652915
-3.9897014934156, 0.886346472049, -9.34817160031043
-4.80454855498678, 0.712287324763469, -9.55235743922978
-5.63191208186017, 0.535554540448028, -9.69511413192514
-6.4649678928607, 0.357605829650178, -9.79832575444116
-7.30072538431663, 0.179080013996112, -9.87552692809654
-8.13907732080799, 0, -9.90000000000001
-1.24650927212228, 0.832569864729031, -6.38947016023795E-15
-1.39778126033444, 0.813931409098968, -0.900788858852507
-1.57166426700852, 0.792507014913235, -1.79743293149781
-1.76443916160511, 0.768754921997726, -2.6901541359176
-1.97279392882392, 0.74308320888007, -3.57932032058717
-2.18997607783854, 0.71632386039862, -4.46634663222773
-2.40781516754478, 0.689483569238684, -5.35317942104507
-2.41245860613425, 0.688911443988214, -6.25071032565683
-1.65530917593096, 0.782200996316816, -6.70268226591049
-0.824983991013966, 0.884506646559841, -7.04032251435486
-0.580257156455935, 0.914659818348649, -7.8879947144465
-0.974448939529049, 0.866090839085683, -8.69322920491412
-1.72584845962, 0.773509742075015, -9.19276349961691
-2.58923708125443, 0.66713029465699, -9.46833106816201
-3.48068905545956, 0.557293118164987, -9.63368696231531
-4.38180772414424, 0.446264893295316, -9.73463963095709
-5.28592514530692, 0.334867187494858, -9.80411877262368
-6.19116205181837, 0.223331548173142, -9.85696997846176
-7.09703859527223, 0.111717098194469, -9.89729282873648
-8.00374824421499, 0, -9.90000000000001
-0.479999529566551, 0.29401800346494, -6.43573329880616E-15
-0.529375796112046, 0.292053102712216, -0.915256226226907
-0.590655551575436, 0.289614509313789, -1.82978843663297
-0.666804201651707, 0.286584216618088, -2.74319659896523
-0.760217382309008, 0.282866891639319, -3.65499873342414
-0.86559576270847, 0.27867341826731, -4.56550275326079
-0.9629758946991, 0.274798230691666, -5.47663625729825
-0.746905387157291, 0.283396634998303, -6.34535886952859
-0.127231094241594, 0.308056224914283, -6.97853743873981
-0.0611324337039406, 0.310686583929476, -7.89202847571951
-0.101644881857475, 0.309074413843707, -8.80662465479962
-0.576299585901133, 0.290185796892479, -9.5484285378646
-1.46058530516523, 0.254996144110519, -9.76604105120747
-2.374077461702, 0.218644237586093, -9.82990170942727
-3.28942755923317, 0.182218395344898, -9.86031833193389
-4.20509924173824, 0.145779755810561, -9.87924966623271
-5.12085834019783, 0.109337637607485, -9.89345728953078
-6.03668029429234, 0.072893018099774, -9.90000000000001
-6.95254973095716, 0.0364465090498871, -9.9
-7.86841916762198, 0, -9.90000000000001
