-77.2922354598346, 1.95103438372182, -2.66446753581601E-15
-77.2922354598378, 2.3544994766254, -0.544710262250823
-77.2922354598397, 2.74471723501249, -1.09898238081578
-77.2922354598403, 3.11957300719514, -1.66375076969683
-77.2922354598399, 3.47669262143227, -2.23989030300054
-77.2922354598388, 3.81360666488531, -2.82806635662188
-77.2922354598375, 4.12822574299208, -3.42845912118465
-77.2922354598362, 4.41932758901822, -4.04059754110896
-77.2922354598348, 4.68588008127253, -4.66381563615308
-77.2922354598335, 4.92693279707016, -5.29733009583317
-77.2922354598322, 5.13728938471595, -5.94164380093012
-77.2922354598304, 5.27821062217775, -6.60241757512475
-77.2922354598289, 4.72896563305943, -6.89629423739085
-77.2922354598285, 4.05904728775677, -6.99962972919088
-77.292235459828, 3.38562929720881, -7.0749538501603
-77.2922354598278, 2.70923827912787, -7.11973378951913
-77.2922354598277, 2.03249965484335, -7.15891087930544
-77.2922354598276, 1.35537620303903, -7.19067103909781
-77.2922354598276, 0.677793844736654, -7.21019735919224
-77.2922354598346, 4.44089209850063E-16, -7.2188286334718
-75.7842828920839, 2.13664776631433, -2.58201546870568E-15
-75.784282892317, 2.52848334076382, -0.553567562741108
-75.7842828922322, 2.90681577750206, -1.11644505493209
-75.7842828922265, 3.26960419015554, -1.6894583418923
-75.7842828929153, 3.61461932062381, -2.2733386139287
-75.7842828951131, 3.93964760297486, -2.86857037613348
-75.7842828934316, 4.24292579053938, -3.475169034055
-75.7842828923034, 4.52316415077538, -4.09274629321541
-75.7842828927828, 4.77874953579237, -4.72092143067036
-75.7842828927757, 5.00699750453244, -5.3595227664483
-75.7842828922052, 5.19921662484605, -6.00980581955617
-75.784282892513, 5.29478112570831, -6.67655992475423
-75.7842828921908, 4.73127127688315, -6.97748854787074
-75.7842828921569, 4.06172975435709, -7.08495329788035
-75.784282892182, 3.38711241612995, -7.152945335513
-75.7842828922072, 2.71005724348116, -7.19269977185636
-75.784282892093, 2.03250105351126, -7.22269745854359
-75.7842828921475, 1.35447298079578, -7.23804738824564
-75.7842828920824, 0.676366918019832, -7.22784671630064
-75.7842828920839, 0, -7.23786102652542
-74.2376648738781, 2.3117480717426, -2.41824635096074E-15
-74.2376648746734, 2.6926106614772, -0.562055944341914
-74.2376648743711, 3.05977171603988, -1.13315175861075
-74.2376648743959, 3.41122966607052, -1.71403763413985
-74.2376648769481, 3.74483590840098, -2.30535012532874
-74.2376648838432, 4.05852020653025, -2.90746233640649
-74.2376648781277, 4.35068285150071, -3.5203031274325
-74.2376648745003, 4.61993104885445, -4.14354668058202
-74.2376648767988, 4.86415819772346, -4.77700460152812
-74.2376648757808, 5.0791640338928, -5.42094152177582
-74.2376648748981, 5.25299813018607, -6.07708762743283
-74.2376648747061, 5.3035745921535, -6.74702077212415
-74.237664874254, 4.73365654628796, -7.05713518106618
-74.2376648741332, 4.06478116365883, -7.17262298701291
-74.2376648742121, 3.3894145737703, -7.23990620001886
-74.2376648742985, 2.71135147569924, -7.27454072256314
-74.2376648739058, 2.03275574947045, -7.29635937481862
-74.2376648740771, 1.35384720889787, -7.30081163503058
-74.2376648738852, 0.675369600397922, -7.27668577079438
-74.2376648738781, 0, -7.3020678363259
-72.6910468556723, 2.47537333588424, -2.25992641653631E-15
-72.6910468556723, 2.84601458063648, -0.570083705096933
-72.6910468556723, 3.20275018858422, -1.14896553669149
-72.6910468556723, 3.54357218306082, -1.73735192106303
-72.6910468556723, 3.86644311594224, -2.3357712508635
-72.6910468556732, 4.16933274725503, -2.94454221045473
-72.6910468561203, 4.45058111522688, -3.56360616722882
-72.6910468586044, 4.70885822809659, -4.19259504653911
-72.6910468649651, 4.94149361528448, -4.83149975175582
-72.6910468585339, 5.14312133698879, -5.48082119363926
-72.691046859294, 5.29873023415074, -6.14253962030247
-72.6910468564804, 5.30766303177282, -6.81349401426269
-72.6910468564231, 4.73562195297339, -7.13385503882195
-72.6910468561777, 4.0675523904909, -7.25939378651361
-72.6910468563149, 3.39162764826978, -7.33021366702566
-72.6910468564907, 2.7123860347646, -7.36186930301449
-72.6910468557185, 2.03262093802866, -7.37899901520702
-72.6910468560222, 1.35265620404466, -7.37960733760975
-72.6910468557247, 0.673075771840335, -7.35670989838876
-72.6910468556723, 4.44089209850063E-16, -7.4165209816348
-71.1444288374665, 2.63043509639442, -2.15789145196187E-15
-71.1444288374665, 2.99147640172339, -0.578003342228079
-71.1444288374665, 3.33843685805325, -1.16456217105831
-71.1444288374665, 3.66928122388606, -1.7603544249408
-71.1444288374665, 3.98193506148317, -2.3658847652887
-71.1444288374665, 4.2743181832267, -2.9814529909366
-71.1444288374665, 4.54475960382158, -3.60696885275931
-71.1444288374665, 4.79186924148336, -4.24205774463695
-71.1444288374666, 5.01266396519998, -4.88675350038258
-71.1444288383493, 5.20076367029573, -5.5416896343679
-71.1444288466531, 5.33810115449327, -6.20893585295072
-71.1444288379601, 5.30781557082871, -6.879490444974
-71.1444288386393, 4.73433767338298, -7.20893395948916
-71.1444288382468, 4.06684703673333, -7.34516222923098
-71.1444288384331, 3.39016222934436, -7.42168645287946
-71.1444288387525, 2.70941615277299, -7.453669565341
-71.1444288375243, 2.02813299030386, -7.47093583735786
-71.144428837944, 1.34664721552694, -7.47495030581941
-71.1444288376433, 0.665203316770693, -7.46558090154721
-71.1444288374665, 0, -7.58187271076784
-69.5978108192608, 2.77903415609435, -2.13648540382789E-15
-69.5978108192608, 3.13114506260127, -0.586184649010664
-69.5978108192608, 3.4689584174602, -1.18071868753743
-69.5978108192607, 3.79037742310842, -1.78426794061021
-69.5978108192607, 4.0932406437343, -2.39733252737539
-69.5978108192608, 4.37534913404935, -3.02021412070561
-69.5978108192607, 4.63498493475422, -3.65279016881468
-69.5978108192608, 4.87072317897932, -4.29464876031979
-69.5978108192608, 5.07938198859275, -4.94579888692963
-69.5978108208616, 5.25367539744332, -5.60692073766715
-69.5978108292088, 5.37228813089701, -6.28003043629002
-69.5978108194312, 5.30284484968749, -6.94896166382541
-69.5978108208122, 4.72584718329994, -7.28411649634695
-69.5978108202714, 4.05819266056451, -7.43061194334443
-69.5978108204946, 3.38003695950067, -7.5133428062977
-69.5978108210291, 2.69717989670739, -7.54943971937785
-69.5978108193184, 2.01374509032593, -7.57230332728437
-69.5978108198053, 1.33007883201388, -7.58680525736674
-69.597810819754, 0.646436023741586, -7.60143901150106
-69.5978108192608, 0, -7.79469978131814
-68.051192801055, 2.92256131663145, -2.17740153495879E-15
-68.051192801055, 3.26637957124825, -0.594790585191375
-68.051192801055, 3.59560555911806, -1.19777556211683
-68.051192801055, 3.90805004257688, -1.80961862827963
-68.051192801055, 4.20142479488931, -2.43082445134244
-68.051192801055, 4.47336317973748, -3.06170171454557
-68.051192801055, 4.72209845279135, -3.70207993734895
-68.051192801055, 4.9462049658834, -4.35148053362767
-68.051192801055, 5.14241063034037, -5.00983237828913
-68.051192801055, 5.30252293528181, -5.67781150230606
-68.0511928011781, 5.40162433445112, -6.35722828275118
-68.0511928014481, 5.29195324107259, -7.02315831397515
-68.0511928028499, 4.70893475208438, -7.36056892375711
-68.0511928021821, 4.04017301392479, -7.51661631417092
-68.0511928024399, 3.35967971997545, -7.60573766875491
-68.0511928031424, 2.67404248539745, -7.64928134274445
-68.051192801104, 1.98781768940543, -7.682438686466
-68.0511928015771, 1.30148988929038, -7.71343585299193
-68.051192801507, 0.616371581658918, -7.76200992497469
-68.051192801055, -4.44089209850063E-16, -8.03867538307454
-66.5045747828492, 3.0617985518405, -2.25486825263817E-15
-66.5045747828492, 3.39785104959574, -0.603708740963547
-66.5045747828491, 3.7189076970862, -1.2155188465459
-66.5045747828492, 4.02266188151896, -1.8360948984674
-66.5045747828491, 4.30667138241794, -2.46594485536009
-66.5045747828491, 4.5683773765039, -3.10537621337272
-66.5045747828491, 4.80599275652574, -3.75414317991722
-66.5045747828491, 5.01813823652915, -4.41167306531439
-66.5045747828491, 5.20157471066702, -5.07776681711179
-66.5045747828491, 5.34713044543546, -5.75306735485386
-66.5045747833272, 5.42548810494688, -6.43901839840334
-66.504574784643, 5.27592035176116, -7.10046959687739
-66.5045747847219, 4.68565291310502, -7.43830935323054
-66.5045747839634, 4.01503505344738, -7.60342976871207
-66.5045747842664, 3.3315822018285, -7.69970273661021
-66.5045747851156, 2.64273717383919, -7.75356953904902
-66.5045747828997, 1.95340240963558, -7.80083334641431
-66.504574783262, 1.26444904081553, -7.85323491191319
-66.5045747831203, 0.580629064954435, -7.94626886415422
-66.5045747828491, 0, -8.29714451000676
-64.9579567646427, 3.19716220531681, -2.34996640667987E-15
-64.9579567646431, 3.52584669903351, -0.61268585422033
-64.9579567646432, 3.83899409429215, -1.23345081894223
-64.9579567646433, 4.13416314096829, -1.86295634635178
-64.9579567646434, 4.40874501640707, -2.50170276078164
-64.9579567646434, 4.6599913576164, -3.14997472561225
-64.9579567646434, 4.88614855657066, -3.80741838299746
-64.9579567646434, 5.08594941013413, -4.47333925327579
-64.9579567646434, 5.25634154704855, -5.14736957750478
-64.9579567646434, 5.3870788978471, -5.83010067138641
-64.9579567658475, 5.44369817004809, -6.52238085911871
-64.9579567691909, 5.25670422450201, -7.17834983734967
-64.9579567664602, 4.65941217022421, -7.51661786779208
-64.9579567656596, 3.98658412550886, -7.690744769749
-64.9579567660139, 3.29999749513112, -7.79574982026958
-64.957956766951, 2.60791973965758, -7.86256948071702
-64.9579567647296, 1.91562159642156, -7.92707785371882
-64.9579567648967, 1.22469677404184, -8.00462304954571
-64.9579567648219, 0.547602475170945, -8.1512180234355
-64.9579567646434, -4.44089209850063E-16, -8.55745553309469
-63.4113387464376, 3.32882921561465, -2.44691302626713E-15
-63.4113387464376, 3.65043490506889, -0.621395516671356
-63.4113387464376, 3.95579169502692, -1.25092882685257
-63.4113387464376, 4.24231621520526, -1.88924645550403
-63.4113387464376, 4.50723869556135, -2.53681959652054
-63.4113387464376, 4.7476570093597, -3.19387541014722
-63.4113387464376, 4.96192533995211, -3.85991692836185
-63.4113387464376, 5.14897912112053, -4.5341023209087
-63.4113387464376, 5.30614441282102, -5.2158613537576
-63.4113387464376, 5.42203943264543, -5.90571787225894
-63.411338748726, 5.45662975006471, -6.60366366269529
-63.4113387532817, 5.23709183528841, -7.25406767065187
-63.4113387481257, 4.63421919200411, -7.59430473194027
-63.4113387473378, 3.95932247692021, -7.77784322010903
-63.4113387477321, 3.26999403865259, -7.89398889793179
-63.4113387486781, 2.57513155420694, -7.9761586208879
-63.4113387466019, 1.88050106588814, -8.06022748195844
-63.4113387465364, 1.18874119888916, -8.16488118244579
-63.4113387467199, 0.52344489579751, -8.36582143026532
-63.4113387464376, 0, -8.80856772340276
-61.8547207282318, 3.45760102942949, -2.53122846074763E-15
-61.8547207282318, 3.77229924680849, -0.629504790261318
-61.8547207282318, 4.06981914929765, -1.26730154656938
-61.8547207282318, 4.34743931091215, -1.91400064723323
-61.8547207282318, 4.60225777555741, -2.57001012704831
-61.8547207282318, 4.83129437928317, -3.23545098602056
-61.8547207282318, 5.03310340961013, -3.90964862083544
-61.8547207282318, 5.20694451360804, -4.59158976436174
-61.8547207282318, 5.35076073424476, -5.28047693002198
-61.8547207282318, 5.45207137319942, -5.97674995836732
-61.8547207317059, 5.46541455211332, -6.67933447603373
-61.8547207338461, 5.22030099955702, -7.32527683173486
-61.8547207297713, 4.61431874396168, -7.67027686415293
-61.8547207290358, 3.93805179338848, -7.8641653630661
-61.8547207294587, 3.24701814380124, -7.99462491500879
-61.8547207303352, 2.55031933638209, -8.09436515543365
-61.8547207284878, 1.85439060041001, -8.19927436088766
-61.8547207282275, 1.16304896317953, -8.33052718551456
-61.8547207286941, 0.509943190438491, -8.57629870524126
-61.8547207282318, 0, -9.04090586930888
-57.9981756827173, 3.76299788579465, -2.64363100429742E-15
-57.9981756827173, 4.06027063669275, -0.645959270794257
-57.9981756827173, 4.33726351679023, -1.30086278433715
-57.9981756827173, 4.59101578634773, -1.96510788151935
-57.9981756827173, 4.81855302602208, -2.63877382871809
-57.9981756827173, 5.01718677434355, -3.32151474231258
-57.9981756827173, 5.18634191676914, -4.01215296084485
-57.9981756827173, 5.32664105032118, -4.7092297681327
-57.998175683151, 5.43849542540901, -5.41142879637912
-57.9981756923028, 5.5072810998434, -6.11897773697353
-57.9981756839068, 5.47785584870684, -6.82815709588452
-57.998175686105, 5.20182113244283, -7.47171878540194
-57.9981756838933, 4.60047384778946, -7.8410111286105
-57.9981756832865, 3.92582148474757, -8.06480952045942
-57.9981756838502, 3.23697954434329, -8.24028163423386
-57.9981756843289, 2.54160494287502, -8.38902409137039
-57.9981756829697, 1.84753965028809, -8.54371116380293
-57.9981756826798, 1.1600977146403, -8.72512736801689
-57.9981756832363, 0.517847920511819, -9.02011109525617
-57.9981756827173, 4.44089209850063E-16, -9.49178547551316
-54.131630637203, 4.06274208126402, -2.66451734851274E-15
-54.1316306372029, 4.33672239330497, -0.660019638702623
-54.1316306372028, 4.58760994887653, -1.32914939864976
-54.1316306372028, 4.81250119654478, -2.00744967044485
-54.1316306372028, 5.00879998907514, -2.69456218108575
-54.1316306373419, 5.17470180817439, -3.38963862059073
-54.1316306391057, 5.31072170353616, -4.09118123513218
-54.1316306447122, 5.41907997303991, -4.79753618118892
-54.1316306402058, 5.50250063779798, -5.50726882928321
-54.1316306406675, 5.54426707841833, -6.22046816288039
-54.1316306383585, 5.48473684962875, -6.93138700236528
-54.1316306387065, 5.20572653587173, -7.58037285981228
-54.1316306378491, 4.62105982407004, -7.98231687979591
-54.1316306375109, 3.95417261448779, -8.23819003141387
-54.1316306380002, 3.27273999013386, -8.45337683592521
-54.1316306379174, 2.58517004203135, -8.64826858770469
-54.1316306372544, 1.89784837788263, -8.84403232563967
-54.1316306371906, 1.21441352860238, -9.05279298953421
-54.1316306373911, 0.562288202983849, -9.34081805124787
-54.1316306372028, 0, -9.76981944093228
-50.2650855916883, 4.37265588245184, -2.69329118609359E-15
-50.2650855910273, 4.60875371761008, -0.675100123108672
-50.265085591405, 4.82190132565208, -1.35778674459613
-50.2650855904748, 5.00970769322614, -2.04786834434009
-50.2650855846867, 5.17025541048057, -2.74479187672175
-50.2650855870803, 5.30286215486244, -3.44756943504816
-50.2650855909721, 5.40890229938167, -4.15485043083348
-50.2650855886525, 5.49078615059976, -4.86534225249478
-50.2650855902796, 5.55108930144354, -5.57798640404023
-50.2650855873854, 5.56930612810037, -6.29271798618322
-50.2650855895346, 5.48652284218172, -7.00204253286111
-50.2650855895081, 5.21421397649512, -7.65704917660732
-50.2650855908447, 4.65241601964131, -8.0910989362132
-50.2650855912657, 3.99688576847407, -8.37592720727312
-50.2650855912345, 3.32234096040163, -8.61361321706099
-50.2650855912789, 2.64237408495888, -8.83539458734686
-50.265085591511, 1.96137967192741, -9.05401052830862
-50.2650855915845, 1.28113639947608, -9.27492883040751
-50.2650855915557, 0.61697813169158, -9.53891078861259
-50.2650855916883, 0, -9.88752085851348
-46.3985405461748, 4.68144559888737, -2.98651482073589E-15
-46.3985405461742, 4.86576563807979, -0.690058152076079
-46.398540546174, 5.03062194590806, -1.38501927752569
-46.3985405461738, 5.17455009975072, -2.08461170580763
-46.3985405461738, 5.29671694940478, -2.78832951623079
-46.3985405461738, 5.3972206355229, -3.49546895274443
-46.3985405461738, 5.47730041079038, -4.20521483106096
-46.3985405461738, 5.53851379164305, -4.91684019067242
-46.3985405461738, 5.58069705876339, -5.62983066518179
-46.3985405461738, 5.57930613257586, -6.34382905710165
-46.3985405461738, 5.47990147881911, -7.05023606022453
-46.3985405461738, 5.21576888540916, -7.7092133502409
-46.3985405461738, 4.67676742175352, -8.16956925711319
-46.398540537057, 4.03311880873971, -8.47775716146389
-46.3985405427196, 3.36420144174406, -8.72804957762477
-46.3985405432794, 2.68832406060324, -8.95905851526719
-46.3985405436171, 2.01029604377861, -9.18369338862414
-46.3985405444527, 1.33167401378047, -9.40652981586307
-46.3985405452335, 0.658978644567327, -9.64639214264042
-46.3985405461738, 0, -9.90195631457912
-42.5319955006593, 4.95814761085933, -3.65571954505275E-15
-42.5319955006593, 5.08451917025087, -0.701544843721341
-42.5319955006593, 5.19681592961494, -1.40547857581389
-42.5319955006593, 5.29463253304849, -2.11156996455798
-42.5319955006593, 5.37824955121706, -2.81948449617331
-42.5319955006593, 5.44857349291912, -3.52884471345233
-42.5319955006593, 5.50633698609158, -4.23933840747896
-42.5319955006593, 5.55130082048549, -4.95075574205048
-42.5319955006593, 5.58000180076545, -5.66299186321339
-42.5319955006593, 5.56632174102786, -6.37545030278829
-42.5319955006593, 5.46069560749303, -7.07965930706521
-42.5319955006593, 5.2040120838156, -7.74072183761565
-42.5319955006593, 4.68196279680031, -8.21825780764794
-42.5319955006593, 4.04839821393052, -8.54321129418264
-42.5319955006593, 3.38372566416191, -8.80054980507241
-42.5319955006593, 2.71020988144934, -9.03402038924157
-42.5319955006594, 2.03376879688982, -9.25891203321876
-42.5319955006593, 1.35623142781766, -9.48048346383641
-42.5319955006593, 0.679247764024119, -9.70373373737671
-42.5319955006593, 4.44089209850063E-16, -9.90006371385606
-38.6654504551533, 5.18065547141984, -3.20385312230759E-15
-38.6654504551486, 5.25037347179925, -0.70698748868853
-38.665450455146, 5.31131567070729, -1.41478592582093
-38.665450455145, 5.36450018403658, -2.12321088384083
-38.6654504551449, 5.41191635418149, -2.83204690123363
-38.6654504551449, 5.45570219801801, -3.54111713169737
-38.6654504551449, 5.49563192537338, -4.25041420606679
-38.6654504551448, 5.52925532931038, -4.96003533750849
-38.6654504551449, 5.54906237013499, -5.6701509043552
-38.6654504551449, 5.52980599554479, -6.38010046057456
-38.6654504551449, 5.42552726544585, -7.082098058497
-38.6654504551449, 5.17210593115716, -7.74224213867857
-38.6654504551448, 4.66633889138843, -8.23380078354019
-38.6654504551449, 4.04328223268884, -8.5731595987253
-38.6654504551449, 3.38349266500056, -8.83621705189558
-38.6654504551448, 2.71311237596333, -9.07128815280869
-38.6654504551448, 2.03863825932899, -9.29439923456615
-38.6654504551449, 1.36244339420393, -9.51224617473139
-38.6654504551449, 0.684688628299229, -9.72518747221208
-38.6654504551449, 0, -9.90000000000001
-34.7989054096304, 5.38193773363479, -2.8270270237062E-15
-34.7989054096304, 5.38922557873031, -0.705212307922085
-34.7989054096304, 5.39569720523357, -1.410432742072
-34.7989054096304, 5.40304856172101, -2.11564443846022
-34.7989054096304, 5.41297559669824, -2.82082400407652
-34.7989054096304, 5.42755453063255, -3.52592157057932
-34.7989054096304, 5.44532452499256, -4.23094788839344
-34.7989054096304, 5.46198706638876, -4.93600045237065
-34.7989054096304, 5.47032773507659, -5.64118351469505
-34.7989054096304, 5.44621581246523, -6.34586266489185
-34.7989054096304, 5.34310187234368, -7.04282139320967
-34.7989054096304, 5.09423453259381, -7.69973502090253
-34.7989054096304, 4.61259046265173, -8.20835554759886
-34.7989054096304, 4.00808901957945, -8.5696651466707
-34.7989054096304, 3.35903024494328, -8.84504344303523
-34.7989054096304, 2.69595323737298, -9.08515783197925
-34.7989054096304, 2.02699757474844, -9.30845907410774
-34.7989054096304, 1.35495906026814, -9.52232007220928
-34.7989054096304, 0.680717093919563, -9.72913131292941
-34.7989054096304, 0, -9.90000000000001
-30.9323603641152, 5.58998950548493, -3.90033583437867E-15
-30.9323603641156, 5.51449789093176, -0.691550163603964
-30.9323603641158, 5.45493647008488, -1.38465382336634
-30.9323603641159, 5.41053506845668, -2.07889658912351
-30.9323603641159, 5.37893789805984, -2.77384445349929
-30.9323603641159, 5.35664259050817, -3.46915705075269
-30.9323603641159, 5.34140135803534, -4.16466122207685
-30.9323603641159, 5.3296934776821, -4.86023606497795
-30.9323603641159, 5.31560362586517, -5.55576212448259
-30.9323603641159, 5.27946494966371, -6.25040337643549
-30.9323603641159, 5.17393116957381, -6.93740234635197
-30.9323603641159, 4.93667544214808, -7.58926083447057
-30.9323603641159, 4.49588188976865, -8.12205716870266
-30.9323603641159, 3.92549805494627, -8.51865684749957
-30.9323603641159, 3.30032307840764, -8.82292034310712
-30.9323603641159, 2.65328337326897, -9.07824774599609
-30.9323603641159, 1.99668693303447, -9.30805860867107
-30.9323603641159, 1.33530880315873, -9.52376392891288
-30.9323603641159, 0.670994205768832, -9.73026304180323
-30.9323603641159, 0, -9.90000000000001
-27.0658153186003, 5.75354824637964, -3.95254261666284E-15
-27.0658153186009, 5.58470509525637, -0.661618219161916
-27.0658153186012, 5.45277209215292, -1.33157193294561
-27.0658153186014, 5.35529653334604, -2.00742549008719
-27.0658153186014, 5.28404476207371, -2.68657802979624
-27.0658153186014, 5.22800410324157, -3.36717617690037
-27.0658153186014, 5.18068409173178, -4.04843834342338
-27.0658153186014, 5.13836201251778, -4.73003257808599
-27.0658153186014, 5.09506025137725, -5.41156364507395
-27.0658153186014, 5.03642506847058, -6.09190351117171
-27.0658153186014, 4.92705192036035, -6.76558178573936
-27.0658153186014, 4.70257247293869, -7.40896097939895
-27.0658153186014, 4.31355976466927, -7.96691389713721
-27.0658153186014, 3.79243597462786, -8.40665549156793
-27.0658153186014, 3.20653649666822, -8.75624573289928
-27.0658153186014, 2.58639111721339, -9.0418403176311
-27.0658153186014, 1.95027169503819, -9.29010459047112
-27.0658153186014, 1.30598075625149, -9.51643145869044
-27.0658153186014, 0.656998325743268, -9.72897038132042
-27.0658153186014, 0, -9.90000000000001
-23.1892702730869, 5.84865695844372, -4.40364967031998E-15
-23.1892702730869, 5.60351505164401, -0.621438509339986
-23.1892702730869, 5.40393470139455, -1.25895231816264
-23.1892702730869, 5.24968829651273, -1.90895918202129
-23.1892702730869, 5.1321756985489, -2.56665915170452
-23.1892702730869, 5.03786177158718, -3.22813036354225
-23.1892702730869, 4.95625640461965, -3.89129593556287
-23.1892702730869, 4.88270900984595, -4.55541051366172
-23.1892702730869, 4.80906568180121, -5.21951449081707
-23.1892702730869, 4.7234336951077, -5.88215379624592
-23.1892702730869, 4.60359498173583, -6.53930978425055
-23.1892702730869, 4.39915903636761, -7.17444500548632
-23.1892702730869, 4.0655948463818, -7.75168772278621
-23.1892702730869, 3.60911881631483, -8.23799561973008
-23.1892702730869, 3.07632487361731, -8.64011677894566
-23.1892702730869, 2.49453988809546, -8.9681964869003
-23.1892702730869, 1.88825135337045, -9.24875151071969
-23.1892702730869, 1.26848263628998, -9.49832748993703
-23.1892702730869, 0.64041640321453, -9.72626543593494
-23.1892702730869, 0, -9.90000000000001
-21.6526522548811, 5.86377706637294, -4.73003913480706E-15
-21.6526522548811, 5.59440444828972, -0.604336429392542
-21.6526522548811, 5.37021162827257, -1.22682260080508
-21.6526522548811, 5.19233688139427, -1.86411960130805
-21.6526522548811, 5.05361859516168, -2.51112895684035
-21.6526522548811, 4.94140908061567, -3.16331073391787
-21.6526522548811, 4.84434457505028, -3.81792868943796
-21.6526522548811, 4.75758735211082, -4.4740017486873
-21.6526522548811, 4.67210579933201, -5.13024402150958
-21.6526522548811, 4.57626549276071, -5.78503334896382
-21.6526522548811, 4.45149771246401, -6.43482447925835
-21.6526522548811, 4.25540979444463, -7.06613681360174
-21.6526522548811, 3.94413073292642, -7.64883647897733
-21.6526522548811, 3.51786834140072, -8.15352357808721
-21.6526522548811, 3.01082018400618, -8.57781212698032
-21.6526522548811, 2.44891945201447, -8.92680603783495
-21.6526522548811, 1.85810459114909, -9.22462406322914
-21.6526522548811, 1.25085620086398, -9.48756272862767
-21.6526522548811, 0.633115927591491, -9.72484049316429
-21.6526522548811, 0, -9.90000000000001
-20.1060342366753, 5.86460253855031, -5.02198093115514E-15
-20.1060342366753, 5.57340718888883, -0.586602251635079
-20.1060342366753, 5.32546064083313, -1.19272229139674
-20.1060342366753, 5.12317555095949, -1.81558810906513
-20.1060342366753, 4.96135144051484, -2.45022360072005
-20.1060342366753, 4.82911415132409, -3.0917313154381
-20.1060342366753, 4.71489601832337, -3.73670766980415
-20.1060342366753, 4.61383078974016, -4.3838876132457
-20.1060342366753, 4.51638329329814, -5.03162733080422
-20.1060342366753, 4.41094186259592, -5.67809901682964
-20.1060342366753, 4.28184052234289, -6.32019606974493
-20.1060342366753, 4.09439715006521, -6.94728839842602
-20.1060342366753, 3.80509386053885, -7.53395985133335
-20.1060342366753, 3.41110227078756, -8.05594436722435
-20.1060342366753, 2.93340111664202, -8.50323261995637
-20.1060342366753, 2.39577065908029, -8.87668789984265
-20.1060342366753, 1.82369286632816, -9.19533288371428
-20.1060342366753, 1.23123224254914, -9.4745358373455
-20.1060342366753, 0.625301751946027, -9.72316595032349
-20.1060342366753, 0, -9.90000000000001
-18.5594162184695, 5.84909220498884, -5.19317890133777E-15
-18.5594162184695, 5.53799493396424, -0.568289029149103
-18.5594162184695, 5.26718044742936, -1.15680736712209
-18.5594162184695, 5.04008326749451, -1.76354399134571
-18.5594162184695, 4.85364802379878, -2.38402605093304
-18.5594162184695, 4.69935965991137, -3.01332341844039
-18.5594162184695, 4.56623939887074, -3.64746006852935
-18.5594162184695, 4.44952677086511, -4.2848343355253
-18.5594162184695, 4.33976409556221, -4.92345286417456
-18.5594162184695, 4.22529903168881, -5.56123636435161
-18.5594162184695, 4.09262877118381, -6.1954434905668
-18.5594162184695, 3.91453226059195, -6.8181129195546
-18.5594162184695, 3.64711088863462, -7.40753012839956
-18.5594162184695, 3.28606727454846, -7.94462524272118
-18.5594162184695, 2.84133902056618, -8.41509092583027
-18.5594162184695, 2.33338324432264, -8.8166017062751
-18.5594162184695, 1.78436739600777, -9.16032563497458
-18.5594162184695, 1.20956809165543, -9.4592385599515
-18.5594162184695, 0.617043558838942, -9.72123495491199
-18.5594162184695, 0, -9.90000000000001
-17.0127982002637, 5.81322018208748, -5.16475448629412E-15
-17.0127982002637, 5.48300027535761, -0.549077545518563
-17.0127982002637, 5.19006990189189, -1.11888729850368
-17.0127982002637, 4.93864417595136, -1.70818618115195
-17.0127982002637, 4.72756103704464, -2.3131415722995
-17.0127982002637, 4.55059282356994, -2.92898592213669
-17.0127982002637, 4.3978146775704, -3.55130443650992
-17.0127982002637, 4.26457218830386, -4.17810969222061
-17.0127982002637, 4.14216499548333, -4.80713751244723
-17.0127982002637, 4.01894258558166, -5.43600404176353
-17.0127982002637, 3.8829280202413, -6.06220783261062
-17.0127982002637, 3.71438412015377, -6.68027741067533
-17.0127982002637, 3.47022624843081, -7.27209593343265
-17.0127982002637, 3.14204082821302, -7.82183169361638
-17.0127982002637, 2.73368195196599, -8.31496063805227
-17.0127982002637, 2.2604784729652, -8.74631739753182
-17.0127982002637, 1.73952343062321, -9.1189967918578
-17.0127982002637, 1.18585632716214, -9.44135473850225
-17.0127982002637, 0.608444435295833, -9.71885017502221
-17.0127982002637, 0, -9.9
-15.4661801820579, 5.75256946835534, -4.86058972213699E-15
-15.4661801820579, 5.40293483530217, -0.528503882412537
-15.4661801820579, 5.08837270101851, -1.07856717773973
-15.4661801820579, 4.81380120654798, -1.64963406373494
-15.4661801820579, 4.57951593600875, -2.23840037606938
-15.4661801820579, 4.3809724723519, -2.8402012435899
-15.4661801820579, 4.2092822945783, -3.45024646059197
-15.4661801820579, 4.05954867159254, -4.06605984765284
-15.4661801820579, 3.92441710379148, -4.68526295949807
-15.4661801820579, 3.79254822549538, -5.30517427943321
-15.4661801820579, 3.65294434600276, -5.92338024492927
-15.4661801820579, 3.49266160267319, -6.53647765139905
-15.4661801820579, 3.27427520714419, -7.130928694555
-15.4661801820579, 2.97956469090378, -7.69155291295913
-15.4661801820579, 2.61094273387296, -8.20644445237872
-15.4661801820579, 2.17660561734648, -8.66734336638175
-15.4661801820579, 1.68870618441809, -9.07133715988939
-15.4661801820579, 1.16006716331724, -9.4205223647368
-15.4661801820579, 0.599583728237337, -9.71569386473635
-15.4661801820579, 0, -9.90000000000001
-13.9195621638522, 5.66297859481237, -4.20987187324336E-15
-13.9195621638521, 5.29294900134575, -0.506118197735187
-13.9195621638521, 4.9568910941467, -1.03535874170334
-13.9195621638521, 4.66059642533891, -1.58782556525424
-13.9195621638521, 4.40549734110746, -2.16050119354749
-13.9195621638521, 4.18797576122634, -2.74851999668256
-13.9195621638521, 3.99967133242564, -3.3465863900995
-13.9195621638521, 3.83467541724827, -3.95150627385406
-13.9195621638521, 3.68727117414379, -4.56097519621233
-13.9195621638522, 3.54693441515189, -5.17212132830796
-13.9195621638522, 3.40332330120759, -5.78250380043372
-13.9195621638522, 3.24868468503989, -6.39016585578987
-13.9195621638521, 3.05744288855622, -6.98705875059984
-13.9195621638521, 2.79960049799209, -7.55829492521223
-13.9195621638522, 2.47453293231867, -8.09393866708828
-13.9195621638521, 2.0824872845622, -8.58278035273575
-13.9195621638521, 1.63194832630897, -9.01837650632846
-13.9195621638522, 1.13216983856237, -9.39653254679511
-13.9195621638521, 0.590475043896807, -9.71136133707919
-13.9195621638521, 0, -9.90000000000001
-12.3729441456464, 5.52953793228595, -3.26289494789209E-15
-12.3729441456464, 5.14073398390656, -0.483503214688928
-12.3729441456464, 4.78541368587278, -0.992065452785038
-12.3729441456464, 4.4704383393921, -1.52652647655518
-12.3729441456464, 4.19828114051414, -2.08402843948896
-12.3729441456464, 3.96582179850771, -2.65926257804758
-12.3729441456464, 3.7647202719632, -3.24625709233201
-12.3729441456464, 3.58726612749905, -3.84083712438066
-12.3729441456464, 3.42918021045301, -4.44087875093885
-12.3729441456464, 3.28123518015104, -5.04351617707627
-12.3729441456464, 3.13375894152579, -5.64627016855761
-12.3729441456464, 2.98247652853912, -6.24807787054993
-12.3729441456464, 2.81649859164832, -6.84593310439583
-12.3729441456464, 2.60206969105617, -7.42796332732961
-12.3729441456464, 2.32565537288228, -7.98305452112025
-12.3729441456464, 1.97940948811412, -8.49751299288025
-12.3729441456464, 1.56954610871749, -8.96286893664257
-12.3729441456464, 1.10190675902231, -9.37007487941393
-12.3729441456464, 0.580911712188052, -9.70575648237893
-12.3729441456464, 0, -9.90000000000001
-10.8263261274406, 5.31757286668639, -2.26735018657084E-15
-10.8263261274406, 4.91800771873942, -0.465433335942532
-10.8263261274406, 4.55135145977202, -0.957145749897013
-10.8263261274406, 4.22528670508843, -1.47662767965668
-10.8263261274406, 3.94309520997122, -2.02120558397901
-10.8263261274406, 3.70199096112719, -2.58523027573192
-10.8263261274406, 3.49367654789962, -3.16223979801655
-10.8263261274406, 3.30859360578917, -3.7471301354107
-10.8263261274406, 3.14334882793287, -4.33794896655919
-10.8263261274406, 2.9902568135182, -4.93204940144268
-10.8263261274406, 2.84036659758114, -5.52697014125618
-10.8263261274406, 2.69242737595698, -6.12237831484318
-10.8263261274406, 2.54865608774597, -6.71880570957963
-10.8263261274406, 2.38678365199661, -7.31040571335391
-10.8263261274406, 2.16544625249092, -7.88217072762816
-10.8263261274406, 1.86860554885221, -8.41857349907921
-10.8263261274406, 1.50178998785415, -8.90975897835427
-10.8263261274406, 1.06877562082399, -9.34356994437038
-10.8263261274406, 0.570415696239204, -9.69958180452945
-10.8263261274406, 0, -9.90000000000001
-9.27970810923476, 4.98791160590264, -1.49449134271065E-15
-9.27970810923476, 4.5909415927417, -0.456702345031641
-9.27970810923476, 4.22629626922408, -0.939541082711544
-9.27970810923476, 3.90176991484763, -1.45017090832189
-9.27970810923476, 3.62074680591726, -1.98599118550828
-9.27970810923476, 3.38040609558194, -2.54130400115989
-9.27970810923476, 3.17252841091524, -3.10963530525182
-9.27970810923476, 2.98668046266808, -3.6855660102152
-9.27970810923476, 2.81993902276618, -4.26732869189874
-9.27970810923476, 2.66612164663763, -4.8526564637873
-9.27970810923476, 2.51779351094093, -5.43940462410217
-9.27970810923476, 2.37560491300966, -6.02766499598806
-9.27970810923476, 2.25240417423279, -6.62011672207166
-9.27970810923476, 2.15740138242835, -7.21771896837968
-9.27970810923476, 1.99917375523867, -7.80137641841045
-9.27970810923476, 1.75415054003775, -8.35415331123795
-9.27970810923476, 1.43092860305966, -8.86518164156827
-9.27970810923476, 1.03320110505645, -9.320425234729
-9.27970810923476, 0.558669510063725, -9.6938738855688
-9.27970810923476, 0, -9.90000000000001
-7.47370931423246, 4.40097342535992, -1.21630894463948E-15
-7.59741586583717, 4.06337879946681, -0.480676184620051
-7.71133095451659, 3.75250503209196, -0.981328057580827
-7.81290639512077, 3.47530610910951, -1.50389828785943
-7.90112740866606, 3.23455135782601, -2.04658026123413
-7.97707893550292, 3.02727998087878, -2.60476234577257
-8.04362563926064, 2.84567432403943, -3.17304913936159
-8.1036605987476, 2.68183918818284, -3.74743776744582
-8.15793824734014, 2.53371572800015, -4.32665568532874
-8.20833772290462, 2.39617578466094, -4.90883791120133
-8.25685128531534, 2.26378248988119, -5.49237434140495
-8.30194154045249, 2.14073138533588, -6.07820968569885
-8.33490272417552, 2.05078046241689, -6.67050112513812
-8.35139408149744, 2.00577562206412, -7.26869549736807
-8.39757707219924, 1.87974244705151, -7.85304988225204
-8.47863765309151, 1.65852848444388, -8.404480001196
-8.58934024219637, 1.35642161403599, -8.91055673120558
-8.72777843367403, 0.978624408835728, -9.35502754926484
-8.89359781309692, 0.526104064230433, -9.7105370151832
-9.08638085695908, 0, -9.90000000000001
-6.25130341630907, 3.87621631124361, -1.3924992152047E-15
-6.44092302470949, 3.60396626423966, -0.506762565945327
-6.61826115802261, 3.34934958436478, -1.02692166612208
-6.7787817598969, 3.1188790028989, -1.56350684377803
-6.92028840731601, 2.91570807697932, -2.11623329284829
-7.04412321391226, 2.73790984081082, -2.68182705227616
-7.15471527602283, 2.57912513303797, -3.25580243414275
-7.25548422736379, 2.43444414793023, -3.83529001987356
-7.34747357852084, 2.30236864483414, -4.41924012079293
-7.43378351379765, 2.1784474737367, -5.00584854858402
-7.51659405050849, 2.05955063230699, -5.59399634357811
-7.59010396957485, 1.9540073338586, -6.18586930251986
-7.62341840287984, 1.90617548719619, -6.78734871084065
-7.63446397708263, 1.89031658884037, -7.39187163271377
-7.718385456508, 1.76982468976445, -7.97818940075472
-7.87013376149341, 1.55194910446208, -8.52167584407551
-8.0751156075489, 1.25764242545178, -9.00887610681985
-8.32717891819368, 0.895737616397971, -9.42293244474513
-8.62143181498659, 0.473258287078049, -9.73953911675298
-8.95105178036604, 0, -9.90000000000001
-5.37390861055166, 3.44181409322137, -1.62997481294625E-15
-5.59380466995054, 3.22191803382249, -0.531181810938212
-5.80313495627511, 3.01258774749792, -1.07080779719927
-5.99587994506277, 2.81984275871026, -1.62262176958317
-6.16862270814978, 2.64709999562325, -2.18752377074836
-6.32246524648345, 2.49325745728958, -2.76327041960028
-6.46243593430526, 2.35328676946777, -3.34608227745746
-6.59109361556865, 2.22462908820438, -3.934084355763
-6.70973595947965, 2.10598674429338, -4.52629282637739
-6.82234327038238, 1.99337943339065, -5.12086186475115
-6.92905689237635, 1.88666581139667, -5.71758732984627
-7.01616784425339, 1.79955485951963, -6.32047977719775
-7.01154582565671, 1.80417687811631, -6.93288198971973
-7.0203699882076, 1.79535271556543, -7.54604309265526
-7.15000263686454, 1.66572006690849, -8.13160638961666
-7.37166040887476, 1.44406229489827, -8.66006384749429
-7.66135794802674, 1.15436475574629, -9.11817818479809
-8.00573235874118, 0.809990345031851, -9.49331311072838
-8.39471874870571, 0.421003955067314, -9.76713665991547
-8.81572270377303, 0, -9.90000000000001
-4.61988631442656, 3.03270772294148, -1.86948041822199E-15
-4.85360960426995, 2.85814470124391, -0.558056318269209
-5.08050233360861, 2.68868328188298, -1.12047300087029
-5.29336433486971, 2.5297011189602, -1.69134514458634
-5.48755615885927, 2.38466331974346, -2.27248631090609
-5.66386005794842, 2.25298563634833, -2.86245882874419
-5.82728691971467, 2.13092554197098, -3.45819517288819
-5.97881946687067, 2.01774906163474, -4.05880896564477
-6.12022428296033, 1.91213677115338, -4.66326686341891
-6.25600531396011, 1.81072476776931, -5.26973572184123
-6.3806620995397, 1.71762122990425, -5.87987305305489
-6.46040109519624, 1.6580658469629, -6.50074444377521
-6.37446729912937, 1.72224799636456, -7.11898139389774
-6.40664350648015, 1.69821626214721, -7.74391315982222
-6.60446374684589, 1.55046847486285, -8.32084934683119
-6.90861581571515, 1.32330367569814, -8.82174928185902
-7.28674121417382, 1.04088974861466, -9.23711769090772
-7.71712768454988, 0.719443123347059, -9.5642352954528
-8.18648378798173, 0.368890896728298, -9.79332720566426
-8.68039362718011, 0, -9.90000000000001
-3.92422792091403, 2.62779239396147, -2.31264181256455E-15
-4.16066609940887, 2.49333396210498, -0.590261196681953
-4.39532474041518, 2.35988752341161, -1.18145815991534
-4.62010145123581, 2.23206077289611, -1.77769689048673
-4.82912110034281, 2.11319479945209, -2.38146626920616
-5.02319385829941, 2.0028288726503, -2.99181511568241
-5.20624217083686, 1.89873236330294, -3.60665836444061
-5.3777177637559, 1.80121706576372, -4.22590168229087
-5.54013502707176, 1.7088530885461, -4.84837640881507
-5.69678052866551, 1.61977141554494, -5.47279844065638
-5.82904903664664, 1.54455253050549, -6.10448228057231
-5.82053850196426, 1.54939232903099, -6.74483262902841
-5.66300110810546, 1.63898120622442, -7.36385314707417
-5.76481720806578, 1.58108009555965, -7.99725761896214
-6.06038150947322, 1.41299762794383, -8.54862518452489
-6.46244933268984, 1.18434839137039, -9.00354535960375
-6.93304371489249, 0.916729248496556, -9.36183203020058
-7.44600553671749, 0.625016452348697, -9.63258025327366
-7.98715598810253, 0.317273254719341, -9.81785734556325
-8.54506455058701, 0, -9.90000000000001
-3.25512306816698, 2.21504532583633, -2.49891904870287E-15
-3.48581652320976, 2.1159114979047, -0.631216657038096
-3.71960972463582, 2.0154456437804, -1.26108487544199
-3.94917324765792, 1.91679737139472, -1.89278662226215
-4.16755776479121, 1.8229529528766, -2.52916018296256
-4.37572354238216, 1.73349974158749, -3.1695858441614
-4.57517056079827, 1.64779316442658, -3.81328653169668
-4.76456419589374, 1.56640673744962, -4.46057637613957
-4.9479270196771, 1.48761187689049, -5.10992626439887
-5.11778516246269, 1.41462026169026, -5.76353841984976
-5.21287977500787, 1.37375610732779, -6.43283575815473
-4.94642752651554, 1.48825624062866, -7.03341775570549
-4.84414615252649, 1.53220869748429, -7.69228968195441
-5.08869207843256, 1.4271221715763, -8.31096937359704
-5.51107514550237, 1.2456152871076, -8.80855504906897
-6.02395492621763, 1.02522006210386, -9.19374106127823
-6.58695348452612, 0.783287744627559, -9.48580771685639
-7.18001160756276, 0.528438200189152, -9.69615741101691
-7.78971187319838, 0.26643717717709, -9.84050307318173
-8.409735473994, 0, -9.90000000000001
-2.5913691955264, 1.78527916319571, -6.4186221669776E-15
-2.80709807471855, 1.71750971892844, -0.68683699563013
-3.03124637715414, 1.64709538244091, -1.37071267608164
-3.2580507589871, 1.57584666056481, -2.05362782515766
-3.4817748616917, 1.5055655829165, -2.73765573643176
-3.69994940218622, 1.43702785436597, -3.42365190377182
-3.91219657268465, 1.37035216010637, -4.11168471037653
-4.1179450495988, 1.30571797672061, -4.8018859728608
-4.31844265289178, 1.24273331188126, -5.49375513869675
-4.46340289700264, 1.19719524937878, -6.19989261667573
-4.21468135991606, 1.27532906441913, -6.83444479074643
-3.83441970433191, 1.39478512042607, -7.41978735304139
-3.94328197027904, 1.36058693939189, -8.11608489111089
-4.38121431547041, 1.22301411292831, -8.6699716024458
-4.94605759002816, 1.04557326700061, -9.08251946809874
-5.57307988817632, 0.848599394759593, -9.38272664616919
-6.2301296620957, 0.642192639200471, -9.60190559370644
-6.90436485022415, 0.430387227815516, -9.75415650360934
-7.5865481976503, 0.216084967883576, -9.86120816953681
-8.274406397401, 0, -9.90000000000001
-1.91544375386948, 1.32942781874938, -6.30793329309436E-15
-2.10549454816709, 1.28883114637187, -0.763431351272428
-2.31032628178675, 1.24507712359598, -1.52286800980824
-2.52410315178641, 1.19941233389942, -2.27972795133985
-2.74220540427478, 1.15282360101993, -3.03529865825167
-2.96170016459793, 1.10593741511183, -3.79044798723728
-3.18129869497246, 1.05902906292554, -4.54556592131588
-3.39910705898306, 1.01250310744349, -5.3012222756777
-3.56897400485604, 0.976217898666229, -6.06874581085736
-3.28301958507351, 1.03730050522789, -6.74298887578749
-2.6763604454936, 1.16688871571323, -7.21469073095459
-2.55893036977315, 1.1919729061209, -7.96208786608385
-2.99870832804662, 1.0980321164659, -8.5989251172831
-3.62946010179749, 0.963297488256994, -9.04726718093353
-4.33915211184964, 0.811700468483929, -9.3518588668763
-5.08077223195376, 0.653283298191612, -9.56391653116249
-5.83821460749283, 0.49148634239227, -9.70696148624652
-6.60226359875956, 0.328278150111589, -9.80761972264767
-7.36936427027084, 0.164418089662997, -9.88023763427896
-8.13907732080799, 0, -9.90000000000001
-1.21229698731583, 0.836785213253928, -6.61098078553115E-15
-1.35044597296248, 0.819763663066446, -0.854212489037616
-1.50886684770508, 0.800244382070253, -1.70485096715683
-1.68438788806003, 0.778618163221261, -2.55208087576336
-1.87410359701152, 0.755242997300527, -3.39620252456874
-2.07260333648982, 0.730785537392902, -4.23827828996183
-2.27784202245787, 0.705497761465589, -5.07870460392255
-2.43815091618558, 0.685745854730166, -5.92804905662723
-2.11067277542396, 0.726094942942328, -6.65875542062566
-1.35460149679954, 0.819251654547406, -7.05704809789368
-1.06248473092001, 0.855243813069229, -7.84211442640851
-1.40220224598989, 0.813386692618712, -8.62161778038988
-2.07754176936912, 0.730177065439893, -9.14604356923817
-2.88122254639465, 0.631154313902332, -9.44764794986546
-3.72102407981373, 0.527681068103919, -9.62747173554258
-4.57328136390313, 0.422673130000926, -9.73477576872207
-5.42927667420151, 0.317204623907365, -9.80685524274773
-6.28665274893323, 0.211565991692435, -9.85996247821049
-7.14474531569155, 0.105839079386756, -9.89982064346789
-8.00374824421499, 0, -9.90000000000001
-0.472912824983497, 0.294300014887508, -6.43572140180366E-15
-0.518935345166313, 0.292468574584784, -0.908051545061263
-0.576369099854306, 0.290183030623815, -1.81544903553035
-0.647961337233762, 0.287334057808374, -2.7218338898443
-0.735918621829869, 0.283833847144385, -3.62677521107737
-0.835257810229511, 0.279880700020925, -4.53054459747641
-0.933561333172727, 0.275968766621736, -5.43435812944626
-0.843046089642259, 0.27957076982265, -6.32951098964967
-0.220234491621938, 0.304355207030515, -6.96553053061023
-0.115775564472851, 0.308512091277624, -7.86616480432873
-0.169104138541324, 0.30638991067022, -8.7724015907206
-0.64327535274315, 0.287520533925282, -9.51134665674492
-1.51296401348177, 0.252911762876408, -9.75253828120849
-2.41845530607378, 0.216878246232128, -9.82408125590765
-3.32631197675946, 0.180750600697151, -9.85789966021886
-4.23457957179493, 0.144606602658821, -9.8785284051098
-5.14295461199109, 0.108458328900761, -9.89386183803438
-6.05141000707921, 0.0723068574649742, -9.90000000000001
-6.95991458735059, 0.0361534287324873, -9.90000000000001
-7.86841916762198, 0, -9.90000000000001
