-77.2922354598346, 1.95123671723737, -2.66446195087304E-15
-77.292235459838, 2.35359438139858, -0.543251286416629
-77.2922354598401, 2.74262583685489, -1.09611808150334
-77.2922354598408, 3.11598795980311, -1.65967766122393
-77.2922354598404, 3.47092975711617, -2.23500685470274
-77.2922354598392, 3.8043772673808, -2.82304357936902
-77.2922354598378, 4.11345683568279, -3.42423847939701
-77.2922354598363, 4.39659831643432, -4.03807313784344
-77.2922354598349, 4.65267327418055, -4.66368062131162
-77.2922354598334, 4.88087750462719, -5.29998224217476
-77.292235459832, 5.07665511806317, -5.94695848066096
-77.2922354598302, 5.2174308116398, -6.60720799975796
-77.2922354598285, 4.72046953349434, -6.94702229339885
-77.2922354598281, 4.04901034682463, -7.02447768315097
-77.2922354598275, 3.37423013342813, -7.05682280264248
-77.2922354598273, 2.69821074568715, -7.06097078687532
-77.2922354598272, 2.02237022319019, -7.07711773376281
-77.2922354598271, 1.34706561443188, -7.1081896315365
-77.292235459827, 0.67328987784557, -7.16304155940737
-77.2922354598346, -4.44089209850063E-16, -7.21561156884605
-75.7842828920839, 2.14947159240183, -2.57183359335278E-15
-75.7842828923481, 2.53957345242804, -0.552870813398451
-75.7842828922523, 2.91610236594834, -1.11506780508682
-75.7842828922446, 3.27684314289239, -1.68751679616171
-75.78428289302, 3.61928251754361, -2.27108970013975
-75.7842828955239, 3.94075783970698, -2.86645981566149
-75.7842828936156, 4.23893699950069, -3.47382640837397
-75.7842828923329, 4.51217447530941, -4.09280962515733
-75.7842828928812, 4.7584599125868, -4.72299388228705
-75.7842828928565, 4.9744179792602, -5.36418455077391
-75.7842828922295, 5.15122740724926, -6.01718866200831
-75.7842828925882, 5.25031341712199, -6.68426756534612
-75.7842828922347, 4.72738134686922, -7.02224279312679
-75.7842828921652, 4.05626394023338, -7.10722378610545
-75.7842828921916, 3.38119688170409, -7.1307953649861
-75.7842828922266, 2.70478487538584, -7.11438038599476
-75.7842828920938, 2.02816300712658, -7.12000382316906
-75.784282892155, 1.35165200751273, -7.13402965767532
-75.7842828920824, 0.675191560588992, -7.1503525937396
-75.7842828920839, 4.44089209850063E-16, -7.18274915741975
-74.2376648738781, 2.3441388537153, -2.3852735561385E-15
-74.237664873981, 2.72230829539845, -0.562594706928992
-74.2376648747003, 3.08667139044855, -1.13422253233039
-74.2376648766518, 3.43508666107456, -1.7157021371845
-74.2376648804523, 3.76528898581089, -2.30770725616297
-74.2376648854728, 4.07489693209967, -2.91073088375343
-74.2376648787998, 4.36181256446011, -3.52487112866931
-74.2376648745893, 4.62429187110823, -4.14983939407181
-74.237664877386, 4.85956747472876, -4.78553536266889
-74.2376648760041, 5.06202603263865, -5.43239416729636
-74.2376648751956, 5.21903125209778, -6.09166126454294
-74.2376648753445, 5.27309551756488, -6.76326973888508
-74.2376648744128, 4.73311851397988, -7.10297014255762
-74.2376648741762, 4.06254634910233, -7.2007666019814
-74.2376648742615, 3.38687619603454, -7.22573577039196
-74.237664874373, 2.70962213240503, -7.19718722383011
-74.2376648739093, 2.03177711903099, -7.18956710605395
-74.2376648741064, 1.35388688135984, -7.1865531139415
-74.2376648738898, 0.676046090797223, -7.17799771551815
-74.2376648738781, -4.44089209850063E-16, -7.20572403426167
-72.6910468556723, 2.53097754248869, -2.21562143168004E-15
-72.6910468556723, 2.89761102081156, -0.572025411028434
-72.6910468556723, 3.25026154135668, -1.15277065661285
-72.6910468556723, 3.58682641383367, -1.74297789511071
-72.6910468556724, 3.90511361970167, -2.34323290080636
-72.6910468556736, 4.20285861223506, -2.95393116840813
-72.6910468562285, 4.47809033742351, -3.57509715438403
-72.6910468592379, 4.72910024778393, -4.20643223436268
-72.6910468669171, 4.95231589946171, -4.84810304062869
-72.691046858762, 5.14052300673067, -5.5008498162147
-72.6910468606126, 5.27773636507919, -6.16604911490778
-72.6910468572342, 5.28803824448745, -6.83954502383681
-72.6910468567409, 4.73869551215137, -7.18457065106003
-72.6910468562869, 4.06905493691526, -7.29795961580772
-72.6910468564339, 3.39254894535997, -7.33125252032345
-72.6910468566409, 2.71385896132893, -7.29953413290833
-72.6910468557251, 2.03462241865987, -7.28268922640427
-72.6910468560766, 1.35529995038197, -7.26950212177188
-72.691046855749, 0.676023738019177, -7.25411594901871
-72.6910468556723, 0, -7.29970859319088
-71.1444288374547, 2.71112285670156, -2.13667551796946E-15
-71.1444288374607, 3.06659053323085, -0.581224260534628
-71.1444288374642, 3.40788591287181, -1.17087704645665
-71.1444288374659, 3.73289275835981, -1.76965636273007
-71.1444288374665, 4.03940629315752, -2.37810347418113
-71.1444288374665, 4.32514962754456, -2.99656999986951
-71.1444288374665, 4.58819955592769, -3.625020673389
-71.1444288374666, 4.82679702848475, -4.26314774640141
-71.1444288374665, 5.03701817826443, -4.91115667479319
-71.1444288386427, 5.21048598101592, -5.56989246967839
-71.1444288477426, 5.32810804994469, -6.24068209076682
-71.1444288385578, 5.29722575083658, -6.9140907542473
-71.1444288391422, 4.74231036778987, -7.26565663608803
-71.1444288384554, 4.07378786890369, -7.3954317286567
-71.1444288386497, 3.39624597063592, -7.44068007357977
-71.1444288389684, 2.71544499024144, -7.41422021463314
-71.1444288375341, 2.03434712269291, -7.39688237026693
-71.1444288380164, 1.35313849783987, -7.38454538149098
-71.144428837721, 0.671851598573892, -7.37899496280775
-71.1444288374665, 4.44089209850063E-16, -7.46937383392077
-69.5978108192608, 2.88522525337517, -2.16219716959592E-15
-69.5978108192608, 3.23000020691201, -0.590439129442373
-69.5978108192608, 3.56035043146129, -1.18906318234995
-69.5978108192607, 3.87409574590851, -1.79654882825035
-69.5978108192607, 4.16894447507509, -2.41342084599839
-69.5978108192607, 4.44250382120713, -3.04001726973379
-69.5978108192607, 4.69284760668963, -3.67624185280583
-69.5978108192607, 4.91824514384593, -4.32171746395782
-69.5978108192607, 5.11469447911778, -4.97656334303435
-69.5978108214128, 5.27303722306438, -5.64157690352555
-69.597810829776, 5.37109510718767, -6.31789263252564
-69.597810819714, 5.30071176726877, -6.98981091082772
-69.5978108214975, 4.74049256068936, -7.34652465860336
-69.5978108206013, 4.07279837602511, -7.49216919042539
-69.5978108208277, 3.39382139659313, -7.55068169311894
-69.5978108213254, 2.71022402100904, -7.53653880186477
-69.5978108193306, 2.02652740283641, -7.5285574700643
-69.5978108198793, 1.34278839802815, -7.52846159083327
-69.5978108198571, 0.659344596649589, -7.54634770338928
-69.5978108192608, -4.44089209850063E-16, -7.70272304137643
-68.051192801055, 3.05297675385626, -2.24918432871676E-15
-68.051192801055, 3.38767713965026, -0.599751157989936
-68.051192801055, 3.70757385949213, -1.20752209232476
-68.051192801055, 4.01038272885486, -1.82397858080303
-68.051192801055, 4.29367526608035, -2.44963696457506
-68.051192801055, 4.5548852868722, -3.08482379709957
-68.051192801055, 4.79209515715322, -3.72935546675025
-68.051192801055, 5.00369283262117, -4.38273554094793
-68.051192801055, 5.1858534853898, -5.04490640032434
-68.051192801055, 5.32885342049295, -5.71653781674258
-68.0511928012758, 5.40705919040487, -6.39847222381328
-68.0511928012587, 5.2983108332829, -7.06775825285721
-68.05119280368, 4.73206983401156, -7.42792992041004
-68.0511928026297, 4.0646740362603, -7.58861354360898
-68.0511928028926, 3.38382555279296, -7.6614624768603
-68.0511928036058, 2.69699589686887, -7.66465713157343
-68.0511928011165, 2.01021460708108, -7.67320893293006
-68.051192801637, 1.32369737983925, -7.693568451296
-68.0511928015376, 0.639017272786387, -7.7450420630875
-68.051192801055, 0, -7.97206615390061
-66.5045747828491, 3.21385655273372, -2.36231661091441E-15
-66.5045747828491, 3.53917214761198, -0.609044395704096
-66.5045747828492, 3.84911949159092, -1.22604611811256
-66.5045747828492, 4.14128287087688, -1.85165841357179
-66.5045747828491, 4.41307280058057, -2.48637946803252
-66.5045747828491, 4.66174011007154, -3.1305021600526
-66.5045747828491, 4.88543536324386, -3.7837152753046
-66.5045747828491, 5.08276747135001, -4.44536315842331
-66.5045747828491, 5.25034785605819, -5.11514778414136
-66.5045747828491, 5.3779580755685, -5.79358580993895
-66.5045747835266, 5.4356620662372, -6.48111914193832
-66.5045747836768, 5.29068354899786, -7.14682747469762
-66.5045747856324, 4.71831687661146, -7.50984861730327
-66.5045747844943, 4.05075140231239, -7.68482591671726
-66.5045747848223, 3.36783741438292, -7.77352927480273
-66.50457478562, 2.67776340249316, -7.79769830403889
-66.5045747829044, 1.98792471703823, -7.82773161164426
-66.5045747833027, 1.29901048277572, -7.87391545324853
-66.5045747831484, 0.615276294365027, -7.96598860830864
-66.5045747828491, -4.44089209850063E-16, -8.25602209923854
-64.9579567646433, 3.36720121472652, -2.4738499524997E-15
-64.9579567646433, 3.68386470595749, -0.618067793989658
-64.9579567646434, 3.98435065667826, -1.24415424807049
-64.9579567646433, 4.26609939104736, -1.87888615850573
-64.9579567646434, 4.52636545514529, -2.52271680865151
-64.9579567646434, 4.76226014559261, -3.17586181008911
-64.9579567646434, 4.97209657635834, -3.83783780006402
-64.9579567646434, 5.15482125959723, -4.50779906600888
-64.9579567646434, 5.30774967513133, -5.18516968557705
-64.9579567646434, 5.42014656411243, -5.87032259916072
-64.9579567660781, 5.45703167958581, -6.5631306543824
-64.9579567669498, 5.27939598257667, -7.22482339627399
-64.9579567673651, 4.70190678420888, -7.59152069433203
-64.9579567662074, 4.03397942964949, -7.78032313099232
-64.9579567666372, 3.34926508838069, -7.88696528748988
-64.9579567674397, 2.65642993718633, -7.93477594397173
-64.9579567647073, 1.96409740026088, -7.98928851403113
-64.9579567649248, 1.27367437958422, -8.06374952838542
-64.9579567648352, 0.593612038202724, -8.19855721006186
-64.9579567646434, 4.44089209850063E-16, -8.53775355549567
-63.4113387464376, 3.51227779900214, -2.56045207911861E-15
-63.4113387464376, 3.82105955735457, -0.626506415547852
-63.4113387464376, 4.11255233099782, -1.2612347097184
-63.4113387464376, 4.38405770393556, -1.90475852096653
-63.4113387464376, 4.6327136228815, -2.55744277210165
-63.4113387464376, 4.85559329250035, -3.21936408625823
-63.4113387464375, 5.05128755551188, -3.88982607798093
-63.4113387464376, 5.21920968044242, -4.56777437515868
-63.4113387464376, 5.35764054818601, -5.25234445370839
-63.4113387464376, 5.45527367272953, -5.94379037522481
-63.411338748745, 5.47173196320743, -6.64122742029763
-63.4113387503781, 5.26664180198345, -7.29919822501322
-63.4113387489204, 4.68610163662798, -7.67164725206035
-63.4113387478159, 4.01801433255278, -7.87413826035184
-63.411338748366, 3.33232044075121, -8.00107345234469
-63.4113387490712, 2.63769508730021, -8.07441067888778
-63.4113387465217, 1.94381248240672, -8.15439204269575
-63.4113387465629, 1.25287044837824, -8.25629497352431
-63.4113387466455, 0.577912189548726, -8.42918247331414
-63.4113387464376, 0, -8.80288410128804
-61.8547207282318, 3.65092230576694, -2.61612866611794E-15
-61.8547207282318, 3.95223197382824, -0.634380603632258
-61.8547207282318, 4.23487025376357, -1.27728994938903
-61.8547207282318, 4.49602016427011, -1.92921531642165
-61.8547207282318, 4.73276573720024, -2.59038500354286
-61.8547207282318, 4.94227294640906, -3.26067613126397
-61.8547207282318, 5.12351854801523, -3.93915681994757
-61.8547207282318, 5.27651207715757, -4.62456147928816
-61.8547207282318, 5.40071285525901, -5.31575920789508
-61.8547207282318, 5.48413166462045, -6.01291967202269
-61.8547207312112, 5.48104451296391, -6.71423144903699
-61.8547207331412, 5.25390314655006, -7.36927335776768
-61.8547207303546, 4.67252500442205, -7.74965721644131
-61.8547207293711, 4.00473579468468, -7.96591054815472
-61.8547207300252, 3.31913937271972, -8.1146316290101
-61.854720730553, 2.62398322074785, -8.21470414412821
-61.85472072833, 1.92960729692787, -8.32000283682591
-61.8547207282553, 1.23889618154471, -8.44678624083145
-61.8547207285016, 0.568461218177352, -8.64937270082892
-61.8547207282318, 0, -9.0457442571402
-57.9981756827192, 3.97810044520065, -2.6635987536566E-15
-57.9981756827182, 4.25831552624356, -0.652623217187339
-57.9981756827176, 4.51630107046627, -1.31434029456906
-57.9981756827173, 4.74913887273872, -1.98531024772094
-57.9981756827173, 4.95411751241721, -2.66530044767456
-57.9981756827173, 5.12914744091015, -3.35360500078619
-57.9981756827173, 5.27440053948227, -4.04880830598084
-57.9981756827173, 5.39164748717397, -4.74928819734643
-57.9981756830292, 5.48327951114528, -5.45357903402389
-57.998175688509, 5.53454499827238, -6.16178456084356
-57.9981756835377, 5.48901062477298, -6.8693858922172
-57.9981756851979, 5.22732148383545, -7.52131529188788
-57.9981756837541, 4.65118763054435, -7.92656675246964
-57.9981756832484, 3.98669915820901, -8.17622846005038
-57.9981756838668, 3.30476467278982, -8.3741378994609
-57.9981756836981, 2.61362831598689, -8.53786601094966
-57.9981756827699, 1.92222267291702, -8.70046000878027
-57.998175682696, 1.23387638618336, -8.87540277738197
-57.9981756829462, 0.566691526544946, -9.11528527497414
-57.9981756827173, 0, -9.52953482026746
-54.1316306372028, 4.31136216322865, -2.67792869121995E-15
-54.1316306371284, 4.55576233158663, -0.670988277371786
-54.131630637179, 4.77697984652321, -1.34996508296352
-54.1316306370612, 4.97249275608351, -2.03677765589163
-54.1316306363298, 5.14021054590753, -2.73089630190013
-54.1316306365918, 5.27924711600918, -3.4313254048846
-54.1316306370856, 5.39088769604347, -4.13664734591074
-54.1316306367648, 5.47757228403402, -4.84547862800542
-54.1316306368871, 5.54220603878313, -5.55665839533215
-54.131630636198, 5.56553469468084, -6.2701700430216
-54.1316306365088, 5.48771246402107, -6.9789236572084
-54.1316306365048, 5.2167489079446, -7.63318687976651
-54.1316306369809, 4.65576922178766, -8.06644402332799
-54.1316306370989, 3.99957367042187, -8.34692697382327
-54.1316306370342, 3.32319538997566, -8.57589212322117
-54.1316306370435, 2.63945128899857, -8.78202100965602
-54.1316306371194, 1.95413903501393, -8.98288962845587
-54.1316306371522, 1.26938652362918, -9.18563587423667
-54.1316306371526, 0.597625010091463, -9.42667412933603
-54.1316306372028, 4.44089209850063E-16, -9.80226788029931
-50.2650855916893, 4.64872615551995, -2.92839639073725E-15
-50.2650855916887, 4.839092560659, -0.688307505885605
-50.2650855916884, 5.00949495556683, -1.38182287311388
-50.2650855916883, 5.15836472785726, -2.08027409825946
-50.2650855916883, 5.28476064499655, -2.78313871152084
-50.2650855916883, 5.38869598656048, -3.48967655668549
-50.2650855916883, 5.47143799735297, -4.1990125268979
-50.2650855916883, 5.53470863290689, -4.91035439027797
-50.2650855916883, 5.57871051663357, -5.62313282406346
-50.2650855916883, 5.5792807364658, -6.33703133877794
-50.2650855916883, 5.48115495796719, -7.04348897919461
-50.2650855916883, 5.21630474772883, -7.70198631853428
-50.2650855786721, 4.67638662614409, -8.16115235907432
-50.2650855845048, 4.03187612552694, -8.46727073588184
-50.2650855890112, 3.36156624706584, -8.71346347977449
-50.2650855893064, 2.68304011305053, -8.93623810495829
-50.2650855897619, 2.00214074944502, -9.15167320824745
-50.2650855904453, 1.3205124326537, -9.3647954192299
-50.2650855907091, 0.644249741444778, -9.59409046751457
-50.2650855916883, 4.44089209850063E-16, -9.8846107947954
-46.3985405461738, 4.94972317786026, -3.64000194649719E-15
-46.3985405461738, 5.07803299456425, -0.701177301736073
-46.3985405461738, 5.19208194595775, -1.4048136220831
-46.3985405461738, 5.29142490728176, -2.11067620775703
-46.3985405461738, 5.37629821726442, -2.81842553330632
-46.3985405461738, 5.44757611201733, -3.52767490376062
-46.3985405461738, 5.50601482974874, -4.23809786593689
-46.3985405461738, 5.55144508728879, -4.94947020186999
-46.3985405461738, 5.58052908265387, -5.66167564346471
-46.3985405461738, 5.56718759640858, -6.37412471906755
-46.3985405461738, 5.46171604010235, -7.07833857488981
-46.3985405461738, 5.20507485173256, -7.7393989308179
-46.3985405461738, 4.68283441700637, -8.21668287909485
-46.3985405461739, 4.04905170988147, -8.54117483115704
-46.3985405461738, 3.38396268662729, -8.7973737580992
-46.3985405461738, 2.70940264709568, -9.02775112666815
-46.3985405461738, 2.03145438565837, -9.2480054228427
-46.3985405461738, 1.35220294346878, -9.46421545107287
-46.3985405461738, 0.673925344685222, -9.68344318440518
-46.3985405461738, 0, -9.89948721433617
-42.5319955006593, 5.1918499689149, -3.13830402548859E-15
-42.5319955006594, 5.25839969766061, -0.707073534263146
-42.5319955006593, 5.31647787578948, -1.41489376516179
-42.5319955006593, 5.36718294920632, -2.12328174118034
-42.5319955006593, 5.41260372184768, -2.83202968248553
-42.5319955006593, 5.45493925780894, -3.54096922988452
-42.5319955006593, 5.49388664618677, -4.25010226602099
-42.5319955006593, 5.52690737759701, -4.95953321174711
-42.5319955006594, 5.54625906763328, -5.66944296652111
-42.5319955006594, 5.52679914608151, -6.37917146500762
-42.5319955006593, 5.42270693370623, -7.08097575058808
-42.5319955006593, 5.16943292387945, -7.74097126184253
-42.5319955006593, 4.66483722100055, -8.23343899104478
-42.5319955006594, 4.04255893817591, -8.57375365644894
-42.5319955006594, 3.38316663857247, -8.83721046275507
-42.5319955006593, 2.71295485067983, -9.07209507501188
-42.5319955006593, 2.03824805776422, -9.29379744888824
-42.5319955006593, 1.36146926514488, -9.50910292767184
-42.5319955006593, 0.683481408949982, -9.72057346896695
-42.5319955006593, 0, -9.90000000000001
-38.6654504551449, 5.39260060103611, -2.87530253264799E-15
-38.6654504551449, 5.39630108479848, -0.704862834024069
-38.6654504551449, 5.39976677205102, -1.40972690638967
-38.6654504551449, 5.40461000515411, -2.11458259685752
-38.6654504551449, 5.41244319655365, -2.81941083034842
-38.6654504551449, 5.42522561908923, -3.52416559216483
-38.6654504551449, 5.44145023326426, -4.22885136727835
-38.6654504551449, 5.45685612174751, -4.93355515420251
-38.6654504551448, 5.46432314674807, -5.63837141013873
-38.6654504551449, 5.43984605308782, -6.34266310257265
-38.6654504551448, 5.3366921708806, -7.0392379131636
-38.6654504551448, 5.08842520486186, -7.69601435812786
-38.6654504551448, 4.60840510427818, -8.20567174266965
-38.6654504551448, 4.00522516749497, -8.56845353157611
-38.6654504551449, 3.35700142151238, -8.84481469548367
-38.6654504551448, 2.69447173264188, -9.0853260309567
-38.6654504551449, 2.02587345586903, -9.30850458508917
-38.6654504551448, 1.35409687990284, -9.52194309121848
-38.6654504551448, 0.680150829209653, -9.72843281945005
-38.6654504551449, 0, -9.90000000000001
-34.7989054096304, 5.57430639784193, -3.85340360660742E-15
-34.7989054096304, 5.50631273907065, -0.693142724666112
-34.7989054096304, 5.45243734994152, -1.38752518880337
-34.7989054096304, 5.41205392800077, -2.08282504614088
-34.7989054096304, 5.38319059218709, -2.77870179649925
-34.7989054096304, 5.36285796121302, -3.47488337867238
-34.7989054096304, 5.3490805961366, -4.17122660709946
-34.7989054096304, 5.33859867161049, -4.86762897427072
-34.7989054096304, 5.32582814051893, -5.56398874108315
-34.7989054096304, 5.29098845503117, -6.25950349011292
-34.7989054096304, 5.18627907254895, -6.94745021435956
-34.7989054096304, 4.95062824466059, -7.60073226655285
-34.7989054096304, 4.50723474164887, -8.13218501767171
-34.7989054096304, 3.93356359549153, -8.52543541771432
-34.7989054096304, 3.30592909006125, -8.82651746332977
-34.7989054096304, 2.65727844644043, -9.07996591908104
-34.7989054096304, 1.9994660093437, -9.30874889965116
-34.7989054096304, 1.33704537309702, -9.52386373238323
-34.7989054096304, 0.671815246596358, -9.7301389485033
-34.7989054096304, 0, -9.90000000000001
-30.9323603641157, 5.72298793677971, -3.96258509392289E-15
-30.9323603641158, 5.57380173967624, -0.66896305859463
-30.9323603641159, 5.45729081193692, -1.34438429831687
-30.9323603641159, 5.37076726819577, -2.02431906354534
-30.9323603641159, 5.30656210898926, -2.70674889015556
-30.9323603641159, 5.2548527629142, -3.39025444690799
-30.9323603641159, 5.21016057813595, -4.07425606140803
-30.9323603641159, 5.16993352273986, -4.75853665792877
-30.9323603641159, 5.12998052961341, -5.44283290577803
-30.9323603641159, 5.07628945977236, -6.12614711912643
-30.9323603641159, 4.97017692872391, -6.8029068060829
-30.9323603641159, 4.74981823887912, -7.4504771871595
-30.9323603641159, 4.35585462317901, -8.00733993189987
-30.9323603641159, 3.82346714928618, -8.43742238953096
-30.9323603641159, 3.22799542966267, -8.77574030582013
-30.9323603641159, 2.60138652000183, -9.05328424880316
-30.9323603641159, 1.96044643492633, -9.29616198143151
-30.9323603641159, 1.3122288067942, -9.51898414176769
-30.9323603641159, 0.659869120682567, -9.7294038104339
-30.9323603641159, 0, -9.90000000000001
-27.0658153186014, 5.82595045048927, -4.16288113233782E-15
-27.0658153186014, 5.60316198767536, -0.634518593905781
-27.0658153186014, 5.42379869859618, -1.28264158628345
-27.0658153186014, 5.2862658883684, -1.94094831306555
-27.0658153186014, 5.18099289484674, -2.60523036457565
-27.0658153186014, 5.0944238187385, -3.27224248768043
-27.0658153186014, 5.01721596340231, -3.94040677765918
-27.0658153186014, 4.94630846361747, -4.60927229702835
-27.0658153186014, 4.87688927045925, -5.2782947571919
-27.0658153186014, 4.7989985749114, -5.94636608936868
-27.0658153186014, 4.68780427476352, -6.60951841198069
-27.0658153186014, 4.48811989239752, -7.25077945931078
-27.0658153186014, 4.14976955905072, -7.82979736331679
-27.0658153186014, 3.67312375666005, -8.30249027262125
-27.0658153186014, 3.12139061030927, -8.68601047329499
-27.0658153186014, 2.52585803300541, -8.9981868395112
-27.0658153186014, 1.90899635298502, -9.26606975309321
-27.0658153186014, 1.28059205252107, -9.50579964145668
-27.0658153186014, 0.645350923702536, -9.72683539674448
-27.0658153186014, 0, -9.90000000000001
-23.1892702730869, 5.86604909716673, -4.87812306715126E-15
-23.1892702730869, 5.58553352576916, -0.595040928238097
-23.1892702730869, 5.34750452370962, -1.20828922549538
-23.1892702730869, 5.15347314764397, -1.83686771774462
-23.1892702730869, 4.99733383662069, -2.47596645801833
-23.1892702730869, 4.86774313771072, -3.12102105183874
-23.1892702730869, 4.75369984574045, -3.76901787933775
-23.1892702730869, 4.65117054625089, -4.41894373970529
-23.1892702730869, 4.55328418296282, -5.0695898461256
-23.1892702730869, 4.45080291422492, -5.71952067546928
-23.1892702730869, 4.3290896043886, -6.36606769270616
-23.1892702730869, 4.15117793341449, -6.99900270182906
-23.1892702730869, 3.86880353864039, -7.59213672080425
-23.1892702730869, 3.46612605476003, -8.11070860638599
-23.1892702730869, 2.97323826629255, -8.54557563414694
-23.1892702730869, 2.42237127030829, -8.90472199427197
-23.1892702730869, 1.84032572814009, -9.2111871438449
-23.1892702730869, 1.24006455965488, -9.48047998570258
-23.1892702730869, 0.628077400399499, -9.72199639093009
-23.1892702730869, 0, -9.90000000000001
-21.6526522548811, 5.86076176528484, -5.10645741414039E-15
-21.6526522548811, 5.56111225361938, -0.578643900972098
-21.6526522548811, 5.30137351587831, -1.17623953595319
-21.6526522548811, 5.08415007995292, -1.79057887460134
-21.6526522548811, 4.90549866268079, -2.41726645556767
-21.6526522548811, 4.75631239014062, -3.05166161426047
-21.6526522548811, 4.62607239575677, -3.69023410432521
-21.6526522548811, 4.51052594572776, -4.33163866474222
-21.6526522548811, 4.40202423520485, -4.97428087197845
-21.6526522548811, 4.29074968806792, -5.61644425769071
-21.6526522548811, 4.16435886476083, -6.25577120327666
-21.6526522548811, 3.99394554303776, -6.88448267027564
-21.6526522548811, 3.73207064497478, -7.48039161064174
-21.6526522548811, 3.36173318158407, -8.01521494075748
-21.6526522548811, 2.89773840942075, -8.47193391954458
-21.6526522548811, 2.37066782722944, -8.85450428975657
-21.6526522548811, 1.80692331087653, -9.18112634361547
-21.6526522548811, 1.22099612988246, -9.46631974421631
-21.6526522548811, 0.620400172860969, -9.71920461557142
-21.6526522548811, 0, -9.90000000000001
-20.1060342366753, 5.84082557819405, -5.20900823741215E-15
-20.1060342366753, 5.52332088426675, -0.561692058137236
-20.1060342366753, 5.2426655131816, -1.14264450838175
-20.1060342366753, 5.00231755488495, -1.74139954066734
-20.1060342366753, 4.80046238042574, -2.35423587921574
-20.1060342366753, 4.63053434545749, -2.97672315258846
-20.1060342366753, 4.48314494052245, -3.60495327479842
-20.1060342366753, 4.35402931263441, -4.23720484437015
-20.1060342366753, 4.23508512351205, -4.87146263497838
-20.1060342366753, 4.115660671383, -5.50562900239419
-20.1060342366753, 3.98465695828451, -6.13748645169378
-20.1060342366753, 3.82093608395971, -6.76147881859601
-20.1060342366753, 3.57901150827535, -7.35900589501107
-20.1060342366753, 3.24087634452431, -7.90756674003132
-20.1060342366753, 2.80938895703505, -8.38648017045636
-20.1060342366753, 2.31067458420356, -8.79515900599602
-20.1060342366753, 1.76890328284896, -9.1452888304064
-20.1060342366753, 1.19984032086026, -9.44933902090808
-20.1060342366753, 0.612201311730243, -9.71573788105372
-20.1060342366753, 0, -9.90000000000001
-18.5594162184695, 5.80302148925354, -5.12762370684142E-15
-18.5594162184695, 5.46813243365299, -0.543942862141418
-18.5594162184695, 5.16738194126825, -1.10744944924129
-18.5594162184695, 4.90487459332189, -1.68974884598752
-18.5594162184695, 4.68052479445618, -2.28780843456497
-18.5594162184695, 4.48999603193557, -2.89752072232892
-18.5594162184695, 4.32526726154506, -3.51473406009288
-18.5594162184695, 4.18217757162444, -4.13733318638104
-18.5594162184695, 4.05278834986407, -4.76294352427327
-18.5594162184695, 3.92570954899375, -5.38903072566738
-18.5594162184695, 3.79029238996544, -6.01335744330415
-18.5594162184695, 3.63210010948227, -6.63221345686778
-18.5594162184695, 3.41053554043205, -7.23084236120671
-18.5594162184695, 3.10356842533884, -7.79038478586516
-18.5594162184695, 2.70789814181541, -8.2910732681216
-18.5594162184695, 2.24169833285302, -8.72703616115588
-18.5594162184695, 1.72582299414419, -9.10337848988016
-18.5594162184695, 1.17650320574985, -9.42922610295388
-18.5594162184695, 0.603516150020058, -9.711365447968
-18.5594162184695, 0, -9.90000000000001
-17.0127982002637, 5.74404759392691, -4.80609582983292E-15
-17.0127982002637, 5.39147685927419, -0.52497746771813
-17.0127982002637, 5.07121518028205, -1.07023382943111
-17.0127982002637, 4.78794154978798, -1.6355775885564
-17.0127982002637, 4.5428111652713, -2.21848789518695
-17.0127982002637, 4.33300588357589, -2.81505411396558
-17.0127982002637, 4.1516734064265, -3.42091898905846
-17.0127982002637, 3.99452577569904, -4.03351320531088
-17.0127982002637, 3.85450853640273, -4.65027406644033
-17.0127982002637, 3.71999168675715, -5.26826730940201
-17.0127982002637, 3.58029716309201, -5.88510580610145
-17.0127982002637, 3.4260792762842, -6.49843927398685
-17.0127982002637, 3.22569441674005, -7.09792573064509
-17.0127982002637, 2.94967855442328, -7.66647487226481
-17.0127982002637, 2.59278895434235, -8.18782047217705
-17.0127982002637, 2.16297984132883, -8.65104597841521
-17.0127982002637, 1.67699199989279, -9.05528587994192
-17.0127982002637, 1.15067597442008, -9.40559988156282
-17.0127982002637, 0.594273342778753, -9.70576750045222
-17.0127982002637, 0, -9.90000000000001
-15.4661801820579, 5.6604644959518, -4.19018409547635E-15
-15.4661801820579, 5.28943045130967, -0.50440375251438
-15.4661801820579, 4.94995682248008, -1.03052866867337
-15.4661801820579, 4.64742242350101, -1.57870915876535
-15.4661801820579, 4.38386195204286, -2.14666720639015
-15.4661801820579, 4.15719651419005, -2.73036142053421
-15.4661801820579, 3.96104090221259, -3.32504806925374
-15.4661801820579, 3.79038460196911, -3.92755588325658
-15.4661801820579, 3.639575751935, -4.53536275568355
-15.4661801820579, 3.49754545877364, -5.14529580967216
-15.4661801820579, 3.35355727884996, -5.75476870289364
-15.4661801820579, 3.20164916514802, -6.36230633751818
-15.4661801820579, 3.02203153746455, -6.96205612321888
-15.4661801820579, 2.77921606640743, -7.53894105332237
-15.4661801820579, 2.46398459652858, -8.07939935883888
-15.4661801820579, 2.07421408833307, -8.5689101630427
-15.4661801820579, 1.6219653290421, -9.00156570829854
-15.4661801820579, 1.12202167048018, -9.37821802031355
-15.4661801820579, 0.584326100083257, -9.69854117677749
-15.4661801820579, 0, -9.90000000000001
-13.9195621638521, 5.5397130727927, -3.32577866501671E-15
-13.9195621638521, 5.15167985965363, -0.483574796601063
-13.9195621638522, 4.79505408938083, -0.990709352364158
-13.9195621638521, 4.47608158071312, -1.52230697023866
-13.9195621638521, 4.19753215425652, -2.07616604010948
-13.9195621638521, 3.95756895562103, -2.64783699382292
-13.9195621638521, 3.7496701105669, -3.23198690945823
-13.9195621638521, 3.56733126411397, -3.82462210971707
-13.9195621638521, 3.40633280518888, -4.42343153535156
-13.9195621638521, 3.25696731460497, -5.02526714692763
-13.9195621638521, 3.10915730686033, -5.6274893418032
-13.9195621638521, 2.9582162309262, -6.22893294586429
-13.9195621638522, 2.7970000874322, -6.82766508197464
-13.9195621638521, 2.59169631094789, -7.41250856017179
-13.9195621638522, 2.32158081121972, -7.9701485681979
-13.9195621638521, 1.97537023952513, -8.48398530937416
-13.9195621638522, 1.56042722514014, -8.94419044322381
-13.9195621638521, 1.09006035832477, -9.34765247826654
-13.9195621638521, 0.573372885483564, -9.68958346474325
-13.9195621638521, 0, -9.90000000000001
-12.3729441456464, 5.3554831493389, -2.40776232029292E-15
-12.3729441456464, 4.95694383989746, -0.466251198489314
-12.3729441456464, 4.58959846375918, -0.957400464097834
-12.3729441456464, 4.26043425415506, -1.4748817029414
-12.3729441456464, 3.97278692131998, -2.01655026256415
-12.3729441456463, 3.72485325763301, -2.5775496752834
-12.3729441456464, 3.50985789493501, -3.15203914432994
-12.3729441456464, 3.31955373483018, -3.73518764691472
-12.3729441456464, 3.15070120013239, -4.32492414012291
-12.3729441456464, 2.99534356693087, -4.91837799068599
-12.3729441456463, 2.8439777757364, -5.51286824730251
-12.3729441456464, 2.69473554138946, -6.10789445622436
-12.3729441456464, 2.54952969482001, -6.70391777951727
-12.3729441456464, 2.38743991134421, -7.29541821193416
-12.3729441456464, 2.16660092124409, -7.86730949032494
-12.3729441456464, 1.86696219067049, -8.40200051632579
-12.3729441456464, 1.492255691619, -8.88705867846093
-12.3729441456464, 1.05425902299759, -9.31588604591612
-12.3729441456464, 0.561007971679974, -9.67950222875634
-12.3729441456464, 0, -9.90000000000001
-10.8263261274406, 5.08004260882364, -1.64458664594144E-15
-10.8263261274406, 4.68149823085678, -0.456063100044376
-10.8263261274406, 4.31384715186257, -0.937319711118247
-10.8263261274406, 3.9843559412684, -1.44542839480899
-10.8263261274406, 3.69646141468204, -1.97822008738526
-10.8263261274406, 3.44810829236865, -2.53059704205196
-10.8263261274406, 3.23224480730923, -3.09652326044166
-10.8263261274406, 3.03941168163809, -3.67072445525352
-10.8263261274406, 2.86687812306546, -4.2513614177435
-10.8263261274406, 2.70849003338979, -4.83603241244267
-10.8263261274406, 2.55646830972982, -5.42239790336012
-10.8263261274406, 2.41012546089132, -6.01020250097599
-10.8263261274406, 2.2786110595811, -6.60146552014316
-10.8263261274406, 2.16909685145864, -7.19714385022446
-10.8263261274406, 2.0030833719414, -7.77926614387579
-10.8263261274406, 1.75186319894516, -8.3298048815876
-10.8263261274406, 1.41874568849898, -8.83501973495467
-10.8263261274406, 1.01483025951575, -9.28569278704271
-10.8263261274406, 0.547022272509695, -9.66923792737233
-10.8263261274406, 4.44089209850063E-16, -9.9
-9.27970810923477, 4.68556253790257, -1.24430704363626E-15
-9.27970810923477, 4.30159483875016, -0.456451269379775
-9.27970810923477, 3.94816345794723, -0.936882579144424
-9.27970810923476, 3.63198907913769, -1.44258168376852
-9.27970810923476, 3.35577426150384, -1.9711826502611
-9.27970810923476, 3.116775084996, -2.51766386972037
-9.27970810923476, 2.907664541459, -3.07632066552114
-9.27970810923476, 2.71900242187754, -3.64222841414756
-9.27970810923476, 2.54850892363674, -4.21388119172133
-9.27970810923476, 2.39161384481779, -4.78942751325171
-9.27970810923476, 2.24229569919188, -5.36699185819516
-9.27970810923477, 2.10234812742893, -5.94688612014502
-9.27970810923476, 1.98924756874653, -6.53245444629045
-9.27970810923476, 1.94359665926485, -7.1270896363917
-9.27970810923476, 1.83899230707908, -7.71378380672485
-9.27970810923476, 1.63575000994961, -8.27386527008869
-9.27970810923476, 1.34308328160352, -8.7929355368417
-9.27970810923476, 0.973145820718911, -9.26013312183016
-9.27970810923476, 0.53163184079758, -9.65992037033215
-9.27970810923476, 0, -9.90000000000001
-7.58271046630964, 4.10350976898869, -1.29313320235449E-15
-7.69922556077238, 3.785540597463, -0.484602181389967
-7.80691258265636, 3.49166319650989, -0.986120934376345
-7.90368798513818, 3.22756355608906, -1.50606621872206
-7.98881891469608, 2.99524163018277, -2.04295309710599
-8.06333418034088, 2.79188980360314, -2.5930435900954
-8.12970131643295, 2.61077418612001, -3.15191890911569
-8.19035754559741, 2.44524360809292, -3.71625568102761
-8.24575052658406, 2.29407641079648, -4.28515153575836
-8.29716545369355, 2.15376530473387, -4.85720202188965
-8.34610009640336, 2.02022288370171, -5.43108931157287
-8.39070915733114, 1.89848495600099, -6.00792375266953
-8.42146495479891, 1.81455252230621, -6.59195351947288
-8.42103444034174, 1.8157273943338, -7.18298200355918
-8.45058916657684, 1.73507267865961, -7.76705951819866
-8.51878637539232, 1.54896280090163, -8.32319681851269
-8.61975450737929, 1.27342122041858, -8.83564524595986
-8.74847173220084, 0.922152489733362, -9.29257883429481
-8.90256914300318, 0.501621345052007, -9.67697980193769
-9.08638085695904, 0, -9.90000000000001
-6.42613656792193, 3.62519620764791, -1.52501906417322E-15
-6.60486113760068, 3.36858892474998, -0.50783829791347
-6.77263817179771, 3.12769977920409, -1.02695667541109
-6.92579455021621, 2.90780252503754, -1.55970829233562
-7.06271706865196, 2.71121335161559, -2.10582525898887
-7.18473015389304, 2.53603068737427, -2.66268063822052
-7.29558955172269, 2.3768621471344, -3.22666001795156
-7.39815263570119, 2.22960520113833, -3.79542532873767
-7.49281027686063, 2.09369864868665, -4.36837597702695
-7.58148602330896, 1.96638071810804, -4.94425635196569
-7.66575109638958, 1.84539549774757, -5.5221571167537
-7.73970174451615, 1.73921941396454, -6.10431269263157
-7.77340013705601, 1.69083629035022, -6.69623017148512
-7.75191621852239, 1.72168224494293, -7.29070879522421
-7.80718990944169, 1.64232196634197, -7.87777921337608
-7.93733170920267, 1.45546834186194, -8.42791413037738
-8.12542101328727, 1.18541545909341, -8.92438352442185
-8.35994994781293, 0.84868597216417, -9.35619189085383
-8.63461851266756, 0.45432522897422, -9.7076128166056
-8.95105178036604, 0, -9.90000000000001
-5.57951774535716, 3.23620495841588, -1.75071792257239E-15
-5.78856629239644, 3.02715641137659, -0.528685645749524
-5.98817712151772, 2.82754558225531, -1.06459792267458
-6.17349597288558, 2.64222673088745, -1.61065777220805
-6.34198152915537, 2.47374117461766, -2.1675157304737
-6.49484561710506, 2.32087708666797, -2.73333282521008
-6.63635182623469, 2.17937087753834, -3.30504896277136
-6.76867533039318, 2.04704737337984, -3.88114451309533
-6.89202762875147, 1.92369507502156, -4.46121173144137
-7.00868564060355, 1.80703706316948, -5.0440487661012
-7.11865852449549, 1.69706417927753, -5.62946544279268
-7.20948858982244, 1.60623411395059, -6.22127766281385
-7.20943453289821, 1.60628817087483, -6.82227685806032
-7.17145516696948, 1.64426753680355, -7.42319602467608
-7.26179498564464, 1.55392771812839, -8.01305108422638
-7.4554797792811, 1.36024292449193, -8.55193763241587
-7.72193711109011, 1.09378559268292, -9.02514649096638
-8.04333287830889, 0.772389825464139, -9.42454333559859
-8.40903966506654, 0.406683038706487, -9.73803783707373
-8.81572270377303, 0, -9.90000000000001
-4.8380340611625, 2.86977774761785, -5.51444347180026E-15
-5.06284526597067, 2.7018709752586, -0.551830438444049
-5.28152608025682, 2.53854286296541, -1.10747503986664
-5.48829282800249, 2.38411311701562, -1.67016293467134
-5.67966347460117, 2.24118239600417, -2.24126919468888
-5.85669103405152, 2.10896422586757, -2.81954868486105
-6.02374551154483, 1.98419474141062, -3.40244363923039
-6.18163087711539, 1.86627347428191, -3.98930386596026
-6.33040305809121, 1.7551586535335, -4.57986472257303
-6.47251982350947, 1.64901462303521, -5.1729787539387
-6.60370218163969, 1.55103727193781, -5.76996685821232
-6.69737757575026, 1.4810730853751, -6.37731765469139
-6.61528684488325, 1.54238493000604, -6.98103436819681
-6.58403259872257, 1.56572807075313, -7.59450789953963
-6.73286056074967, 1.4545715883078, -8.18205336315476
-7.00333601043064, 1.25255914948342, -8.69929268688343
-7.35214860488448, 0.992038340732038, -9.13815136107126
-7.75566081852892, 0.69066353399862, -9.49709755366252
-8.2009395339167, 0.358094203369278, -9.76808887728258
-8.68039362718002, 0, -9.90000000000001
-4.14137424265959, 2.50430491790671, -2.37339745541017E-15
-4.37184422381561, 2.37324049991167, -0.580112885219138
-4.60079243905002, 2.24304148470723, -1.1610202313164
-4.82174059149729, 2.11739197121169, -1.74600103066918
-5.03018188688008, 1.99885489784342, -2.3370217436449
-5.22738649011415, 1.8867079430896, -2.9331323262297
-5.41717141688365, 1.77878043406432, -3.53242514242701
-5.59865746456181, 1.67557235857506, -4.13510774708113
-5.77177907295918, 1.57712099960348, -4.7410406746045
-5.93835244069933, 1.482393515413, -5.34939570013428
-6.08431370653894, 1.39938778832815, -5.96460753342981
-6.13683706253363, 1.36951863552109, -6.5956641680077
-5.93754026251401, 1.48285538754331, -7.18834556837561
-5.95754446715488, 1.4714793314272, -7.81986262101163
-6.19840508708992, 1.33450593119795, -8.39128559689283
-6.56254745183946, 1.12742426761711, -8.87064752717376
-6.99971617048774, 0.87881373973893, -9.26161465441153
-7.48371531540588, 0.603571532833694, -9.57162444621813
-8.00183678071127, 0.308924533860691, -9.79726091458899
-8.54506455058701, 0, -9.90000000000001
-3.45944577365096, 2.12724356343168, -6.08494391740628E-15
-3.68766199197379, 2.02917425620218, -0.616651453539366
-3.91888535138867, 1.92981271722068, -1.23197764674927
-4.14723310439798, 1.8316868867709, -1.84857153922173
-4.36791431069842, 1.73685553263007, -2.46846022634041
-4.58238647875972, 1.64469233276481, -3.09093059586378
-4.79296197387655, 1.55420361519084, -3.71497391692007
-4.99715492222758, 1.46645761215433, -4.34152272724613
-5.19496282324661, 1.38145539820118, -4.97049586687257
-5.3827785636298, 1.30074702575712, -5.60304147860554
-5.52155042155573, 1.24111384074616, -6.24977869506324
-5.3568424662936, 1.31189231208554, -6.86396101691523
-5.14163255938945, 1.40437253384243, -7.47383669922185
-5.28620840638109, 1.34224525270183, -8.11087328188504
-5.65373043754958, 1.18431330880603, -8.6388173106055
-6.12426945374807, 0.982112800524194, -9.06109246260589
-6.65361626104627, 0.754641347980683, -9.39171765300814
-7.21789484784031, 0.512158975351714, -9.64499852385437
-7.80558088232425, 0.259617930311861, -9.82506754516546
-8.409735473994, 0, -9.90000000000001
-2.77100377327677, 1.72884844538493, -2.65979734971003E-15
-2.98948621803041, 1.66021399125641, -0.66670193867548
-3.21458385862723, 1.58950142803239, -1.33099039525064
-3.44233857009454, 1.51795416795672, -1.99428402494889
-3.67110919707775, 1.44608776641888, -2.65719351102815
-3.90023659527313, 1.37410928815368, -3.31996727574975
-4.12943721953443, 1.30210780652513, -3.98271321825005
-4.35618825122109, 1.23087584415652, -4.64638395169974
-4.57950000062771, 1.16072430388842, -5.31132879663415
-4.76828086793416, 1.10142035481326, -5.9876054409599
-4.71811405132636, 1.11717984559123, -6.66760864194114
-4.27116730835512, 1.25758447060785, -7.18748689776615
-4.21814824734303, 1.27423997038988, -7.8718438873326
-4.575102092812, 1.16210587027734, -8.46292282821319
-5.08884027649432, 1.00071926623337, -8.91577308211938
-5.67479802975293, 0.816645481345864, -9.26029255307619
-6.29854127041828, 0.620701697909657, -9.52294154172421
-6.94536604215496, 0.417507042270343, -9.71500152863227
-7.60511206271801, 0.210253283114239, -9.85110501445473
-8.274406397401, 0, -9.90000000000001
-2.05748997399512, 1.29908538381131, -6.31403128146115E-15
-2.25224111211104, 1.25748467291474, -0.739898285148846
-2.46160747667947, 1.21276200947801, -1.4756219784091
-2.6816861912068, 1.16575108535139, -2.20807260059043
-2.91088989361729, 1.11679097629813, -2.93759142795926
-3.14994442148936, 1.0657266364502, -3.66379833084052
-3.39483291624698, 1.01341610532383, -4.38797311531784
-3.64284582108921, 0.960438170238189, -5.11103572841654
-3.86788034440178, 0.912368637825486, -5.84167120193094
-3.83350640141534, 0.919711241716729, -6.58042137484456
-3.22371552753984, 1.04996842068306, -7.01830243263707
-2.91443879029198, 1.1160328979321, -7.6892060589308
-3.2380695007682, 1.04690227433718, -8.36399547518626
-3.8139642520371, 0.923885632246341, -8.8511513338166
-4.47736272295514, 0.782177356418641, -9.20534673130332
-5.18247211394535, 0.631559228027619, -9.46356828667645
-5.90908457067969, 0.47634783856472, -9.64982717459299
-6.64722958152833, 0.318672984938021, -9.78119399008362
-7.39085116122474, 0.159828283681441, -9.87513348564458
-8.13907732080799, 0, -9.90000000000001
-1.30162012181471, 0.825779571702098, -2.83761113453572E-15
-1.44859510923204, 0.807670556185853, -0.835712899035019
-1.6164176896949, 0.786992876486868, -1.6674339068662
-1.80423420086012, 0.763851713662745, -2.49480383943662
-2.0132217790279, 0.738102030929338, -3.31699742305001
-2.24220204597685, 0.709889018089825, -4.13377981342196
-2.48532466573551, 0.679933504087597, -4.94641058110106
-2.714477817178, 0.651699189882527, -5.76290650783427
-2.58990104814206, 0.667048486269852, -6.55764566170787
-1.83385593865039, 0.760201973535611, -6.92416263600662
-1.35970263967717, 0.818623134843851, -7.59163557675353
-1.61168609176692, 0.787575863985625, -8.37699699830772
-2.24440149274241, 0.709618020852102, -8.93104345252752
-3.00704401193358, 0.615651656533487, -9.28794314091005
-3.81644741625065, 0.515923811236523, -9.52135162486995
-4.64496484988425, 0.413840896825055, -9.67342093331951
-5.48132548537859, 0.310791609381761, -9.77420037680249
-6.3205921183886, 0.207384269490046, -9.84689264981059
-7.16139933972303, 0.103787111328152, -9.89859806769327
-8.00374824421499, 0, -9.90000000000001
-0.491548401503247, 0.293558422602531, -2.88303897485064E-15
-0.544955646843925, 0.291433111316102, -0.903053056932618
-0.610727116391162, 0.288815772682326, -1.80528458093625
-0.69319683944891, 0.285533936442969, -2.70613263219289
-0.798268185452842, 0.281352681332021, -3.60461156171125
-0.924631009462808, 0.27632414383041, -4.5003524833629
-1.0610108415675, 0.270896985126298, -5.39458859236774
-1.02017242239605, 0.272522127045364, -6.289529436916
-0.336615503798291, 0.299723890115992, -6.85663484304955
-0.158594770378601, 0.306808125064671, -7.73292231955385
-0.229028603959114, 0.304005250276799, -8.63242715469133
-0.70499038062462, 0.285064619105821, -9.37255533120355
-1.55038642814066, 0.251422558935396, -9.67544089083643
-2.44740254815296, 0.215726307016589, -9.7836570287946
-3.34973774210325, 0.179818385542432, -9.83654242535822
-4.25308490717457, 0.143870193246754, -9.86858385655185
-5.15674885892797, 0.107909394603256, -9.8901611953783
-6.06057247962725, 0.0719422420238723, -9.90000000000001
-6.96449582362461, 0.0359711210119362, -9.90000000000001
-7.86841916762198, 0, -9.90000000000001
