-77.2922354598346, 1.95126835621084, -2.66446105763932E-15
-77.2922354598381, 2.35675883747149, -0.547505148832146
-77.2922354598402, 2.74898674458736, -1.10458345827977
-77.2922354598409, 3.12601023266182, -1.67205665786599
-77.2922354598404, 3.48574875085854, -2.25063546657627
-77.2922354598392, 3.82621323145303, -2.84075658435447
-77.2922354598378, 4.14593550376629, -3.44236573446392
-77.2922354598363, 4.44394709721251, -4.05501771357972
-77.2922354598349, 4.71927227605414, -4.67819234692817
-77.2922354598334, 4.97079998499285, -5.31134198629548
-77.2922354598319, 5.19222684732495, -5.95558127544653
-77.2922354598298, 5.32385275115848, -6.61938451684113
-77.2922354598284, 4.74024225192561, -6.88230391184153
-77.292235459828, 4.06764659306786, -6.99096199511187
-77.2922354598274, 3.39377479021319, -7.09145124561946
-77.2922354598272, 2.71833415472904, -7.18068787555058
-77.2922354598271, 2.04109383839266, -7.25505349369534
-77.292235459827, 1.36203019159378, -7.31002578745934
-77.2922354598269, 0.68115645871541, -7.3328049888719
-77.2922354598346, 4.44089209850063E-16, -7.33750222026692
-75.7842828920839, 2.15159981403726, -2.57010353983386E-15
-75.7842828923535, 2.54414926398211, -0.556656720550859
-75.7842828922538, 2.92315621217013, -1.12261624803413
-75.7842828922527, 3.28671848095783, -1.69861344512309
-75.7842828930756, 3.63284301773026, -2.28524909087569
-75.7842828955384, 3.95970127410186, -2.88282914969391
-75.7842828935969, 4.26601494349772, -3.49119376799288
-75.7842828923207, 4.55074886916019, -4.10994945414226
-75.7842828929529, 4.81251174419799, -4.73876285164026
-75.7842828928336, 5.04886879119578, -5.37754594538935
-75.7842828922796, 5.25014750291542, -6.02814858045909
-75.7842828923932, 5.32952822931576, -6.69655528336315
-75.7842828921924, 4.74010693476055, -6.97393737823252
-75.7842828921708, 4.06839123913137, -7.08646718862759
-75.7842828922007, 3.39277059053808, -7.17311125697005
-75.7842828922236, 2.71520489449875, -7.24263362848341
-75.7842828920946, 2.03560757555564, -7.2882794072127
-75.784282892157, 1.35474041991385, -7.30508964352381
-75.7842828920824, 0.674383303303213, -7.27512486646075
-75.7842828920839, 4.44089209850063E-16, -7.29021166714873
-74.2376648738781, 2.34974861086228, -2.3795854846108E-15
-74.2376648739843, 2.72950671999768, -0.56577586150576
-74.2376648747317, 3.09546384000378, -1.14057007072451
-74.2376648767662, 3.44570567197112, -1.72506787109944
-74.2376648807263, 3.77835472328798, -2.31974896039619
-74.2376648856036, 4.09162654634003, -2.92485726248395
-74.2376648787762, 4.38418434001481, -3.54024549227998
-74.2376648745651, 4.65494402767121, -4.16552744195738
-74.2376648776916, 4.90215028577774, -4.80048306015513
-74.237664875935, 5.12212720374185, -5.44535496467239
-74.2376648755019, 5.30167112388155, -6.10250511270212
-74.2376648743676, 5.32939296460919, -6.77257283728128
-74.2376648742829, 4.74071037312596, -7.06686599951474
-74.2376648741911, 4.07032518486476, -7.18812910930163
-74.2376648742857, 3.39379216091893, -7.26895077849716
-74.2376648743764, 2.71435875689174, -7.32037869727136
-74.2376648739104, 2.03343279546886, -7.34539591839218
-74.2376648741104, 1.3521159754366, -7.34058741852335
-74.2376648738923, 0.672657503162372, -7.29053047978099
-74.2376648738781, 0, -7.32495474789587
-72.6910468556723, 2.54088541784003, -2.20852905281679E-15
-72.6910468556723, 2.90826259640432, -0.574666802309721
-72.6910468556723, 3.26164719530986, -1.15803774591456
-72.6910468556724, 3.59908970336605, -1.75076770793651
-72.6910468556724, 3.91865750729017, -2.35331761900541
-72.6910468556742, 4.21848485389162, -2.96592467272634
-72.6910468562704, 4.49716508242637, -3.5884347057135
-72.6910468594494, 4.75362230636558, -4.22042038402602
-72.6910468674776, 4.98567036157037, -4.8617612029648
-72.6910468586435, 5.18860805402138, -5.5128666006191
-72.6910468615463, 5.34556711144219, -6.17637853144352
-72.6910468560317, 5.32645273522191, -6.84607860650506
-72.6910468565236, 4.74200140493861, -7.15833195432986
-72.6910468563074, 4.0731993241187, -7.29117460265356
-72.6910468564702, 3.39626718730466, -7.37235060857949
-72.6910468566632, 2.71536507822664, -7.41165353300708
-72.6910468557255, 2.03347923483405, -7.42643127326595
-72.6910468560809, 1.35153006321756, -7.4165681287963
-72.6910468557629, 0.670797099948193, -7.37453684765558
-72.6910468556723, 4.44089209850063E-16, -7.44852666825185
-71.1444288374665, 2.72575832506074, -2.13537384470215E-15
-71.1444288374665, 3.08138647405986, -0.583753673047316
-71.1444288374665, 3.4228050498069, -1.17592526233088
-71.1444288374665, 3.74798839285591, -1.77716008589823
-71.1444288374665, 4.0548867617387, -2.387925235644
-71.1444288374665, 4.34146649216969, -3.00847801052536
-71.1444288374665, 4.60621530223592, -3.63865199162786
-71.1444288374665, 4.84801060389234, -4.27798004289818
-71.1444288374665, 5.06443382771834, -4.92632602498034
-71.1444288387906, 5.24975782832686, -5.58419328198259
-71.1444288472369, 5.38311654971836, -6.25428364346719
-71.1444288376173, 5.31967931921961, -6.92227431482277
-71.1444288388335, 4.73831394685664, -7.24967079718241
-71.1444288384474, 4.07061156232692, -7.39490406153664
-71.1444288386633, 3.39294475878415, -7.48003966245633
-71.144428839046, 2.71032674942929, -7.51544401715075
-71.1444288375299, 2.02694828067024, -7.53058011041546
-71.1444288380075, 1.34340634348393, -7.52904694379041
-71.1444288377879, 0.660022092652222, -7.51354705662869
-71.1444288374665, 4.44089209850063E-16, -7.65777135639087
-69.5978108192607, 2.90456773715896, -2.16972291327164E-15
-69.5978108192607, 3.24928377853831, -0.593448162353624
-69.5978108192607, 3.57948286765374, -1.19508955636476
-69.5978108192607, 3.8930235297168, -1.80557227751009
-69.5978108192608, 4.18768832927558, -2.42538015680848
-69.5978108192607, 4.46121342427761, -3.05479664330934
-69.5978108192608, 4.71197725648947, -3.6936206556952
-69.5978108192608, 4.9388412809098, -4.34131269823607
-69.5978108192607, 5.13924681368767, -4.99766218755844
-69.5978108192607, 5.30636171455537, -5.66320945065841
-69.5978108193527, 5.41480147484622, -6.34046864073682
-69.5978108196391, 5.30666301690519, -7.00537077433951
-69.5978108210529, 4.72435915548077, -7.34256296074889
-69.5978108204837, 4.05655939127536, -7.49966464587245
-69.597810820739, 3.37705166593897, -7.59040506120418
-69.5978108213825, 2.69189380129839, -7.62997948647814
-69.5978108193178, 2.00602954991542, -7.6546848032835
-69.5978108198267, 1.31992428262468, -7.67163440262338
-69.597810819776, 0.634119009398325, -7.69571510726217
-69.5978108192608, 0, -7.9320678161802
-68.051192801055, 3.07655446129507, -2.26455716275599E-15
-68.051192801055, 3.41124670048581, -0.603653210657946
-68.051192801055, 3.73095890424473, -1.21536695277245
-68.051192801055, 4.03340205207281, -1.83579430936784
-68.0511928010549, 4.31615949521765, -2.46543027649342
-68.0511928010549, 4.57671219363736, -3.10456717617683
-68.0511928010549, 4.81337621770218, -3.75292797244141
-68.051192801055, 5.02504792222296, -4.40986804084561
-68.051192801055, 5.20915230531498, -5.07504831276117
-68.051192801055, 5.35758227736268, -5.74901157539629
-68.051192801527, 5.43953069648577, -6.43379022470752
-68.0511928028787, 5.28748160069387, -7.0940874640798
-68.0511928030563, 4.70095903484048, -7.436895462837
-68.051192802329, 4.03187115496659, -7.60520727323792
-68.0511928026362, 3.34950680603728, -7.70328788171973
-68.0511928034567, 2.66108392443665, -7.75329154229724
-68.0511928011051, 1.97206453087503, -7.79437453289066
-68.0511928015154, 1.28316158304649, -7.83731175793106
-68.0511928013742, 0.597668411601554, -7.91309892953013
-68.051192801055, 0, -8.23726897263436
-66.5045747828492, 3.240878557959, -2.38238260903025E-15
-66.5045747828492, 3.56636391697762, -0.613957402768723
-66.5045747828492, 3.87619584355174, -1.23595539500542
-66.5045747828491, 4.16791854574162, -1.86664284562618
-66.5045747828491, 4.43890882956416, -2.50650469484754
-66.5045747828491, 4.68641290958746, -3.1558041791775
-66.5045747828491, 4.90877209611157, -3.81413784077897
-66.5045747828491, 5.10499869471061, -4.48072298812737
-66.5045747828491, 5.27268312184697, -5.15504260688223
-66.5045747828491, 5.40227930011343, -5.83761056388114
-66.5045747841844, 5.45683486394208, -6.52959697774986
-66.5045747875775, 5.26456142237066, -7.1843677488179
-66.5045747848401, 4.67265422424309, -7.53116221598018
-66.5045747840135, 4.00159052564124, -7.7104154083673
-66.5045747843951, 3.3159893029517, -7.81855666359524
-66.5045747853171, 2.62415943626859, -7.8839377885698
-66.5045747829257, 1.93204897758557, -7.94630017385096
-66.5045747831218, 1.2411029044022, -8.0201864349408
-66.5045747830328, 0.561864929092073, -8.15718910761415
-66.5045747828492, 0, -8.54728481036576
-64.9579567646434, 3.39662754524499, -2.49362632173498E-15
-64.9579567646434, 3.71364262294173, -0.623801833245779
-64.9579567646434, 4.01406778174837, -1.25575444684478
-64.9579567646434, 4.2952781699029, -1.89648105779344
-64.9579567646434, 4.55446777467978, -2.54641915919296
-64.9579567646434, 4.78872352764303, -3.20574578991509
-64.9579567646434, 4.99652954499897, -3.87388035168502
-64.9579567646434, 5.17713727085768, -4.54987089709846
-64.9579567646434, 5.32855977055155, -5.2329812684307
-64.9579567646434, 5.43976712069542, -5.92366090079965
-64.9579567672443, 5.46755035034294, -6.62185621314191
-64.9579567714461, 5.2418619400621, -7.2713692994414
-64.9579567664836, 4.64549872165707, -7.62293665488573
-64.9579567656382, 3.97253159413256, -7.81349404083217
-64.9579567660949, 3.28422080363109, -7.93545131331469
-64.9579567670044, 2.58959828003113, -8.02001428523987
-64.9579567647914, 1.89521531271926, -8.10648658492964
-64.9579567647354, 1.20365892031322, -8.21281434605127
-64.9579567649196, 0.536140219843904, -8.40956273976992
-64.9579567646434, 0, -8.84119525939538
-63.4113387464376, 3.54307304327688, -2.57505599221321E-15
-63.4113387464376, 3.85227213174148, -0.632638551934902
-63.4113387464376, 4.14364177753132, -1.27367709376178
-63.4113387464376, 4.41440540358879, -1.92367958568724
-63.4113387464376, 4.66163392099234, -2.58298387307736
-63.4113387464376, 4.88238757685502, -3.25160999508077
-63.4113387464376, 5.07542693882575, -3.92875844863265
-63.4113387464376, 5.24041152983464, -4.61328197504481
-63.4113387464376, 5.37610749645942, -5.3042003922249
-63.4113387464376, 5.47015731934428, -6.00187058389194
-63.4113387502078, 5.47374624481364, -6.70484755809687
-63.4113387518227, 5.22363550529439, -7.35071294811507
-63.4113387480672, 4.62530784457698, -7.70947582086919
-63.4113387472728, 3.95130660079555, -7.91227564005409
-63.4113387477912, 3.26172231472375, -8.05211176972585
-63.4113387485775, 2.56562806908667, -8.15848994663408
-63.4113387466582, 1.8702656889788, -8.26949443853967
-63.4113387464243, 1.17945631564946, -8.40550967145722
-63.411338746873, 0.523384459905385, -8.64812918245582
-63.4113387464376, -4.44089209850063E-16, -9.10199086695042
-61.8547207282318, 3.6828012870687, -2.62542931633765E-15
-61.8547207282318, 3.98432332274274, -0.64053299658769
-61.8547207282318, 4.26654763368251, -1.28979217277255
-61.8547207282318, 4.52657840108754, -1.9482453281384
-61.8547207282318, 4.76144263728507, -2.61607971668661
-61.8547207282318, 4.96832344824432, -3.29309872061276
-61.8547207282318, 5.14637340276186, -3.97826701553369
-61.8547207282318, 5.29583322361879, -4.67023632098767
-61.8547207282318, 5.41651293745145, -5.36779615311373
-61.8547207282318, 5.49488148344117, -6.07121165083733
-61.8547207325772, 5.47748650459962, -6.77766585210906
-61.8547207323869, 5.21102051364578, -7.42187188329589
-61.8547207296276, 4.61333895990295, -7.7902186420041
-61.85472072892, 3.9394696993156, -8.00623978343168
-61.8547207294924, 3.25025597379373, -8.16646194258601
-61.8547207300874, 2.55425875345815, -8.29614727750313
-61.8547207284729, 1.85922366165772, -8.43084147360032
-61.8547207281891, 1.16996237715307, -8.592016007776
-61.8547207287337, 0.521259914574519, -8.86444212588566
-61.8547207282318, 0, -9.32712593321884
-57.998175682718, 4.01348172098361, -2.66422133374417E-15
-57.9981756827176, 4.29204685702445, -0.657729895208287
-57.9981756827174, 4.54784874080183, -1.32463366357058
-57.9981756827173, 4.77794426374253, -2.0008282962756
-57.9981756827173, 4.97964313736548, -2.68602139768973
-57.9981756828803, 5.1509715018617, -3.37942992170371
-57.9981756850107, 5.29228005901817, -4.07957913052673
-57.9981756918407, 5.40557676782727, -4.78481326075014
-57.9981756866422, 5.49332655931827, -5.49367979613635
-57.998175686654, 5.53917252295648, -6.20628852625235
-57.9981756841567, 5.48255539818528, -6.91703538067837
-57.9981756844505, 5.19999096099669, -7.5636955898168
-57.9981756834491, 4.61300496297795, -7.96170587274903
-57.9981756830602, 3.94435068694936, -8.21194804451463
-57.998175683588, 3.26069963749447, -8.4187121808655
-57.998175683686, 2.57072010851649, -8.6035849386285
-57.998175682801, 1.88080519062587, -8.78869509405363
-57.9981756827049, 1.19602560798771, -8.99168833323759
-57.9981756829718, 0.547614934132739, -9.28611104156142
-57.9981756827173, 0, -9.72899608984515
-54.1316306372028, 4.35284923876577, -2.68743286760664E-15
-54.1316306367531, 4.5919956005004, -0.674668138501597
-54.1316306370127, 4.80803670585393, -1.35707902543515
-54.1316306363759, 4.99852833907581, -2.04705142263124
-54.1316306324103, 5.16149094645251, -2.74403488864348
-54.1316306340406, 5.29618335473261, -3.4470309485414
-54.1316306367054, 5.4039708839354, -4.15465915525075
-54.1316306350913, 5.48729825482204, -4.86559186690086
-54.1316306362029, 5.54882008691468, -5.57873904903289
-54.1316306340912, 5.56790709283165, -6.29404890596792
-54.1316306354805, 5.48448346047182, -7.00386589174471
-54.1316306356632, 5.20751307255473, -7.65729241398456
-54.1316306366316, 4.64270866366176, -8.08871356129181
-54.1316306369231, 3.98547076567893, -8.37111583664444
-54.1316306367998, 3.30901854253983, -8.6051485743017
-54.131630636855, 2.62715591305851, -8.82303080524391
-54.1316306370548, 1.94415530184479, -9.03732679036797
-54.1316306371193, 1.26316444340468, -9.25785079793932
-54.1316306370843, 0.603233316074358, -9.53328321362501
-54.1316306372028, 0, -9.89938166671812
-50.2650855916933, 4.69218529544632, -3.00760572789357E-15
-50.2650855916905, 4.87454023006277, -0.690834028984959
-50.265085591689, 5.03758964375904, -1.38647363063413
-50.2650855916884, 5.17990289170021, -2.08664715274412
-50.2650855916883, 5.30068263978409, -2.79085381828625
-50.2650855916883, 5.40005657105515, -3.49840116336772
-50.2650855916883, 5.4792560095691, -4.20849310464947
-50.2650855916883, 5.5397855599812, -4.92042339396685
-50.2650855916883, 5.58133856614695, -5.63369616823413
-50.2650855916883, 5.57909038340464, -6.34793449666735
-50.2650855916883, 5.47855164138031, -7.05442839935817
-50.2650855916883, 5.21321315949919, -7.71316794704611
-50.2650855916882, 4.67393385440011, -8.17368971401299
-50.2650855820125, 4.03016787512366, -8.48217248024921
-50.2650855880046, 3.36052824848912, -8.73119994605885
-50.2650855886043, 2.6833530243098, -8.95914472451377
-50.2650855890033, 2.00408615656495, -9.18079810119185
-50.2650855899216, 1.3249632153507, -9.40288370759446
-50.2650855906211, 0.654152240223354, -9.64853489322467
-50.2650855916883, 4.44089209850063E-16, -9.90713596797998
-46.3985405461738, 4.98899482108541, -3.70162054872846E-15
-46.3985405461738, 5.10812335684549, -0.702651554076713
-46.3985405461738, 5.21387639941802, -1.40743933115675
-46.3985405461738, 5.30600136032614, -2.11413779840628
-46.3985405461738, 5.38495013434203, -2.82243064645208
-46.3985405461738, 5.45175414280306, -3.53197369707005
-46.3985405461738, 5.50705451378546, -4.24250594814894
-46.3985405461738, 5.55034636999149, -4.95386933398288
-46.3985405461738, 5.57771280703396, -5.66599995240815
-46.3985405461738, 5.56299736815782, -6.3782835477248
-46.3985405461738, 5.45714749118459, -7.08231006591259
-46.3985405461738, 5.20093586550245, -7.74342622472432
-46.3985405461738, 4.6804671451913, -8.22249641330779
-46.3985405461738, 4.04794415680135, -8.54908585973686
-46.3985405461738, 3.3835231069446, -8.80661707477964
-46.3985405461738, 2.70976046487853, -9.03887984130905
-46.3985405461738, 2.03274023249952, -9.26151467878119
-46.3985405461738, 1.35471737673829, -9.48108314643546
-46.3985405461738, 0.677938512080075, -9.70443721337698
-46.3985405461738, 0, -9.90008999528668
-42.5319955006584, 5.22526475236984, -2.94739427755989E-15
-42.5319955006589, 5.28214964957123, -0.707305327394958
-42.5319955006592, 5.33152853025049, -1.415174804995
-42.5319955006593, 5.37472348609984, -2.12344989094394
-42.5319955006593, 5.41409803018344, -2.8319488601477
-42.5319955006593, 5.45199715469372, -3.54052868081199
-42.5319955006593, 5.48785116883624, -4.24921437571892
-42.5319955006593, 5.51893867267351, -4.95812269702336
-42.5319955006594, 5.53683227677709, -5.66746125102375
-42.5319955006594, 5.51668161173005, -6.37656886845826
-42.5319955006593, 5.41296090688352, -7.0778096221018
-42.5319955006594, 5.15979422275281, -7.73726924559915
-42.5319955006594, 4.65845602977159, -8.23226765311698
-42.5319955006594, 4.03849122667667, -8.57548483779157
-42.5319955006593, 3.38034531443154, -8.84039484535961
-42.5319955006594, 2.71104756057589, -9.0760381617855
-42.5319955006593, 2.03718403964119, -9.2983502709296
-42.5319955006593, 1.36118486803013, -9.51409173197777
-42.5319955006593, 0.68363488772232, -9.72491258199623
-42.5319955006593, 0, -9.90000000000001
-38.6654504551449, 5.42226427550184, -3.02964236426406E-15
-38.6654504551449, 5.41573257720678, -0.703743521661625
-38.6654504551449, 5.41070492998417, -1.40749915921766
-38.6654504551448, 5.40850930568793, -2.11126888498788
-38.6654504551448, 5.4104742954006, -2.81503863772893
-38.6654504551449, 5.41817192203098, -3.51876807428874
-38.6654504551449, 5.42994912612031, -4.22244326525885
-38.6654504551448, 5.44168074137062, -4.9261190727491
-38.6654504551449, 5.44655240086035, -5.62986182897388
-38.6654504551449, 5.42095040289979, -6.33302238830345
-38.6654504551449, 5.31762434280855, -7.02847181656956
-38.6654504551449, 5.07112089912901, -7.68485274553711
-38.6654504551449, 4.59582680201028, -8.19748527987759
-38.6654504551449, 3.99650162575978, -8.56451060889738
-38.6654504551449, 3.35076284923277, -8.84382519032719
-38.6654504551449, 2.68991135715515, -9.08572114542932
-38.6654504551448, 2.02265823290956, -9.30945471550397
-38.6654504551448, 1.3520588636706, -9.52296813955271
-38.6654504551449, 0.679180591649921, -9.72919090068157
-38.6654504551449, 0, -9.9
-34.7989054096299, 5.59642597564206, -3.91619725390042E-15
-34.7989054096302, 5.51778047165081, -0.690554231587848
-34.7989054096303, 5.45568413468596, -1.38279286971895
-34.7989054096304, 5.40907829511639, -2.07625060839166
-34.7989054096304, 5.3751090237356, -2.7704474694574
-34.7989054096304, 5.34982746457717, -3.46501922186776
-34.7989054096304, 5.33088083900149, -4.15979366140787
-34.7989054096304, 5.31545718894985, -4.85465684190264
-34.7989054096304, 5.29862255200393, -5.54948423616519
-34.7989054096304, 5.26162544263302, -6.24345030727521
-34.7989054096304, 5.15722109700166, -6.93000862194478
-34.7989054096304, 4.92544626317548, -7.58327899762109
-34.7989054096304, 4.4892704247512, -8.11881792648159
-34.7989054096304, 3.92050248242226, -8.51659657883729
-34.7989054096304, 3.29656197136982, -8.8219169441313
-34.7989054096304, 2.65046249198343, -9.07787961388019
-34.7989054096304, 1.99464194932076, -9.30797033444626
-34.7989054096304, 1.33395295237157, -9.52372737214655
-34.7989054096304, 0.670314840569791, -9.73024996581869
-34.7989054096304, 0, -9.90000000000001
-30.9323603641159, 5.73739546431789, -3.95568654731412E-15
-30.9323603641159, 5.57905623106893, -0.665141822179225
-30.9323603641159, 5.4549954124952, -1.33752140957863
-30.9323603641159, 5.36227509485989, -2.01495921052196
-30.9323603641159, 5.29244099838739, -2.69516633847561
-30.9323603641159, 5.2348268803394, -3.37653375983221
-30.9323603641159, 5.1834997005155, -4.05840471647912
-30.9323603641159, 5.13656168991766, -4.7405932000451
-30.9323603641159, 5.09095169807907, -5.42287202678937
-30.9323603641159, 5.03420142916167, -6.1042830579816
-30.9323603641159, 4.92924144804469, -6.77958799290303
-30.9323603641159, 4.71622948914806, -7.42802586467675
-30.9323603641159, 4.33334367015422, -7.99052960470088
-30.9323603641159, 3.80704991654711, -8.42535041215667
-30.9323603641159, 3.21612151319696, -8.7682093874164
-30.9323603641159, 2.59279832686135, -9.04901602072937
-30.9323603641159, 1.9544565680229, -9.29403456876994
-30.9323603641159, 1.30847401070546, -9.51823731437779
-30.9323603641159, 0.658114544729988, -9.72944244699231
-30.9323603641159, 0, -9.90000000000001
-27.0658153186014, 5.83298777024058, -4.2224016432516E-15
-27.0658153186014, 5.60367027336809, -0.630319387386472
-27.0658153186014, 5.41745731068861, -1.27467881434341
-27.0658153186014, 5.27282631518373, -1.92966338589384
-27.0658153186014, 5.16013620600104, -2.59094565192151
-27.0658153186014, 5.06576529761706, -3.25512408822525
-27.0658153186014, 4.98015440294386, -3.92049228643374
-27.0658153186014, 4.90093438064267, -4.58665390507523
-27.0658153186014, 4.8247349422916, -5.25316923538301
-27.0658153186014, 4.74342822050101, -5.91907073393587
-27.0658153186014, 4.63437438114741, -6.58084067687161
-27.0658153186014, 4.44465065140307, -7.22344001466463
-27.0658153186014, 4.12162495211663, -7.80916129709439
-27.0658153186014, 3.6537644893523, -8.28786369477526
-27.0658153186014, 3.10721422342295, -8.67570378771939
-27.0658153186014, 2.51562590114705, -8.99155977879022
-27.0658153186014, 1.9019785092071, -9.26238884371478
-27.0658153186014, 1.27644143568475, -9.50467848962245
-27.0658153186014, 0.643720808031434, -9.72758322145312
-27.0658153186014, 0, -9.90000000000001
-23.1892702730869, 5.866004419271, -4.93560169059463E-15
-23.1892702730869, 5.58077980430365, -0.590957859828463
-23.1892702730869, 5.33627532152421, -1.19986859528719
-23.1892702730869, 5.1341010909539, -1.82413142166429
-23.1892702730869, 4.96874411145565, -2.45918800066697
-23.1892702730869, 4.8296795769577, -3.10056078979536
-23.1892702730869, 4.70636076069099, -3.74515948565027
-23.1892702730869, 4.59518737932645, -4.3919703722756
-23.1892702730869, 4.4905170698039, -5.03987098457366
-23.1892702730869, 4.38453638779315, -5.68755627385625
-23.1892702730869, 4.26479423978061, -6.33280321253375
-23.1892702730869, 4.09743984071588, -6.96700032020346
-23.1892702730869, 3.83200028327657, -7.56614162914615
-23.1892702730869, 3.4423438833334, -8.09227425135692
-23.1892702730869, 2.95609753661052, -8.53203663293789
-23.1892702730869, 2.41056416716877, -8.89621895344028
-23.1892702730869, 1.83294894080966, -9.20744385281481
-23.1892702730869, 1.23654082678955, -9.48119613400832
-23.1892702730869, 0.627487204571298, -9.72552437373754
-23.1892702730869, 0, -9.90000000000001
-21.6526522548811, 5.85798608227042, -5.13957490545782E-15
-21.6526522548811, 5.55412299846641, -0.574713433615447
-21.6526522548811, 5.28808518607049, -1.16785866137794
-21.6526522548811, 5.06252977740238, -1.77755689601377
-21.6526522548811, 4.87425796717274, -2.39981692255908
-21.6526522548811, 4.71527320082139, -3.03023862039675
-21.6526522548811, 4.57587873061947, -3.66529826517008
-21.6526522548811, 4.45216169911631, -4.30360710455073
-21.6526522548811, 4.33740211262962, -4.94359681145531
-21.6526522548811, 4.22272222344759, -5.58360057590267
-21.6526522548811, 4.09753861987288, -6.22161430018881
-21.6526522548811, 3.93664844560565, -6.85133561539199
-21.6526522548811, 3.6913887829634, -7.45267052045851
-21.6526522548811, 3.33540447815177, -7.99517204061484
-21.6526522548811, 2.87902699705864, -8.45727647120184
-21.6526522548811, 2.35820101360743, -8.8457271656481
-21.6526522548811, 1.79989420098137, -9.17855610300426
-21.6526522548811, 1.21855352917495, -9.46955672345025
-21.6526522548811, 0.620774057231369, -9.72503683882845
-21.6526522548811, 0, -9.90000000000001
-20.1060342366753, 5.83509660754696, -5.2094012047935E-15
-20.1060342366753, 5.51365657661044, -0.557945197440921
-20.1060342366753, 5.22691395635185, -1.1344645975175
-20.1060342366753, 4.97832760298484, -1.72843301421648
-20.1060342366753, 4.76685135118005, -2.33662871000334
-20.1060342366753, 4.58717485196138, -2.95500145179806
-20.1060342366753, 4.43104187663625, -3.57975840262738
-20.1060342366753, 4.29451078335397, -4.20910232469925
-20.1060342366753, 4.17007741608667, -4.84096549446854
-20.1060342366753, 4.04748849877917, -5.47319157405497
-20.1060342366753, 3.91684931143919, -6.10379312864753
-20.1060342366753, 3.76087918706314, -6.72848531070718
-20.1060342366753, 3.5350181483533, -7.33093341165558
-20.1060342366753, 3.21217224527701, -7.88703888534562
-20.1060342366753, 2.78944121318592, -8.37186405756789
-20.1060342366753, 2.29781037574719, -8.78701988521298
-20.1060342366753, 1.76276569217545, -9.14499345792905
-20.1060342366753, 1.19932020022663, -9.45660159585672
-20.1060342366753, 0.614006841519816, -9.7247399019296
-20.1060342366753, 0, -9.90000000000001
-18.5594162184695, 5.79420977790951, -5.08976918497737E-15
-18.5594162184695, 5.45546911028023, -0.540434247000538
-18.5594162184695, 5.14885823682261, -1.09969584992651
-18.5594162184695, 4.87843606414371, -1.67731623142409
-18.5594162184695, 4.64481199512371, -2.27078918937623
-18.5594162184695, 4.44489381316983, -2.87647638401188
-18.5594162184695, 4.2719821903323, -3.49044829723544
-18.5594162184695, 4.12228823102211, -4.11050312474124
-18.5594162184695, 3.98820603656082, -4.73414329527664
-18.5594162184695, 3.85830803222147, -5.35867523384377
-18.5594162184695, 3.72259290026894, -5.98196344715835
-18.5594162184695, 3.57013341277408, -6.60131662993258
-18.5594162184695, 3.36417704768372, -7.20457724767762
-18.5594162184695, 3.07362833663085, -7.77170184305073
-18.5594162184695, 2.68799703394315, -8.27884086404755
-18.5594162184695, 2.22939722009222, -8.72145016542443
-18.5594162184695, 1.72153974024357, -9.10698726623468
-18.5594162184695, 1.17900335212636, -9.44214496055462
-18.5594162184695, 0.607269211516648, -9.72431918671226
-18.5594162184695, 0, -9.90000000000001
-17.0127982002637, 5.73214776618753, -4.72670117873954E-15
-17.0127982002637, 5.37565464154419, -0.521801815245845
-17.0127982002637, 5.04974932648789, -1.06320551597782
-17.0127982002637, 4.75902729433391, -1.62427294961948
-17.0127982002637, 4.50521414015692, -2.20298134957093
-17.0127982002637, 4.28660888921608, -2.79590999270177
-17.0127982002637, 4.09769236346638, -3.39898892062279
-17.0127982002637, 3.9346257792029, -4.00957563793128
-17.0127982002637, 3.79053688672692, -4.62494602148465
-17.0127982002637, 3.65350055200893, -5.2419378943041
-17.0127982002637, 3.51304818718615, -5.85815876952473
-17.0127982002637, 3.36278389006799, -6.47204589191119
-17.0127982002637, 3.17768992826845, -7.07609141867448
-17.0127982002637, 2.92064095258116, -7.65295613975298
-17.0127982002637, 2.57552651764645, -8.18149045428529
-17.0127982002637, 2.15337445626811, -8.65114920521123
-17.0127982002637, 1.67633423537467, -9.06528395790274
-17.0127982002637, 1.15766225706853, -9.42598722506866
-17.0127982002637, 0.600555698103014, -9.72337481451249
-17.0127982002637, 0, -9.90000000000001
-15.4661801820579, 5.64523460907347, -4.07144145240157E-15
-15.4661801820579, 5.27016271734966, -0.501762489146039
-15.4661801820579, 4.92529361770303, -1.02470904849316
-15.4661801820579, 4.61589304732548, -1.56937149982101
-15.4661801820579, 4.34442283940886, -2.13390253480607
-15.4661801820579, 4.10972535106277, -2.71470970484333
-15.4661801820579, 3.9065675686937, -3.30732776242831
-15.4661801820579, 3.73044425216998, -3.90854301983592
-15.4661801820579, 3.57583522321557, -4.51567711760505
-15.4661801820579, 3.43138466193691, -5.12532624857252
-15.4661801820579, 3.28647621700424, -5.7348673238053
-15.4661801820579, 3.13707038313429, -6.34331989172246
-15.4661801820579, 2.9725921147786, -6.94779123959332
-15.4661801820579, 2.75396623787545, -7.53455900490827
-15.4661801820579, 2.45383533854634, -8.08363541731773
-15.4661801820579, 2.07128179573605, -8.579161842696
-15.4661801820579, 1.62808587730704, -9.02153461127732
-15.4661801820579, 1.13548345284843, -9.40809956990526
-15.4661801820579, 0.593819896530611, -9.72143994002704
-15.4661801820579, 0, -9.90000000000001
-13.9195621638521, 5.51865219503704, -3.19739280938086E-15
-13.9195621638521, 5.12694904596034, -0.482185556949918
-13.9195621638521, 4.76561418666232, -0.987484781203452
-13.9195621638521, 4.4407343109633, -1.51693269493649
-13.9195621638521, 4.15535123282475, -2.06867880477074
-13.9195621638522, 3.90833177155368, -2.63866393807115
-13.9195621638521, 3.6940695654294, -3.22180422191924
-13.9195621638522, 3.506607064767, -3.81411288839634
-13.9195621638522, 3.34183145512778, -4.41315573603515
-13.9195621638522, 3.18979297085358, -5.0155789344264
-13.9195621638522, 3.03991840946621, -5.6185478369766
-13.9195621638522, 2.89179145451592, -6.22194771761878
-13.9195621638521, 2.7469530283449, -6.82614449127395
-13.9195621638521, 2.57512209788981, -7.42297394585356
-13.9195621638521, 2.32621379814339, -7.99139348091761
-13.9195621638521, 1.98607416429849, -8.51067527457651
-13.9195621638521, 1.57861397254172, -8.97920693886549
-13.9195621638521, 1.11292049725671, -9.38977535003563
-13.9195621638521, 0.586991329203028, -9.71861166841651
-13.9195621638521, 0, -9.90000000000001
-12.3729441456464, 5.32651362271209, -2.29923739814634E-15
-12.3729441456464, 4.92475896533664, -0.466913602112957
-12.3729441456464, 4.5535110999738, -0.95837995125041
-12.3729441456464, 4.21956698302061, -1.47588524877177
-12.3729441456464, 3.92636129094111, -2.01751964387743
-12.3729441456464, 3.67252511746478, -2.57871985950218
-12.3729441456464, 3.45187304686242, -3.15383556919662
-12.3729441456464, 3.2567421651821, -3.73811704241951
-12.3729441456464, 3.08398591524498, -4.32942081109302
-12.3729441456464, 2.92554635583811, -4.92474162398067
-12.3729441456464, 2.7723529221301, -5.52143973377399
-12.3729441456464, 2.62568955107211, -6.11976940630248
-12.3729441456463, 2.50117447527736, -6.72297829016753
-12.3729441456464, 2.38909515248496, -7.32859160534312
-12.3729441456464, 2.19898360286685, -7.91363532066251
-12.3729441456464, 1.90302458211023, -8.45317460349194
-12.3729441456463, 1.53101054533016, -8.9436260779413
-12.3729441456463, 1.09100984253552, -9.37391768058819
-12.3729441456464, 0.580076657422106, -9.71573670345203
-12.3729441456464, 0, -9.90000000000001
-10.8263261274406, 5.04234978155909, -1.57807862168881E-15
-10.8263261274406, 4.64068925481065, -0.459691617527489
-10.8263261274406, 4.26967407946432, -0.944398798002496
-10.8263261274406, 3.93638696296408, -1.45574800990736
-10.8263261274406, 3.64417678788394, -1.99164199062637
-10.8263261274406, 3.39108233978108, -2.54712352852719
-10.8263261274406, 3.17020934378313, -3.11624611525959
-10.8263261274406, 2.97269200230804, -3.69390637993541
-10.8263261274406, 2.79594037417062, -4.27826895118274
-10.8263261274406, 2.63377025284027, -4.86686233919162
-10.8263261274406, 2.47896868607546, -5.45744159582113
-10.8263261274406, 2.33648449387233, -6.05108850095181
-10.8263261274406, 2.23654786517965, -6.65292141766573
-10.8263261274406, 2.20639351126356, -7.26257246257271
-10.8263261274406, 2.08299810970263, -7.8592233868436
-10.8263261274406, 1.83055435209119, -8.4141422242047
-10.8263261274406, 1.49023850865326, -8.92032686761052
-10.8263261274406, 1.07165721546642, -9.36372389389911
-10.8263261274406, 0.573356925103171, -9.71382938849456
-10.8263261274406, 0, -9.90000000000001
-9.27970810923476, 4.64031801499038, -1.23017166793717E-15
-9.27970810923476, 4.25257287425896, -0.464388741637624
-9.27970810923476, 3.89566221036008, -0.952822258499844
-9.27970810923476, 3.5761529111962, -1.46647400942605
-9.27970810923476, 3.29644617554205, -2.00285694807052
-9.27970810923476, 3.05348570924822, -2.55689888061936
-9.27970810923476, 2.83959236864069, -3.12285398407799
-9.27970810923476, 2.64595684333611, -3.69606924885052
-9.27970810923476, 2.47053554146618, -4.27512737347612
-9.27970810923476, 2.30875998978815, -4.85815747255761
-9.27970810923476, 2.1557758901634, -5.44355568752163
-9.27970810923477, 2.02282598001637, -6.03375996722093
-9.27970810923476, 1.96347206552618, -6.63441173692005
-9.27970810923476, 2.04641881546525, -7.23332096944876
-9.27970810923476, 1.99357176820289, -7.83393915144173
-9.27970810923476, 1.7793726876299, -8.39851365256822
-9.27970810923476, 1.46243524681323, -8.9130597028723
-9.27970810923476, 1.05752303282961, -9.36146611467212
-9.27970810923476, 0.567618988593726, -9.7137383652252
-9.27970810923476, 0, -9.90000000000001
-7.59790641288438, 4.06204009876959, -1.30924350169321E-15
-7.71596971803444, 3.73984586720456, -0.496230999735131
-7.8250641014485, 3.44212778293208, -1.00947271570331
-7.92313743821432, 3.17448608565687, -1.54115069120853
-8.00959365188018, 2.938547465349, -2.08960723187348
-8.08564275022442, 2.73100981619465, -2.65097042729904
-8.15394967998957, 2.54460051045587, -3.22071956733028
-8.21664418977282, 2.37350747373895, -3.79589590128695
-8.27410756911776, 2.21669016858525, -4.37567549274278
-8.32760366502418, 2.07069956218648, -4.95866165308314
-8.37764723146227, 1.93413089326096, -5.54421726932269
-8.41741754721769, 1.82559787948813, -6.1362384422665
-8.41357967293155, 1.83607142124521, -6.73479789567894
-8.36124253493021, 1.97889923670593, -7.31705205360207
-8.37670814127224, 1.93669366618827, -7.91546609700533
-8.45462002173103, 1.72407249297698, -8.47326557675183
-8.57005049007967, 1.40906326126431, -8.97373515617791
-8.7161325970008, 1.01040584501604, -9.40121898856498
-8.88966869410203, 0.536826612389462, -9.72957338763687
-9.08638085695904, 0, -9.90000000000001
-6.45016771029513, 3.59069302680151, -1.54440296749782E-15
-6.63300366559108, 3.32818274190408, -0.524339414817617
-6.80452942381613, 3.08191129280086, -1.06022277639018
-6.9610364968242, 2.85720321359779, -1.60997674899707
-7.10119575840731, 2.65596682314254, -2.1730788868877
-7.22680245546923, 2.4756245607173, -2.74662281954116
-7.34209246492651, 2.31009468351416, -3.32678861954792
-7.44920109857229, 2.15631137602512, -3.91173388019721
-7.54846440912922, 2.01379214400655, -4.50090529889344
-7.64184408243853, 1.87972045879356, -5.09302164541212
-7.72662118125226, 1.75800008751128, -5.68903692272009
-7.78199647659188, 1.67849392838435, -6.29499509602391
-7.70225207077944, 1.79298851264114, -6.88197377339553
-7.59642653869042, 1.94492958207216, -7.46240463054872
-7.64581212056366, 1.87402327074853, -8.06535950653784
-7.80756858003051, 1.64177828266667, -8.60877099642296
-8.03213362343718, 1.31935464653194, -9.07961739692054
-8.30335982113497, 0.929936349052942, -9.4683902384593
-8.61301120702581, 0.485348339011297, -9.75525328881043
-8.95105178036603, 0, -9.90000000000001
-5.60780440845356, 3.20791829531947, -1.76735395301407E-15
-5.8245574770544, 2.99116522671863, -0.552037394418506
-6.03130318641554, 2.78441951735748, -1.11167881486764
-6.22297172781864, 2.59275097595439, -1.68193172119309
-6.39745164085621, 2.41827106291682, -2.26311904867103
-6.55681631641285, 2.25890638736017, -2.85294409546393
-6.70604169691523, 2.1096810068578, -3.44806630621844
-6.8460764328519, 1.96964627092113, -4.04763658991859
-6.97717403316378, 1.83854867060925, -4.65123885984637
-7.10135056685723, 1.7143721369158, -5.25776331766684
-7.20684085117801, 1.60888185259502, -5.87117834265258
-7.23658946107767, 1.57913324269536, -6.49786187527147
-7.01723536915368, 1.79848733461935, -7.04008409507934
-6.89638607116338, 1.91933663260965, -7.63944558103821
-7.01569967252817, 1.80002303124486, -8.24171696613111
-7.27031926981666, 1.54540343395637, -8.75844811912041
-7.59628823330747, 1.21943447046555, -9.18849379483429
-7.96971052690423, 0.846012176868802, -9.53337681448588
-8.38047354599775, 0.435249157775281, -9.77880680035302
-8.81572270377303, 0, -9.90000000000001
-4.86823145063098, 2.84722395096142, -2.19624699354034E-15
-5.1057429612343, 2.66983158665468, -0.585521810435383
-5.33648934630326, 2.49749195267802, -1.17523077237833
-5.55411745266695, 2.33495008584643, -1.77263990487311
-5.755767630377, 2.18434179871122, -2.37872210300707
-5.94403789053779, 2.04372669128449, -2.99148830999093
-6.12364584064548, 1.90958128150221, -3.60829704563832
-6.2939026551462, 1.78242003871907, -4.22922105063341
-6.45498500572941, 1.66211101055677, -4.85394999906887
-6.60602040833539, 1.54930583705491, -5.48253652043711
-6.71301145273589, 1.4693964706514, -6.12446520004448
-6.59207840838758, 1.55971882431445, -6.74081241319559
-6.24610854738889, 1.81811645508838, -7.2307946174631
-6.16838367976871, 1.87616752805553, -7.86542046641031
-6.403300111371, 1.70071337381021, -8.44737760000756
-6.76690303398302, 1.42914597925679, -8.9197622551913
-7.19553912259641, 1.10900667740493, -9.29862889531254
-7.66419922778907, 0.758974277269065, -9.5948402794412
-8.16312033977864, 0.38634056602886, -9.80049817633923
-8.68039362718002, 0, -9.90000000000001
-4.17170655450092, 2.48705544021774, -2.38156891371651E-15
-4.42156199328906, 2.34496683716668, -0.629612213098756
-4.66965104296182, 2.20388275001917, -1.26014510459744
-4.9081880283848, 2.0682307618169, -1.89552298370113
-5.13369035700565, 1.93999136461225, -2.5371721641673
-5.34998073101263, 1.8169906516996, -3.18301520275406
-5.55987677589149, 1.69762628665944, -3.83164211556456
-5.76103444165947, 1.58323129145495, -4.48392068886474
-5.9540678907647, 1.4734564021889, -5.13944413520414
-6.11893175323085, 1.37970108501416, -5.80477339715997
-6.13307130954198, 1.37166015618387, -6.48705505647867
-5.70138546527494, 1.61715266522859, -6.95164272753245
-5.32798298108922, 1.82950040362673, -7.47984414916157
-5.40518598231185, 1.78559634995363, -8.14292893801176
-5.79007213537155, 1.56671804141171, -8.67087346430263
-6.27228612208547, 1.29249102407646, -9.08314954683302
-6.80398322508612, 0.990123787333161, -9.40610856858501
-7.36617143106212, 0.670416771042665, -9.65123143931805
-7.94932229691766, 0.338788641195606, -9.82037901493806
-8.54506455058701, 0, -9.90000000000001
-3.48829152370428, 2.11484793815564, -6.0894817091691E-15
-3.74445147855234, 2.00477061982784, -0.689772343941375
-4.00410139650604, 1.89319359097753, -1.37800145413353
-4.25989234857111, 1.78327484090382, -2.06793593194131
-4.50838044215035, 1.67649428266311, -2.76102706328365
-4.75458135073306, 1.57069657590318, -3.45508670201802
-4.99735746608915, 1.46637057479856, -4.15057107237716
-5.23290703288606, 1.36514997354705, -4.84899159323742
-5.45306305222572, 1.27054430328526, -5.55317798049462
-5.55513963370059, 1.22667985007871, -6.28465815717178
-5.11904890181464, 1.41407720632077, -6.81066770419018
-4.52861806958787, 1.66779774865973, -7.17930530022747
-4.25552733799766, 1.78515057772101, -7.82613980809993
-4.61250843962738, 1.63174829286969, -8.44687646218729
-5.15528488587631, 1.39850584211265, -8.89702893394158
-5.76078541303161, 1.13830953502453, -9.240958372643
-6.39852222767117, 0.864260617440694, -9.50788383970783
-7.05795622547235, 0.580887964071866, -9.70261902742223
-7.72985261006319, 0.292159961079469, -9.83868420611937
-8.409735473994, 0, -9.90000000000001
-2.7966511352278, 1.72079153861912, -2.66201933338565E-15
-3.05145707211492, 1.64074635967271, -0.7718109446542
-3.31541663691564, 1.55782564417758, -1.54024641212882
-3.58400636707105, 1.4734504005074, -2.30691843659931
-3.85663336865639, 1.38780688138804, -3.07202195041366
-4.13546226100561, 1.30021508954761, -3.83466700230704
-4.41523465932535, 1.2123269031052, -4.59693324873789
-4.68749138711792, 1.12679970243758, -5.36214666981199
-4.85012482139024, 1.07570975332537, -6.15653046643654
-4.37113611574855, 1.22618009606846, -6.73183362245501
-3.63609231770624, 1.45708802963755, -7.00145713558495
-3.02942829264686, 1.64766651866129, -7.49420517878554
-3.17452534912183, 1.60208547768546, -8.23534718769979
-3.78079917598941, 1.41162956619845, -8.74397762544092
-4.47304306266076, 1.19416687101914, -9.11697277082266
-5.20505619152384, 0.964210997122361, -9.39587560521957
-5.95813032066854, 0.727638984069144, -9.60453974984875
-6.72454234900202, 0.486876980231653, -9.75107293016651
-7.4971860540621, 0.244157346659117, -9.85619883658602
-8.274406397401, 0, -9.90000000000001
-2.07801283388772, 1.29470150411016, -2.76218601330014E-15
-2.30968235568185, 1.24521467238767, -0.866276426406081
-2.56143229824483, 1.19143847020416, -1.72668941198192
-2.82978667564147, 1.13411540149243, -2.58183983473015
-3.11711210613597, 1.07273993389377, -3.43050932533371
-3.42194089993956, 1.00762558002322, -4.27278677470118
-3.73526097337454, 0.940697407386287, -5.11180824941214
-3.97026514675542, 0.890498262103311, -5.97428744518914
-3.49730142261183, 0.991527849622086, -6.63661148413067
-2.64762853798483, 1.17302612671552, -6.86102327958625
-1.84493976572689, 1.34448814679753, -7.20866151671217
-1.59926481001936, 1.39696667352549, -7.99566492355726
-2.18796768789279, 1.27121409275333, -8.6466033919611
-2.95965336197474, 1.10637463178237, -9.07166188670319
-3.79063779581, 0.928868387012926, -9.36081830036878
-4.64551104104076, 0.746259263019563, -9.56572745491871
-5.51308643964967, 0.560936837242392, -9.70471685007366
-6.38611378552713, 0.374449823240802, -9.80258864170411
-7.26155221393958, 0.187447778885826, -9.87465319647663
-8.13907732080799, 0, -9.90000000000001
-1.31468831575955, 0.824169419314437, -6.39052647693494E-15
-1.48127270187328, 0.803644299456241, -0.927837753052642
-1.67446279557076, 0.779841049217352, -1.85042554843187
-1.89577085107571, 0.75257334141596, -2.7665676199936
-2.15097415546019, 0.721129347576567, -3.67369939609314
-2.43688664594233, 0.685901627422201, -4.57151389174283
-2.7296828077196, 0.649825759481887, -5.46697499067384
-2.63811631489871, 0.661107808681379, -6.35703240148452
-1.77572214004902, 0.767364728773011, -6.69598001322076
-0.878011190786818, 0.877973083262142, -6.94704607044076
-0.489880922320417, 0.925795213935469, -7.75827366627398
-0.784220313065422, 0.889529202366383, -8.63549368200689
-1.52296560080874, 0.798507252894736, -9.19739003443999
-2.4124740809515, 0.688909537312031, -9.48562853808505
-3.33372532702218, 0.575400746444897, -9.64940023744819
-4.26458764445931, 0.460707760609891, -9.74575769123944
-5.19821517300152, 0.345674068837857, -9.81048419790488
-6.1328273236393, 0.230519060254576, -9.85890124949674
-7.06797343470078, 0.115298261581652, -9.895505205199
-8.00374824421499, 0, -9.90000000000001
-0.494311349682384, 0.293448472633918, -2.88304359920334E-15
-0.550298254628381, 0.29122050524457, -0.924372829950227
-0.619760156266838, 0.288456307941614, -1.84782405369411
-0.708532859598298, 0.28492364814773, -2.7696026107361
-0.825555733932076, 0.280266788689704, -3.68819808327372
-0.971528805279777, 0.274457872426172, -4.60264760739603
-1.1151990524035, 0.268740595757281, -5.51713998777166
-0.827410821193586, 0.28019296653563, -6.3548314786557
-0.128876595629077, 0.307990743112173, -6.91827493407579
-0.0553823586753667, 0.310915404930786, -7.84050135876529
-0.0791203932496172, 0.309970763197694, -8.76552637236033
-0.503908053856656, 0.293066577189507, -9.54912240604773
-1.39381333802505, 0.25765329698322, -9.77671319776766
-2.3170476139448, 0.220913708297951, -9.83690389572154
-3.24198023155355, 0.184106535060495, -9.86403533931154
-4.16717425511174, 0.147288959320324, -9.88054139243057
-5.09243467775089, 0.110468741266076, -9.89289864166764
-6.01773313859922, 0.0736470095026899, -9.90000000000001
-6.9430761531106, 0.036823504751345, -9.90000000000001
-7.86841916762198, 0, -9.90000000000001
