-77.2922354598345, 1.95106946398028, -2.66446658329396E-15
-77.2922354598378, 2.35549554656028, -0.546009203676031
-77.2922354598398, 2.74672554118345, -1.10154514702208
-77.2922354598404, 3.1228177566138, -1.667433226671
-77.29223545984, 3.48168269998026, -2.24439359697372
-77.2922354598388, 3.82130440670942, -2.83288162983793
-77.2922354598375, 4.14016869408601, -3.43286751546678
-77.2922354598362, 4.43729292835894, -4.04390949944689
-77.2922354598349, 4.7117051372237, -4.66548048061484
-77.2922354598335, 4.96234393074187, -5.29700822482677
-77.2922354598322, 5.183582934577, -5.93937848728291
-77.2922354598302, 5.32040683555469, -6.60048156422237
-77.2922354598288, 4.73629992141901, -6.86141946187477
-77.2922354598285, 4.0675087719185, -6.9814974927849
-77.292235459828, 3.39473785305201, -7.07030280741377
-77.2922354598278, 2.71613413906932, -7.10497588395796
-77.2922354598277, 2.03738818137468, -7.13674365500667
-77.2922354598276, 1.35847387856562, -7.16465841368066
-77.2922354598275, 0.679328505782734, -7.18619775205759
-77.2922354598346, 0, -7.19859906483603
-75.7842828920839, 2.13878119320564, -2.58035116953831E-15
-75.7842828923221, 2.5312103774896, -0.554695531611321
-75.7842828922349, 2.910175484516, -1.11867066372555
-75.7842828922308, 3.27377450925254, -1.69266726383767
-75.7842828929423, 3.62000497096883, -2.27729880251544
-75.7842828951658, 3.94701061527956, -2.8728921101216
-75.7842828934504, 4.25347145792009, -3.4793103137038
-75.784282892305, 4.53834619874894, -4.09616049577604
-75.7842828928044, 4.80026515447114, -4.72309788568089
-75.7842828927895, 5.03691954898442, -5.35998942311318
-75.7842828922109, 5.23955603590086, -6.0084320670105
-75.7842828923739, 5.3262936688468, -6.67437260088085
-75.7842828921792, 4.73730535840251, -6.95112457126572
-75.784282892161, 4.06904564537175, -7.07369770309075
-75.7842828921881, 3.39439382664905, -7.14944724822966
-75.7842828922071, 2.7156591742123, -7.18147485556981
-75.7842828920936, 2.03675500271738, -7.20966775946312
-75.7842828921493, 1.35760514885334, -7.23099780867064
-75.7842828920823, 0.678181623592181, -7.239752356972
-75.7842828920839, 0, -7.26261958924934
-74.2376648738781, 2.31698096345115, -2.41291513817355E-15
-74.2376648746944, 2.69801514104477, -0.563046182284079
-74.2376648743826, 3.0653766015837, -1.13510243396534
-74.2376648744136, 3.41717000248462, -1.71685680194869
-74.2376648770574, 3.75141886911942, -2.30886007135995
-74.2376648840662, 4.06632169301743, -2.91137248881805
-74.2376648782073, 4.36061418395325, -3.52421352405951
-74.2376648745084, 4.63317297914927, -4.14702134775549
-74.2376648769044, 4.88228788939008, -4.7795648497592
-74.2376648758218, 5.10452106216698, -5.42202505247611
-74.2376648749576, 5.2879882062128, -6.07650169488036
-74.2376648743558, 5.32658336175357, -6.74446492387006
-74.2376648742207, 4.73813022166461, -7.03706529258933
-74.237664874147, 4.07074484391634, -7.16591727338506
-74.2376648742316, 3.39535676357818, -7.23873557698294
-74.2376648743014, 2.71617874332068, -7.2694527088914
-74.2376648739074, 2.03681024545391, -7.29560591762379
-74.2376648740836, 1.35719905165355, -7.31423247265613
-74.2376648738853, 0.677358373674019, -7.31968624122323
-74.2376648738781, 4.44089209850063E-16, -7.35889135104506
-72.6910468556723, 2.48418092879426, -2.25244323466948E-15
-72.6910468556723, 2.85456194014556, -0.57096254340626
-72.6910468556723, 3.21105718479945, -1.15069172484139
-72.6910468556723, 3.5517353865193, -1.73984971782774
-72.6910468556723, 3.87468607262938, -2.33890352207498
-72.6910468556732, 4.17806994745159, -2.94809543772586
-72.691046856138, 4.46048356719611, -3.56728579484244
-72.6910468587092, 4.72086025731895, -4.19605691210189
-72.6910468652711, 4.95708250704424, -4.83428633711136
-72.691046858593, 5.16479360126249, -5.48232707474147
-72.6910468595339, 5.32895949892803, -6.14259272676042
-72.6910468560527, 5.32399471313548, -6.81069022933007
-72.6910468563699, 4.73853103806462, -7.11859208154996
-72.6910468562027, 4.07212092627244, -7.25573254126608
-72.6910468563495, 3.39644190033919, -7.33191591275486
-72.6910468565005, 2.71662161673657, -7.36419982957879
-72.6910468557212, 2.03657020972784, -7.39117778962807
-72.6910468560343, 1.35628912914233, -7.41145433425784
-72.6910468557256, 0.675785501178936, -7.42189330834616
-72.6910468556724, 0, -7.48755508848541
-71.144428837455, 2.64305137323809, -2.15294590538703E-15
-71.1444288374608, 3.00334457848394, -0.578695207763984
-71.1444288374643, 3.34957613947019, -1.16590654302635
-71.1444288374659, 3.67976423854351, -1.76228159129544
-71.1444288374665, 3.99192034348594, -2.3682844005336
-71.1444288374665, 4.28409286560744, -2.98416547388624
-71.1444288374665, 4.55480549653858, -3.60977427940354
-71.1444288374665, 4.80294582446085, -4.2446699817119
-71.1444288374665, 5.02616694232652, -4.88873930341339
-71.1444288383909, 5.21924142042608, -5.54244141341516
-71.1444288469087, 5.36386414919899, -6.2083383925556
-71.1444288376568, 5.31929702599916, -6.87539525175701
-71.1444288385841, 4.73723967714494, -7.19729841081037
-71.1444288382893, 4.07165079435417, -7.34349072924238
-71.1444288384897, 3.39566974287348, -7.42625712030214
-71.1444288387621, 2.7150015506309, -7.46375860416376
-71.1444288375289, 2.03402305677794, -7.49514369284636
-71.1444288379642, 1.3528241894958, -7.52130414283563
-71.1444288376403, 0.671462431779765, -7.54285470632554
-71.1444288374665, 0, -7.64789234979787
-69.5978108192607, 2.79555359683117, -2.1385608346216E-15
-69.5978108192607, 3.14629149203156, -0.586441390008141
-69.5978108192608, 3.48276434369455, -1.18117723613305
-69.5978108192607, 3.80291313887565, -1.78485178464586
-69.5978108192607, 4.10463370312936, -2.39793889757973
-69.5978108192607, 4.38581097049459, -3.02070934754025
-69.5978108192608, 4.64487657825408, -3.65299580151382
-69.5978108192608, 4.88069429007396, -4.29431091599258
-69.5978108192608, 5.0907649761435, -4.94450383620305
-69.597810820903, 5.26903311213034, -5.60407881888255
-69.5978108294239, 5.39366463026416, -6.27559434350412
-69.5978108194129, 5.31221433358379, -6.94075803262661
-69.5978108208072, 4.73264016211268, -7.27462927416357
-69.597810820361, 4.06745425685821, -7.42983764681291
-69.5978108206025, 3.39080343647767, -7.52040793274919
-69.5978108210671, 2.70905354379428, -7.56691227069242
-69.5978108193276, 2.02686569329539, -7.60651019533262
-69.5978108198451, 1.34447366878215, -7.6424400760003
-69.5978108197035, 0.662157260961468, -7.67965921259171
-69.5978108192607, 4.44089209850063E-16, -7.8368571747775
-68.051192801055, 2.94290130590934, -2.1868198167763E-15
-68.051192801055, 3.28459100769544, -0.594307711660137
-68.051192801055, 3.6117463300852, -1.19673348830089
-68.051192801055, 3.92220844372226, -1.80792390349645
-68.051192801055, 4.21373027113133, -2.42836537627965
-68.051192801055, 4.48400226952347, -3.05834732449116
-68.051192801055, 4.73137456334031, -3.69766629503463
-68.051192801055, 4.95471826320748, -4.34576584966472
-68.051192801055, 5.15146483364923, -5.00241702926931
-68.051192801055, 5.31470760504909, -5.66813049046769
-68.0511928011704, 5.41887371645168, -6.34527413997182
-68.0511928015931, 5.30254499375602, -7.00788676027501
-68.0511928029705, 4.72403317307152, -7.35154714796519
-68.0511928023658, 4.05873586699939, -7.51559731275457
-68.0511928026437, 3.38099105649196, -7.61482952908767
-68.0511928033157, 2.69793254963498, -7.6731264933959
-68.0511928011176, 2.01427132131215, -7.72390883203523
-68.051192801655, 1.33045785655937, -7.77262128181286
-68.0511928016079, 0.64729902856371, -7.82933180102555
-68.051192801055, 0, -8.04486520525743
-66.5045747828491, 3.0857217143893, -2.27068395543244E-15
-66.5045747828491, 3.41885853391021, -0.602296759520147
-66.5045747828491, 3.73708527671025, -1.21259737881129
-66.5045747828492, 4.03812502495727, -1.83155021717071
-66.5045747828491, 4.31957146016394, -2.45964797246604
-66.5045747828491, 4.57891099153092, -3.0971841390485
-66.5045747828492, 4.81444936462534, -3.743890346671
-66.5045747828492, 5.02510768854886, -4.39911864379418
-66.5045747828492, 5.2083501264119, -5.06252471592463
-66.5045747828492, 5.35636265305783, -5.73459744362527
-66.5045747832586, 5.43927951559951, -6.41733027552709
-66.5045747844107, 5.29050182011641, -7.07682373898234
-66.5045747850216, 4.71173786378948, -7.42848359804927
-66.504574784269, 4.04584978163586, -7.60130341960484
-66.5045747845932, 3.36669854137115, -7.71023580172302
-66.5045747853929, 2.68216967212731, -7.78217496413892
-66.5045747829048, 1.99685765406418, -7.84626878463376
-66.5045747833892, 1.3115121060298, -7.91000593424982
-66.5045747832722, 0.627990839168116, -7.98990466074522
-66.5045747828491, 0, -8.26314961637067
-64.9579567646429, 3.22430343629322, -2.37006807104084E-15
-64.9579567646432, 3.54937564378215, -0.610338153984855
-64.9579567646433, 3.85901375656264, -1.22864388504947
-64.9579567646434, 4.15080997376154, -1.85556050735279
-64.9579567646434, 4.42219453342619, -2.49157180318164
-64.9579567646434, 4.6704645032352, -3.13694872403722
-64.9579567646434, 4.89394156239652, -3.79132320173793
-64.9579567646434, 5.09165526243199, -4.45393267218266
-64.9579567646434, 5.26123612895235, -5.12428292419078
-64.9579567646434, 5.39389689377927, -5.80281893155217
-64.9579567656256, 5.4550127353825, -6.49093055571589
-64.9579567678805, 5.27661668756113, -7.14703521168313
-64.9579567669344, 4.69666298534929, -7.50549816653599
-64.9579567660628, 4.02983066153786, -7.68719326911981
-64.9579567664537, 3.34914070376048, -7.80703511526003
-64.9579567673364, 2.66309245761145, -7.89384716886532
-64.9579567646987, 1.97608672172733, -7.97276619284011
-64.9579567650618, 1.28925384934693, -8.05315501287723
-64.9579567649104, 0.606388044864093, -8.1599549829702
-64.9579567646434, 4.44089209850063E-16, -8.48514007134395
-63.4113387464376, 3.35869837786892, -2.46798070317961E-15
-63.4113387464376, 3.67620401381307, -0.618308154698753
-63.4113387464376, 3.97755500015351, -1.24464265518527
-63.4113387464376, 4.2602068876037, -1.87962785991835
-63.4113387464376, 4.52143749516806, -2.52371354802991
-63.4113387464376, 4.75839914387576, -3.17710909560431
-63.4113387464376, 4.96951092984509, -3.83930835241979
-63.4113387464376, 5.15399228032546, -4.50941115466791
-63.4113387464376, 5.30981755954163, -5.18674146091074
-63.4113387464376, 5.42717794323686, -5.87168250604148
-63.4113387482699, 5.46638550700776, -6.56477836299039
-63.4113387517072, 5.26175394955525, -7.21756622380957
-63.4113387487066, 4.68019744954496, -7.58232351502783
-63.4113387477635, 4.01227449590805, -7.7732709085231
-63.4113387482399, 3.33012851947283, -7.90531844493654
-63.4113387491367, 2.64264756869777, -8.00778745640738
-63.411338746507, 1.95405076033352, -8.10250684373252
-63.4113387467035, 1.26592581465199, -8.20054917029454
-63.4113387466256, 0.585223180879207, -8.33722130438955
-63.4113387464376, 0, -8.70521262878371
-61.8547207282318, 3.48960013481972, -2.54884788840755E-15
-61.8547207282318, 3.8000227172787, -0.626086297172902
-61.8547207282318, 4.09330987124307, -1.26037375524184
-61.8547207282318, 4.36678283892252, -1.90344499151874
-61.8547207282318, 4.61759745934653, -2.55567859693886
-61.8547207282318, 4.84284298515215, -3.21716927256637
-61.8547207282318, 5.04113899301388, -3.88723249847351
-61.8547207282318, 5.21201019968485, -4.5648062814484
-61.8547207282318, 5.35401259352502, -5.24900522725917
-61.8547207282318, 5.4563117997491, -5.94013716225648
-61.8547207310324, 5.4740704963256, -6.63769392153805
-61.8547207351765, 5.24697600537013, -7.28761282641355
-61.8547207303469, 4.66398681120135, -7.65888691165494
-61.8547207293977, 3.99510721661585, -7.85987980628329
-61.8547207299649, 3.31180951724298, -8.00547046763673
-61.8547207307887, 2.62312533732049, -8.12411971386503
-61.8547207283278, 1.93316633139278, -8.23515193615018
-61.8547207283527, 1.24404930587297, -8.35122329743916
-61.8547207284561, 0.566996648146885, -8.51878864752131
-61.8547207282318, 4.44089209850063E-16, -8.91928036580958
-57.9981756827173, 3.79902919777996, -2.64959510764904E-15
-57.9981756827173, 4.09237999813565, -0.644059209664362
-57.9981756827173, 4.36529848765743, -1.29703060874244
-57.9981756827173, 4.6148610257025, -1.95927152427394
-57.9981756827173, 4.83816274255988, -2.63081342365982
-57.9981756827173, 5.03261816554433, -3.31126288968348
-57.9981756827173, 5.1977523219968, -3.99941949628272
-57.9981756827173, 5.33440281275149, -4.69379864511114
-57.998175683072, 5.44348470584602, -5.3930381553703
-57.9981756911955, 5.51149157720364, -6.09730245457495
-57.9981756835925, 5.48235896027958, -6.80310918654511
-57.9981756863577, 5.21685181709286, -7.44940322994039
-57.9981756841068, 4.63367574097835, -7.83968676938239
-57.9981756834053, 3.96458134780405, -8.06907697228716
-57.998175684083, 3.28048150809723, -8.25010861244675
-57.9981756844658, 2.59071269350977, -8.40857921983089
-57.9981756828422, 1.89920060231961, -8.55928879708387
-57.9981756826851, 1.20950063585629, -8.71795438316673
-57.9981756830997, 0.542704213279781, -8.94933303772879
-57.9981756827173, 0, -9.39034447923769
-54.1316306372028, 4.10371841649294, -2.66453659802064E-15
-54.1316306372028, 4.37323744812793, -0.661044094763051
-54.1316306372028, 4.61952401792972, -1.33108210149589
-54.1316306372028, 4.83972908337424, -2.01013012834117
-54.1316306372028, 5.03135178439094, -2.69778361815234
-54.1316306373193, 5.19273070844675, -3.39315552927135
-54.1316306387819, 5.32450867990872, -4.0947458440574
-54.1316306434176, 5.42905921631229, -4.80091830323874
-54.1316306396271, 5.50931599637605, -5.51026339904007
-54.1316306402328, 5.54828736439831, -6.22286734781487
-54.1316306383322, 5.48365023708685, -6.93251695926942
-54.1316306384336, 5.20296635879475, -7.58076021466379
-54.1316306377741, 4.62758826104273, -7.99459201020096
-54.1316306374824, 3.96318640002527, -8.25455367839334
-54.1316306379242, 3.28129398985223, -8.46573796887506
-54.1316306377335, 2.59375743402343, -8.65796857666719
-54.13163063724, 1.90417034307619, -8.84272256538118
-54.1316306371936, 1.21678920664133, -9.03538669272071
-54.1316306373795, 0.55335663731185, -9.29570270638924
-54.1316306372028, 0, -9.72776421212198
-50.2650855916883, 4.41944725279526, -2.71116031078881E-15
-50.2650855916883, 4.6486513642477, -0.677617552198415
-50.2650855916883, 4.85516307679891, -1.36248512996574
-50.2650855916883, 5.03674131417215, -2.05437551170407
-50.2650855916883, 5.19172190412847, -2.75270146577381
-50.2650855914936, 5.3194922650777, -3.45651664657918
-50.2650855894754, 5.42133228955133, -4.16455502989807
-50.2650855834017, 5.49981891941872, -4.87557070242723
-50.2650855892425, 5.55713858197119, -5.58859856470594
-50.265085584178, 5.57172707461517, -6.30353890504228
-50.2650855875431, 5.48341858661756, -7.01231189130285
-50.2650855879854, 5.20775521445224, -7.6663476514086
-50.265085590141, 4.65051299996402, -8.10675509839034
-50.2650855909016, 3.99636168133579, -8.39488756353754
-50.2650855909881, 3.31985596593131, -8.6272051755698
-50.2650855910228, 2.63642832167913, -8.83854486850923
-50.2650855913974, 1.95110100292653, -9.04364791391152
-50.2650855915227, 1.26716396739258, -9.25328127138927
-50.2650855913765, 0.599220158061813, -9.50800214799514
-50.2650855916883, 4.44089209850063E-16, -9.87487736031356
-46.3985405461738, 4.7295827751585, -3.08813512054901E-15
-46.3985405461738, 4.90470796470408, -0.6924661472943
-46.3985405461738, 5.06116217477639, -1.38938467050358
-46.3985405461738, 5.1976400024739, -2.09048674550133
-46.3985405461738, 5.31347229892395, -2.79529339515908
-46.3985405461738, 5.40888213386292, -3.50315637792599
-46.3985405461738, 5.48505798056306, -4.2133496295137
-46.3985405461738, 5.54330248684192, -4.9252408064343
-46.3985405461738, 5.58290645276943, -5.63839412398849
-46.3985405461738, 5.57869560971799, -6.35239283101659
-46.3985405461738, 5.47667152305983, -7.058459816314
-46.3985405461738, 5.21221724911152, -7.71744496901278
-46.3985405461738, 4.67589144843818, -8.18109287091356
-46.3985405461738, 4.03357300108387, -8.49195351895141
-46.3985405461738, 3.36362181402793, -8.73940355430864
-46.3985405461738, 2.68451776653498, -8.96078008905096
-46.3985405446943, 2.00289945806353, -9.17432394102087
-46.3985405439243, 1.32142646081321, -9.38832297130529
-46.3985405447595, 0.647470518873355, -9.62456116994081
-46.3985405461738, 0, -9.89786060489136
-42.5319955006593, 5.00159622620278, -3.71391946526056E-15
-42.5319955006593, 5.11770437723677, -0.703017470073835
-42.5319955006593, 5.22072904620519, -1.40807026028846
-42.5319955006593, 5.31048356349603, -2.11493516404256
-42.5319955006593, 5.38749461679243, -2.82330315483396
-42.5319955006593, 5.45284833655668, -3.53284328575872
-42.5319955006593, 5.50714610268854, -4.24331494718044
-42.5319955006593, 5.54976988161874, -4.95458075561101
-42.5319955006594, 5.57661669955469, -5.66659322147691
-42.5319955006593, 5.56155496653461, -6.37873379214061
-42.5319955006593, 5.45575407571587, -7.08263272654727
-42.5319955006594, 5.19996669161482, -7.74379219811039
-42.5319955006593, 4.68043310949243, -8.22367782843771
-42.5319955006594, 4.04844968030619, -8.55098492731717
-42.5319955006593, 3.38400871947369, -8.80806178423112
-42.5319955006593, 2.70958191611632, -9.03794570585749
-42.5319955006593, 2.03129185088739, -9.25622665130666
-42.5319955006593, 1.351760825886, -9.47062370974119
-42.5319955006593, 0.674071203601174, -9.69073229698393
-42.5319955006594, 4.44089209850063E-16, -9.89998003037482
-38.6654504551452, 5.21824406455245, -2.98601256809537E-15
-38.665450455145, 5.27718620013913, -0.707268793192444
-38.6654504551449, 5.32841128688027, -1.41513877654649
-38.6654504551449, 5.37319704706043, -2.1234469149883
-38.6654504551449, 5.41385283195441, -2.8320052955665
-38.6654504551448, 5.45269838983351, -3.54066566777204
-38.6654504551449, 5.48922528649078, -4.24944874138225
-38.6654504551449, 5.52073794458996, -4.95847000832322
-38.6654504551449, 5.53894995966433, -5.66793183110527
-38.6654504551449, 5.51894935238437, -6.37717356836732
-38.6654504551448, 5.41516164301694, -7.07853789236097
-38.6654504551448, 5.16198020374884, -7.73811695175457
-38.6654504551448, 4.65995281933194, -8.23258492856848
-38.6654504551449, 4.03948587812705, -8.57517296292241
-38.6654504551448, 3.38105995944054, -8.83974267662661
-38.6654504551449, 2.71148007136623, -9.07497675765019
-38.6654504551448, 2.03707602251299, -9.29606252413326
-38.6654504551449, 1.36030847808253, -9.50981886564212
-38.6654504551448, 0.682441429512506, -9.72006765303543
-38.6654504551448, 0, -9.90000000000001
-34.7989054096222, 5.421692916735, -3.02644800561678E-15
-34.7989054096269, 5.41536171842933, -0.703777033245518
-34.7989054096293, 5.410505102544, -1.40756555244749
-34.7989054096302, 5.40846692343387, -2.1113674286172
-34.7989054096304, 5.41059164789766, -2.81516838590531
-34.7989054096304, 5.41847109129647, -3.51892746413983
-34.7989054096304, 5.43044498899688, -4.22263101522488
-34.7989054096304, 5.44235840335583, -4.92633543943191
-34.7989054096304, 5.44735434826773, -5.63010883881925
-34.7989054096304, 5.42178049323605, -6.33330159288115
-34.7989054096304, 5.31839539612091, -7.02877235483317
-34.7989054096304, 5.07162540745731, -7.68508189328884
-34.7989054096304, 4.59615382268016, -8.19760360460981
-34.7989054096304, 3.99674959959009, -8.56456049860979
-34.7989054096304, 3.35095424883259, -8.84382490292611
-34.7989054096304, 2.69004799077678, -9.0856626394424
-34.7989054096304, 2.02268849837211, -9.309177534753
-34.7989054096304, 1.35196701118282, -9.52241170253824
-34.7989054096304, 0.679019900211416, -9.72851888601706
-34.7989054096304, 0, -9.90000000000001
-30.9323603641045, 5.61951184949754, -3.95840792791728E-15
-30.9323603641108, 5.52921766310401, -0.687806178884754
-30.9323603641143, 5.45832566689068, -1.37788217551393
-30.9323603641157, 5.40554985401907, -2.06958519220226
-30.9323603641159, 5.36739743370403, -2.76225626912755
-30.9323603641159, 5.33907354437826, -3.4554047002465
-30.9323603641159, 5.31776888665057, -4.14880548682864
-30.9323603641159, 5.30028809950427, -4.84231544390959
-30.9323603641159, 5.28121025309831, -5.5357799947972
-30.9323603641159, 5.24203065656473, -6.22832285391014
-30.9323603641159, 5.13648256085446, -6.91338568874929
-30.9323603641159, 4.90262432059964, -7.56454960337739
-30.9323603641159, 4.47073586226128, -8.10224199601721
-30.9323603641159, 3.90724878623023, -8.50523755009399
-30.9323603641159, 3.28734110688193, -8.81568511506265
-30.9323603641159, 2.64390068985794, -9.07476680042695
-30.9323603641159, 1.99005125543236, -9.30651557471437
-30.9323603641159, 1.33098423964862, -9.52303164676267
-30.9323603641159, 0.668860863025262, -9.73002939366459
-30.9323603641159, 0, -9.90000000000001
-27.0658153186014, 5.77037413024515, -3.95909633060322E-15
-27.0658153186014, 5.59010350508057, -0.656445673390567
-27.0658153186014, 5.44855891271367, -1.32231340911306
-27.0658153186014, 5.34322773310805, -1.99489058572704
-27.0658153186014, 5.26522358629654, -2.6712200443378
-27.0658153186014, 5.20269942357888, -3.34917961055528
-27.0658153186014, 5.1485418350885, -4.02786095702518
-27.0658153186014, 5.09947060169278, -4.70693199785703
-27.0658153186014, 5.05021703027446, -5.38598914547561
-27.0658153186014, 4.98775940146087, -6.06392418046845
-27.0658153186014, 4.87878986447375, -6.73562674557382
-27.0658153186014, 4.6609023724887, -7.37923438107959
-27.0658153186014, 4.28325723679575, -7.94256675857944
-27.0658153186014, 3.77027794215633, -8.3885540568493
-27.0658153186014, 3.19065942129664, -8.74450095645698
-27.0658153186014, 2.57502536949444, -9.03485824472268
-27.0658153186014, 1.9424363181201, -9.2864312712372
-27.0658153186014, 1.30113962037067, -9.51502359336099
-27.0658153186014, 0.654830123247906, -9.72907144231001
-27.0658153186014, 0, -9.90000000000001
-23.1892702730869, 5.85432717012155, -4.49518390676344E-15
-23.1892702730869, 5.60186250031376, -0.616255239583316
-23.1892702730869, 5.39436889008971, -1.24905051504262
-23.1892702730869, 5.23187247148919, -1.8948995653387
-23.1892702730869, 5.10604994215042, -2.54894184376787
-23.1892702730869, 5.00361104004022, -3.20709801502471
-23.1892702730869, 4.91385292719813, -3.86711050918345
-23.1892702730869, 4.83259470987942, -4.52822976547451
-23.1892702730869, 4.75264897525615, -5.18951028816053
-23.1892702730869, 4.66339844458997, -5.84958131160696
-23.1892702730869, 4.54460493641801, -6.5048517976255
-23.1892702730869, 4.34855351469066, -7.14058521936339
-23.1892702730869, 4.0287325450685, -7.72325617007515
-23.1892702730869, 3.58298725956711, -8.21646521541961
-23.1892702730869, 3.05737647044077, -8.62455257136818
-23.1892702730869, 2.48114339721329, -8.95812688024349
-23.1892702730869, 1.87928280183328, -9.24321444737114
-23.1892702730869, 1.26345890734298, -9.49696481330502
-23.1892702730869, 0.638801658793492, -9.72813221733231
-23.1892702730869, 0, -9.90000000000001
-21.6526522548811, 5.86546116500424, -4.81483113339411E-15
-21.6526522548811, 5.58981672861993, -0.599262796362352
-21.6526522548811, 5.3581282602108, -1.21682544129168
-21.6526522548811, 5.17177148515542, -1.8495701459483
-21.6526522548811, 5.02411974351649, -2.49250594752808
-21.6526522548811, 4.90314428589264, -3.14104150838745
-21.6526522548811, 4.79756893488414, -3.7922733606996
-21.6526522548811, 4.70294421981104, -4.44519505703986
-21.6526522548811, 4.6112360363656, -5.09853621448793
-21.6526522548811, 4.51192440093098, -5.7507513233102
-21.6526522548811, 4.38836186522747, -6.39872803581528
-21.6526522548811, 4.20087606466365, -7.03063692785879
-21.6526522548811, 3.90357833431048, -7.61837432554004
-21.6526522548811, 3.48928383480187, -8.13018263031455
-21.6526522548811, 2.99013655947628, -8.56061686328719
-21.6526522548811, 2.43467253967041, -8.91595956382313
-21.6526522548811, 1.84894055593968, -9.21921846895016
-21.6526522548811, 1.24612092674243, -9.48717823496546
-21.6526522548811, 0.632018181463405, -9.7281349152555
-21.6526522548811, 0, -9.90000000000001
-20.1060342366753, 5.86237950550036, -5.07937181605186E-15
-20.1060342366753, 5.56574380366828, -0.58169768901944
-20.1060342366753, 5.3106732153401, -1.18275308825694
-20.1060342366753, 5.09975356692188, -1.80070042939804
-20.1060342366753, 4.92849877547792, -2.43084252773665
-20.1060342366753, 4.78697610432361, -3.06837199638888
-20.1060342366753, 4.66408180791068, -3.70977087525299
-20.1060342366753, 4.55524204324251, -4.35371511636466
-20.1060342366753, 4.45182280129637, -4.99855928807004
-20.1060342366753, 4.3430487214782, -5.64251253809419
-20.1060342366753, 4.21496261490451, -6.28285567955839
-20.1060342366753, 4.03588596705135, -6.91046843153989
-20.1060342366753, 3.76039415747609, -7.50166057173426
-20.1060342366753, 3.37933139937247, -8.03069330278918
-20.1060342366753, 2.91048457334183, -8.48444650018671
-20.1060342366753, 2.38063692529858, -8.86551638963797
-20.1060342366753, 1.81473433252078, -9.19109422196129
-20.1060342366753, 1.22735203794964, -9.47640589134865
-20.1060342366753, 0.625034582747169, -9.72857490612653
-20.1060342366753, 0, -9.90000000000001
-18.5594162184695, 5.84271194450093, -5.20722815801129E-15
-18.5594162184695, 5.52671032696094, -0.563598632772022
-18.5594162184695, 5.24914509976447, -1.147054536359
-18.5594162184695, 5.01354603494505, -1.74868585110579
-18.5594162184695, 4.81761878863297, -2.36441727965522
-18.5594162184695, 4.65396024299929, -2.9895463418706
-18.5594162184695, 4.51239238101362, -3.62007036387674
-18.5594162184695, 4.38838771307077, -4.25429565794771
-18.5594162184695, 4.27317162259345, -4.89018909359959
-18.5594162184695, 4.15554667008784, -5.52563679643625
-18.5594162184695, 4.02330105116981, -6.15817641665621
-18.5594162184695, 3.85261569026845, -6.78120427442649
-18.5594162184695, 3.59868642332803, -7.37471668073195
-18.5594162184695, 3.25104938162884, -7.9185086907725
-18.5594162184695, 2.81623147186748, -8.39577472174275
-18.5594162184695, 2.31760871110683, -8.8061018844787
-18.5594162184695, 1.7763612677017, -9.15873239800159
-18.5594162184695, 1.20749886016698, -9.46513347725332
-18.5594162184695, 0.618036788518665, -9.72955050784916
-18.5594162184695, 0, -9.90000000000001
-17.0127982002637, 5.80238835068691, -5.12506810262651E-15
-17.0127982002637, 5.46748885435149, -0.544638467716469
-17.0127982002637, 5.168169784595, -1.10958058391158
-17.0127982002637, 4.90868265251422, -1.69388452723178
-17.0127982002637, 4.68855379550723, -2.29415060705841
-17.0127982002637, 4.50264875880471, -2.90592149058578
-17.0127982002637, 4.34203291996923, -3.52484523702591
-17.0127982002637, 4.20226603260925, -4.14882110108108
-17.0127982002637, 4.07509282875152, -4.77550417538388
-17.0127982002637, 3.94896613529353, -5.40239993644208
-17.0127982002637, 3.81270797573288, -6.02715814243167
-17.0127982002637, 3.64992007451663, -6.64541435237551
-17.0127982002637, 3.41905462583974, -7.24113560944148
-17.0127982002637, 3.10470538884368, -7.79732596903788
-17.0127982002637, 2.70746434944789, -8.297669051716
-17.0127982002637, 2.24495778484195, -8.73854200585894
-17.0127982002637, 1.73366818811505, -9.12206529326303
-17.0127982002637, 1.18688700625502, -9.45328068784519
-17.0127982002637, 0.611186285920887, -9.73082981592837
-17.0127982002637, 0, -9.90000000000001
-15.4661801820579, 5.7372777478239, -4.76137384996116E-15
-15.4661801820579, 5.38296218001248, -0.524387384138614
-15.4661801820579, 5.06232739374774, -1.06998380702258
-15.4661801820579, 4.78029826564678, -1.6364883247189
-15.4661801820579, 4.53773488553263, -2.22099879393141
-15.4661801820579, 4.33103569113299, -2.81916896675845
-15.4661801820579, 4.15232503558075, -3.42632875258709
-15.4661801820579, 3.99689754345899, -4.03987251679218
-15.4661801820579, 3.85767202422053, -4.65731844851689
-15.4661801820579, 3.72318722044108, -5.2758222456409
-15.4661801820579, 3.58280710651634, -5.89300863700096
-15.4661801820579, 3.42636661717453, -6.50627801048187
-15.4661801820579, 3.22099370925858, -7.10457316398805
-15.4661801820579, 2.94149596389202, -7.67201421724028
-15.4661801820579, 2.58566208046997, -8.19478258305362
-15.4661801820579, 2.16323597759686, -8.66556772536986
-15.4661801820579, 1.68691275813687, -9.08186157664401
-15.4661801820579, 1.16585993972551, -9.44071120941748
-15.4661801820579, 0.604605677428405, -9.73205823668566
-15.4661801820579, 4.44089209850063E-16, -9.9
-13.9195621638521, 5.64300706783611, -4.05419452199306E-15
-13.9195621638521, 5.26825354729237, -0.50252230623402
-13.9195621638521, 4.92645812973663, -1.02797394461856
-13.9195621638521, 4.62341585067376, -1.57666947018701
-13.9195621638521, 4.36099301908313, -2.14592604365505
-13.9195621638521, 4.13632056377035, -2.73114832930363
-13.9195621638521, 3.94186155897021, -3.32714162341406
-13.9195621638522, 3.77189761192622, -3.93058545730551
-13.9195621638522, 3.62087949497618, -4.53907257615503
-13.9195621638521, 3.47810778450665, -5.1495608622542
-13.9195621638521, 3.33334638353765, -5.75957946891421
-13.9195621638521, 3.1809941750193, -6.36773778663633
-13.9195621638522, 3.00204587504093, -6.96844234874306
-13.9195621638521, 2.76279924729262, -7.54762213592996
-13.9195621638521, 2.45353842651762, -8.09238252175627
-13.9195621638521, 2.07481671540702, -8.59153282106487
-13.9195621638521, 1.63731537523965, -9.04006272405721
-13.9195621638521, 1.14483228925075, -9.42736403283303
-13.9195621638522, 0.598378526695873, -9.73282524024292
-13.9195621638521, 0, -9.90000000000001
-12.3729441456464, 5.50109341304708, -3.09551347665733E-15
-12.3729441456464, 5.10835561159874, -0.48134390933827
-12.3729441456464, 4.74836072570542, -0.987589318065042
-12.3729441456464, 4.42792778325659, -1.51972884983948
-12.3729441456464, 4.14981467059256, -2.07517336968975
-12.3729441456464, 3.91145465101408, -2.64884549965846
-12.3729441456464, 3.70513875920565, -3.23486642628541
-12.3729441456464, 3.52339091009335, -3.82897581945681
-12.3729441456464, 3.36203234867033, -4.42896645284991
-12.3729441456464, 3.21173273748222, -5.03183962573584
-12.3729441456464, 3.06293209464566, -5.63508714889215
-12.3729441456464, 2.91320496989996, -6.23810529488271
-12.3729441456464, 2.75925439359594, -6.84004468817314
-12.3729441456464, 2.56957530159875, -7.43147145303143
-12.3729441456464, 2.31422255887304, -7.99733623426042
-12.3729441456464, 1.98310150576077, -8.52258188986603
-12.3729441456464, 1.58667014412012, -9.00042513968391
-12.3729441456464, 1.12406980202385, -9.41430571282784
-12.3729441456464, 0.592379804272984, -9.73318029356847
-12.3729441456464, 0, -9.90000000000001
-10.8263261274406, 5.27735634518506, -2.13269035686352E-15
-10.8263261274406, 4.87500961884413, -0.465644718323532
-10.8263261274406, 4.5051323854968, -0.957414658429855
-10.8263261274406, 4.17530487372695, -1.47685918956396
-10.8263261274406, 3.88889925686206, -2.02146530486486
-10.8263261274406, 3.64342495466776, -2.58575389877061
-10.8263261274406, 3.43094598919783, -3.16334402365179
-10.8263261274406, 3.24224722481201, -3.74914910548054
-10.8263261274406, 3.07400710149411, -4.3411720239595
-10.8263261274406, 2.91851791931308, -4.93668854801698
-10.8263261274406, 2.7672924906569, -5.53330657160848
-10.8263261274406, 2.62096143781402, -6.13113995333002
-10.8263261274406, 2.49263887050072, -6.73303279056206
-10.8263261274406, 2.36516326565276, -7.33506077627139
-10.8263261274406, 2.17310281072157, -7.91920795441924
-10.8263261274406, 1.89295206707039, -8.46664416418828
-10.8263261274406, 1.53758967737603, -8.96852490942276
-10.8263261274406, 1.1039412227175, -9.40415546127311
-10.8263261274406, 0.586286912099307, -9.73376298486574
-10.8263261274406, 0, -9.90000000000001
-9.27970810923476, 4.93457474108769, -1.42571021770442E-15
-9.27970810923476, 4.53587677806058, -0.460210988800534
-9.27970810923476, 4.16944607167516, -0.946442586059546
-9.27970810923476, 3.84292499342111, -1.46028962608031
-9.27970810923476, 3.55955806713106, -1.99915471312574
-9.27970810923476, 3.31648639198895, -2.55740761671038
-9.27970810923476, 3.10548555095885, -3.12862189792242
-9.27970810923476, 2.9165941310844, -3.70754015274118
-9.27970810923476, 2.74700987926178, -4.29241861370255
-9.27970810923476, 2.59056865004852, -4.88096411487747
-9.27970810923476, 2.44036207163426, -5.47113556752588
-9.27970810923476, 2.30085509290806, -6.06390862171948
-9.27970810923476, 2.19957040156918, -6.6640247098442
-9.27970810923476, 2.16005057960621, -7.27161873659729
-9.27970810923476, 2.0416530217603, -7.86811957913422
-9.27970810923476, 1.81293541473413, -8.43171809429678
-9.27970810923476, 1.49484090441607, -8.95024455206435
-9.27970810923476, 1.08561583369444, -9.39985614177893
-9.27970810923476, 0.579957117973803, -9.73527212091031
-9.27970810923477, 0, -9.90000000000001
-7.4941436507651, 4.34520821238113, -1.22441598981596E-15
-7.61800488163375, 4.00719146746873, -0.487189202020851
-7.73210590840066, 3.69581027588495, -0.994064431655598
-7.83395963116926, 3.41785192212077, -1.52248818449916
-7.92263946716791, 3.17584504641473, -2.07062107192278
-7.99929813379648, 2.96664388813952, -2.63390306086868
-8.06685162377414, 2.78229071621008, -3.20699874606238
-8.1279537940429, 2.61554316690443, -3.7861848868679
-8.18331800579423, 2.46445448072245, -4.37023409222015
-8.23479934049159, 2.32396214864964, -4.95728711895943
-8.28394798601301, 2.189835714902, -5.54602464585722
-8.32722300813957, 2.07173837312163, -6.13859475138463
-8.34665417190807, 2.01871081412818, -6.74040329654225
-8.33830486737384, 2.0414960288491, -7.34530777458687
-8.37072762721975, 1.95301446228199, -7.94226485265517
-8.44878108488983, 1.7400069254945, -8.50296535140976
-8.56152710104547, 1.43232355180687, -9.01147041939542
-8.70782674084377, 1.03307248930999, -9.44143641921511
-8.8862430949277, 0.546175057210828, -9.75079138266735
-9.08638085695904, 0, -9.90000000000001
-6.28451079197626, 3.82853817467041, -1.41623187472581E-15
-6.47520727238078, 3.55474198770654, -0.515504438179408
-6.65356797113616, 3.29865713957593, -1.04431656506855
-6.81511758691192, 3.06670913135337, -1.5893863745981
-6.95785063264452, 2.86177738016201, -2.15030850719995
-7.08333155470934, 2.68161570163927, -2.72374995005745
-7.19617259556901, 2.51960197881189, -3.30521513037218
-7.299308192044, 2.37152303684508, -3.89217284266269
-7.39376353651329, 2.23590693580749, -4.4835956897773
-7.482612430623, 2.10834040510073, -5.07768215873694
-7.5661828602401, 1.98835253262633, -5.67409321377923
-7.63280382440377, 1.89270018539278, -6.2768282551764
-7.62026615989636, 1.91070138147296, -6.88630191942288
-7.58320807703577, 1.96390824592005, -7.49514864276053
-7.64938787718167, 1.86888930851994, -8.09554712164545
-7.80410009366856, 1.64675822953524, -8.64532548839643
-8.02188475759, 1.33406965534442, -9.12530409146712
-8.29349125002457, 0.944105342288047, -9.51238487089522
-8.60976143997131, 0.490014255373031, -9.7753644922911
-8.95105178036604, 0, -9.90000000000001
-5.41296902486416, 3.40275367890887, -1.65278927352191E-15
-5.63586163627686, 3.17986106749617, -0.543016687970669
-5.84798755264569, 2.96773515112735, -1.0945649524659
-6.0433029657151, 2.77241973805793, -1.65836444956555
-6.21866948743203, 2.597053216341, -2.2351287422269
-6.37563022146002, 2.44009248231301, -2.82242548969452
-6.51955017117645, 2.29617253259658, -3.41639069343323
-6.65226626120807, 2.16345644256495, -4.01555074788148
-6.77515783493131, 2.04056486884172, -4.61889627022637
-6.8920380503818, 1.92368465339123, -5.22463317042542
-6.9981189055275, 1.81760379824553, -5.83428298422962
-7.06289150402884, 1.75283119974419, -6.45450137177334
-6.95925120833979, 1.85647149543324, -7.06006242651757
-6.9102290353236, 1.90549366844943, -7.68038551193793
-7.03290774392617, 1.78281495984686, -8.28027122034162
-7.27200600389391, 1.54371669987912, -8.80753392024551
-7.58973092733343, 1.2259917764396, -9.24416829295271
-7.96421970167149, 0.851503002101539, -9.57925895383547
-8.37988586864337, 0.435836835129658, -9.79749920306822
-8.81572270377338, 0, -9.90000000000001
-4.66115758002976, 3.00188308052863, -1.88718572500803E-15
-4.90078667208926, 2.82290913905886, -0.574931077947151
-5.13328574026203, 2.64926046284305, -1.15439009859654
-5.35122633824228, 2.48648520257908, -1.74257206831719
-5.55032691872028, 2.33778115612624, -2.34106431127605
-5.73221453737378, 2.20193310973427, -2.94805018880976
-5.90206233842068, 2.07507735051873, -3.56045690490059
-6.06014960229171, 1.95700528978521, -4.17774950604386
-6.20843701347885, 1.84625253342155, -4.79882756984926
-6.35004824585371, 1.74048607494736, -5.42232270092703
-6.46755259169267, 1.65272454426725, -6.05339639514877
-6.46109404354906, 1.65754829837615, -6.69336633222349
-6.23711067249449, 1.82483677907268, -7.27614632324735
-6.2187238040806, 1.83856954533673, -7.91627904368112
-6.4357488579955, 1.67647808572717, -8.5012863571132
-6.77846736388691, 1.42050882386982, -8.98608785228677
-7.19920983854523, 1.10626509667394, -9.36421112499759
-7.6681412690713, 0.756030049338922, -9.64018322791232
-8.16717452664313, 0.383312578916121, -9.8175471677756
-8.68039362718002, 0, -9.90000000000001
-3.96504664892863, 2.60457946703842, -5.87706532118096E-15
-4.21136124181337, 2.46450448374475, -0.615389192172995
-4.45572508199122, 2.32553886084108, -1.2318028561791
-4.68938303929311, 2.19266149420933, -1.85366647615444
-4.90691793903278, 2.06895304035786, -2.48321983927206
-5.1105954806459, 1.95312503396725, -3.11889322978823
-5.30387283821425, 1.8432114380436, -3.75884881182013
-5.48582217087698, 1.73973990014348, -4.40318583278539
-5.65958618827854, 1.64092321393133, -5.05051436079852
-5.81962083886174, 1.54991418866688, -5.70242816894639
-5.91058793640959, 1.49818272395723, -6.37003935302393
-5.65180620227454, 1.64534756165987, -6.95620311990606
-5.3914182276669, 1.79342584141533, -7.55467263456928
-5.49082032210809, 1.73689753525556, -8.20997561958751
-5.84150612998679, 1.53746839017473, -8.75046753500459
-6.30440683606001, 1.27422451204942, -9.16683774335889
-6.82673355521628, 0.977186055647896, -9.47835094214032
-7.38440406559437, 0.660048177174177, -9.69424630454982
-7.96016828313872, 0.332620710498017, -9.83558834629954
-8.54506455058701, 0, -9.90000000000001
-3.29323697222427, 2.19866697992306, -2.50529155842298E-15
-3.53878280386031, 2.09315077350003, -0.669126334976848
-3.78762418840121, 1.9862183987052, -1.33681358665434
-4.03144748424441, 1.88144240212843, -2.00668228381118
-4.26390110541341, 1.78155219380509, -2.68132011494021
-4.48794064466828, 1.68527769338523, -3.35932879765114
-4.70356055583776, 1.59262128417524, -4.04055895722832
-4.90979726112599, 1.5039970358131, -4.72522538700509
-5.10867649617057, 1.41853444710451, -5.41244731473408
-5.25643045839242, 1.35504146303002, -6.11408163808802
-5.06699949853749, 1.4364439292306, -6.76783666192184
-4.57746986370661, 1.64680510562432, -7.24768591971596
-4.41573390087884, 1.71630644932891, -7.92415293612441
-4.73456277075852, 1.57929898060626, -8.54611208344599
-5.24122953247813, 1.36157362049288, -9.00669096777108
-5.82782947945502, 1.10949929008965, -9.33898286211336
-6.45111853784631, 0.841658877127884, -9.58025738517642
-7.09603736101135, 0.564523699479856, -9.74173312848866
-7.75016662622431, 0.2834306012355, -9.85181547774896
-8.40973547399401, 0, -9.90000000000001
-2.62460655119773, 1.77483792263861, -6.19957510080823E-15
-2.86197178385948, 1.70027159676653, -0.74143472543638
-3.10656145437204, 1.62343577345801, -1.48029688050005
-3.35318925260114, 1.54595968917371, -2.2184151567011
-3.59842092858886, 1.46892218515174, -2.95704301020144
-3.84015616923672, 1.39298305739161, -3.6969366911882
-4.07782564331091, 1.31832115659455, -4.43827545483425
-4.3116644908874, 1.24486261544928, -5.18095106802758
-4.50243769812523, 1.18493278925259, -5.93640230372336
-4.34402162114352, 1.23469789043077, -6.65774896934453
-3.69684251059747, 1.43800385867822, -7.04367020452345
-3.22751940579806, 1.58543783280887, -7.63351180279689
-3.40495791263503, 1.52969699252366, -8.36320187604676
-3.95428166504733, 1.35713147619963, -8.88737034529451
-4.61608785273283, 1.14923053257054, -9.24573346234789
-5.3219808597038, 0.927480079067417, -9.49769301533759
-6.04976666415051, 0.698852184194624, -9.66868016885177
-6.78760822998342, 0.467065354999369, -9.78430839404903
-7.52953877815607, 0.23399400580002, -9.86673190934019
-8.274406397401, 0, -9.90000000000001
-1.94150302026541, 1.32386130952124, -2.75634981026368E-15
-2.15178731879499, 1.2789425665868, -0.83151506474391
-2.37949599848359, 1.23030180872521, -1.65823388361753
-2.6184770853093, 1.17925315658914, -2.48162516932819
-2.86499572783934, 1.12659441026436, -3.30269167704366
-3.11705183231724, 1.07275280895952, -4.12200001658447
-3.37144442118444, 1.01841211218066, -4.94055379570965
-3.6013255769451, 0.969307292594568, -5.76627188564775
-3.45398305937261, 1.00078106746236, -6.56387409041533
-2.68492935698558, 1.16505831403689, -6.89765625477005
-1.99181144991897, 1.3131149464554, -7.36433796073999
-1.88904722649646, 1.33506637015679, -8.16946097357659
-2.42969131061878, 1.21957960864618, -8.81527679080575
-3.16687680930694, 1.06210971601933, -9.22139054987667
-3.96739161248684, 0.891112076582215, -9.47937933428837
-4.7912852431907, 0.715120495367235, -9.64483309364324
-5.62476737366353, 0.53708071864141, -9.75049493671945
-6.46145433321804, 0.358356359687261, -9.82579576105469
-7.29962562517011, 0.179314933097244, -9.88132256439258
-8.13907732080799, 0, -9.90000000000001
-1.22853748506386, 0.834784196408282, -2.8364763074348E-15
-1.37813059264786, 0.816352598257028, -0.905303269091333
-1.5509502676375, 0.79505921881272, -1.80640424489709
-1.74461517323954, 0.771197466264709, -2.70319530065429
-1.95790666566631, 0.744917491598871, -3.59545702203466
-2.18529035142736, 0.716901195996847, -4.48418969482686
-2.41724026085944, 0.688322288914291, -5.37170635999705
-2.45433513986269, 0.683751771499847, -6.27456457383206
-1.70086633371115, 0.776587828446456, -6.73343769521383
-0.884978928032838, 0.877114577579519, -7.10918992211159
-0.627828676923954, 0.90879845773604, -7.96384493051309
-0.941333943212376, 0.870170988998649, -8.81189504792116
-1.67776383541039, 0.77943432299321, -9.33334460430912
-2.55278098258352, 0.671622106958486, -9.5832694716574
-3.45466589180247, 0.560499472407493, -9.7098087875725
-4.36271507381408, 0.448617328271843, -9.78180431860031
-5.27229116625728, 0.336547051140343, -9.83117352729544
-6.18244950135442, 0.224405034990936, -9.86820377905767
-7.09287469596709, 0.112230138667886, -9.89798636402922
-8.00374824421499, 0, -9.90000000000001
-0.476269036043597, 0.294166456356261, -6.43572703806367E-15
-0.52440469932409, 0.29225092471262, -0.920221882756415
-0.584613245086315, 0.289854959501689, -1.83972835457307
-0.660481969121174, 0.286835806305346, -2.75806750871634
-0.75577227452374, 0.283043782203234, -3.67458966483201
-0.866467179324436, 0.278638740733254, -4.58938746104538
-0.971826088383143, 0.274446042212297, -5.50455504136317
-0.763074700831535, 0.282753186255975, -6.378196581116
-0.137372808643921, 0.307652641094419, -7.00814955974855
-0.0653585238631432, 0.310518409048792, -7.92606154777802
-0.090700803411182, 0.309509927289366, -8.84643546013332
-0.530405818429398, 0.292012113553491, -9.61367185173765
-1.42473733212574, 0.25642269403292, -9.80695357412143
-2.34425141077627, 0.219831148505345, -9.85281586193467
-3.2647952766725, 0.18319862317359, -9.87242746961941
-4.18547136868985, 0.146560835977722, -9.88469674832646
-5.10617229839941, 0.109922060379864, -9.89499509341322
-6.02690234624021, 0.0732821260423527, -9.90000000000001
-6.94766075693109, 0.0366410630211765, -9.90000000000001
-7.86841916762198, 0, -9.90000000000001
