-77.2922354598346, 1.95127554973445, -2.66446085379995E-15
-77.2922354598381, 2.3523371252891, -0.541467432818464
-77.2922354598402, 2.74015343972484, -1.09249324367125
-77.2922354598409, 3.11238569706283, -1.65415652182574
-77.2922354598405, 3.46627965611796, -2.22754141379325
-77.2922354598393, 3.79874124073821, -2.81360234250425
-77.2922354598379, 4.10684271052467, -3.41282043074516
-77.2922354598364, 4.38898072355523, -4.02468933021597
-77.292235459835, 4.6440239516224, -4.64833619281965
-77.2922354598335, 4.87121021496039, -5.28266077712021
-77.292235459832, 5.06682950784866, -5.92738981525304
-77.2922354598301, 5.21237200984556, -6.58441378861122
-77.2922354598284, 4.70104061068127, -6.90880654124375
-77.292235459828, 4.0347993274391, -7.00912607305136
-77.2922354598274, 3.3640188015747, -7.06863112759062
-77.2922354598272, 2.69083120572543, -7.09819302741607
-77.2922354598271, 2.0178006836129, -7.13114156935034
-77.292235459827, 1.34498433952505, -7.16818773243626
-77.2922354598269, 0.672556395408693, -7.21170373909028
-77.2922354598346, 0, -7.24834427466425
-75.7842828920839, 2.15208880609685, -2.56970446203689E-15
-75.7842828923545, 2.54100975718324, -0.551520764319828
-75.7842828922572, 2.91642221048905, -1.11231847895646
-75.7842828922468, 3.2761151938258, -1.68331923036052
-75.7842828930285, 3.61757394277861, -2.26539923036732
-75.7842828956336, 3.93812144152134, -2.85924285473694
-75.7842828936792, 4.23539039005449, -3.46506882848153
-75.7842828923503, 4.50771405114708, -4.08250513918186
-75.7842828928602, 4.75306835335204, -4.71113756322957
-75.7842828929144, 4.96809814028099, -5.35075859327314
-75.7842828922004, 5.14472685065314, -6.00197309271189
-75.7842828927122, 5.24524798009708, -6.66671038957318
-75.7842828922237, 4.70904043159623, -6.99329653863645
-75.78428289216, 4.04264601329361, -7.09872653126184
-75.7842828921878, 3.37014375980815, -7.14575976492134
-75.7842828922356, 2.69539470320084, -7.15819070261234
-75.7842828920934, 2.02089452676826, -7.18056819973376
-75.7842828921559, 1.34650379303624, -7.20608735749419
-75.7842828920826, 0.672099366436778, -7.23124293346985
-75.7842828920839, 0, -7.27635123245264
-74.2376648738781, 2.3510478481235, -2.37826986095151E-15
-74.2376648739837, 2.72790670116537, -0.561592010445582
-74.2376648747215, 3.09101586788796, -1.13216529995257
-74.2376648767232, 3.43824019036822, -1.71253617302504
-74.2376648806215, 3.76731677182788, -2.30337931509214
-74.2376648859055, 4.07586001556297, -2.90519240301827
-74.2376648790241, 4.36175200498931, -3.5180854168999
-74.2376648746361, 4.62323126562123, -4.1417780400125
-74.2376648773601, 4.8575027686894, -4.77617839360667
-74.2376648761744, 5.05894036199082, -5.42171876061351
-74.237664875104, 5.2155571134838, -6.07948110350238
-74.2376648751659, 5.26736595815168, -6.74887237533123
-74.2376648743865, 4.71778097131781, -7.08128609924523
-74.2376648741648, 4.05170171953236, -7.19706697532014
-74.2376648742552, 3.37799279881933, -7.24300777554764
-74.2376648744052, 2.70168123147043, -7.24648838559965
-74.2376648739083, 2.02552846173205, -7.26199389179991
-74.2376648741099, 1.34946807492777, -7.28123354717946
-74.2376648738922, 0.673386064701104, -7.29969655503573
-74.2376648738781, -4.44089209850063E-16, -7.34962036958127
-72.6910468556723, 2.54319257222012, -2.20691586377107E-15
-72.6910468556723, 2.90825934932616, -0.57134503200711
-72.6910468556723, 3.25939382546749, -1.15135154981334
-72.6910468556724, 3.59450071430507, -1.74075767573923
-72.6910468556724, 3.91139225388187, -2.34014764123313
-72.6910468556735, 4.20780352875836, -2.94991851240681
-72.6910468562359, 4.48174947254873, -3.57010318097531
-72.691046859312, 4.7315137032016, -4.20040741944744
-72.6910468671826, 4.95348993942795, -4.8410075687758
-72.6910468590151, 5.14044166640373, -5.49264054577647
-72.6910468605496, 5.27694354956672, -6.15654765209873
-72.6910468569178, 5.2819212582918, -6.8275562205279
-72.6910468567121, 4.72658334975428, -7.16879919984818
-72.6910468562778, 4.06123475505364, -7.29768603942637
-72.6910468564358, 3.38657205438821, -7.35084955609142
-72.6910468566976, 2.70855809635849, -7.35442379514988
-72.6910468557242, 2.03067585518767, -7.36855881580667
-72.6910468560847, 1.35290351721047, -7.38733498437702
-72.6910468557575, 0.675198003478438, -7.40838643498287
-72.6910468556724, 4.44089209850063E-16, -7.46440403858497
-71.1444288374665, 2.72917719763854, -2.13517393343135E-15
-71.1444288374665, 3.08270549679312, -0.580774417896241
-71.1444288374665, 3.42210842484414, -1.16991015797484
-71.1444288374665, 3.74527561022818, -1.7681003093229
-71.1444288374665, 4.05000447902623, -2.37588411966684
-71.1444288374665, 4.33401468224025, -2.99361437906028
-71.1444288374665, 4.59537124072848, -3.62126127215286
-71.1444288374665, 4.83232091215982, -4.25851489085156
-71.1444288374666, 5.04092973299641, -4.90557993816038
-71.1444288386557, 5.21285102926285, -5.56328116336349
-71.144428848219, 5.32944982318986, -6.23284149047461
-71.1444288382394, 5.29139943903155, -6.90336987035797
-71.1444288391378, 4.73422886594037, -7.25479784478242
-71.1444288384677, 4.06984738218385, -7.39767087552472
-71.1444288386798, 3.39434969285752, -7.46302151900927
-71.1444288390297, 2.71453910138878, -7.47543173374973
-71.1444288375356, 2.03488139331977, -7.4945084099327
-71.1444288380333, 1.35536108082937, -7.51799228867034
-71.1444288377316, 0.676023183889495, -7.54624082992827
-71.1444288374665, 4.44089209850063E-16, -7.61521971579973
-69.5978108192607, 2.90908655672639, -2.17159143165428E-15
-69.5978108192608, 3.25137775467821, -0.589905540355427
-69.5978108192607, 3.57929357833615, -1.18791639165953
-69.5978108192608, 3.89065897257316, -1.79470325833123
-69.5978108192608, 4.18318269366508, -2.41078810481369
-69.5978108192608, 4.45446516709216, -3.03650959486279
-69.5978108192608, 4.70257196132223, -3.67177377107699
-69.5978108192607, 4.92580757498684, -4.3161903718083
-69.5978108192607, 5.12022246301044, -4.96985913285968
-69.5978108192607, 5.27682752337369, -5.63352943275824
-69.5978108192951, 5.37390260213059, -6.30826858359189
-69.5978108195812, 5.29705217397424, -6.97707966382951
-69.5978108215836, 4.73991311436066, -7.33901043962608
-69.5978108206845, 4.07658112490622, -7.49590102823125
-69.5978108209358, 3.4003709407711, -7.57613267074002
-69.5978108213171, 2.71891340302597, -7.6041896380543
-69.59781081934, 2.0375220014571, -7.63380581619792
-69.5978108199217, 1.35624394347351, -7.66591199231001
-69.5978108198971, 0.675223884092551, -7.70303954778603
-69.5978108192607, 0, -7.79381612872605
-68.051192801055, 3.08204969287894, -2.26822032787199E-15
-68.051192801055, 3.41360292839778, -0.598753066621451
-68.051192801055, 3.73040640813921, -1.20543423303225
-68.051192801055, 4.03018348658597, -1.82070054454833
-68.051192801055, 4.3105090068382, -2.44506250377987
-68.051192801055, 4.56881313554474, -3.07884409095795
-68.051192801055, 4.80317849015082, -3.72186024684919
-68.051192801055, 5.01207223208114, -4.37358902006563
-68.051192801055, 5.19181911891069, -5.03393220145333
-68.051192801055, 5.33310399615296, -5.70347833458205
-68.0511928012542, 5.41069101940799, -6.38307421273261
-68.0511928012665, 5.29934702520102, -7.04948981078069
-68.0511928039456, 4.7429466165188, -7.42172683590999
-68.0511928028557, 4.08063915631689, -7.59258298312615
-68.0511928031489, 3.4039031687757, -7.68929449869025
-68.0511928034778, 2.72111433646507, -7.73673908454956
-68.0511928011367, 2.03808140787135, -7.78054289097274
-68.0511928017286, 1.35501792128873, -7.82387035980162
-68.0511928016492, 0.672218320605546, -7.87110201397274
-68.051192801055, 4.44089209850063E-16, -7.99087204839333
-66.5045747828492, 3.24714871186328, -2.38704113216851E-15
-66.5045747828492, 3.5686753032318, -0.607331975621773
-66.5045747828492, 3.8748818017921, -1.22252488782187
-66.5045747828491, 4.16336622386812, -1.84621813905911
-66.5045747828491, 4.43155205278246, -2.47889768061318
-66.5045747828491, 4.6766998156195, -3.12084670446779
-66.5045747828491, 4.89697423862526, -3.77174828360096
-66.5045747828491, 5.09111349383438, -4.43091108044791
-66.5045747828491, 5.25599193839743, -5.09797908433491
-66.5045747828492, 5.38212027707752, -5.77335691693694
-66.5045747834256, 5.44008789559398, -6.45758004981934
-66.5045747834256, 5.29821558691733, -7.12135674391133
-66.5045747861209, 4.74249196127039, -7.50331313526125
-66.5045747849028, 4.08107863124299, -7.68802153294524
-66.5045747852666, 3.40398140337963, -7.80195505990558
-66.5045747854581, 2.72018199981004, -7.8702549591336
-66.5045747829263, 2.03561185745237, -7.93036673738781
-66.5045747834519, 1.35071071408288, -7.98660800800718
-66.5045747833039, 0.666008739468683, -8.04513019123131
-66.5045747828492, 0, -8.19970708455483
-64.9579567646433, 3.40341207855176, -2.49805330009535E-15
-64.9579567646433, 3.7158428017591, -0.615645113465215
-64.9579567646434, 4.01211039011277, -1.23922346280703
-64.9579567646434, 4.28967768743918, -1.8713404367399
-64.9579567646434, 4.54582847178161, -2.51242686818822
-64.9579567646434, 4.77770822809168, -3.16267711899851
-64.9579567646434, 4.98366394537347, -3.82159670940021
-64.9579567646434, 5.16281532221745, -4.48829886300962
-64.9579567646433, 5.31284701737368, -5.16214025403432
-64.9579567646434, 5.42409508469034, -5.84336045099051
-64.9579567658172, 5.46230146830056, -6.53203527433308
-64.9579567659996, 5.29338492789475, -7.19319742666499
-64.9579567680142, 4.73782820725274, -7.58409873109846
-64.9579567667525, 4.07709113339337, -7.78250395074371
-64.9579567672314, 3.39969117936029, -7.91368275365014
-64.9579567672241, 2.71504455802231, -8.00257742426001
-64.9579567647105, 2.02898526532907, -8.07984459114799
-64.9579567651053, 1.34216232417876, -8.15003981447869
-64.9579567649351, 0.65544366953098, -8.22112711670385
-64.9579567646434, 0, -8.41528178418784
-63.4113387464376, 3.55013877764724, -2.57822165301827E-15
-63.4113387464376, 3.85454400963045, -0.62368949998244
-63.4113387464376, 4.14160691050991, -1.25554208288603
-63.4113387464376, 4.40866006909494, -1.89610090415919
-63.4113387464376, 4.65289003438655, -2.54569573095415
-63.4113387464376, 4.87143552806972, -3.20436759163578
-63.4113387464376, 5.06294618094689, -3.87140221636982
-63.4113387464376, 5.22703621104635, -4.5457045906005
-63.4113387464376, 5.36243475141428, -5.22634239080439
-63.4113387464375, 5.45916534960532, -5.91343298673538
-63.4113387483036, 5.47761969567295, -6.60639389159423
-63.4113387487312, 5.28469037329659, -7.26514050261674
-63.4113387495662, 4.7286519849442, -7.6642375693247
-63.4113387483649, 4.06834715997233, -7.87618377265786
-63.4113387489856, 3.39056940802117, -8.02404497869015
-63.4113387487606, 2.70499860100521, -8.13199978512925
-63.4113387464924, 2.01739948989046, -8.22619736011177
-63.4113387467222, 1.32856664197451, -8.31094565086847
-63.4113387466191, 0.639781323545369, -8.39592749999828
-63.4113387464376, 0, -8.63329976268535
-61.8547207282318, 3.69010054895988, -2.62738717002069E-15
-61.8547207282318, 3.98700726878882, -0.631660291109611
-61.8547207282318, 4.26512536013113, -1.27180815274666
-61.8547207282318, 4.52167522631014, -1.92089244148812
-61.8547207282318, 4.75380597792693, -2.57909593524486
-61.8547207282318, 4.95877609739728, -3.24624971265754
-61.8547207282318, 5.13564447598682, -3.92139944695244
-61.8547207282318, 5.28463162409257, -4.60324585596153
-61.8547207282318, 5.40568686604363, -5.29059960505074
-61.8547207282318, 5.48823409897632, -5.98351151193346
-61.8547207306644, 5.48702935627038, -6.68051297928726
-61.8547207312463, 5.27272595529514, -7.33711480541834
-61.8547207308543, 4.71576110303714, -7.74385209539288
-61.8547207298059, 4.05575132409837, -7.96921296485836
-61.8547207305413, 3.37749687363481, -8.13292464616091
-61.8547207301238, 2.69089735159464, -8.25839268025817
-61.8547207282765, 2.00176866443066, -8.36914435670225
-61.8547207283578, 1.31097959134787, -8.46905858693981
-61.8547207283947, 0.620203397775188, -8.56889314071813
-61.8547207282318, 4.44089209850063E-16, -8.85013678778169
-57.9981756827178, 4.02160621679846, -2.66430733016044E-15
-57.9981756827175, 4.29685318061133, -0.651686372909759
-57.9981756827174, 4.54974571501083, -1.31236030070581
-57.9981756827173, 4.77742786638889, -1.98213189838105
-57.9981756827173, 4.97729277933009, -2.66071618801057
-57.9981756828462, 5.14739567898617, -3.3473631990218
-57.9981756847281, 5.28802617445269, -4.04065245912274
-57.9981756909354, 5.40112059537323, -4.73897202070674
-57.9981756874023, 5.48937615952938, -5.44086725409369
-57.9981756850069, 5.53909060052518, -6.14637543211434
-57.9981756833159, 5.49256012477454, -6.85108888988379
-57.998175684962, 5.23870533375223, -7.50440315526775
-57.9981756837803, 4.68073672979149, -7.92924921315543
-57.9981756833133, 4.02234555968678, -8.18655251709593
-57.9981756839174, 3.34333847842463, -8.38451976859972
-57.9981756833435, 2.6548874674528, -8.54736532079756
-57.9981756827404, 1.96340113858118, -8.69680238969555
-57.9981756827033, 1.26968848693369, -8.83556135632955
-57.9981756829035, 0.575446588564864, -8.97149161476657
-57.9981756827173, -4.44089209850063E-16, -9.33923772719394
-54.1316306372028, 4.36237116406511, -2.6901335649779E-15
-54.1316306366539, 4.59926495598836, -0.672499212990093
-54.131630636968, 4.81329597432797, -1.35261330249617
-54.1316306362185, 5.00206924354518, -2.04015966801279
-54.1316306314927, 5.16364829642587, -2.73459582104506
-54.1316306332876, 5.29730539379327, -3.43494411975589
-54.1316306365711, 5.40438164405433, -4.13985324813143
-54.1316306348161, 5.48727216620921, -4.84802239737427
-54.1316306359215, 5.54870585440714, -5.55837276337711
-54.1316306338017, 5.56903722475424, -6.27086352841897
-54.1316306354099, 5.48773870767464, -6.97810872524398
-54.1316306352564, 5.2191353084826, -7.63276883667957
-54.1316306364163, 4.66803608123349, -8.076752317498
-54.1316306367989, 4.01554973697658, -8.36274191757364
-54.1316306368518, 3.33905435565447, -8.58763017692974
-54.1316306368581, 2.65230218214587, -8.77939738307184
-54.1316306370453, 1.96265220517708, -8.96048159251726
-54.1316306371104, 1.27075951728, -9.13280721123948
-54.1316306370049, 0.577723401321978, -9.30037519295847
-54.1316306372028, 0, -9.68199356395567
-50.2650855916883, 4.70201505742344, -3.02773826676866E-15
-50.2650855916883, 4.88238684020002, -0.690855520408933
-50.2650855916883, 5.04364015333523, -1.38641820802895
-50.2650855916883, 5.18437886174411, -2.08641770493605
-50.2650855916883, 5.30383930596327, -2.79036000316953
-50.2650855916883, 5.40217140834023, -3.49756573428866
-50.2650855916883, 5.48059419679522, -4.20725832121603
-50.2650855916883, 5.54055848117514, -4.91875180339662
-50.2650855916883, 5.58168869886942, -5.63156560468703
-50.2650855916883, 5.57918003434932, -6.3453208413339
-50.2650855916883, 5.47838683019887, -7.05129009706709
-50.2650855916883, 5.21403326756044, -7.7100204334635
-50.2650855916883, 4.67769759218823, -8.17325240721847
-50.2650855810828, 4.03497749107312, -8.4826708527141
-50.2650855876562, 3.36411272774154, -8.72683692213135
-50.2650855884179, 2.68258671430303, -8.93977038561061
-50.26508558889, 1.99781711835403, -9.14208030594868
-50.2650855899832, 1.31092692215338, -9.3370762351831
-50.2650855898992, 0.623599773038776, -9.53049801680992
-50.2650855916883, 4.44089209850063E-16, -9.85434638706313
-46.3985405461738, 4.99780525045172, -3.71067389827549E-15
-46.3985405461738, 5.11479545981559, -0.702719594342123
-46.3985405461738, 5.21862134225104, -1.40750362755853
-46.3985405461738, 5.3090760438876, -2.1141284216191
-46.3985405461738, 5.38666255342928, -2.82228306317315
-46.3985405461738, 5.45244923539168, -3.53163289147624
-46.3985405461738, 5.50705048317497, -4.24193124865296
-46.3985405461738, 5.54988487714955, -4.95303457963045
-46.3985405461738, 5.57692822799483, -5.66489016762843
-46.3985405461738, 5.56212353006091, -6.37688717762534
-46.3985405461738, 5.45661339569675, -7.08067884416619
-46.3985405461739, 5.20140753716813, -7.7419250467583
-46.3985405461738, 4.68237453617646, -8.22209048484492
-46.3985405461738, 4.05055100005326, -8.54937365062591
-46.3985405461738, 3.38603946159337, -8.80583879200389
-46.3985405461738, 2.71109659854691, -9.03372374992733
-46.3985405461738, 2.03175795957727, -9.24821587989082
-46.3985405461738, 1.35034616946994, -9.45604345298911
-46.3985405461738, 0.66897078724176, -9.66398702078064
-46.3985405461738, 0, -9.89957957699995
-42.5319955006567, 5.2327506751776, -2.90769008368656E-15
-42.5319955006582, 5.2874206995053, -0.707254391568471
-42.531995500659, 5.33481656238279, -1.41503399789434
-42.5319955006593, 5.37630513019518, -2.12318575717541
-42.5319955006593, 5.4143041514153, -2.83153449219855
-42.5319955006594, 5.45155495048579, -3.53992336926373
-42.5319955006593, 5.48699286454982, -4.2484043573563
-42.5319955006594, 5.51695155465382, -4.95713580941013
-42.5319955006593, 5.53448743413271, -5.66625876342628
-42.5319955006593, 5.51423389093233, -6.37514060862421
-42.5319955006593, 5.41071122168195, -7.0761837086242
-42.5319955006593, 5.15785230479673, -7.73554710411304
-42.5319955006593, 4.65758735419448, -8.23131857150417
-42.5319955006593, 4.03833058427174, -8.57533864804702
-42.5319955006593, 3.38057654639688, -8.84061333641428
-42.5319955006593, 2.71143579635706, -9.07601571515123
-42.5319955006593, 2.03719632367504, -9.29645323902039
-42.5319955006593, 1.36033195815913, -9.50871249893446
-42.5319955006593, 0.682438136247683, -9.71766757381981
-42.5319955006594, 0, -9.90000000000001
-38.6654504551448, 5.42875638476176, -3.06641204372213E-15
-38.6654504551448, 5.42004214302264, -0.703474634312396
-38.6654504551448, 5.41327185641535, -1.4069704840414
-38.6654504551449, 5.40948505310098, -2.11048835928584
-38.6654504551448, 5.41003595648464, -2.8140153287366
-38.6654504551449, 5.41671343562182, -3.517509813077
-38.6654504551449, 5.42763711759166, -4.22095358934539
-38.6654504551449, 5.43867763580783, -4.92439546758746
-38.6654504560732, 5.44304662086687, -5.62789679105724
-38.6654505228765, 5.417185850064, -6.33080400375161
-38.6654506482141, 5.31375368198013, -7.02599117041134
-38.6654504551448, 5.06735092990893, -7.68217246581998
-38.6654504551449, 4.59305243347363, -8.1954217119359
-38.6654504551448, 3.99462089655402, -8.56343750233474
-38.6654504551448, 3.34946232816651, -8.84346265802344
-38.6654504551449, 2.68897613686106, -9.08563883278572
-38.6654504551449, 2.02190688605696, -9.30914736482224
-38.6654504551448, 1.35142116527005, -9.52220927790825
-38.6654504551448, 0.678722673746249, -9.72818335178184
-38.6654504551449, 0, -9.90000000000001
-34.7989054096297, 5.60120664161596, -3.92677252125409E-15
-34.7989054096301, 5.52019486368148, -0.690179575199702
-34.7989054096303, 5.4563931542967, -1.38216219147
-34.7989054096304, 5.40882254324298, -2.07545372306646
-34.7989054096304, 5.37468610379994, -2.7695420835382
-34.7989054096304, 5.34999038044216, -3.46403518068664
-34.7989054096304, 5.33228408764186, -4.15874275134023
-34.7989054096304, 5.31822601715358, -4.85353593536807
-34.7989054096304, 5.30215913619848, -5.54828157215443
-34.7989054096304, 5.26489914998557, -6.24212990599139
-34.7989054096304, 5.15944951163367, -6.92840897943723
-34.7989054096304, 4.923835333142, -7.58013989277525
-34.7989054096304, 4.48654687418333, -8.11489420409726
-34.7989054096304, 3.91871739580944, -8.51385543948143
-34.7989054096304, 3.29548359737631, -8.82037210721757
-34.7989054096304, 2.64977499734582, -9.07704598961059
-34.7989054096304, 1.99417277575725, -9.30745640768998
-34.7989054096304, 1.33359411121992, -9.52323182980011
-34.7989054096304, 0.670112110232539, -9.72992170363634
-34.7989054096304, 0, -9.90000000000001
-30.9323603641159, 5.74049310431992, -3.95460032862299E-15
-30.9323603641159, 5.5801964201727, -0.664954294282409
-30.9323603641159, 5.45504002383543, -1.33740823074991
-30.9323603641159, 5.36246983862498, -2.01514069244695
-30.9323603641159, 5.29451224251745, -2.69581182923579
-30.9323603641159, 5.2406793670022, -3.37776449892013
-30.9323603641159, 5.19492283723072, -4.06030833962223
-30.9323603641159, 5.15394572794395, -4.74315861461142
-30.9323603641159, 5.11242229233269, -5.4259746407585
-30.9323603641159, 5.05605198004139, -6.10768240173752
-30.9323603641159, 4.94799257303081, -6.78274398248667
-30.9323603641159, 4.72450680576429, -7.42772252727571
-30.9323603641159, 4.33275120486235, -7.98490461660731
-30.9323603641159, 3.80655834573599, -8.42039876412722
-30.9323603641159, 3.2163507198529, -8.76502975437352
-30.9323603641159, 2.59326791727599, -9.04703447237151
-30.9323603641159, 1.9549390742347, -9.29285404478314
-30.9323603641159, 1.30880310473175, -9.51745721480242
-30.9323603641159, 0.658274322359882, -9.72903706393734
-30.9323603641159, 0, -9.90000000000001
-27.0658153186014, 5.83446485627144, -4.23633087210321E-15
-27.0658153186014, 5.60406014445275, -0.63047506590368
-27.0658153186014, 5.41826767223269, -1.2754931269092
-27.0658153186014, 5.27604070873798, -1.93153120530333
-27.0658153186014, 5.16820245446023, -2.59414655197839
-27.0658153186014, 5.08116184989396, -3.25985296363049
-27.0658153186014, 5.00515000397009, -3.92691357795585
-27.0658153186014, 4.93610698475794, -4.59473661119061
-27.0658153186014, 4.86725313145993, -5.26257921795121
-27.0658153186014, 4.78718396054263, -5.92914598492366
-27.0658153186014, 4.67165603038583, -6.59030324222402
-27.0658153186014, 4.46637492476847, -7.22844916047302
-27.0658153186014, 4.12484566163755, -7.80444156081611
-27.0658153186014, 3.65373050279938, -8.28105467468086
-27.0658153186014, 3.10798468527789, -8.67093886384136
-27.0658153186014, 2.51665555532648, -8.98838546811721
-27.0658153186014, 1.90296676604068, -9.26041627300606
-27.0658153186014, 1.27709396310139, -9.5032898494975
-27.0658153186014, 0.643920981164848, -9.72649750848283
-27.0658153186014, 0, -9.90000000000001
-23.1892702730869, 5.86591268964711, -4.94789534615198E-15
-23.1892702730869, 5.58050580952008, -0.591356837359109
-23.1892702730869, 5.33838561391027, -1.20168659748573
-23.1892702730869, 5.14154574533839, -1.82810831005766
-23.1892702730869, 4.98427234410601, -2.46566962270311
-23.1892702730869, 4.85531907743481, -3.10960899246615
-23.1892702730869, 4.7432946048448, -3.75672293265586
-23.1892702730869, 4.64356610437707, -4.40585592444005
-23.1892702730869, 4.5474513966329, -5.05553853160547
-23.1892702730869, 4.44403506871072, -5.70408586799215
-23.1892702730869, 4.31764862472888, -6.34848159467469
-23.1892702730869, 4.13206389548301, -6.97790796471729
-23.1892702730869, 3.84243027202702, -7.56626637945532
-23.1892702730869, 3.44200445611905, -8.08533875874272
-23.1892702730869, 2.95573008254131, -8.52582689294643
-23.1892702730869, 2.41061907013096, -8.89143765249939
-23.1892702730869, 1.83309942668768, -9.20378827683536
-23.1892702730869, 1.2364127076903, -9.47800401490929
-23.1892702730869, 0.626989043564073, -9.72264415360983
-23.1892702730869, 0, -9.90000000000001
-21.6526522548811, 5.85728471353616, -5.14615966812181E-15
-21.6526522548811, 5.55356094560147, -0.575143300592475
-21.6526522548811, 5.29059351967132, -1.16999496987263
-21.6526522548811, 5.07138000647059, -1.78233337383261
-21.6526522548811, 4.89219769287269, -2.40760401322259
-21.6526522548811, 4.74390090268572, -3.04096167182293
-21.6526522548811, 4.61551612331977, -3.67867448595394
-21.6526522548811, 4.50239703838984, -4.31928387244968
-21.6526522548811, 4.3955497899803, -4.96097803612061
-21.6526522548811, 4.28383438352998, -5.60183392929715
-21.6526522548811, 4.15367844168996, -6.23915772529466
-21.6526522548811, 3.97586698571368, -6.86452325374622
-21.6526522548811, 3.70588463230598, -7.4555207761345
-21.6526522548811, 3.3357017332777, -7.98925144376183
-21.6526522548811, 2.87797047923271, -8.45061382069015
-21.6526522548811, 2.35740581131145, -8.83995486617542
-21.6526522548811, 1.7991194215189, -9.1734629220763
-21.6526522548811, 1.2175522495995, -9.46473748695668
-21.6526522548811, 0.619705652864416, -9.72094023303705
-21.6526522548811, 0, -9.90000000000001
-20.1060342366753, 5.83373472308027, -5.20854247349861E-15
-20.1060342366753, 5.51269571354379, -0.558339075767658
-20.1060342366753, 5.22955895342603, -1.13678898892569
-20.1060342366753, 4.98810301075669, -1.73384068554137
-20.1060342366753, 4.7865011257752, -2.34553581643117
-20.1060342366753, 4.61786510571191, -2.9671727473198
-20.1060342366753, 4.47216418069029, -3.59460885771717
-20.1060342366753, 4.34484415030839, -4.22604500391858
-20.1060342366753, 4.22708226553998, -4.85934774113303
-20.1060342366753, 4.10745868477376, -5.4922976907393
-20.1060342366753, 3.97383452635693, -6.12241611674254
-20.1060342366753, 3.80397418426332, -6.74353401027878
-20.1060342366753, 3.55408077467027, -7.33653428403672
-20.1060342366753, 3.21420253670732, -7.88284776885983
-20.1060342366753, 2.78788198458981, -8.36491066205401
-20.1060342366753, 2.29595231845914, -8.77996194531848
-20.1060342366753, 1.76061893720935, -9.13779332219471
-20.1060342366753, 1.19694776029794, -9.44931670329092
-20.1060342366753, 0.612151513593252, -9.71903661828323
-20.1060342366753, 0, -9.90000000000001
-18.5594162184695, 5.79216242226896, -5.0803153537644E-15
-18.5594162184695, 5.45401298416437, -0.540706354891183
-18.5594162184695, 5.15131625120117, -1.10199492724506
-18.5594162184695, 4.88847970474825, -1.68301046785968
-18.5594162184695, 4.66521859341421, -2.28037736497411
-18.5594162184695, 4.47655699220314, -2.88959617872264
-18.5594162184695, 4.31355986115798, -3.50621167373696
-18.5594162184695, 4.1717063269743, -4.12804468502227
-18.5594162184695, 4.04290323917965, -4.75273126447739
-18.5594162184695, 3.91559455510123, -5.37772612894963
-18.5594162184695, 3.77856759219464, -6.00064952453353
-18.5594162184695, 3.61619178752435, -6.61734226476071
-18.5594162184695, 3.3880979372161, -7.21241371155322
-18.5594162184695, 3.07859606735847, -7.76949192886286
-18.5594162184695, 2.68628434081679, -8.27160054917221
-18.5594162184695, 2.22622321422046, -8.712626801496
-18.5594162184695, 1.71746462826017, -9.09687691711027
-18.5594162184695, 1.17464195256345, -9.43145704629694
-18.5594162184695, 0.604384800017578, -9.71660008525418
-18.5594162184695, 0, -9.90000000000001
-17.0127982002637, 5.72941575823987, -4.70797390415642E-15
-17.0127982002637, 5.37363511053044, -0.521849503103243
-17.0127982002637, 5.05168808147089, -1.06518749953843
-17.0127982002637, 4.76860939524118, -1.62973839735557
-17.0127982002637, 4.52527817773478, -2.21254508924544
-17.0127982002637, 4.31799981523385, -2.80916329298457
-17.0127982002637, 4.13873831787977, -3.41483085380105
-17.0127982002637, 3.98260993328834, -4.0268799857285
-17.0127982002637, 3.84274340108532, -4.64287242254893
-17.0127982002637, 3.707836604226, -5.25997836859706
-17.0127982002637, 3.56724316312005, -5.87580773376841
-17.0127982002637, 3.41095058123103, -6.48780032165023
-17.0127982002637, 3.20691700215482, -7.08522051326447
-17.0127982002637, 2.92960060980264, -7.65231204709658
-17.0127982002637, 2.57413009073597, -8.17370920629573
-17.0127982002637, 2.14846323077109, -8.63978023949932
-17.0127982002637, 1.66956036172226, -9.05124997599808
-17.0127982002637, 1.15053854828066, -9.41087678496389
-17.0127982002637, 0.596354900679647, -9.71319607565766
-17.0127982002637, 0, -9.90000000000001
-15.4661801820579, 5.64173062923123, -4.04432973420601E-15
-15.4661801820579, 5.26747641236983, -0.501488291364513
-15.4661801820579, 4.9263739454842, -1.02604494512824
-15.4661801820579, 4.62427200049081, -1.57397090155104
-15.4661801820579, 4.36298198260646, -2.14250806609813
-15.4661801820579, 4.13947045840637, -2.7269694138504
-15.4661801820579, 3.94599955593986, -3.32210128189067
-15.4661801820579, 3.77666683347555, -3.92455379588857
-15.4661801820579, 3.62604379676386, -4.53197881712852
-15.4661801820579, 3.48361864151939, -5.14139149555821
-15.4661801820579, 3.33919634007912, -5.75033296734369
-15.4661801820579, 3.18700104683477, -6.35736908739131
-15.4661801820579, 3.00788789292432, -6.95684659972622
-15.4661801820579, 2.76777383558343, -7.53442710842424
-15.4661801820579, 2.4531510659178, -8.07467814405196
-15.4661801820579, 2.06388293334942, -8.56415242311624
-15.4661801820579, 1.61747689055577, -9.0023308984373
-15.4661801820579, 1.12465088447655, -9.38754658403599
-15.4661801820579, 0.587938451060495, -9.70831100281331
-15.4661801820579, 0, -9.90000000000001
-13.9195621638521, 5.51380121137618, -3.16878512408465E-15
-13.9195621638521, 5.12321280520685, -0.481582759807167
-13.9195621638521, 4.76547355475684, -0.987991507925212
-13.9195621638521, 4.44736928617601, -1.52016297527095
-13.9195621638521, 4.17156508366654, -2.07545163347999
-13.9195621638521, 3.93536600035185, -2.64875235008207
-13.9195621638521, 3.73095610552531, -3.23420216922022
-13.9195621638521, 3.55079362913562, -3.82757206434015
-13.9195621638522, 3.3907134888204, -4.42669404150449
-13.9195621638522, 3.24146918220851, -5.02862336562292
-13.9195621638522, 3.09356651724361, -5.63088629735514
-13.9195621638522, 2.94413762649986, -6.23277207111577
-13.9195621638521, 2.78899350374998, -6.83319005711283
-13.9195621638521, 2.59421368480114, -7.4216758805329
-13.9195621638521, 2.32591599836801, -7.98003691707136
-13.9195621638521, 1.97480376977618, -8.49067453347502
-13.9195621638522, 1.56249676989659, -8.9534620410183
-13.9195621638522, 1.09724078363817, -9.3628762813536
-13.9195621638521, 0.578983578709503, -9.70207572892967
-13.9195621638521, 0, -9.90000000000001
-12.3729441456464, 5.31988154526889, -2.27551370968768E-15
-12.3729441456464, 4.91977544219136, -0.465929663597547
-12.3729441456464, 4.55215232811445, -0.957832341649745
-12.3729441456464, 4.22452483739063, -1.47719532979462
-12.3729441456464, 3.94020141633418, -2.02148682672782
-12.3729441456464, 3.69666195712935, -2.58525664119892
-12.3729441456464, 3.48599308412704, -3.16218298924612
-12.3729441456464, 3.29900472512976, -3.74722819551754
-12.3729441456464, 3.13233480173724, -4.33840056228754
-12.3729441456464, 2.97820390096929, -4.93298277569192
-12.3729441456464, 2.82799556013721, -5.52857244886119
-12.3729441456464, 2.68194718488329, -6.12519287674414
-12.3729441456464, 2.5514465069618, -6.72536048147014
-12.3729441456464, 2.41282173996568, -7.32355885417881
-12.3729441456464, 2.19703612582965, -7.89780723924127
-12.3729441456464, 1.88534020316756, -8.42646010927137
-12.3729441456464, 1.50709771926784, -8.90993972351821
-12.3729441456464, 1.06918491350402, -9.33993084749927
-12.3729441456464, 0.569472207351321, -9.69548208676195
-12.3729441456464, 0, -9.90000000000001
-10.8263261274406, 5.03378673991883, -1.56398133574921E-15
-10.8263261274406, 4.63457866198578, -0.458151349346703
-10.8263261274406, 4.26752065286516, -0.942378931083501
-10.8263261274406, 3.94032101469472, -1.45434518597428
-10.8263261274406, 3.65638125039687, -1.99152614509466
-10.8263261274406, 3.41303386906738, -2.54832438823345
-10.8263261274406, 3.20223703679136, -3.11831045319688
-10.8263261274406, 3.01388491470719, -3.69611999423074
-10.8263261274406, 2.84506559313196, -4.27994897542538
-10.8263261274406, 2.68941354891476, -4.86744139627471
-10.8263261274406, 2.53960405282988, -5.4564553203814
-10.8263261274406, 2.39931963061047, -6.04779475745999
-10.8263261274406, 2.292362938373, -6.64579346921474
-10.8263261274406, 2.23210897192216, -7.25033882298767
-10.8263261274406, 2.07477855340212, -7.83626064513623
-10.8263261274406, 1.80224117620234, -8.37871908611338
-10.8263261274406, 1.45566378472668, -8.87745161076997
-10.8263261274406, 1.04238989504307, -9.32224510811757
-10.8263261274406, 0.559745662275989, -9.6898267447577
-10.8263261274406, 0, -9.90000000000001
-9.27970810923477, 4.63014124196379, -1.22759227928229E-15
-9.27970810923477, 4.24597042120894, -0.461838468983792
-9.27970810923477, 3.89369307335068, -0.948384561997836
-9.27970810923477, 3.58034127282876, -1.46083522500717
-9.27970810923477, 3.30850330832131, -1.99648360312409
-9.27970810923476, 3.07488806512837, -2.54992174561841
-9.27970810923477, 2.87129979594935, -3.11515635815816
-9.27970810923477, 2.68809986246586, -3.68733946548377
-9.27970810923477, 2.52284620486033, -4.26497141068009
-9.27970810923476, 2.37036218165254, -4.84611764189985
-9.27970810923476, 2.22494088766658, -5.4290731801713
-9.27970810923476, 2.09554453607269, -6.01574901337153
-9.27970810923476, 2.02477982812212, -6.61146047209782
-9.27970810923476, 2.06755561434347, -7.21025213134885
-9.27970810923476, 1.97118070374536, -7.80146985178253
-9.27970810923476, 1.73439217823758, -8.35268935904521
-9.27970810923477, 1.4140231699663, -8.8603532398847
-9.27970810923476, 1.01967846622614, -9.31271711157876
-9.27970810923476, 0.550682313928228, -9.68638012014001
-9.27970810923476, 0, -9.90000000000001
-7.60129654102297, 4.05278845424607, -1.31297677401168E-15
-7.7179693265454, 3.73438894452398, -0.492425515327461
-7.82538242058408, 3.44125909143518, -1.00229741986235
-7.92135155334361, 3.17935975747938, -1.53107430211428
-8.00517063413194, 2.95061786099633, -2.07703369509542
-8.07801462941024, 2.75182692377, -2.63617224644459
-8.14260352487705, 2.57556411699771, -3.20385924745681
-8.20131138317905, 2.41535063433772, -3.77692021967895
-8.25473385702058, 2.26956094222469, -4.35434064632566
-8.30446322027917, 2.13384973237033, -4.93455030859164
-8.35159161185955, 2.00523656258962, -5.51658327880668
-8.39053277414704, 1.89896630492133, -6.10360879845515
-8.39517085263618, 1.88630900947421, -6.69832790097764
-8.35921579738232, 1.98443019440694, -7.28519438173068
-8.39081896270384, 1.89818529763016, -7.87345067934503
-8.47496362457509, 1.6685548918284, -8.41809961877476
-8.58930191322957, 1.35652621361489, -8.91447224994913
-8.72999203016811, 0.972583513906528, -9.34975377024802
-8.89549338859969, 0.520931047163764, -9.70299067164062
-9.08638085695904, 0, -9.90000000000001
-6.45552124713573, 3.58300658198293, -1.54874875592521E-15
-6.63567217102011, 3.32435138324549, -0.518573122311205
-6.80407217241907, 3.08256780040254, -1.04906728025547
-6.95680647732944, 2.86327654649827, -1.5938592244867
-7.09225748537376, 2.66880012278936, -2.15247476906081
-7.21197180837571, 2.49691795121826, -2.72201280864807
-7.32013894144062, 2.34161488256611, -3.29861096533567
-7.41936095786088, 2.19915493940878, -3.88011330332809
-7.51050630541398, 2.06829123093026, -4.46565636410074
-7.59631477604727, 1.94509004746447, -5.05367160297851
-7.67590876272883, 1.83081143040539, -5.6443263929731
-7.73284784166841, 1.74906003850857, -6.24263285147829
-7.6812234152941, 1.82318081444267, -6.83374063364884
-7.60839892556368, 1.92773999436819, -7.42122450561988
-7.68385437097577, 1.81940336856541, -8.00986616325729
-7.85004259815638, 1.5807953836471, -8.54147795734475
-8.06731793484896, 1.26883808594801, -9.01366183457173
-8.32678169963618, 0.896307930680678, -9.41544113248907
-8.62233909380428, 0.471955643839582, -9.7311116925514
-8.95105178036603, 0, -9.90000000000001
-5.6141080040897, 3.20161469968332, -1.77105814387327E-15
-5.82689139589082, 2.98883130788221, -0.543660327697145
-6.02911553638636, 2.78660716738667, -1.09529972875294
-6.2154701626094, 2.60025254116362, -1.65798236914381
-6.38333580748706, 2.43238689628597, -2.23218557679779
-6.53420556640867, 2.28151713736436, -2.81576589804784
-6.67290797993483, 2.1428147238382, -3.40537379113972
-6.80111227473123, 2.0146104290418, -3.99971438285841
-6.92002062494908, 1.89570207882395, -4.59791493592921
-7.03316645183659, 1.78255625193644, -5.19835332819376
-7.1329742852993, 1.68274841847373, -5.80341773150333
-7.17893795601176, 1.63678474776127, -6.41977127900156
-7.0113345333174, 1.80438817045563, -6.98471742121917
-6.93896613407615, 1.87675656969688, -7.58777444971577
-7.08242355188683, 1.7332991518862, -8.1708450996805
-7.33223238174841, 1.48349032202462, -8.68073494285043
-7.64292314283398, 1.17279956093905, -9.11906543424698
-7.99918349629275, 0.816539207480279, -9.48183085102579
-8.39223846744047, 0.423484236332556, -9.75781500451891
-8.81572270377303, 0, -9.90000000000001
-4.87496740163771, 2.84219301047394, -1.97697322103351E-15
-5.10696396881967, 2.66891964170575, -0.573406788806071
-5.33146582563121, 2.50124391487512, -1.15142858702012
-5.54188629507196, 2.34408528084591, -1.73762351341028
-5.73455881969719, 2.20018221444967, -2.33324549687212
-5.91096935479506, 2.06842488685684, -2.93668125860061
-6.07581241256936, 1.9453070653927, -3.54520068927336
-6.22938417667527, 1.8306075366991, -4.15829670342597
-6.37346751495344, 1.72299471419021, -4.77497803153187
-6.5107913137087, 1.62043044993666, -5.39404701812277
-6.61766383838213, 1.54060960343076, -6.02210967973372
-6.57172267409859, 1.57492209519405, -6.65030041384362
-6.27215452077263, 1.79866326400945, -7.16882120196016
-6.2577979543562, 1.80938588226685, -7.79892086760282
-6.50050358857822, 1.62811413600137, -8.36202266836555
-6.84690906366858, 1.36939115420151, -8.83580308294706
-7.25296393928853, 1.06611728658333, -9.22936527115241
-7.69949174817595, 0.732615034224928, -9.54781500760636
-8.17792428357383, 0.375283810993185, -9.78312720734442
-8.68039362718002, 0, -9.90000000000001
-4.17848179940744, 2.48320247192229, -5.93609671005836E-15
-4.42093609030511, 2.34532277771001, -0.612004069168564
-4.66043205579364, 2.20912543360703, -1.22554272630393
-4.88911852887167, 2.07907526678284, -1.84449840444357
-5.10226161348906, 1.9578643646301, -2.47074965052885
-5.301770324365, 1.84440710245333, -3.10293071589523
-5.4908876027804, 1.73685927386415, -3.73932422964671
-5.66880706530166, 1.63567945561462, -4.37997828539766
-5.83860051394441, 1.53912076535002, -5.02355226086816
-5.99256756620754, 1.45156228162013, -5.67224141115381
-6.06029652062539, 1.41304595967805, -6.33767914260177
-5.74110809268978, 1.59456307235492, -6.87393524683609
-5.42281137039412, 1.77557308697008, -7.41708082648001
-5.5488529516683, 1.70389535085012, -8.05839200064156
-5.9169475116911, 1.49456614001521, -8.57831524588757
-6.37089583521513, 1.23641333189647, -9.00097206409483
-6.87466130367461, 0.949930347872002, -9.34141206078061
-7.40978180905556, 0.645616279535769, -9.611290909711
-7.9688571156202, 0.327679517000582, -9.80690526044021
-8.54506455058701, 0, -9.90000000000001
-3.49474481959968, 2.11207482122968, -2.75982237185242E-15
-3.7410289506982, 2.00624135200497, -0.664559271788141
-3.98929248122083, 1.89955729323109, -1.32824838555697
-4.2316404688337, 1.79541526761906, -1.99451447643993
-4.46244563588157, 1.6962334346901, -2.66561540104143
-4.68425024495648, 1.60091933075769, -3.34030962604319
-4.89714786448138, 1.5094327475032, -4.01838973649991
-5.1003157455679, 1.42212723742216, -4.7000003301019
-5.29579549322563, 1.33812547991748, -5.38424310585648
-5.42767472941895, 1.2814541993815, -6.08518587931418
-5.18548575679474, 1.38552789290963, -6.70977508951605
-4.63734074496097, 1.62107732917187, -7.10215540603766
-4.45462709201272, 1.69959322737441, -7.75776729486922
-4.80664063169362, 1.54832560833485, -8.35416413730456
-5.31537211196218, 1.32971299525053, -8.80726886425496
-5.88437587774644, 1.08520011386319, -9.16654487692333
-6.48808554540875, 0.825773376751798, -9.45171412344232
-7.11461773584978, 0.556539321761828, -9.67088765315691
-7.75657483100675, 0.280676860908815, -9.82913918945475
-8.409735473994, 0, -9.90000000000001
-2.80239857841147, 1.7189860268491, -2.66251547721282E-15
-3.04364236008786, 1.64320128686265, -0.738198026497527
-3.29324681614863, 1.56479011012442, -1.47334315637787
-3.54489497191111, 1.48573692201733, -2.20772419690548
-3.79246090568442, 1.40796613020608, -2.94362516151008
-4.03560837996687, 1.33158336092262, -3.68114440755129
-4.27226603859554, 1.2572393135845, -4.42097787761513
-4.50482097818166, 1.18418410152212, -5.16224008888175
-4.6835418774588, 1.12804040825159, -5.91870534360384
-4.46365070694417, 1.19711740193395, -6.61458757690866
-3.78677434068715, 1.40975251759704, -6.93455612785204
-3.25372587636958, 1.57720528669131, -7.45212390596839
-3.44933118966379, 1.51575749431731, -8.16096595272373
-4.01988781734768, 1.33652184572939, -8.65857059299987
-4.66931415915912, 1.13250992835465, -9.03863417201354
-5.35908533996513, 0.915824013284509, -9.33131173866348
-6.07083062803193, 0.692235114047803, -9.55929680379319
-6.79763281966214, 0.463916213011154, -9.72741670763688
-7.53270972913813, 0.23299787775885, -9.85029715039379
-8.274406397401, 0, -9.90000000000001
-2.08262023144002, 1.29371731980493, -2.76238053586931E-15
-2.3039912631996, 1.24643034432331, -0.829788856445868
-2.54183239279268, 1.19562519798508, -1.65481507964605
-2.78959689156005, 1.14270032481941, -2.4767877651801
-3.04299006568308, 1.08857311261497, -3.29696642375767
-3.29970002847295, 1.03373740254104, -4.11606679371704
-3.55689073682581, 0.978799000604199, -4.93500963166607
-3.78075686547214, 0.93097904849811, -5.76347078685279
-3.55863231397115, 0.978426983023044, -6.53559639757809
-2.77264009797617, 1.14632245855603, -6.83083333062767
-2.02213376395498, 1.30663780936583, -7.19924550868151
-1.87352816698161, 1.33838139010743, -7.97453336178276
-2.46584581679449, 1.2118566593809, -8.57389363661437
-3.20191181108273, 1.05462590363068, -8.98785618037049
-3.99011721111342, 0.886257670761732, -9.28690865179029
-4.802442360355, 0.712737228136648, -9.50930711547328
-5.62862387177003, 0.536256933659438, -9.67003212990515
-6.46208233198308, 0.358222213128116, -9.78571964478825
-7.29895908044923, 0.179457313442239, -9.8720170980969
-8.139077320808, 0, -9.90000000000001
-1.31762783481645, 0.823807236625076, -3.05990271202688E-15
-1.47931211913558, 0.803885865887658, -0.902194648886595
-1.66432015878383, 0.781090739182818, -1.79983600327613
-1.86953222126117, 0.755806243576974, -2.69301344601788
-2.09284327332654, 0.728291743471469, -3.58177659129576
-2.32798345159759, 0.69931975843083, -4.46744690599081
-2.56484180191367, 0.67013607475536, -5.35261732783954
-2.56718374385304, 0.669847520466682, -6.25007906828608
-1.79526976644044, 0.764956235492295, -6.68753470598725
-0.936261909103872, 0.87079592216574, -6.97277524887866
-0.598814447079005, 0.912373345869639, -7.78178337686622
-0.971764897946493, 0.8664215440003, -8.5974971743825
-1.71722196324139, 0.774572626035858, -9.11253819890305
-2.57755782705597, 0.668569313630317, -9.40762364599006
-3.46838159114725, 0.558809539878052, -9.59294365404327
-4.37069009132621, 0.447634714029738, -9.71041225036618
-5.27712247730126, 0.335951777834343, -9.79041682315449
-6.18507700734917, 0.224081295913531, -9.85068308413631
-7.09390772526982, 0.112102857529777, -9.89564519167711
-8.00374824421499, 0, -9.90000000000001
-0.494934139107078, 0.293423689079085, -6.43575832004283E-15
-0.55052987937778, 0.291211287867958, -0.915572482074927
-0.618701586090151, 0.288498433146343, -1.83028967195231
-0.70298480296316, 0.28514442994071, -2.74365510786392
-0.806857029198724, 0.281010893126431, -3.65499576153477
-0.92560440898225, 0.276285407944077, -4.56452670219181
-1.03737594932498, 0.271837522368317, -5.47463656208249
-0.807667264228954, 0.280978650279165, -6.3372482689793
-0.140223711938756, 0.307539191001452, -6.93019344757982
-0.064725853657577, 0.310543585803742, -7.8432171781761
-0.106081554690261, 0.308897858943982, -8.75837141906729
-0.577434716853339, 0.290140624994754, -9.50474888089264
-1.45706847801462, 0.25513609426874, -9.74225311294245
-2.37039512367206, 0.218790774156656, -9.81667042117457
-3.28619526488199, 0.182347022680418, -9.85306186816134
-4.20245820597119, 0.145884854343312, -9.87554162705231
-5.11885867846277, 0.109417213021409, -9.89160486178978
-6.03533558658484, 0.0729465299865875, -9.90000000000001
-6.9518773771034, 0.036473264993294, -9.90000000000001
-7.86841916762198, 0, -9.90000000000001
