-77.2922354598346, 1.95126207267849, -2.66446123546496E-15
-77.2922354598381, 2.35375662561748, -0.543403747205549
-77.2922354598402, 2.74305356195805, -1.09633368425273
-77.2922354598409, 3.11702557365409, -1.65973514257504
-77.2922354598404, 3.47327039456037, -2.23450181794129
-77.2922354598392, 3.80926350306554, -2.82132918545215
-77.2922354598378, 4.12283052604325, -3.42043482422706
-77.2922354598364, 4.41271143293563, -4.03135063195914
-77.2922354598349, 4.67786827309432, -4.65339395656353
-77.2922354598335, 4.91739824146716, -5.28574548752081
-77.292235459832, 5.12695436290896, -5.92861714804778
-77.2922354598299, 5.27005803910454, -6.58689558432147
-77.2922354598284, 4.70233513068284, -6.86260907231908
-77.292235459828, 4.03763121578969, -6.9869315007314
-77.2922354598275, 3.36982296176953, -7.09294778658131
-77.2922354598273, 2.69877267279236, -7.17650937339999
-77.2922354598271, 2.02615104028378, -7.24631033041146
-77.292235459827, 1.3519244698642, -7.29808026606754
-77.292235459827, 0.676099870352159, -7.32020478787002
-77.2922354598346, 0, -7.32547146784244
-75.7842828920839, 2.15117424711932, -2.57045037876091E-15
-75.7842828923523, 2.54129036456466, -0.553095628389601
-75.784282892255, 2.9179319831455, -1.11544854524357
-75.7842828922473, 3.27905351719463, -1.68788552538239
-75.7842828930351, 3.62241300429286, -2.27114276832788
-75.7842828955818, 3.94576919928202, -2.86571651498191
-75.7842828936467, 4.247313828751, -3.47163997872198
-75.7842828923415, 4.52571711204865, -4.08853493120018
-75.7842828928702, 4.7792984596578, -4.71603509550585
-75.7842828928976, 5.005253573903, -5.35398862179406
-75.7842828922122, 5.1954479426669, -6.00343818114909
-75.7842828924709, 5.28596669350674, -6.66812471977351
-75.7842828921928, 4.70844646394698, -6.95774085418082
-75.7842828921588, 4.04360995991893, -7.08398090652161
-75.7842828921884, 3.37282024610164, -7.17397055225445
-75.784282892232, 2.69931955058977, -7.24092366964265
-75.7842828920936, 2.02412361924334, -7.28789499474133
-75.7842828921554, 1.34778349687344, -7.31286347362875
-75.7842828920826, 0.671073898055772, -7.30366073029431
-75.7842828920839, 0, -7.33442886323814
-74.2376648738781, 2.34862105971999, -2.38072781845792E-15
-74.2376648739827, 2.72647959909242, -0.562740319685519
-74.2376648747158, 3.09060977895416, -1.13445449254074
-74.237664876708, 3.43899630039328, -1.71589091202105
-74.2376648805871, 3.76957768075424, -2.30762601963457
-74.2376648857185, 4.08027878795726, -2.91003121793504
-74.2376648789188, 4.36938075573168, -3.52309170676774
-74.2376648746139, 4.63547943121939, -4.14647642548786
-74.2376648773778, 4.87633540703583, -4.78003232049119
-74.2376648761245, 5.08743583970512, -5.42408611994004
-74.2376648751658, 5.256974723105, -6.08020733674106
-74.2376648745089, 5.29431807139417, -6.7477616681347
-74.2376648742859, 4.71507058380208, -7.05269088240476
-74.237664874156, 4.05067784933513, -7.18589639753748
-74.2376648742515, 3.37812211373615, -7.2692946097251
-74.2376648743979, 2.70244626960174, -7.32313916110186
-74.237664873908, 2.025495822959, -7.35756823936002
-74.2376648741066, 1.34784131081016, -7.37188784133245
-74.2376648738933, 0.67021439493484, -7.35689653659678
-74.2376648738781, 0, -7.41208939797206
-72.6910468556724, 2.53888696538486, -2.20993822437999E-15
-72.6910468556724, 2.90488008206901, -0.572166025204883
-72.6910468556723, 3.25694982940642, -1.15299817987163
-72.6910468556724, 3.59308177524429, -1.74319144099981
-72.6910468556724, 3.91122364750463, -2.34326779416747
-72.6910468556736, 4.2093186823894, -2.95354477045334
-72.6910468562357, 4.48567572155434, -3.57396552153263
-72.6910468592987, 4.73891594692571, -4.20416962566057
-72.6910468671061, 4.96617961477252, -4.84418675830939
-72.6910468589351, 5.16165984020996, -5.4945770498459
-72.691046860739, 5.30998512176782, -6.15717001106527
-72.6910468561299, 5.29813776765109, -6.82504096332867
-72.6910468565249, 4.72080390537016, -7.14549793425645
-72.6910468562475, 4.05706018166345, -7.28836529458627
-72.6910468564144, 3.38340054465845, -7.37257971665901
-72.691046856696, 2.70584302147813, -7.41987265941959
-72.6910468557222, 2.02736323136244, -7.45139397268855
-72.691046856075, 1.34836252493027, -7.46801317831085
-72.6910468557642, 0.669157701590661, -7.4659114199133
-72.6910468556723, 4.44089209850063E-16, -7.55489376192095
-71.1444288374665, 2.72280019177946, -2.13557832714696E-15
-71.1444288374665, 3.0774379089029, -0.581636211579216
-71.1444288374665, 3.4179344711048, -1.17165726597173
-71.1444288374665, 3.74222789616921, -1.77073154340551
-71.1444288374665, 4.04819890336399, -2.37936177987401
-71.1444288374665, 4.33369831518487, -2.997853049708
-71.1444288374665, 4.5970056496797, -3.62611024787214
-71.1444288374665, 4.83669382831185, -4.26374601826961
-71.1444288374665, 5.04960876600258, -4.91079884332793
-71.1444288386879, 5.22886414478116, -5.56792231274496
-71.1444288477111, 5.35540168707477, -6.23700282233883
-71.1444288376418, 5.29748916829342, -6.90352147180849
-71.1444288388334, 4.72194708550558, -7.23754216918935
-71.144428838375, 4.05848484394876, -7.39078260923425
-71.1444288386007, 3.38365286526273, -7.4804069464138
-71.1444288390762, 2.70417431772538, -7.52921924014587
-71.1444288375278, 2.02392168746999, -7.56577447915018
-71.1444288380053, 1.34323178481968, -7.59300785138664
-71.1444288377739, 0.66229653587781, -7.61334808034597
-71.1444288374665, 0, -7.75537978875598
-69.5978108192607, 2.90065788033674, -2.16813937023982E-15
-69.5978108192607, 3.24454463696636, -0.591357131984698
-69.5978108192607, 3.57399648801687, -1.19087092046257
-69.5978108192607, 3.88685879664331, -1.7992010298444
-69.5978108192607, 4.18088216913347, -2.41685040306311
-69.5978108192607, 4.45374115059528, -3.04413014800724
-69.5978108192607, 4.70365934505449, -3.68089508330227
-69.5978108192607, 4.92921769272507, -4.32668423743742
-69.5978108192607, 5.12715632872583, -4.98145108848421
-69.5978108192607, 5.28967459014359, -5.6458333453077
-69.5978108193254, 5.39374555632766, -6.32157820778083
-69.5978108195589, 5.29161273574422, -6.98544183901516
-69.5978108210905, 4.71591766028051, -7.32989900238532
-69.5978108204469, 4.0519677884296, -7.49323616553261
-69.5978108207186, 3.37540968218618, -7.59089814686651
-69.5978108213799, 2.69376140406566, -7.64857235549321
-69.5978108193207, 2.01133046156206, -7.69616362301686
-69.5978108198477, 1.32858369995316, -7.73903153880418
-69.5978108198156, 0.64617542679272, -7.78656570489621
-69.5978108192607, 4.44089209850063E-16, -7.99811057232618
-68.051192801055, 3.07179559608497, -2.26140847487183E-15
-68.051192801055, 3.40562433799309, -0.601263805808578
-68.051192801055, 3.72458530508077, -1.21053983889975
-68.051192801055, 4.02639603478254, -1.82848488000095
-68.051192801055, 4.30863714970517, -2.45560291568458
-68.051192801055, 4.56876681962701, -3.092203119229
-68.051192801055, 4.80498377723144, -3.73805615362483
-68.051192801055, 5.01595118225051, -4.39258575256351
-68.051192801055, 5.19850283216925, -5.05558691090536
-68.0511928010549, 5.34396397225182, -5.72762376405756
-68.0511928014208, 5.42450575754193, -6.41012133640763
-68.0511928024255, 5.28086880693226, -7.07022338605743
-68.0511928031874, 4.70313434936058, -7.42244412815937
-68.0511928023846, 4.03794679370017, -7.59562172012486
-68.051192802709, 3.3591970965973, -7.70351275546782
-68.0511928035264, 2.67517615580795, -7.7748364887619
-68.0511928011081, 1.99030303246259, -7.83750319110079
-68.05119280158, 1.30535908744036, -7.89939889785844
-68.051192801465, 0.622353883947157, -7.97855864996733
-68.051192801055, 4.44089209850063E-16, -8.26143935551225
-66.5045747828492, 3.23543983913802, -2.37834110539323E-15
-66.5045747828492, 3.55994675561581, -0.611135942784277
-66.5045747828492, 3.86895310890386, -1.23024822264287
-66.5045747828492, 4.16002599127882, -1.85798473224314
-66.5045747828492, 4.43056154680899, -2.49483427911523
-66.5045747828492, 4.67780912651825, -3.14107300647501
-66.5045747828492, 4.90001871240827, -3.79634161927491
-66.5045747828492, 5.0960308666204, -4.45991214338487
-66.5045747828491, 5.26300187919036, -5.13136459309475
-66.5045747828492, 5.39134317512259, -5.81116620261959
-66.5045747839173, 5.44747594546646, -6.50016739864937
-66.5045747863691, 5.2665360607851, -7.15593816669039
-66.5045747850837, 4.68569152638653, -7.51438459747754
-66.5045747841708, 4.01878574249951, -7.69743130510013
-66.504574784572, 3.33772472285506, -7.81769610414571
-66.5045747854832, 2.6513682993199, -7.90556409199917
-66.5045747829072, 1.96408008693012, -7.98586238278035
-66.5045747832255, 1.27712183644208, -8.06889636297334
-66.5045747830827, 0.595370143595996, -8.18414893236845
-66.5045747828492, 4.44089209850063E-16, -8.52895951853425
-64.9579567646433, 3.39072904117508, -2.48973468630769E-15
-64.9579567646433, 3.70668659771777, -0.620649991086396
-64.9579567646434, 4.00624901522744, -1.24937110930761
-64.9579567646434, 4.28682580420818, -1.88678404979062
-64.9579567646434, 4.54564409011549, -2.53332937004034
-64.9579567646434, 4.77980649244862, -3.18919842716218
-64.9579567646434, 4.98772310611004, -3.85385349129395
-64.9579567646434, 5.16853307056111, -4.52638434213316
-64.9579567646434, 5.31998178689888, -5.20611803386319
-64.9579567646434, 5.4315030589985, -5.89342144104302
-64.9579567667882, 5.4631611494493, -6.58826676054967
-64.9579567707709, 5.25068570942721, -7.23987686007525
-64.9579567667996, 4.6667643508122, -7.604338476258
-64.9579567658446, 3.99811410368647, -7.79774803991107
-64.9579567663411, 3.31506196355562, -7.93238117758301
-64.957956767248, 2.62670632374493, -8.03829974826128
-64.9579567647291, 1.93734449552882, -8.13749440681659
-64.9579567648422, 1.24884573169965, -8.24242841513387
-64.9579567648366, 0.570848582834477, -8.39617913579047
-64.9579567646434, 4.44089209850063E-16, -8.78753929820106
-63.4113387464376, 3.53692006061334, -2.5722433102182E-15
-63.4113387464376, 3.84511233169144, -0.629457139546622
-63.4113387464376, 4.13570069284808, -1.26722549694398
-63.4113387464376, 4.40594782687448, -1.9138678378639
-63.4113387464376, 4.65296187215901, -2.56972763597756
-63.4113387464376, 4.87381825520433, -3.23484368947058
-63.4113387464376, 5.06721432879256, -3.90845764456206
-63.4113387464376, 5.23273551799447, -4.58945548828233
-63.4113387464376, 5.36900826589388, -5.27689595198231
-63.4113387464376, 5.46446672803529, -5.9710535003261
-63.4113387496811, 5.47289654514229, -6.67077307244982
-63.4113387526597, 5.23573388930569, -7.31917824275355
-63.4113387483788, 4.64982552431613, -7.69057908434502
-63.4113387474607, 3.97994867415796, -7.89533865623997
-63.4113387480479, 3.295621842765, -8.04584541194414
-63.411338748838, 2.60587840094928, -8.17023508621579
-63.4113387465615, 1.91502931236813, -8.28835951794856
-63.411338746494, 1.22562051746311, -8.41449876774753
-63.4113387467237, 0.552998562288928, -8.60438073868599
-63.4113387464376, -4.44089209850063E-16, -9.02620314448102
-61.8547207282318, 3.67644062289689, -2.62367168498626E-15
-61.8547207282318, 3.97715456983893, -0.637608545171599
-61.8547207282318, 4.25880501074278, -1.2838567899459
-61.8547207282318, 4.51853372905798, -1.9392143670991
-61.8547207282318, 4.753400657321, -2.60387800364052
-61.8547207282318, 4.96059509112249, -3.27767389773326
-61.8547207282318, 5.13921384586146, -3.95960395764645
-61.8547207282318, 5.28943915088512, -4.64834738226957
-61.8547207282318, 5.41102141560503, -5.34271567577514
-61.8547207282318, 5.4913344903871, -6.04291328151375
-61.8547207321526, 5.47850559380581, -6.74651856838106
-61.8547207329794, 5.22294063382771, -7.39299197455346
-61.8547207298776, 4.63655237980064, -7.77262167053298
-61.8547207290613, 3.96627821754193, -7.98980819025012
-61.8547207297113, 3.28149326082465, -8.15677833285145
-61.854720730306, 2.59112193384382, -8.29955551263247
-61.8547207283781, 1.89949354520804, -8.43613938659997
-61.8547207282137, 1.20983497771874, -8.58219681988513
-61.8547207286145, 0.542501610486709, -8.8022929487335
-61.8547207282318, 0, -9.24183902356249
-57.9981756827182, 4.0064100374076, -2.6641309334737E-15
-57.9981756827177, 4.28503337304983, -0.655996337139081
-57.9981756827174, 4.54104984762441, -1.32113237636679
-57.9981756827173, 4.77152988765666, -1.99553383481327
-57.9981756827173, 4.97378604471204, -2.67892226331778
-57.9981756828763, 5.14582138657294, -3.37053462198001
-57.9981756850171, 5.28794606981403, -4.06891306150678
-57.9981756919326, 5.40211737053623, -4.77241198892796
-57.998175686991, 5.49081114211063, -5.47957599583648
-57.9981756863727, 5.53825828957207, -6.19050927002704
-57.9981756840899, 5.48328375595828, -6.89977584032466
-57.9981756845624, 5.20415623314591, -7.54672433314932
-57.9981756835193, 4.62375061155762, -7.95118637962616
-57.9981756831029, 3.95681703260581, -8.20137763509337
-57.9981756836566, 3.27384360706349, -8.40499850885832
-57.9981756836955, 2.58526283759091, -8.58899859176931
-57.9981756827879, 1.89494880302827, -8.76640156202583
-57.998175682701, 1.20716966041941, -8.95323142906397
-57.9981756829814, 0.545893871294882, -9.21480921114879
-57.9981756827173, 4.44089209850063E-16, -9.65688880335907
-54.1316306372028, 4.34455838399924, -2.68524802244806E-15
-54.1316306368349, 4.58474478609137, -0.673835349019451
-54.1316306370487, 4.80181211730282, -1.35546251732314
-54.1316306365294, 4.99330095012759, -2.04470583465922
-54.1316306332847, 5.15720965801867, -2.74101892709572
-54.1316306345859, 5.29276812943554, -3.44340380516979
-54.131630636784, 5.40132953129266, -4.15047199576789
-54.1316306354791, 5.48534267033944, -4.86088455821648
-54.1316306363425, 5.54752488460113, -5.57353667543695
-54.131630634526, 5.56742558077269, -6.28838824719103
-54.1316306356762, 5.48400116618129, -6.99773514885487
-54.1316306358754, 5.20643206161857, -7.65051110070261
-54.1316306367115, 4.64390314122501, -8.08423360460859
-54.1316306369626, 3.98697439895952, -8.36615234967228
-54.1316306368442, 3.309293025973, -8.59515738896754
-54.1316306368902, 2.62536301168022, -8.80497566625991
-54.1316306370668, 1.93962733323934, -9.00882253508249
-54.1316306371259, 1.25553171653989, -9.21803346213035
-54.1316306370784, 0.58982980399423, -9.47824880986009
-54.1316306372028, 0, -9.8617535460489
-50.2650855916893, 4.68358219361158, -2.9906335712689E-15
-50.2650855916887, 4.86755091758608, -0.690364586013196
-50.2650855916885, 5.03207824766478, -1.38561488092764
-50.2650855916883, 5.17570568835243, -2.08547894664681
-50.2650855916883, 5.29760701963379, -2.78945143306992
-50.2650855916883, 5.39788763568131, -3.49683016912121
-50.2650855916883, 5.47778796357597, -4.20680313706497
-50.2650855916883, 5.53885807283037, -4.91864709376379
-50.2650855916883, 5.580889143466, -5.63185211553517
-50.2650855916883, 5.57911847589608, -6.34605150418353
-50.2650855916883, 5.47866531075181, -7.05250685022986
-50.2650855916883, 5.21279279397934, -7.71097045853107
-50.2650855916882, 4.67353557969258, -8.17151206756841
-50.2650855826029, 4.02954106522502, -8.4793855329401
-50.2650855882572, 3.3588809049209, -8.72548157427804
-50.2650855887593, 2.6795530425675, -8.94679390237304
-50.2650855892412, 1.99795694930698, -9.16104454036172
-50.2650855901311, 1.31660787570995, -9.37606781281159
-50.265085590493, 0.643745173448088, -9.61588211714796
-50.2650855916883, 0, -9.89836962506372
-46.3985405461738, 4.98126294493273, -3.6920602339767E-15
-46.3985405461738, 5.1022221610071, -0.702371779901204
-46.3985405461738, 5.20962961125194, -1.40694221454576
-46.3985405461738, 5.30319330173901, -2.11348437595293
-46.3985405461738, 5.38332055773212, -2.8216774839329
-46.3985405461738, 5.45101018921719, -3.53116916892873
-46.3985405461738, 5.50692716259598, -4.24168576522264
-46.3985405461738, 5.55063502666462, -4.95305638203543
-46.3985405461738, 5.57833421133697, -5.66520691272535
-46.3985405461738, 5.56387679055345, -6.37752758166802
-46.3985405461738, 5.45807968874416, -7.08159256708437
-46.3985405461738, 5.20177674073227, -7.74269982551957
-46.3985405461738, 4.6809474277762, -8.2214146110419
-46.3985405461738, 4.04814403653252, -8.54753313828727
-46.3985405461738, 3.3833408619211, -8.80415292902187
-46.3985405461738, 2.70870669496052, -9.0339620898558
-46.3985405461738, 2.03040840068895, -9.25277649939919
-46.3985405461738, 1.35099517340736, -9.46811283227779
-46.3985405461738, 0.67359075415019, -9.68964344161409
-46.3985405461738, 0, -9.89997389753483
-42.531995500659, 5.21869095391842, -2.98352016766869E-15
-42.5319955006592, 5.27750259832828, -0.707271819404834
-42.5319955006593, 5.32861047696242, -1.41514244122193
-42.5319955006593, 5.37329518974777, -2.12344913948728
-42.5319955006593, 5.4138696039655, -2.83200435683047
-42.5319955006593, 5.45265517259854, -3.54066018545036
-42.5319955006593, 5.48913964544619, -4.24943761860687
-42.5319955006593, 5.52062555666516, -4.95845225913868
-42.5319955006593, 5.53881740493706, -5.66790678585019
-42.5319955006593, 5.5188069654022, -6.37714053640205
-42.5319955006594, 5.41502290490876, -7.07849746306063
-42.5319955006593, 5.16184070381341, -7.73806880678022
-42.5319955006594, 4.65985508082324, -8.23256930591919
-42.5319955006593, 4.03941893713688, -8.57519651851948
-42.5319955006593, 3.38101120931944, -8.83979041992377
-42.5319955006594, 2.71146039899329, -9.07508450113363
-42.5319955006593, 2.03713874822606, -9.29639725614277
-42.5319955006593, 1.36050040720105, -9.51053629845175
-42.5319955006593, 0.682682668990235, -9.72091709018627
-42.5319955006593, 4.44089209850063E-16, -9.90000000000001
-38.6654504551448, 5.41651571955576, -2.99784038990696E-15
-38.6654504551448, 5.41199772575349, -0.703991085993321
-38.6654504551449, 5.40863877168425, -1.40798846420229
-38.6654504551448, 5.40783885172132, -2.11199297698533
-38.6654504551448, 5.41099843347424, -2.81599019748145
-38.6654504551449, 5.41978468845223, -3.51993866813588
-38.6654504551448, 5.4325635228528, -4.22382816619246
-38.6654504551448, 5.44515003518298, -4.92772091374698
-38.6654504551448, 5.4506250085461, -5.63169034963304
-38.6654504551449, 5.42525851383771, -6.33508924519306
-38.6654504551449, 5.32189757233258, -7.0307635945242
-38.6654504551449, 5.07477443010432, -7.68713308813477
-38.6654504551449, 4.59843795331377, -8.19911503000135
-38.6654504551448, 3.99833804662086, -8.56531535455461
-38.6654504551448, 3.35208833284337, -8.84404120059646
-38.6654504551449, 2.69087767577585, -9.08563124227185
-38.6654504551449, 2.02328862586406, -9.30909129733529
-38.6654504551448, 1.35237168022457, -9.52237114166186
-38.6654504551449, 0.679235920897807, -9.72854551923463
-38.6654504551448, 0, -9.90000000000001
-34.7989054096301, 5.59217684747119, -3.90593942815146E-15
-34.7989054096303, 5.51561889940855, -0.691289618036252
-34.7989054096303, 5.45523764381438, -1.38417938651447
-34.7989054096304, 5.41022261812524, -2.07824009190691
-34.7989054096304, 5.37813349341872, -2.77302320994198
-34.7989054096304, 5.3553737225149, -3.46817874235215
-34.7989054096304, 5.33965670765084, -4.16353033793455
-34.7989054096304, 5.32749682285626, -4.8589554533704
-34.7989054096304, 5.31302835817204, -5.55433188120018
-34.7989054096304, 5.27667653515415, -6.24882083994221
-34.7989054096304, 5.17115830530894, -6.93568128685763
-34.7989054096304, 4.9342168958809, -7.5875150866032
-34.7989054096304, 4.49409432060878, -8.1206874923251
-34.7989054096304, 3.92420087398968, -8.51774247179226
-34.7989054096304, 3.29939769912328, -8.82243821578599
-34.7989054096304, 2.65261153385127, -9.07801906367217
-34.7989054096304, 1.99618894028086, -9.30789533136672
-34.7989054096304, 1.33492825627255, -9.52350299303414
-34.7989054096304, 0.670777417007242, -9.73005013499982
-34.7989054096304, 0, -9.90000000000001
-30.9323603641159, 5.73463718599179, -3.95679808314941E-15
-30.9323603641159, 5.57811050330075, -0.666552713465708
-30.9323603641159, 5.45606026321426, -1.34027082738689
-30.9323603641159, 5.36601533613332, -2.01903049901038
-30.9323603641159, 5.30029989639584, -2.70060453447781
-30.9323603641159, 5.24875928588733, -3.38341523628324
-30.9323603641159, 5.20554495162833, -4.06680522400795
-30.9323603641159, 5.16711492531407, -4.7504839710853
-30.9323603641159, 5.12775989866005, -5.43410826754081
-30.9323603641159, 5.07261621479204, -6.1165936422424
-30.9323603641159, 4.96420284144148, -6.79226750937219
-30.9323603641159, 4.73798755542419, -7.43695189154747
-30.9323603641159, 4.34211115665512, -7.99204465557415
-30.9323603641159, 3.81341609965457, -8.42560185938696
-30.9323603641159, 3.22129488305003, -8.76830706242088
-30.9323603641159, 2.5968326663363, -9.04891443746082
-30.9323603641159, 1.95741861476622, -9.29380840591212
-30.9323603641159, 1.3103639922356, -9.51783788669173
-30.9323603641159, 0.658992178203579, -9.72902234677949
-30.9323603641159, 0, -9.90000000000001
-27.0658153186014, 5.8316611623644, -4.21033980039754E-15
-27.0658153186014, 5.60392868083883, -0.632225568228409
-27.0658153186014, 5.42091660636035, -1.27880132911215
-27.0658153186014, 5.28154040615358, -1.9362016472825
-27.0658153186014, 5.17664568498535, -2.6000325531183
-27.0658153186014, 5.09266316919155, -3.26687170709317
-27.0658153186014, 5.01994246307322, -3.9350375776073
-27.0658153186014, 4.95412585836436, -4.60392439649983
-27.0658153186014, 4.88787921335319, -5.27276821261259
-27.0658153186014, 4.80912141009325, -5.940226392689
-27.0658153186014, 4.69284906021859, -6.60198079506174
-27.0658153186014, 4.48376113535744, -7.23959663214209
-27.0658153186014, 4.13652584275438, -7.81301959479432
-27.0658153186014, 3.66193307830396, -8.2872848379037
-27.0658153186014, 3.11399640997632, -8.6753552836513
-27.0658153186014, 2.5209881450508, -8.99122639305209
-27.0658153186014, 1.9059277198288, -9.26197527191336
-27.0658153186014, 1.27878427699911, -9.50359728442393
-27.0658153186014, 0.644482978959552, -9.7258160026743
-27.0658153186014, 0, -9.90000000000001
-23.1892702730869, 5.86606043258724, -4.92462615001004E-15
-23.1892702730869, 5.58257513820956, -0.593056766080718
-23.1892702730869, 5.34306414226413, -1.20516669952369
-23.1892702730869, 5.14948066169802, -1.83333596952615
-23.1892702730869, 4.99588100940199, -2.47251523745991
-23.1892702730869, 4.87069594814511, -3.11791517652505
-23.1892702730869, 4.76237997463693, -3.76637385261836
-23.1892702730869, 4.66611285150065, -4.41674129245807
-23.1892702730869, 4.57264946245399, -5.06752149495272
-23.1892702730869, 4.47053683752527, -5.7169845649873
-23.1892702730869, 4.34329741520099, -6.36191662117534
-23.1892702730869, 4.15362751465823, -6.99081107071764
-23.1892702730869, 3.85759640958631, -7.57674430934195
-23.1892702730869, 3.45222233128364, -8.09292800149432
-23.1892702730869, 2.9632258279071, -8.53145647637072
-23.1892702730869, 2.41572457445292, -8.89475511759293
-23.1892702730869, 1.83604937694199, -9.20458466427963
-23.1892702730869, 1.23739166355521, -9.47617489315454
-23.1892702730869, 0.626605758601538, -9.7193416263453
-23.1892702730869, 0, -9.90000000000001
-21.6526522548811, 5.85857785246428, -5.13353934145793E-15
-21.6526522548811, 5.55657912286933, -0.576768963654232
-21.6526522548811, 5.29615101179936, -1.17342972655092
-21.6526522548811, 5.08027165142308, -1.78762613889082
-21.6526522548811, 4.90492821109665, -2.41464763349031
-21.6526522548811, 4.76054162698053, -3.04956541695668
-21.6526522548811, 4.635835557349, -3.68866036203358
-21.6526522548811, 4.5260259952687, -4.33049564322674
-21.6526522548811, 4.42166838943769, -4.97324803202975
-21.6526522548811, 4.31124216359211, -5.61497436063012
-21.6526522548811, 4.18049801528607, -6.25282168658666
-21.6526522548811, 3.99896566470363, -6.87774236225543
-21.6526522548811, 3.72265758002086, -7.46649206442072
-21.6526522548811, 3.34702560557022, -7.99723621886342
-21.6526522548811, 2.88628732305003, -8.45652128025883
-21.6526522548811, 2.3628833284661, -8.84310349984486
-21.6526522548811, 1.80170336128128, -9.17297703558065
-21.6526522548811, 1.2175281370462, -9.46044156011125
-21.6526522548811, 0.618411235508837, -9.71537705974139
-21.6526522548811, 0, -9.90000000000001
-20.1060342366753, 5.83626870319291, -5.20986869160504E-15
-20.1060342366753, 5.51686535784731, -0.559855614098414
-20.1060342366753, 5.2362014121598, -1.14006693754745
-20.1060342366753, 4.99805686106867, -1.73898861827542
-20.1060342366753, 4.80029919125326, -2.35246894651903
-20.1060342366753, 4.63555077259292, -2.9756732048181
-20.1060342366753, 4.49335678164235, -3.60443445031658
-20.1060342366753, 4.36904850284766, -4.23698851002481
-20.1060342366753, 4.25350448308659, -4.87121549081551
-20.1060342366753, 4.13512155171141, -5.50491310189846
-20.1060342366753, 4.00125315905104, -6.13549204901537
-20.1060342366753, 3.82825209118217, -6.75623505376647
-20.1060342366753, 3.57205117146219, -7.34705923702368
-20.1060342366753, 3.2261961894262, -7.89024354244134
-20.1060342366753, 2.79663897581385, -8.37013736738678
-20.1060342366753, 2.3015758483007, -8.78220518087198
-20.1060342366753, 1.76241021640903, -9.13513797230864
-20.1060342366753, 1.19518199318828, -9.44122218453994
-20.1060342366753, 0.609460240651408, -9.71029415460189
-20.1060342366753, 0, -9.90000000000001
-18.5594162184695, 5.7959852808244, -5.09777598281338E-15
-18.5594162184695, 5.45949124100665, -0.542047250456091
-18.5594162184695, 5.15922273004973, -1.10493488550974
-18.5594162184695, 4.89960533058664, -1.68768342123146
-18.5594162184695, 4.68006923767379, -2.28671180600514
-18.5594162184695, 4.49514950582403, -2.89735653581729
-18.5594162184695, 4.33541587898254, -3.51510232625734
-18.5594162184695, 4.19622852547072, -4.13781217582224
-18.5594162184695, 4.06934194599295, -4.76316331600153
-18.5594162184695, 3.94318946794425, -5.38866356089707
-18.5594162184695, 3.80620134452342, -6.01186480412547
-18.5594162184695, 3.64123491744917, -6.62811964130378
-18.5594162184695, 3.4063869290284, -7.22079694348317
-18.5594162184695, 3.08980013831781, -7.77421440558406
-18.5594162184695, 2.69405253034604, -8.27401787238047
-18.5594162184695, 2.23103962385943, -8.71228086559851
-18.5594162184695, 1.7176123493233, -9.09067242736985
-18.5594162184695, 1.17014474352616, -9.41814390627425
-18.5594162184695, 0.599727124028033, -9.70382471461459
-18.5594162184695, 0, -9.90000000000001
-17.0127982002637, 5.7345265245545, -4.74286005094321E-15
-17.0127982002637, 5.38053150946727, -0.522916163836486
-17.0127982002637, 5.06101279210252, -1.06754405862108
-17.0127982002637, 4.78103391086245, -1.63350310443961
-17.0127982002637, 4.5412322911577, -2.21764234803837
-17.0127982002637, 4.33747095898312, -2.81534758726137
-17.0127982002637, 4.16121965883485, -3.42177720121066
-17.0127982002637, 4.00745047602637, -4.03430363801442
-17.0127982002637, 3.86924692443321, -4.65055122819875
-17.0127982002637, 3.73542454396891, -5.26777222617146
-17.0127982002637, 3.59507122157449, -5.88353330294093
-17.0127982002637, 3.43656620964298, -6.49481761075027
-17.0127982002637, 3.2246183409221, -7.08927820603536
-17.0127982002637, 2.93753926963818, -7.65138321189073
-17.0127982002637, 2.57798041071535, -8.16993980853973
-17.0127982002637, 2.15029809651389, -8.63395150084538
-17.0127982002637, 1.6663967303021, -9.03927751970095
-17.0127982002637, 1.14194631643364, -9.39076054593519
-17.0127982002637, 0.589054278279144, -9.69560560083503
-17.0127982002637, 4.44089209850063E-16, -9.90000000000001
-15.4661801820579, 5.64828250866764, -4.09510034845066E-15
-15.4661801820579, 5.27601540471696, -0.502114198648535
-15.4661801820579, 4.93737132185624, -1.02744684747776
-15.4661801820579, 4.63823193751511, -1.57621664144151
-15.4661801820579, 4.38022392755168, -2.14550191791336
-15.4661801820579, 4.15995134186685, -2.73046505954526
-15.4661801820579, 3.96926597833503, -3.32578201117038
-15.4661801820579, 3.80208363460254, -3.92812969135117
-15.4661801820579, 3.65299144879058, -4.53523158123206
-15.4661801820579, 3.51165544242217, -5.14419820552094
-15.4661801820579, 3.36764713401317, -5.75253629597247
-15.4661801820579, 3.21337963840543, -6.35833642989019
-15.4661801820579, 3.02441423386274, -6.95397955800702
-15.4661801820579, 2.76910483002699, -7.52427260286286
-15.4661801820579, 2.44810666445204, -8.06017421732845
-15.4661801820579, 2.05865972495288, -8.54860617912048
-15.4661801820579, 1.60793595933804, -8.98126086531166
-15.4661801820579, 1.11002219896928, -9.35878521664533
-15.4661801820579, 0.577170243289052, -9.68519941591047
-15.4661801820579, 0, -9.9
-13.9195621638522, 5.52287086675476, -3.22256203424115E-15
-13.9195621638522, 5.13437024772331, -0.481351466126619
-13.9195621638522, 4.77901133685501, -0.987609408447418
-13.9195621638522, 4.46361961284971, -1.51965730039229
-13.9195621638521, 4.19074616411273, -2.07472989974272
-13.9195621638521, 3.95743983998378, -2.647604960836
-13.9195621638521, 3.75559997816623, -3.23237003845011
-13.9195621638521, 3.57745526505251, -3.82479343152712
-13.9195621638521, 3.41888354087945, -4.42277442819419
-13.9195621638521, 3.27081862009839, -5.02345904908053
-13.9195621638521, 3.12343316333299, -5.62431268664858
-13.9195621638521, 2.97171439853584, -6.22408373436035
-13.9195621638521, 2.8033027939702, -6.81930289902456
-13.9195621638521, 2.58357408327299, -7.39733833074378
-13.9195621638521, 2.3037216169927, -7.9486618162042
-13.9195621638521, 1.95527491512302, -8.45934089886294
-13.9195621638521, 1.54120472984072, -8.91841797078958
-13.9195621638521, 1.07346031791079, -9.32276940845004
-13.9195621638521, 0.563578205991803, -9.67252747293832
-13.9195621638521, 0, -9.90000000000001
-12.3729441456464, 5.33229360142458, -2.32024695222721E-15
-12.3729441456464, 4.93451873201629, -0.464329065926476
-12.3729441456464, 4.56928909630164, -0.954607572515359
-12.3729441456464, 4.24414640255574, -1.47230499707774
-12.3729441456464, 3.96236741515704, -2.0148407633991
-12.3729441456464, 3.72132445010824, -2.57671121929046
-12.3729441456464, 3.51301451081993, -3.15158895770556
-12.3729441456464, 3.32797494506343, -3.73438905705215
-12.3729441456464, 3.16288047076209, -4.32316694667227
-12.3729441456464, 3.01013911160026, -4.91528658012546
-12.3729441456464, 2.86093560827962, -5.50831231143678
-12.3729441456464, 2.71165742125495, -6.10131914287455
-12.3729441456464, 2.56025187591396, -6.69378238149363
-12.3729441456464, 2.38053405201259, -7.27807409020695
-12.3729441456464, 2.1445153143337, -7.84185621459758
-12.3729441456464, 1.83945783656577, -8.37133907829035
-12.3729441456464, 1.46516450660861, -8.85429508451785
-12.3729441456464, 1.03115806398901, -9.28447560455408
-12.3729441456464, 0.547653007399587, -9.65814518245623
-12.3729441456464, 0, -9.90000000000001
-10.8263261274406, 5.049832448525, -1.59069833317528E-15
-10.8263261274406, 4.65360916708131, -0.454473105375744
-10.8263261274406, 4.28927933693876, -0.934828575934879
-10.8263261274406, 3.9645408193634, -1.44274934053215
-10.8263261274406, 3.68285477052796, -1.97576599511996
-10.8263261274406, 3.44164667604106, -2.52833145691995
-10.8263261274406, 3.23306206508136, -3.09408553286886
-10.8263261274406, 3.04670407628408, -3.66756588541252
-10.8263261274406, 2.87964369211803, -4.2469746107106
-10.8263261274406, 2.72575021753947, -4.83003432399831
-10.8263261274406, 2.57728272936869, -5.41450551734645
-10.8263261274406, 2.43226498673854, -5.99984085505494
-10.8263261274406, 2.2965693511703, -6.58738873572494
-10.8263261274406, 2.16151171909029, -7.17503879812677
-10.8263261274406, 1.97256344370167, -7.7473819157998
-10.8263261274406, 1.71231704092964, -8.290867820965
-10.8263261274406, 1.37988021372812, -8.79337148916093
-10.8263261274406, 0.982648795707416, -9.24647458316403
-10.8263261274406, 0.528957162923749, -9.64295105154445
-10.8263261274406, 0, -9.90000000000001
-9.27970810923477, 4.64924148383917, -1.2326092012656E-15
-9.27970810923477, 4.26938559628366, -0.454927320475025
-9.27970810923477, 3.92072497191206, -0.934126199355667
-9.27970810923477, 3.61022703631119, -1.43885896626222
-9.27970810923477, 3.34065495084746, -1.96660136691188
-9.27970810923476, 3.1090643629307, -2.51212753173984
-9.27970810923476, 2.90779087463443, -3.06961020040524
-9.27970810923476, 2.72686196456543, -3.63404316978847
-9.27970810923476, 2.56376056156726, -4.20389236475293
-9.27970810923476, 2.41363209018728, -4.7773086712498
-9.27970810923476, 2.27005775856301, -5.35240703421048
-9.27970810923476, 2.13284235651516, -5.92905059203187
-9.27970810923477, 2.01251271126033, -6.50940028239347
-9.27970810923476, 1.93112260882627, -7.09639649170069
-9.27970810923476, 1.79305361344848, -7.67241252439507
-9.27970810923477, 1.57724858127975, -8.22395704251534
-9.27970810923476, 1.2870879115508, -8.74023975779459
-9.27970810923476, 0.928621686749526, -9.21171603463909
-9.27970810923476, 0.50750542388697, -9.62804935482837
-9.27970810923476, 0, -9.90000000000001
-7.59492565027135, 4.07017458660525, -1.30600196807833E-15
-7.70979277190746, 3.75670272555078, -0.482363269177703
-7.81568955354539, 3.46771088221997, -0.981726684811436
-7.91047410365338, 3.20904426902068, -1.49958394290325
-7.99336086466771, 2.98284666902988, -2.03441440741496
-8.06535605586832, 2.78637211433421, -2.5824383409305
-8.12893797974336, 2.61285732853089, -3.13922578841494
-8.1866783779728, 2.45528404008071, -3.7013710696
-8.23914615055839, 2.312099723424, -4.26787247740992
-8.28781100889107, 2.17929354275008, -4.83724349249583
-8.33445186833563, 2.05201084598692, -5.40804710278937
-8.37822338802217, 1.9325585645866, -5.98075713218514
-8.41344085842485, 1.83645024541297, -6.55829611361827
-8.42968258974257, 1.79212663330886, -7.14288925097346
-8.47189399700575, 1.67693189173229, -7.71603490815783
-8.54353248340985, 1.48143078283048, -8.26395128488908
-8.64203108172289, 1.21262854869545, -8.77539784532057
-8.76513459967814, 0.876679598933866, -9.23964992435819
-8.91095330499754, 0.478741004478319, -9.64436734395481
-9.08638085695904, 0, -9.90000000000001
-6.44545840295614, 3.59745450656203, -1.54058815060839E-15
-6.6213553088574, 3.34490709702228, -0.504044556336419
-6.78608052115077, 3.10839966423136, -1.01948705886388
-6.93588338569803, 2.89331728293989, -1.54865986698741
-7.069005269845, 2.7021849442435, -2.09131399743316
-7.18660430173152, 2.5333398431023, -2.64486011146557
-7.29233649432486, 2.38153278767067, -3.20571828635185
-7.38930549179024, 2.24230766037198, -3.77140554985691
-7.47819004978004, 2.11468992455457, -4.34115025876338
-7.56135648716556, 1.99528209179738, -4.91354009987246
-7.641231268476, 1.88060031837933, -5.48736393937845
-7.71448199862602, 1.7754291554672, -6.06386638522561
-7.76411648063377, 1.70416548092626, -6.64752799564826
-7.7787284795626, 1.68318601878755, -7.23700524527483
-7.8550959959385, 1.57353986932915, -7.81148998514868
-7.98698593015519, 1.38417632674648, -8.35445736975456
-8.16684364571034, 1.12594210758014, -8.85349195418131
-8.38867941380104, 0.807437081653106, -9.29780280081251
-8.64771674494068, 0.435519186803231, -9.67533522989633
-8.95105178036604, 0, -9.90000000000001
-5.60226001314285, 3.21346269063018, -1.76409485292934E-15
-5.80766384403303, 3.00805885973999, -0.522936060807848
-6.00331402179421, 2.81240868197882, -1.0532799616143
-6.18428406148395, 2.63143864228908, -1.59392563066831
-6.34778762745835, 2.46793507631468, -2.1455839271741
-6.49466704502875, 2.32105565874428, -2.70653308002314
-6.62894062775411, 2.18678207601892, -3.27378818166257
-6.75316376396115, 2.06255893981188, -3.84560400458462
-6.86801893444377, 1.94770376932926, -4.42132919992707
-6.97648553595802, 1.83923716781501, -4.99953455165577
-7.0805017870071, 1.73522091676593, -5.57936924584729
-7.17276491275287, 1.64295779102015, -6.16312094296668
-7.21196264398094, 1.60376005979209, -6.75674155652105
-7.22611065779534, 1.58961204597768, -7.3529891152636
-7.33827156701041, 1.47745113676262, -7.92864075192511
-7.52663621081851, 1.28908649295452, -8.46342552154608
-7.77713062603538, 1.03859207773765, -8.94465063235014
-8.07925471154715, 0.736467992225875, -9.36243243971284
-8.42416181031359, 0.391560893459441, -9.7074997187981
-8.81572270377303, 0, -9.90000000000001
-4.86230875883865, 2.85164748520376, -5.746520910239E-15
-5.08267513902137, 2.68706045910538, -0.543408734738413
-5.29645647426455, 2.5273916649189, -1.09088895152626
-5.49782681918134, 2.37699237902612, -1.64563241287926
-5.6829590466067, 2.23872100241394, -2.20911274389641
-5.85224494927038, 2.11228491331227, -2.78031397982161
-6.00966030071545, 1.99471468987306, -3.3567940660198
-6.1565726709177, 1.88498892277282, -3.93757481216849
-6.29373861725263, 1.78254255518028, -4.52206276919851
-6.42468949798374, 1.68473808969592, -5.10877376172094
-6.54916192282805, 1.59177224699617, -5.69766460532184
-6.65265724488631, 1.51447376227024, -6.29270085641239
-6.6508206961098, 1.51584544202084, -6.89791621472422
-6.6800594330663, 1.49400764281321, -7.50289231810096
-6.84093726453155, 1.37385136568933, -8.07632627983809
-7.09400514592083, 1.18484027441333, -8.59597983402537
-7.41760507663312, 0.943150275251872, -9.05091313943735
-7.79634303823203, 0.660278837610434, -9.43404813216074
-8.21727360169703, 0.345894630830926, -9.7408639481571
-8.68039362718002, 0, -9.90000000000001
-4.16575208791257, 2.49044164563139, -5.93268487576038E-15
-4.39081994857406, 2.36244932307804, -0.567771611142018
-4.61363669215766, 2.23573717310149, -1.1367137400095
-4.82776924500736, 2.11396357693827, -1.71003912969136
-5.02833038354025, 1.99990781678077, -2.28981674928966
-5.21538834075646, 1.89353108966468, -2.8755446039696
-5.39242614475449, 1.79285265584986, -3.46538572089972
-5.55924334978385, 1.69798650547719, -4.0591544447451
-5.71684447558459, 1.60836138499587, -4.65625115848167
-5.86906517957296, 1.52179602027914, -5.25519640747604
-6.01024540472725, 1.44150919095134, -5.85767486470482
-6.10648610216075, 1.38677871831815, -6.47091536964344
-6.03185124156215, 1.42922231343324, -7.08611337526877
-6.1078774510648, 1.38598748150045, -7.70070548301762
-6.33897680159631, 1.25456515168328, -8.26348952651023
-6.6707867545831, 1.06587038911577, -8.75583502941103
-7.07405664590905, 0.836537556542769, -9.17202664861835
-7.52854875654532, 0.578075505801534, -9.511742904526
-8.01992620778026, 0.298637379677882, -9.7748520842324
-8.54506455058701, 0, -9.90000000000001
-3.48262304558674, 2.11728380238176, -2.53587945410365E-15
-3.70396171692287, 2.02216992169197, -0.598381268012133
-3.9273925287432, 1.92615700424914, -1.19584304199892
-4.14696873201192, 1.83180049314359, -1.79499086231196
-4.35726561369142, 1.74143150162144, -2.39806282231933
-4.55790605055334, 1.6552120874629, -3.00502550682734
-4.75122158681958, 1.5721403370954, -3.61479685933433
-4.93553724584875, 1.49293602319791, -4.22785943443297
-5.11233438156577, 1.41696257684363, -4.8435442334828
-5.28416136711789, 1.34312490851195, -5.46088771280272
-5.43315012365291, 1.27910130735971, -6.08509582574915
-5.44731328608176, 1.27301509868622, -6.7225315476254
-5.33102923055499, 1.32298480220233, -7.34586541799245
-5.49492670713619, 1.25255461059235, -7.96167432412037
-5.82346576369743, 1.11137447049724, -8.49666460148084
-6.2490627548646, 0.92848649527157, -8.94429769571484
-6.73880080692184, 0.718035757624002, -9.30643046378691
-7.26915433572595, 0.490131695683219, -9.59338475139421
-7.82747626839361, 0.250209022570227, -9.80873950802921
-8.40973547399401, 0, -9.90000000000001
-2.79160558708364, 1.72237655586407, -6.21429691893579E-15
-2.9996088440053, 1.65703405197608, -0.639726688244073
-3.21436674233683, 1.58956963332042, -1.27700132356306
-3.43145048300415, 1.52137457051947, -1.91341122373964
-3.64645137571036, 1.4538338171895, -2.55059600659404
-3.85618422174251, 1.38794797717856, -3.18970687483185
-4.06152061671407, 1.32344324592895, -3.83038346052811
-4.26045324386937, 1.26095020540777, -4.47327501793274
-4.45556611806122, 1.19965710870746, -5.11745459777914
-4.63870247883047, 1.14212633470567, -5.7654250220205
-4.75026036155373, 1.10708134794219, -6.42912325750976
-4.50677568602614, 1.18357004620963, -7.043766292875
-4.52498258289717, 1.17785050004872, -7.70912667735934
-4.83653580073223, 1.07997863184345, -8.29692697452161
-5.29032553355641, 0.937424338126017, -8.77516941742702
-5.82260699743027, 0.770212515881415, -9.15510974514747
-6.40225852205412, 0.588119780594685, -9.45020278932064
-7.00972946658109, 0.397287804489884, -9.67590154696993
-7.63463583766919, 0.200978633245353, -9.84169063549078
-8.274406397401, 0, -9.90000000000001
-2.07397062019928, 1.29556495972157, -6.53677350461928E-15
-2.25827824882178, 1.2561950826131, -0.698561475783159
-2.45497091028805, 1.21417964370838, -1.39359229089267
-2.65937280191766, 1.17051743930404, -2.08629744197757
-2.86799064998206, 1.12595466617135, -2.77768892459388
-3.07810705683298, 1.08107178650967, -3.46860615574016
-3.2885060790707, 1.0361285374909, -4.15943349173534
-3.49798431214331, 0.991381977868789, -4.85055318634038
-3.70328018700159, 0.947528810072901, -5.54295178542957
-3.85066046420844, 0.91604696938507, -6.24971264729732
-3.5631301407156, 0.977466204093232, -6.86958660692672
-3.35104683861571, 1.02276923144394, -7.5351070459298
-3.62744297869747, 0.963728365096732, -8.19117032869042
-4.12734020291979, 0.856945523650675, -8.70031378481177
-4.72240077980744, 0.729834877394448, -9.08984614380953
-5.37002173072062, 0.591496831156864, -9.38019642160077
-6.0445905109513, 0.447402470129174, -9.59776399816356
-6.73469156072895, 0.299990267361289, -9.75696934081608
-7.43307916766785, 0.150807976510077, -9.87262508269722
-8.13907732080799, 0, -9.90000000000001
-1.31211110658262, 0.824486961243126, -2.83777305781747E-15
-1.450789312706, 0.807400204982196, -0.785838724907474
-1.60727697358596, 0.788119118255995, -1.56827957858977
-1.77897940476638, 0.766963396149388, -2.34747877285736
-1.96356420054253, 0.744220417976634, -3.12368448465186
-2.15778779885901, 0.720289828035184, -3.89750542022737
-2.35693933532375, 0.695752059212768, -4.67005508456015
-2.5581237985533, 0.670963810339466, -5.44204823200549
-2.68293217809285, 0.655585976863479, -6.22863525533714
-2.23777503421608, 0.710434477055838, -6.82925519896571
-1.84038093035373, 0.759398019216065, -7.4858722728822
-2.07572865104279, 0.730400462553112, -8.22927089162881
-2.64562910102928, 0.6601821466827, -8.779104177913
-3.3365511190718, 0.575052576235997, -9.16640076837434
-4.08268061417212, 0.483120807155227, -9.43295929622184
-4.85309122023581, 0.388197324838658, -9.61769677975695
-5.6350785006282, 0.291847462573172, -9.7447389959712
-6.42195195272772, 0.194895567534528, -9.83673037446085
-7.21155464785134, 0.0976073982417439, -9.9
-8.00374824421499, 0, -9.90000000000001
-0.493765715473082, 0.293470185840354, -6.43575636496114E-15
-0.546679331578689, 0.291364518251666, -0.882557745223285
-0.611038266969906, 0.288803390620069, -1.76435072102451
-0.689618764456366, 0.285676323924609, -2.64498435369362
-0.785066612201879, 0.281878030513577, -3.52394560952795
-0.893317214316395, 0.277570258694059, -4.40142937177668
-1.00667694564506, 0.273059171951381, -5.27826403364671
-1.03664646300268, 0.271866551866172, -6.15999703020226
-0.509507685078915, 0.292843743014846, -6.82237443759765
-0.273977419696573, 0.302216537438512, -7.65616236480806
-0.387605735767785, 0.297694762517085, -8.52818140951753
-0.895989876263567, 0.27746390161526, -9.23127885996252
-1.70390504037985, 0.2453133721165, -9.57737700116469
-2.57330588701057, 0.210716054468153, -9.7305220033343
-3.45321898489554, 0.175700407694348, -9.8085695068337
-4.33534610769203, 0.140596655044593, -9.85658466389869
-5.21823522963075, 0.105462579067601, -9.8878801614722
-6.10151772430815, 0.0703128490437479, -9.90000000000001
-6.98496844596506, 0.0351564245218741, -9.90000000000001
-7.86841916762198, 0, -9.90000000000001
