-77.2922354598346, 1.95123817181824, -2.6644619099253E-15
-77.2922354598381, 2.35611615045612, -0.546664905643438
-77.2922354598401, 2.74773730000158, -1.10289867274847
-77.2922354598409, 3.12410953627245, -1.6695558782976
-77.2922354598404, 3.48306685912981, -2.24739521245116
-77.2922354598391, 3.82248058787104, -2.83692041459466
-77.2922354598378, 4.14070424623421, -3.43814546754687
-77.2922354598363, 4.4366991790971, -4.05061770184405
-77.2922354598349, 4.70947484605325, -4.67377572068514
-77.2922354598334, 4.95796609818996, -5.30700485907387
-77.292235459832, 5.17613399170396, -5.95125827622583
-77.29223545983, 5.31161543934715, -6.61426529480132
-77.2922354598284, 4.74131917675431, -6.88971862803785
-77.2922354598281, 4.06920237009627, -6.99472018093766
-77.2922354598275, 3.39344994594708, -7.06688706452556
-77.2922354598273, 2.71382979042396, -7.09689927683013
-77.2922354598272, 2.03452587017639, -7.13338293279815
-77.2922354598271, 1.35570159316147, -7.17784695707422
-77.292235459827, 0.677842116342506, -7.23511765661236
-77.2922354598346, 0, -7.28646859739465
-75.7842828920839, 2.14956864483527, -2.5717549416493E-15
-75.7842828923484, 2.541773191318, -0.555880437496524
-75.784282892251, 2.92044343145623, -1.12106261862703
-75.7842828922485, 3.2836375913409, -1.69630665316485
-75.7842828930493, 3.62929550465009, -2.28224966350282
-75.7842828954849, 3.95547972958729, -2.87924759906402
-75.7842828935794, 4.26077631606553, -3.48718964425511
-75.7842828923203, 4.54407641997928, -4.10568519299471
-75.7842828929213, 4.80391669887564, -4.73439208113178
-75.7842828928314, 5.03776350324053, -5.37320872509489
-75.7842828922611, 5.23612406983176, -6.02383649791987
-75.7842828924528, 5.32091076124653, -6.69209927371317
-75.7842828921967, 4.74090819989601, -6.97856593632137
-75.78428289217, 4.06951559494593, -7.08788479459931
-75.7842828921983, 3.39242985379227, -7.13971212907826
-75.7842828922226, 2.71214630845604, -7.14399874180587
-75.7842828920942, 2.03224064004077, -7.16762215218126
-75.7842828921553, 1.35289505806822, -7.20400096141272
-75.7842828920825, 0.674450515542303, -7.25443760057787
-75.7842828920839, 4.44089209850063E-16, -7.3288380470698
-74.2376648738781, 2.34439310955213, -2.38501550563649E-15
-74.2376648739816, 2.72419908542953, -0.565079417363457
-74.2376648747091, 3.09021152850176, -1.13918445776148
-74.2376648766883, 3.44048715995818, -1.72301882971602
-74.2376648805414, 3.77309815631512, -2.31708887204034
-74.2376648853601, 4.08618295059418, -2.92167227790193
-74.2376648786925, 4.37830694789757, -3.53665505778095
-74.2376648745582, 4.64830440285567, -4.16166449269454
-74.2376648775461, 4.89429866621751, -4.79649724500751
-74.2376648759206, 5.11239816635484, -5.44142107431621
-74.2376648753902, 5.28957170469166, -6.09864422991922
-74.237664874487, 5.323081557722, -6.76914929382364
-74.2376648742892, 4.74022191947058, -7.06887984980727
-74.2376648741837, 4.06986352133461, -7.18711880852794
-74.2376648742731, 3.39234413542631, -7.2330647511042
-74.2376648743697, 2.71156833592833, -7.2256904173957
-74.2376648739091, 2.03098673890349, -7.24472973907017
-74.2376648741049, 1.3511034559791, -7.28108717158666
-74.2376648738914, 0.672458659464111, -7.33585854724935
-74.2376648738781, 0, -7.42979165356755
-72.6910468556723, 2.5314247359726, -2.2152956490626E-15
-72.6910468556724, 2.89934174792237, -0.574112883687927
-72.6910468556724, 3.25326665314051, -1.15695080801629
-72.6910468556724, 3.59123034968224, -1.7491815481507
-72.6910468556724, 3.91126790566603, -2.35128305414392
-72.691046855674, 4.21146505612515, -2.9635130134943
-72.6910468562496, 4.4903454666824, -3.58574035121454
-72.6910468593293, 4.74675254606039, -4.2175558433357
-72.6910468671215, 4.97832638276354, -4.85887933587697
-72.6910468586037, 5.18007160614832, -5.51016746754747
-72.6910468612553, 5.33532402391654, -6.17390303361218
-72.6910468561128, 5.32088321924404, -6.84433282339685
-72.6910468565106, 4.7386280395276, -7.15803838399589
-72.6910468562771, 4.06939332018371, -7.2877361076513
-72.6910468564304, 3.39144661105046, -7.33808416729702
-72.6910468566588, 2.70963533665109, -7.33182968708873
-72.6910468557219, 2.02812309573494, -7.35389911650832
-72.6910468560674, 1.34759547934877, -7.39669674491441
-72.6910468557597, 0.668993635319282, -7.46330684539565
-72.6910468556723, 4.44089209850063E-16, -7.58603019500842
-71.1444288374542, 2.71178178523115, -2.13660113697166E-15
-71.1444288374604, 3.06837658068029, -0.583196285375159
-71.1444288374641, 3.41076271164352, -1.1748410998889
-71.1444288374659, 3.73690481695623, -1.77558796630645
-71.1444288374665, 4.04473808319809, -2.38591347410453
-71.1444288374665, 4.3322063909685, -3.00608554048636
-71.1444288374665, 4.59775172750526, -3.63595404972615
-71.1444288374665, 4.84016713368935, -4.27507608998488
-71.1444288374665, 5.05683778820897, -4.92336671359053
-71.1444288387387, 5.24171695486376, -5.58138390113669
-71.1444288470707, 5.37426702120511, -6.2516695992449
-71.1444288376357, 5.31484057605296, -6.92044305716821
-71.1444288387862, 4.73337877651342, -7.24659520583818
-71.1444288383871, 4.06494317942605, -7.38853479723266
-71.1444288385907, 3.38606485270575, -7.4491572882427
-71.1444288390453, 2.70254246028199, -7.45473173288251
-71.1444288375246, 2.01970672400328, -7.48623398032762
-71.1444288379886, 1.33826716342313, -7.53994839690695
-71.1444288377667, 0.659684238447094, -7.62204583174699
-71.1444288374665, 0, -7.79190759450405
-69.5978108192608, 2.88609595762259, -2.16251907867484E-15
-69.5978108192607, 3.23199604341703, -0.592544779518285
-69.5978108192607, 3.56340403643502, -1.1933100145808
-69.5978108192607, 3.87818098808018, -1.80294818414538
-69.5978108192607, 4.17411197959447, -2.42194764630247
-69.5978108192607, 4.44893430709768, -3.05059706967519
-69.5978108192607, 4.70099625176528, -3.6887110822247
-69.5978108192607, 4.92907807465216, -4.33577866661658
-69.5978108192607, 5.13042832067582, -4.99164386131155
-69.5978108215998, 5.29796257949554, -5.65689210281357
-69.5978108285934, 5.4068385031954, -6.33390327339072
-69.5978108195553, 5.30433015355027, -6.99971862521392
-69.5978108210063, 4.7219661472795, -7.33540555982438
-69.5978108204288, 4.05361644302488, -7.48931956344304
-69.5978108206718, 3.37313070832622, -7.56333389225942
-69.5978108213087, 2.68748765881645, -7.58852056175601
-69.5978108193156, 2.00290810098043, -7.63430334079949
-69.597810819823, 1.32015125161126, -7.70183025351001
-69.5978108198013, 0.641381846013977, -7.80138286687865
-69.5978108192608, 0, -8.03437462454619
-68.0511928010549, 3.0540399075313, -2.2498648358701E-15
-68.0511928010549, 3.38991684667141, -0.602086924546664
-68.051192801055, 3.71089261665722, -1.21224272623235
-68.051192801055, 4.01469549129387, -1.83112221116487
-68.051192801055, 4.29892938020977, -2.45922289715975
-68.051192801055, 4.56109659339152, -3.09684212308708
-68.051192801055, 4.79948748805801, -3.74372490240636
-68.051192801055, 5.01292523959369, -4.3992590628493
-68.0511928010549, 5.19866275036449, -5.06316030762402
-68.051192801055, 5.34851867314899, -5.7359950479952
-68.0511928014384, 5.43292738476889, -6.41971290424778
-68.0511928024038, 5.28978033067823, -7.08154433289974
-68.0511928030779, 4.70500033185292, -7.42446944122606
-68.0511928023385, 4.03604648853446, -7.59001539665054
-68.0511928026317, 3.35364495177706, -7.67992394098586
-68.0511928034333, 2.66593211256432, -7.7287113286174
-68.0511928011052, 1.97937745384008, -7.79168351528138
-68.0511928015539, 1.29499687576609, -7.87478079557689
-68.051192801452, 0.616201844243171, -7.99434348184539
-68.051192801055, 4.44089209850063E-16, -8.29280798614831
-66.5045747828491, 3.21507898936395, -2.36322293715181E-15
-66.5045747828491, 3.54160501716228, -0.611579672686177
-66.5045747828491, 3.85263974430488, -1.23117583274866
-66.5045747828491, 4.14576018413953, -1.85943856842964
-66.5045747828492, 4.41837979032965, -2.49685723778954
-66.5045747828492, 4.66777859078944, -3.1437061756006
-66.5045747828492, 4.89226328038516, -3.79961652676641
-66.5045747828492, 5.09077904544507, -4.46384288572608
-66.5045747828491, 5.26076662869377, -5.1359238401502
-66.5045747828492, 5.39288000321751, -5.81637178060816
-66.504574783911, 5.45217652961574, -6.50642279620678
-66.5045747862906, 5.27278351453066, -7.16372035872649
-66.5045747849772, 4.68510038585422, -7.51299252368154
-66.5045747841168, 4.01514110124915, -7.6900697145036
-66.5045747844862, 3.33102581432882, -7.79801587801367
-66.5045747853918, 2.64164709525759, -7.87167333799803
-66.5045747829099, 1.95316814673413, -7.95326341814134
-66.5045747832075, 1.26707949663193, -8.05273889339825
-66.504574783077, 0.589263673626928, -8.19593578215053
-66.5045747828492, 0, -8.55122071834575
-64.9579567646433, 3.36853874535019, -2.47476737820866E-15
-64.9579567646433, 3.68638434583148, -0.620672926782479
-64.9579567646433, 3.98791127108484, -1.24942929469887
-64.9579567646434, 4.27054061864173, -1.88689653207232
-64.9579567646434, 4.53151256944449, -2.5335237171248
-64.9579567646434, 4.7679455583731, -3.18951238611608
-64.9579567646434, 4.97826638262483, -3.85433290230803
-64.9579567646434, 5.16165282602933, -4.52707750342422
-64.9579567646434, 5.31597319032885, -5.20706775780467
-64.9579567646434, 5.43071142893297, -5.89473368719576
-64.957956766717, 5.46538900742568, -6.59031302070458
-64.9579567705735, 5.25575426558002, -7.2433869552709
-64.9579567667333, 4.66588229007738, -7.59955633715332
-64.957956765811, 3.99498076336911, -7.78846132134832
-64.9579567662764, 3.3097950943352, -7.91579147664179
-64.9579567671919, 2.61936473609514, -8.01372304570389
-64.9579567647361, 1.92930987659771, -8.1142425266391
-64.957956764839, 1.24169656340309, -8.23008794917604
-64.957956764837, 0.566455242241977, -8.39952257883305
-64.9579567646434, 0, -8.79664179059325
-63.4113387464376, 3.51368314847628, -2.5611473397367E-15
-63.4113387464376, 3.82353229150698, -0.628983202170321
-63.4113387464376, 4.11594337255308, -1.26625358760798
-63.4113387464376, 4.38819319503935, -1.9123864488233
-63.4113387464376, 4.63739750432843, -2.56774369001453
-63.4113387464376, 4.86062689324349, -3.23238899245084
-63.4113387464376, 5.0565521601622, -3.90558940312897
-63.4113387464376, 5.22473059117805, -4.58625004029992
-63.4113387464376, 5.36375741114451, -5.27344993953974
-63.4113387464376, 5.46206785953589, -5.96751750149662
-63.411338749526, 5.47400499996942, -6.66752848031823
-63.4113387529813, 5.24143317164497, -7.3175735949634
-63.4113387483868, 4.65117304905186, -7.682331996818
-63.4113387474702, 3.97993357880061, -7.88378434231153
-63.4113387480334, 3.29455235017569, -8.03059084949946
-63.4113387488482, 2.60376309338112, -8.15084706058844
-63.4113387465648, 1.91273418927914, -8.26971983493514
-63.4113387465037, 1.22403612458807, -8.40125877405274
-63.4113387467171, 0.552027565518491, -8.59506807787155
-63.4113387464376, 0, -9.01775749301951
-61.8547207282318, 3.65237965458309, -2.6165809307928E-15
-61.8547207282318, 3.95455165668612, -0.636520582000513
-61.8547207282318, 4.23790946485997, -1.28162919690547
-61.8547207282318, 4.49961122305524, -1.93581412701734
-61.8547207282318, 4.73671825037651, -2.59930013628135
-61.8547207282318, 4.94639221376746, -3.27195169751529
-61.8547207282318, 5.12766437890068, -3.95280876174539
-61.8547207282318, 5.28063005177903, -4.64057958443028
-61.8547207282318, 5.40489671024021, -5.33410598692926
-61.8547207282318, 5.48797631923699, -6.03361979897785
-61.8547207319311, 5.47966664240445, -6.7370063209647
-61.8547207334588, 5.23091412215472, -7.38554415142646
-61.8547207299671, 4.64231721242122, -7.76071095446415
-61.8547207291164, 3.97163604894433, -7.97555423228616
-61.8547207297621, 3.28684630430988, -8.14088282502061
-61.8547207303876, 2.59635670628949, -8.28130062683071
-61.8547207283698, 1.90506548890518, -8.41773176068833
-61.8547207282259, 1.21584135275762, -8.56411856162398
-61.8547207285916, 0.546165535241743, -8.7768360782493
-61.8547207282318, 4.44089209850063E-16, -9.21193732969618
-57.9981756827191, 3.97971503871402, -2.66363727154474E-15
-57.9981756827181, 4.26008683758037, -0.653410794284747
-57.9981756827176, 4.51816413327786, -1.31593515598137
-57.9981756827173, 4.75102031778684, -1.98773010024663
-57.9981756827173, 4.95593861884497, -2.6685587817182
-57.9981756827173, 5.13083427614613, -3.35770790923349
-57.9981756827173, 5.27589659350093, -4.05375351646288
-57.9981756827173, 5.39291928721419, -4.75506745449962
-57.9981756830427, 5.48429213505053, -5.46018384827608
-57.9981756886042, 5.53495019961509, -6.16921619868476
-57.9981756837383, 5.48685946241278, -6.87737291556213
-57.998175685008, 5.2184337951739, -7.52718344453827
-57.9981756836853, 4.64061855400117, -7.93180916056543
-57.9981756832009, 3.9751131838341, -8.18099758403451
-57.9981756838103, 3.29382534217188, -8.3843259895576
-57.9981756837271, 2.60626996664753, -8.56559547957438
-57.9981756827738, 1.91716264656598, -8.74088624589647
-57.9981756826959, 1.22891421544927, -8.91947496811286
-57.998175682966, 0.558519171272134, -9.15302635254633
-57.9981756827173, 4.44089209850063E-16, -9.58038514166417
-54.1316306372028, 4.31325507805484, -2.67828865626427E-15
-54.131630637113, 4.55733505931163, -0.670904755460612
-54.1316306371721, 4.77825267926327, -1.34978150873705
-54.1316306370343, 4.97349201475202, -2.03647649018283
-54.1316306361754, 5.140969077643, -2.73045992588538
-54.1316306364835, 5.27980281658753, -3.43073766873439
-54.1316306370685, 5.39127808415525, -4.13589544893311
-54.1316306367043, 5.47783059710687, -4.84455350114523
-54.1316306368549, 5.54236580093297, -5.5555535484025
-54.1316306361297, 5.56569948175347, -6.26887791207758
-54.1316306364807, 5.48798101599883, -6.97745413871832
-54.131630636463, 5.21762174842069, -7.63182524946901
-54.1316306369624, 4.65766360860216, -8.06606732791506
-54.1316306370892, 4.00186357102557, -8.34697841699754
-54.1316306370296, 3.32586605250924, -8.57649713660562
-54.1316306370393, 2.64290306365141, -8.78455631681904
-54.1316306371179, 1.95817561232615, -8.98674398683267
-54.131630637151, 1.27302778608202, -9.18750073794226
-54.1316306371498, 0.597923642836703, -9.41873405420353
-54.1316306372028, 4.44089209850063E-16, -9.79391850356413
-50.265085591689, 4.6507309189478, -2.93169332471486E-15
-50.2650855916886, 4.84069324953563, -0.688270577206428
-50.2650855916884, 5.01073014050104, -1.38172823024343
-50.2650855916883, 5.15928008046005, -2.08010116567053
-50.2650855916883, 5.28540863437104, -2.78286838012451
-50.2650855916883, 5.38913321668573, -3.48929253868132
-50.2650855916883, 5.4717181738854, -4.19850267106429
-50.2650855916883, 5.53487402787616, -4.90971082054408
-50.2650855916883, 5.57879402246157, -5.62235100355188
-50.2650855916883, 5.57936397602987, -6.33610724363938
-50.2650855916883, 5.48141463585025, -7.04244784411327
-50.2650855916883, 5.21720074327939, -7.70108054786967
-50.2650855783899, 4.67794841329638, -8.16076899166865
-50.2650855843293, 4.03374557752912, -8.46719401431833
-50.2650855889514, 3.36366645370919, -8.71359917374976
-50.2650855892816, 2.68525788337704, -8.93626993435623
-50.2650855897132, 2.00435734535115, -9.1512247648079
-50.26508559041, 1.32232335003798, -9.36256285337006
-50.2650855906962, 0.644143482786745, -9.58575563754689
-50.2650855916883, 0, -9.87793319351546
-46.3985405461738, 4.95154719293078, -3.64350378689207E-15
-46.3985405461738, 5.07942837712502, -0.701198626118418
-46.3985405461738, 5.193091299958, -1.40484064537214
-46.3985405461738, 5.2920994054161, -2.11069370811216
-46.3985405461739, 5.37669831385755, -2.81841947769335
-46.3985405461738, 5.44776883314242, -3.52763336153829
-46.3985405461738, 5.50606227283117, -4.23801203730059
-46.3985405461738, 5.55139480303193, -4.9493344333514
-46.3985405461738, 5.58040834270351, -5.66148665175404
-46.3985405461738, 5.56704130314074, -6.37387966048472
-46.3985405461738, 5.46163102306121, -7.07804709472069
-46.3985405461738, 5.20520115492585, -7.73913948801672
-46.3985405461738, 4.68324601437526, -8.21664414515088
-46.3985405461738, 4.04961291204868, -8.5413015538453
-46.3985405461738, 3.38462163403362, -8.79759802369774
-46.3985405461738, 2.71016360653654, -9.02810043341773
-46.3985405461738, 2.03228818627539, -9.24839684580957
-46.3985405461738, 1.35296324461187, -9.4641898454662
-46.3985405461738, 0.674080053358862, -9.6813600810074
-46.3985405461738, 0, -9.89928948354666
-42.5319955006593, 5.19340296778742, -3.12919385337031E-15
-42.5319955006593, 5.25950975811941, -0.707077525169335
-42.5319955006593, 5.3171880634205, -1.41489293560502
-42.5319955006593, 5.36754725241634, -2.12326810085488
-42.5319955006593, 5.41268961503939, -2.83199635141313
-42.5319955006593, 5.4548222563835, -3.540910506904
-42.5319955006593, 5.49363130074773, -4.25001366463642
-42.5319955006593, 5.5265670941059, -4.9594111250746
-42.5319955006593, 5.54585607747023, -5.66928518017409
-42.5319955006594, 5.5263726127606, -6.37897604992649
-42.5319955006594, 5.42231634747498, -7.08074786953262
-42.5319955006594, 5.16908561600418, -7.74072475335826
-42.5319955006593, 4.66468042289068, -8.23333580681174
-42.5319955006593, 4.04252518205017, -8.5737953445808
-42.5319955006593, 3.38320117082141, -8.83732139412009
-42.5319955006594, 2.71304342173661, -9.07224697697597
-42.5319955006593, 2.03839056482013, -9.29399358604847
-42.5319955006593, 1.36165955615109, -9.50932562046511
-42.5319955006593, 0.683668242891672, -9.72065910753495
-42.5319955006593, 0, -9.90000000000001
-38.6654504551448, 5.39400283230787, -2.88197655921206E-15
-38.6654504551448, 5.39722807214758, -0.704819445704896
-38.6654504551448, 5.40029948468662, -1.40963960775843
-38.6654504551449, 5.40482247868813, -2.11445167385169
-38.6654504551449, 5.41240254763656, -2.81923691088994
-38.6654504551449, 5.42498838705373, -3.52394943863585
-38.6654504551448, 5.44106150151259, -4.22859291381324
-38.6654504551448, 5.456353164336, -4.93325347734427
-38.6654504551449, 5.46373835700011, -5.63802492251876
-38.6654504551449, 5.43921414089021, -6.34226942101342
-38.6654504551448, 5.33602258171236, -7.038792045725
-38.6654504551449, 5.0877219597247, -7.69551077072086
-38.6654504551449, 4.60788018759786, -8.20528208825671
-38.6654504551449, 4.00487609444441, -8.56826784373126
-38.6654504551448, 3.35676153657126, -8.84476621955723
-38.6654504551448, 2.69430402578575, -9.08534191345482
-38.6654504551448, 2.02576386327973, -9.30854997231683
-38.6654504551448, 1.35403813209398, -9.52199742145627
-38.6654504551449, 0.680136633753186, -9.72847636854884
-38.6654504551448, 0, -9.90000000000001
-34.7989054096304, 5.57536403934065, -3.85695505757669E-15
-34.7989054096304, 5.50687520661176, -0.693191254434243
-34.7989054096304, 5.4527002056842, -1.38764739762779
-34.7989054096304, 5.41231855328009, -2.08304404850074
-34.7989054096304, 5.38390008937525, -2.77903564323076
-34.7989054096304, 5.36453740089265, -3.47534154668286
-34.7989054096304, 5.35223288494649, -4.17180910624572
-34.7989054096304, 5.34328202237774, -4.86833003051771
-34.7989054096304, 5.33151463955966, -5.56480370157348
-34.7989054096304, 5.29672378039189, -6.26041351952957
-34.7989054096304, 5.19119296374856, -6.94831408110532
-34.7989054096304, 4.95229302333821, -7.6004630713257
-34.7989054096304, 4.50737693529321, -8.130947707394
-34.7989054096304, 3.93382200957433, -8.52455111600081
-34.7989054096304, 3.30625543829186, -8.82599284350748
-34.7989054096304, 2.65758290927491, -9.07965075637396
-34.7989054096304, 1.99971219597591, -9.30856130498253
-34.7989054096304, 1.33721760799855, -9.5237626050326
-34.7989054096304, 0.671904904296977, -9.73009931933544
-34.7989054096304, 0, -9.90000000000001
-30.9323603641158, 5.7236794811964, -3.9622056245971E-15
-30.9323603641158, 5.57408463759205, -0.669368330132363
-30.9323603641159, 5.45765797610097, -1.34529491140788
-30.9323603641159, 5.37207794088455, -2.02583540110326
-30.9323603641159, 5.31020323426024, -2.708965006818
-30.9323603641159, 5.26249249058439, -3.39324697077669
-30.9323603641159, 5.22345953971599, -4.07808067527089
-30.9323603641159, 5.18919705351075, -4.76317292024958
-30.9323603641159, 5.15344106695984, -5.44818625961802
-30.9323603641159, 5.10043224530733, -6.13202771155471
-30.9323603641159, 4.99157312504246, -6.80880320631043
-30.9323603641159, 4.76112934951071, -7.45315387909393
-30.9323603641159, 4.35857159006538, -8.00486672356751
-30.9323603641159, 3.82550245627945, -8.43497909034645
-30.9323603641159, 3.22996861142571, -8.77416030548635
-30.9323603641159, 2.6030697902942, -9.05224681342129
-30.9323603641159, 1.96175660936366, -9.29551101259742
-30.9323603641159, 1.31317279100356, -9.51876405735672
-30.9323603641159, 0.660416323594734, -9.72953628397575
-30.9323603641159, 0, -9.90000000000001
-27.0658153186014, 5.82629401210571, -4.16554342375612E-15
-27.0658153186014, 5.603453628208, -0.635345508286391
-27.0658153186014, 5.4253810979979, -1.28464911281817
-27.0658153186014, 5.29091684890148, -1.94440003167504
-27.0658153186014, 5.19096867200182, -2.6103090604144
-27.0658153186014, 5.11204933679633, -3.27907611091474
-27.0658153186014, 5.04475609729374, -3.9491173975262
-27.0658153186014, 4.98423942172256, -4.61981088435327
-27.0658153186014, 4.92231414813251, -5.2903742028386
-27.0658153186014, 4.84582125855395, -5.95939775856546
-27.0658153186014, 4.72851356991307, -6.62225934384755
-27.0658153186014, 4.51328040514306, -7.25908612785633
-27.0658153186014, 4.15678165754037, -7.82831691159096
-27.0658153186014, 3.67629971301197, -8.29858860548472
-27.0658153186014, 3.12446461465946, -8.68337327866325
-27.0658153186014, 2.52850923537859, -8.99646929829642
-27.0658153186014, 1.91107709312462, -9.26505609135723
-27.0658153186014, 1.28239802208957, -9.50633190909986
-27.0658153186014, 0.646873458849981, -9.72898032104767
-27.0658153186014, 0, -9.90000000000001
-23.1892702730869, 5.86606034174975, -4.88088559082139E-15
-23.1892702730869, 5.58599706083526, -0.59621492889432
-23.1892702730869, 5.35101439638182, -1.21156330969997
-23.1892702730869, 5.16297725069213, -1.84286544129046
-23.1892702730869, 5.01556118031456, -2.48492818782379
-23.1892702730869, 4.8966750824339, -3.13293650625391
-23.1892702730869, 4.7945817501465, -3.78381509162664
-23.1892702730869, 4.70412494079401, -4.43642467504727
-23.1892702730869, 4.61508885765763, -5.08923192621066
-23.1892702730869, 4.51510179685623, -5.74042968764155
-23.1892702730869, 4.38622962445428, -6.38643382600087
-23.1892702730869, 4.18932490849266, -7.01447755720397
-23.1892702730869, 3.88267925716513, -7.59647731047869
-23.1892702730869, 3.4690640250901, -8.10798227256705
-23.1892702730869, 2.97563989104462, -8.54367123303066
-23.1892702730869, 2.42529045104282, -8.90522795383812
-23.1892702730869, 1.84349106839213, -9.21404322448624
-23.1892702730869, 1.24387275972949, -9.48693910876406
-23.1892702730869, 0.63196786308843, -9.73095633947068
-23.1892702730869, 0, -9.90000000000001
-21.6526522548811, 5.86064553285085, -5.10813046042745E-15
-21.6526522548811, 5.56161340253126, -0.579948277688961
-21.6526522548811, 5.30552068748795, -1.1800615604043
-21.6526522548811, 5.09529562219423, -1.79775262212182
-21.6526522548811, 4.92642966874242, -2.4280596396098
-21.6526522548811, 4.7886178691517, -3.06593248011416
-21.6526522548811, 4.67013483458388, -3.70769597865898
-21.6526522548811, 4.56594889775685, -4.35194892209928
-21.6526522548811, 4.46577918190855, -4.99684487709141
-21.6526522548811, 4.35739805051722, -5.64039576549413
-21.6526522548811, 4.22521021029919, -6.2794163599961
-21.6526522548811, 4.0364085103762, -6.90362711474231
-21.6526522548811, 3.74924702485553, -7.4887706417023
-21.6526522548811, 3.36458005875002, -8.01488425243316
-21.6526522548811, 2.89914039466631, -8.47156484304385
-21.6526522548811, 2.37367650085629, -8.85788773766485
-21.6526522548811, 1.81148345949457, -9.18892411006807
-21.6526522548811, 1.22707350632367, -9.47924775528772
-21.6526522548811, 0.626076238947903, -9.73326041094875
-21.6526522548811, 0, -9.90000000000001
-20.1060342366753, 5.84057188745603, -5.20917898560616E-15
-20.1060342366753, 5.52376367624381, -0.563173462523563
-20.1060342366753, 5.24717016673829, -1.14711349892282
-20.1060342366753, 5.01456305058581, -1.749931321924
-20.1060342366753, 4.82326876754335, -2.36714650106018
-20.1060342366753, 4.66505955641077, -2.99371069377409
-20.1060342366753, 4.52880612874696, -3.62543957176133
-20.1060342366753, 4.40964339656866, -4.26062838811213
-20.1060342366753, 4.29782228258196, -4.89716253870158
-20.1060342366753, 4.18132919937861, -5.53284890357539
-20.1060342366753, 4.04648836645873, -6.16485889224394
-20.1060342366753, 3.86693638291278, -6.78535217974349
-20.1060342366753, 3.59997130552776, -7.37315453777673
-20.1060342366753, 3.24472047699708, -7.91220717176891
-20.1060342366753, 2.80989213246988, -8.38961506555264
-20.1060342366753, 2.31408276091136, -8.80343629792731
-20.1060342366753, 1.77610910184736, -9.16111151975912
-20.1060342366753, 1.20994494908638, -9.47252317723146
-20.1060342366753, 0.620401989568554, -9.736619616459
-20.1060342366753, 0, -9.90000000000001
-18.5594162184695, 5.80262362670799, -5.12602092107052E-15
-18.5594162184695, 5.4683314542799, -0.545723246127139
-18.5594162184695, 5.17173440014426, -1.11277943422593
-18.5594162184695, 4.91729015272469, -1.69995608726387
-18.5594162184695, 4.70390136173769, -2.30330029183483
-18.5594162184695, 4.52521174495221, -2.91786208098851
-18.5594162184695, 4.37094548636772, -3.53903878802338
-18.5594162184695, 4.23628851210983, -4.16477247569525
-18.5594162184695, 4.11254345384325, -4.79277230337667
-18.5594162184695, 3.9879872656803, -5.42060961382498
-18.5594162184695, 3.85055636642736, -6.04573428290464
-18.5594162184695, 3.68078136687352, -6.6626907068486
-18.5594162184695, 3.4364936432094, -7.25367017265865
-18.5594162184695, 3.11150989258525, -7.80450221854377
-18.5594162184695, 2.70964125925352, -8.30203482900298
-18.5594162184695, 2.24700125866846, -8.74374722743804
-18.5594162184695, 1.73785843206334, -9.13116939496955
-18.5594162184695, 1.19308567418716, -9.46681975414103
-18.5594162184695, 0.615089139707119, -9.74062423833342
-18.5594162184695, 0, -9.90000000000001
-17.0127982002637, 5.74350494771733, -4.8025562412209E-15
-17.0127982002637, 5.39115489630142, -0.52724339784741
-17.0127982002637, 5.07469407039733, -1.07673747568676
-17.0127982002637, 4.79926150457701, -1.64789042255674
-17.0127982002637, 4.56501854717076, -2.23716229966503
-17.0127982002637, 4.36696511352541, -2.83960625699936
-17.0127982002637, 4.19559534355232, -3.45021905575077
-17.0127982002637, 4.04575240137923, -4.06647868427427
-17.0127982002637, 3.91012766984139, -4.68604353455593
-17.0127982002637, 3.77750601194145, -5.30626281775521
-17.0127982002637, 3.63710109728801, -5.92475739107637
-17.0127982002637, 3.47622189806688, -6.53817450752745
-17.0127982002637, 3.25841274726757, -7.13335519534364
-17.0127982002637, 2.96671247428735, -7.69608572616233
-17.0127982002637, 2.6009725561989, -8.21360293187326
-17.0127982002637, 2.1738772683416, -8.68200103712176
-17.0127982002637, 1.69759736387747, -9.10034937806925
-17.0127982002637, 1.17701828704404, -9.46207258779998
-17.0127982002637, 0.610205950156993, -9.74479110951224
-17.0127982002637, 0, -9.90000000000001
-15.4661801820579, 5.65977054044548, -4.18475197335927E-15
-15.4661801820579, 5.28820612963577, -0.507397636600046
-15.4661801820579, 4.95164120248666, -1.03860916402426
-15.4661801820579, 4.65609042792226, -1.59366855348789
-15.4661801820579, 4.40277670710556, -2.16925607864735
-15.4661801820579, 4.18747996771361, -2.76016259515998
-15.4661801820579, 4.00104020489188, -3.36085099971179
-15.4661801820579, 3.83727677832505, -3.96812179243439
-15.4661801820579, 3.69035397883918, -4.57970761618927
-15.4661801820579, 3.54983658394294, -5.19280686003362
-15.4661801820579, 3.40592774565147, -5.80511652927388
-15.4661801820579, 3.25176488604646, -6.41490841748314
-15.4661801820579, 3.06365238085597, -7.01487150342809
-15.4661801820579, 2.81219517003491, -7.59106811528961
-15.4661801820579, 2.48783062628906, -8.12930082546843
-15.4661801820579, 2.09811527227352, -8.62263155691067
-15.4661801820579, 1.65732025518252, -9.07086213441365
-15.4661801820579, 1.16232121036973, -9.45813286524145
-15.4661801820579, 0.60581882785897, -9.74862709697067
-15.4661801820579, 0, -9.90000000000001
-13.9195621638522, 5.53875486133609, -3.31978779450643E-15
-13.9195621638521, 5.14900593647703, -0.487669016061827
-13.9195621638522, 4.79387500272825, -1.00103780699002
-13.9195621638522, 4.4804381520131, -1.54084578413965
-13.9195621638521, 4.21093803418718, -2.10390009333629
-13.9195621638522, 3.98162013383608, -2.68453201833249
-13.9195621638521, 3.78326484994025, -3.27652165005549
-13.9195621638521, 3.60804674404121, -3.87577539463241
-13.9195621638521, 3.45136563727884, -4.48016205150227
-13.9195621638521, 3.30381342562737, -5.08685596836619
-13.9195621638521, 3.15647872983108, -5.69360371387948
-13.9195621638521, 3.00711025603812, -6.29985374399187
-13.9195621638522, 2.85019441496143, -6.9041628726783
-13.9195621638521, 2.65071567315327, -7.4955310309669
-13.9195621638521, 2.37558799861084, -8.05524644387708
-13.9195621638521, 2.02506870532713, -8.57158053396542
-13.9195621638521, 1.62019383996048, -9.04640889886784
-13.9195621638522, 1.14964051427568, -9.45569627216944
-13.9195621638521, 0.601946838506521, -9.75204314006561
-13.9195621638521, 0, -9.90000000000001
-12.3729441456464, 5.35415894881698, -2.40262259244574E-15
-12.3729441456464, 4.95216265404661, -0.472077502928007
-12.3729441456464, 4.58442042260939, -0.971232986533146
-12.3729441456464, 4.25889476526708, -1.4988545354177
-12.3729441456464, 3.97867059732228, -2.05189065175274
-12.3729441456464, 3.74031677936242, -2.62427768265169
-12.3729441456464, 3.53453070884247, -3.20923690012852
-12.3729441456464, 3.35180441798265, -3.80181655740597
-12.3729441456464, 3.18834308600146, -4.40001569380763
-12.3729441456464, 3.03584703345748, -5.0011191932781
-12.3729441456464, 2.88629556356477, -5.60296451830842
-12.3729441456464, 2.74222013111526, -6.20613811249753
-12.3729441456464, 2.62043241975026, -6.81413681372124
-12.3729441456464, 2.48928745714818, -7.42002662903925
-12.3729441456464, 2.27231998713824, -7.99994901500786
-12.3729441456464, 1.96202744815487, -8.53643900527074
-12.3729441456464, 1.5903601525387, -9.03231265983496
-12.3729441456464, 1.13980489473699, -9.45697774467307
-12.3729441456464, 0.598522992396088, -9.75553317005159
-12.3729441456464, 0, -9.90000000000001
-10.8263261274406, 5.07830921900588, -1.64136440343106E-15
-10.8263261274406, 4.67376392839363, -0.464746259261567
-10.8263261274406, 4.30325301550816, -0.95698275218303
-10.8263261274406, 3.97510184202985, -1.47837441794189
-10.8263261274406, 3.69267890080041, -2.02590772826239
-10.8263261274406, 3.45254615983433, -2.59332251201126
-10.8263261274406, 3.24527212396257, -3.17362350466609
-10.8263261274406, 3.06042257932444, -3.76146681190382
-10.8263261274406, 2.89466215741214, -4.35499126602326
-10.8263261274406, 2.74072853012824, -4.9517075786702
-10.8263261274406, 2.59186063422864, -5.54970860398615
-10.8263261274406, 2.45642664657614, -6.15086102025355
-10.8263261274406, 2.37686603481794, -6.76114512831213
-10.8263261274406, 2.34258793187658, -7.37603412346826
-10.8263261274406, 2.19087090560767, -7.97171049522984
-10.8263261274406, 1.91890718843923, -8.52409169497394
-10.8263261274406, 1.57305914024559, -9.03340509119635
-10.8263261274406, 1.13397880197337, -9.4639972742682
-10.8263261274406, 0.59566909465203, -9.75954451776548
-10.8263261274406, 0, -9.90000000000001
-9.27970810923477, 4.68346568913744, -1.24355124747994E-15
-9.27970810923477, 4.28980552840468, -0.470100511662134
-9.27970810923477, 3.93028039851882, -0.96672742255485
-9.27970810923477, 3.61268857730582, -1.49112786875429
-9.27970810923476, 3.33969120260706, -2.04009030753752
-9.27970810923476, 3.10727634131648, -2.60748523658322
-9.27970810923476, 2.90577881574448, -3.18665187875695
-9.27970810923476, 2.72538144330632, -3.77274540590916
-9.27970810923476, 2.56312124018457, -4.36413048405725
-9.27970810923476, 2.41250494531942, -4.95860117701187
-9.27970810923476, 2.26910208450513, -5.55484518540697
-9.27970810923476, 2.15086796276139, -6.15646856404658
-9.27970810923476, 2.14492966200842, -6.76625520492374
-9.27970810923476, 2.23588243980139, -7.37136923493826
-9.27970810923476, 2.14835423268574, -7.97560533727243
-9.27970810923476, 1.9069386877452, -8.53846206987889
-9.27970810923476, 1.57325675512199, -9.05188347006335
-9.27970810923476, 1.13371513999659, -9.4774453568133
-9.27970810923476, 0.594029752915489, -9.76424707102423
-9.27970810923476, 0, -9.90000000000001
-7.58341941652868, 4.10157504701261, -1.2938613229643E-15
-7.70410739991721, 3.77221808027704, -0.504374021578478
-7.8146429784335, 3.47056698101818, -1.02798784076825
-7.91256152681579, 3.20334770054915, -1.57237568004598
-7.99715021767318, 2.97250554163067, -2.13534017664922
-8.06986192197166, 2.77407562589644, -2.71219486297261
-8.13395511215948, 2.59916559661286, -3.29766836443245
-8.19169979339872, 2.44158061984807, -3.8886984984161
-8.24404897090087, 2.29871994864354, -4.4839703368572
-8.29321045782295, 2.16455847077096, -5.08154431581084
-8.3386055077679, 2.04067558255874, -5.68159647026866
-8.36909430715629, 1.95747178542805, -6.28916354935239
-8.33055421942662, 2.0626475124224, -6.88537208063416
-8.27917182483778, 2.2028698373817, -7.47747407478838
-8.31082520742447, 2.11648789791294, -8.08085294458569
-8.40083153431547, 1.87086103449609, -8.6356568901044
-8.52721067884806, 1.52597291445941, -9.12653094354206
-8.68910281294089, 1.0841700047902, -9.5194058522707
-8.88043647216863, 0.562021304742759, -9.77698392816498
-9.08638085695904, 0, -9.90000000000001
-6.42725903785309, 3.62358459957585, -1.52591973694285E-15
-6.61532898892707, 3.35355950326937, -0.536926552508676
-6.79009152309021, 3.10264079005291, -1.08740654836412
-6.94701143237772, 2.87733997311859, -1.65407342334279
-7.08441354900173, 2.68006220725413, -2.23605943435659
-7.20436716790628, 2.50783646192881, -2.82977182869899
-7.3120383436647, 2.35324547364189, -3.4306827459728
-7.40957188538007, 2.21320979093762, -4.03687225835246
-7.49891509809701, 2.08493353266002, -4.64692642062553
-7.58383410774322, 1.96300941013525, -5.25891819455284
-7.65604291311428, 1.85933421102368, -5.87576876247026
-7.67258757793118, 1.83557988618322, -6.50209485894567
-7.50850329770452, 2.07116708827249, -7.05679612179165
-7.4220067936735, 2.19535612909359, -7.66100558511208
-7.51366846245099, 2.06375110235798, -8.26505115243765
-7.70327122537815, 1.79152524157047, -8.79877243747676
-7.95694940092744, 1.42730185876859, -9.2434523920002
-8.25965548095163, 0.992685706936144, -9.58170085094413
-8.59750896086598, 0.507605990956064, -9.79628898285797
-8.95105178036604, 0, -9.90000000000001
-5.58083867790548, 3.23488402586755, -1.75149521450143E-15
-5.80547853628516, 3.01024416748787, -0.570622197059787
-6.01758942371916, 2.79813328005387, -1.15072342613299
-6.2107831850994, 2.60493951867363, -1.74386315042722
-6.38228510049994, 2.43343760327309, -2.35019640920862
-6.53448185579299, 2.28124084798004, -2.96677944445488
-6.67304262617315, 2.14268007759988, -3.58977708877185
-6.79922376643528, 2.01649893733775, -4.21801833996816
-6.91630283255372, 1.89941987121931, -4.84978661444421
-7.02672504755825, 1.78899765621478, -5.48392126200074
-7.10195952026784, 1.71376318350519, -6.1277785519308
-6.99346355309314, 1.82225915067988, -6.74409228056472
-6.70354670416168, 2.11217599961135, -7.24879631015202
-6.63730826755726, 2.17841443621577, -7.88257479596493
-6.82697608985672, 1.98874661391631, -8.47387394281645
-7.12817992102156, 1.68754278275147, -8.9670302419974
-7.49959291297608, 1.31612979079695, -9.35346952172121
-7.9153744111825, 0.900348292590533, -9.6352409695689
-8.3593709355248, 0.456351768248228, -9.81316645699545
-8.81572270377303, 0, -9.90000000000001
-4.83944315895432, 2.86872532203983, -5.73707190252357E-15
-5.08808176762574, 2.68302236163119, -0.612508774098336
-5.32703240402072, 2.50455514446334, -1.23097370397361
-5.54794226732104, 2.33956220222664, -1.85976987124923
-5.74687535663851, 2.19098325140767, -2.4998938707796
-5.9267737179071, 2.05662093962209, -3.14876036283966
-6.09218721203163, 1.93307707121565, -3.80360633260265
-6.24404522862364, 1.81965750458597, -4.46355712223523
-6.38802451882718, 1.7121223934011, -5.12626578978238
-6.51030391799223, 1.62079447557178, -5.79549680134821
-6.50909284231178, 1.62169900258823, -6.47470610654132
-6.1299699915054, 1.90485790590449, -6.95587989441104
-5.79330951945342, 2.15630254938435, -7.48645641646198
-5.84166505686042, 2.1201868129884, -8.14985542590211
-6.16654049213161, 1.87754416623183, -8.70012851552124
-6.59456007916928, 1.55786531647275, -9.12917588724386
-7.07871971280896, 1.19625664371804, -9.45388339888442
-7.59719279137124, 0.809019978842584, -9.68138394520832
-8.13441665111375, 0.407778748892736, -9.82811433121951
-8.68039362718002, 0, -9.90000000000001
-4.14278813914044, 2.5035008586603, -2.37378015160511E-15
-4.40770908013012, 2.35284475684891, -0.667956574133024
-4.66756465685292, 2.20506924285309, -1.33853031959219
-4.9116963187087, 2.06623565587229, -2.01685137324083
-5.13510151512408, 1.93918886262668, -2.70456107075057
-5.34146985488181, 1.82183064440112, -3.39929867869216
-5.53240025598653, 1.71325172330767, -4.09985044877036
-5.71038995439063, 1.61203196308799, -4.80491055971956
-5.87685227744571, 1.51736762814996, -5.51360018333454
-5.95089764789494, 1.47525926620852, -6.24015122257249
-5.58141553795912, 1.68537755343801, -6.79624645682509
-5.03541502192908, 1.99587890159416, -7.17200563973894
-4.74752531439, 2.1595969562237, -7.80005084903514
-5.02563708079791, 2.0014394529385, -8.44625627363519
-5.50830117541968, 1.7269564667752, -8.92387391940827
-6.06675721259801, 1.40937187236747, -9.27758310573294
-6.66166022099328, 1.07106049590218, -9.54214354797224
-7.28024650868428, 0.719280835187731, -9.72140494927002
-7.90975725856432, 0.361288615807139, -9.8414937214117
-8.54506455058702, 0, -9.90000000000001
-3.46078873083894, 2.1266664664925, -6.30720067227354E-15
-3.73517433536135, 2.00875720330773, -0.741225529604381
-4.01018243044373, 1.89058044284156, -1.4821786808652
-4.27387665419028, 1.77726549076106, -2.22796908401793
-4.52030394947359, 1.67137050087613, -2.98072642275807
-4.75252095567824, 1.57158197097777, -3.7388170449675
-4.96922110188984, 1.47846136205838, -4.50233484899696
-5.1770676673413, 1.389145322937, -5.26876498125144
-5.30569680627574, 1.33387067752603, -6.05355293332921
-4.94899918781365, 1.48715114370002, -6.69208822489158
-4.26618390128247, 1.78057122842467, -6.98433363915405
-3.67308709465294, 2.03543739601626, -7.44202247876696
-3.66992113828757, 2.03679787403028, -8.18033863099687
-4.19376193565938, 1.81169246971528, -8.73373726992467
-4.83139444592678, 1.53768837391314, -9.12724710378093
-5.51653266805956, 1.24327007492108, -9.41334570771356
-6.22552422629268, 0.938601495893408, -9.61960616601836
-6.94858434591747, 0.627887360246079, -9.75750574240701
-7.67737237260134, 0.314711822506961, -9.85396240949835
-8.40973547399401, 0, -9.90000000000001
-2.772196253995, 1.72847383742388, -2.65990095143921E-15
-3.04268582406761, 1.64350177474706, -0.82946869459432
-3.32166655555933, 1.55586228389506, -1.65585298840724
-3.59837888872651, 1.46893539162701, -2.48307177181882
-3.8641559695934, 1.38544371848256, -3.31421703540129
-4.1180787638792, 1.30567597148465, -4.14941983590501
-4.36039698331406, 1.22955370575727, -4.9884107916723
-4.5548402928687, 1.16847094725349, -5.83984562317591
-4.24040967511268, 1.26724672686034, -6.58474437245712
-3.44789499130808, 1.5162086641597, -6.85661109032579
-2.66655662452758, 1.76165965384501, -7.16057534207823
-2.20462170126975, 1.90677269181221, -7.83652546047905
-2.65390224404764, 1.7656349228766, -8.54931097609048
-3.3609613438202, 1.54351815095832, -9.01316535234888
-4.14171160966692, 1.29825190832034, -9.3254534319738
-4.95071928974747, 1.04410883256559, -9.5463151433953
-5.7749856846132, 0.785172357683661, -9.69333065453611
-6.60574319048438, 0.524196753932373, -9.79364409156509
-7.43911530364844, 0.262399792911352, -9.86661599642333
-8.274406397401, 0, -9.90000000000001
-2.05844284423139, 1.29888184159017, -2.76135799301535E-15
-2.29855207031895, 1.24759220808815, -0.905112149915184
-2.55633008132767, 1.19252835267137, -1.80515127307182
-2.82139138359784, 1.13590871638947, -2.70298287374563
-3.08509319788235, 1.07957947977971, -3.60123261308336
-3.34461325243426, 1.02414350715474, -4.50075468297003
-3.59268365220273, 0.971153290601521, -5.40356047693146
-3.55284217266901, 0.97966381273655, -6.31264874987444
-2.74188668206778, 1.1528916831401, -6.71044370577346
-1.84604957656722, 1.3442510805582, -6.91033377233109
-1.11361320157674, 1.50070651481592, -7.43435455671467
-1.17592127122678, 1.48739691356218, -8.32611362242816
-1.83653993051333, 1.34628243215924, -8.96403130973904
-2.67999671825576, 1.16611197297692, -9.32702039946981
-3.57081607779795, 0.975824414219112, -9.54815185107598
-4.47805991606553, 0.782028429283709, -9.68418763340884
-5.39124624963181, 0.586963070359958, -9.77088047155862
-6.3063270705876, 0.391493030760393, -9.83380309350718
-7.22231322193493, 0.195829603906468, -9.88105370122002
-8.13907732080799, 0, -9.90000000000001
-1.30222595738761, 0.825704925764155, -2.83762049201225E-15
-1.46873552610283, 0.805189024273343, -0.939746176556496
-1.65939075234029, 0.781698098974717, -1.87483429621884
-1.8681516854999, 0.755976341523305, -2.80599978069145
-2.08763236914228, 0.728933787035375, -3.73466768120749
-2.31195270751393, 0.701294931203078, -4.66216264438714
-2.50918323752946, 0.67699385255647, -5.5952006258974
-2.17121346283316, 0.718635631212337, -6.42078695670731
-1.27171957177689, 0.829463664717474, -6.7080096013688
-0.455646900266368, 0.930013240740261, -7.12070872400897
-0.317049874262083, 0.947089994673162, -8.05338054490127
-0.615363600060583, 0.910334299135291, -8.9465948875699
-1.40298640811488, 0.81329007479048, -9.45124807080533
-2.32688066302089, 0.699455634716977, -9.65674506700485
-3.26947726010224, 0.583316850138367, -9.75167313084981
-4.21538349815616, 0.466770279576722, -9.80609526619581
-5.16210465899029, 0.35012330111894, -9.843958799965
-6.10914472161185, 0.233437030278703, -9.87269721936875
-7.05631738243018, 0.116734421809563, -9.89668803620216
-8.00374824421499, 0, -9.90000000000001
-0.491676282261381, 0.293553333659694, -2.8830391889369E-15
-0.546479138660513, 0.291372484816235, -0.924565045091923
-0.613729221879077, 0.288696305583138, -1.84830366405514
-0.695972932667868, 0.285423463374891, -2.77082330850207
-0.794224081116618, 0.281513614189248, -3.69177654878156
-0.901162856241672, 0.277258045786865, -4.61176759318795
-0.983939950623536, 0.273963977878563, -5.53348648307086
-0.640917729064244, 0.287614354233406, -6.36219528412064
-0.0872826859597131, 0.309645949350635, -7.04155045442857
-0.0370274439271754, 0.311645828438438, -7.96621674335438
-0.0541872446705192, 0.310962963820349, -8.89161918475687
-0.485863477154605, 0.29378465096918, -9.6635554356322
-1.39109438236605, 0.257761496294241, -9.83027085775282
-2.3158465455887, 0.220961504137573, -9.86456372607715
-3.24119418582169, 0.184137815308239, -9.87897583383274
-4.16661792456106, 0.147311098181649, -9.88752374742221
-5.09204935103951, 0.110484075125806, -9.89523463695024
-6.01749219983447, 0.0736565975253039, -9.90000000000001
-6.94295568372822, 0.036828298762652, -9.90000000000001
-7.86841916762198, 0, -9.90000000000001
