-77.2922354598346, 1.95128416771562, -2.66446060922996E-15
-77.2922354598381, 2.35646128031977, -0.547081887665548
-77.2922354598402, 2.74837021273461, -1.10374060550779
-77.2922354598409, 3.12503026420459, -1.67082271654108
-77.2922354598405, 3.48429618952883, -2.24907459552501
-77.2922354598392, 3.82407517413129, -2.83898206809164
-77.2922354598378, 4.14276836140305, -3.44053949005373
-77.2922354598364, 4.43935581561294, -4.05329564921624
-77.2922354598349, 4.71284989887736, -4.67669956890113
-77.2922354598334, 4.96216208183803, -5.31015762001664
-77.2922354598319, 5.18093405150164, -5.95474473958017
-77.2922354598299, 5.31603029776744, -6.6185064023784
-77.2922354598283, 4.75132630954942, -6.89965138589138
-77.2922354598279, 4.07777052292025, -6.9985498179297
-77.2922354598274, 3.40109174404899, -7.06966243158637
-77.2922354598272, 2.72114680936561, -7.10373973218812
-77.2922354598271, 2.04109866437333, -7.13569073028713
-77.292235459827, 1.36092209429523, -7.16476619815369
-77.2922354598269, 0.680557867633505, -7.18904192248832
-77.2922354598346, 0, -7.20448987151528
-75.7842828920839, 2.15267717331927, -2.56922350876459E-15
-75.7842828923562, 2.54489530539764, -0.556332244246435
-75.7842828922556, 2.92356740036301, -1.12196699960102
-75.7842828922539, 3.28676141708425, -1.69765704988306
-75.7842828930823, 3.63243481425513, -2.28402880718705
-75.7842828955779, 3.95868015876183, -2.8814232789874
-75.7842828936164, 4.26412166249214, -3.48971486252306
-75.7842828923245, 4.54766828481426, -4.10851263833777
-75.7842828929568, 4.80786851368076, -4.73747918030477
-75.7842828928443, 5.04218074658194, -5.37652711504588
-75.7842828922746, 5.2407745437739, -6.02747371014732
-75.7842828924916, 5.32579334125148, -6.69648015657333
-75.7842828922054, 4.75034412672815, -6.98749386049797
-75.7842828921771, 4.07774149993553, -7.09160149869809
-75.7842828922067, 3.40030050454986, -7.15448126272474
-75.7842828922222, 2.72023056975339, -7.18389621895424
-75.7842828920952, 2.04006976093227, -7.21111379925917
-75.7842828921586, 1.35970367580903, -7.23246615056853
-75.7842828920823, 0.679076999979001, -7.24222800259946
-75.7842828920839, 0, -7.26930280018952
-74.2376648738781, 2.35261632859255, -2.37668256217062E-15
-74.2376648739858, 2.73202085101756, -0.565657495660861
-74.2376648747424, 3.09761911798068, -1.1403300081954
-74.2376648768014, 3.44747471468019, -1.72471478867006
-74.2376648808095, 3.77967248092557, -2.31930954280823
-74.2376648857604, 4.09237089802657, -2.92438142314881
-74.2376648788442, 4.38416221529291, -3.53980588691828
-74.2376648745751, 4.65389807744246, -4.16520756239478
-74.2376648777373, 4.8997196499954, -4.80038229609017
-74.2376648759608, 5.11772912217794, -5.44560703873319
-74.2376648755015, 5.29449490519692, -6.10319926632363
-74.2376648745834, 5.32830239150456, -6.77452234607719
-74.2376648743252, 4.74937214549193, -7.07852427338973
-74.2376648742116, 4.07805210324296, -7.19274313478108
-74.2376648743052, 3.40033508727033, -7.2563218635253
-74.2376648743721, 2.71975271315918, -7.28358771715496
-74.2376648739125, 2.0390736060161, -7.30830473489008
-74.2376648741171, 1.35820742617118, -7.32702731114697
-74.2376648738908, 0.677129139809844, -7.33470612044956
-74.2376648738781, 4.44089209850063E-16, -7.38762611669546
-72.6910468556723, 2.5459841721702, -2.20498369531448E-15
-72.6910468556723, 2.91308440763151, -0.574994777579498
-72.6910468556723, 3.26617182066696, -1.15869436745381
-72.6910468556723, 3.6032779313643, -1.75176201511206
-72.6910468556723, 3.9224402269834, -2.35467059875031
-72.6910468556743, 4.22174926247941, -2.96767228033088
-72.6910468562846, 4.49974293970926, -3.5906279974929
-72.6910468595244, 4.75527985485963, -4.22312269254092
-72.6910468677009, 4.98602168512041, -4.86506807159295
-72.6910468586218, 5.18694859827687, -5.51692560061121
-72.6910468617551, 5.34085477662242, -6.18127601544284
-72.6910468561914, 5.32558857861873, -6.85257156502493
-72.6910468565822, 4.74614935832391, -7.16985981402719
-72.6910468563299, 4.07608057188875, -7.29683806065164
-72.6910468564889, 3.39805789139283, -7.36703403541863
-72.6910468566733, 2.71650893568183, -7.39689939832169
-72.6910468557267, 2.03483618575244, -7.42378862908598
-72.6910468560873, 1.35302158361274, -7.44676969219448
-72.6910468557657, 0.671069129806365, -7.46525874380464
-72.6910468556723, -4.44089209850063E-16, -7.56913354984645
-71.1444288374665, 2.73331934571805, -2.13498357282279E-15
-71.1444288374665, 3.0888272455402, -0.584739317224204
-71.1444288374665, 3.43007746872777, -1.17790733169845
-71.1444288374665, 3.75502340582177, -1.78015620835666
-71.1444288374665, 4.06158606614405, -2.39196165964973
-71.1444288374665, 4.34769206789829, -3.01359074299141
-71.1444288374665, 4.61178543375612, -3.64488415584365
-71.1444288374665, 4.85267103197178, -4.28538738607803
-71.1444288374665, 5.06775085901728, -4.93499936012634
-71.1444288388683, 5.2508771681348, -5.59428484798595
-71.1444288470458, 5.38064399226245, -6.26586308930338
-71.1444288376327, 5.3167828237818, -6.93527539516493
-71.1444288388578, 4.7352010184498, -7.26233626575937
-71.1444288384327, 4.06563475615733, -7.4025796062333
-71.1444288386412, 3.38655350001701, -7.48205498363235
-71.1444288391153, 2.70328853684745, -7.5204449464977
-71.1444288375258, 2.01985585974958, -7.55573573434452
-71.1444288379986, 1.33640070467258, -7.59059116934492
-71.14442883783, 0.653293177861623, -7.63140263043491
-71.1444288374665, 0, -7.81660568428376
-69.5978108192608, 2.91456114376521, -2.17390940472906E-15
-69.5978108192607, 3.25935465678416, -0.595212673606067
-69.5978108192607, 3.5895429567708, -1.19864470214892
-69.5978108192607, 3.90295715880283, -1.81095101192734
-69.5978108192607, 4.19734501388804, -2.43262243075236
-69.5978108192607, 4.47039936092493, -3.06394843837294
-69.5978108192607, 4.72046629643167, -3.70472543476491
-69.5978108192607, 4.94633180206903, -4.35442260941834
-69.5978108192607, 5.14524704380376, -5.01285833055289
-69.5978108192607, 5.30983206457338, -5.6806399508669
-69.5978108193941, 5.41382757917053, -6.36015783581302
-69.5978108197709, 5.29984887050718, -7.02563272924165
-69.597810820977, 4.71231610848147, -7.35718597871838
-69.5978108203841, 4.04188034544317, -7.5098865205788
-69.5978108206364, 3.36049319256277, -7.59967331786719
-69.5978108213289, 2.67459850687223, -7.6519066040975
-69.5978108193098, 1.98851318964538, -7.70158555438781
-69.5978108197851, 1.30274124838878, -7.75536090349705
-69.5978108197238, 0.619024747565394, -7.82964861685594
-69.5978108192607, 0, -8.11355431011661
-68.051192801055, 3.08869997474215, -2.27269120415492E-15
-68.051192801055, 3.42365115286265, -0.606171290495799
-68.051192801055, 3.74348456006555, -1.22044799936613
-68.051192801055, 4.04587488348152, -1.84349016614577
-68.051192801055, 4.32836199498167, -2.4757982335062
-68.051192801055, 4.5883776258083, -3.11766621691773
-68.051192801055, 4.82422099344935, -3.76880245273911
-68.051192801055, 5.03471784162149, -4.42856338262612
-68.051192801055, 5.217112759336, -5.09662617407318
-68.051192801055, 5.36259204809224, -5.77360417431171
-68.0511928017036, 5.43894404972496, -6.46132775851226
-68.0511928037423, 5.27573293088566, -7.12069374316794
-68.0511928028525, 4.68018523052974, -7.45378620196541
-68.0511928021372, 4.00770427899867, -7.6181783885661
-68.0511928024503, 3.32315716019215, -7.71989070978234
-68.0511928033289, 2.63409325949118, -7.78951066087556
-68.0511928011096, 1.94489995890501, -7.85784001889037
-68.0511928014391, 1.25674871445402, -7.93580957514905
-68.0511928012991, 0.575478753307069, -8.05609550020615
-68.051192801055, 0, -8.42938980163606
-66.5045747828492, 3.25472187743757, -2.39266442229099E-15
-66.5045747828492, 3.58059401508197, -0.617077923081803
-66.5045747828492, 3.89061833358343, -1.24226225191848
-66.5045747828491, 4.18229400262992, -1.87620786165438
-66.5045747828492, 4.45294647888946, -2.51940205306522
-66.5045747828492, 4.69977086160413, -3.17210272770087
-66.5045747828492, 4.92111332168414, -3.83387815647344
-66.5045747828492, 5.11593285169792, -4.50393623841662
-66.5045747828492, 5.28167314360734, -5.18176036116575
-66.5045747828491, 5.40790494909597, -5.86793443009962
-66.5045747846116, 5.4556466830182, -6.56329396209012
-66.5045747896455, 5.24804846186684, -7.21535191173717
-66.5045747845378, 4.64488756617417, -7.55012111354218
-66.5045747837841, 3.96985993524309, -7.72599084091578
-66.5045747841572, 3.28211173490528, -7.8420094092033
-66.5045747851193, 2.58999278652358, -7.93129043926979
-66.5045747829673, 1.89793543520665, -8.02103188557443
-66.5045747830313, 1.20814065584768, -8.12649296784103
-66.5045747830515, 0.536156148194008, -8.3043502979757
-66.5045747828491, 0, -8.74052066964127
-64.9579567646434, 3.41158361052216, -2.50331181932532E-15
-64.9579567646434, 3.72905342571125, -0.627295248562319
-64.9579567646434, 4.02967589375409, -1.26282995948443
-64.9579567646433, 4.31077506120794, -1.90723019971128
-64.9579567646434, 4.56949072580744, -2.56092978388908
-64.9579567646434, 4.80286699973617, -3.22408957405325
-64.9579567646434, 5.0094200821977, -3.89608740700537
-64.9579567646434, 5.1883815169123, -4.57594994355173
-64.9579567646434, 5.33767394203599, -5.26292642410774
-64.9579567646434, 5.4452236370624, -5.95753155981558
-64.9579567679417, 5.46524853059794, -6.65921090177117
-64.9579567702575, 5.22181851975852, -7.30451479279575
-64.9579567661408, 4.6133545272642, -7.64342655663876
-64.9579567654462, 3.93612866195722, -7.83123172452771
-64.9579567658402, 3.24601933102543, -7.96415921003922
-64.9579567667622, 2.55163780985554, -8.07436515641888
-64.9579567648812, 1.85759513668945, -8.18665316567903
-64.9579567646634, 1.16740347464823, -8.32020949855801
-64.9579567650663, 0.509997311507473, -8.55480186333808
-64.9579567646434, 0, -9.02783258293045
-63.4113387464376, 3.55863344153855, -2.58193705025288E-15
-63.4113387464376, 3.86828217316129, -0.636273905213775
-63.4113387464376, 4.1597826677932, -1.28105683434065
-63.4113387464376, 4.43030570679958, -1.93491002524863
-63.4113387464376, 4.67687276546736, -2.59815878908642
-63.4113387464376, 4.89652127204106, -3.27079376253826
-63.4113387464376, 5.08807223319949, -3.95196399380859
-63.4113387464376, 5.25121249067619, -4.64049012019577
-63.4113387464376, 5.38468512576486, -5.33536838653395
-63.4113387464375, 5.47496510772985, -6.03701395508804
-63.41133875103, 5.47034291594991, -6.74333354091192
-63.4113387507184, 5.20179917342784, -7.3841832578534
-63.4113387477327, 4.59148724882547, -7.73088027044735
-63.4113387471408, 3.91319796329537, -7.93156731010165
-63.4113387475406, 3.22223922408534, -8.08342025208179
-63.4113387483259, 2.52692071447993, -8.21490089049294
-63.4113387467765, 1.83212897925263, -8.34910069415882
-63.4113387463916, 1.14272400868507, -8.50821871793329
-63.4113387470616, 0.498397416514491, -8.78612163711573
-63.4113387464376, 0, -9.27645907851339
-61.8547207282318, 3.69886935108249, -2.62965656129584E-15
-61.8547207282318, 4.00070820803168, -0.644158612796722
-61.8547207282318, 4.28289058147821, -1.29715918515071
-61.8547207282318, 4.54247133341974, -1.95946017304914
-61.8547207282318, 4.77643898398466, -2.63122727844104
-61.8547207282318, 4.98197958279963, -3.31222341032581
-61.8547207282318, 5.1583294135828, -4.00135812824198
-61.8547207282318, 5.30580714183684, -4.6972454748789
-61.8547207282318, 5.42425405621883, -5.39865192526911
-61.8547207282318, 5.49887471828514, -6.10589405829614
-61.8547207333244, 5.47325078745205, -6.81540489223978
-61.8547207314828, 5.18889268850907, -7.45445536687508
-61.8547207293298, 4.57992581587536, -7.81201598948496
-61.8547207288195, 3.90193105192244, -8.02647847311226
-61.8547207292577, 3.21159504971899, -8.19776056612522
-61.8547207298557, 2.51674368976187, -8.35027647440434
-61.8547207285864, 1.82239638087555, -8.50504007883098
-61.854720728192, 1.13456146152042, -8.68606163703768
-61.8547207288918, 0.498357130313091, -8.99199959733173
-61.8547207282318, 0, -9.48607867031301
-57.9981756827176, 4.03138102183824, -2.66438805797478E-15
-57.9981756827174, 4.30924539889731, -0.660859214477665
-57.9981756827173, 4.56404799930007, -1.33093906648695
-57.9981756827173, 4.79282908402555, -2.01033464370544
-57.9981756827173, 4.99290669857783, -2.69872189545695
-57.9981756828832, 5.16237036643459, -3.3952759081077
-57.9981756849466, 5.30167235543921, -4.09848930305261
-57.9981756914739, 5.41295652394747, -4.80668777510114
-57.9981756859666, 5.4987116368908, -5.51842758678182
-57.9981756872602, 5.54124396824709, -6.23384024507948
-57.9981756845992, 5.477915199835, -6.94657786887813
-57.9981756840994, 5.18255006802092, -7.58970359340527
-57.9981756833007, 4.58779176793606, -7.98153735424478
-57.9981756829834, 3.91611590975584, -8.23124556025098
-57.9981756834445, 3.2311660538735, -8.44288271744549
-57.9981756835588, 2.54213261545279, -8.6409220388056
-57.998175682829, 1.85272874076913, -8.83766657975233
-57.998175682719, 1.16970143115023, -9.05509983535019
-57.9981756829952, 0.533255616370971, -9.37918903161178
-57.9981756827173, 4.44089209850063E-16, -9.83879597332346
-54.1316306372028, 4.37382045254339, -2.69366501095943E-15
-54.1316306365291, 4.61034304865762, -0.676954414004639
-54.1316306369148, 4.82379453454682, -1.36152663804785
-54.1316306359432, 5.01176892877019, -2.05352166626667
-54.1316306299553, 5.17234264315947, -2.75237908413356
-54.1316306325777, 5.30485032083712, -3.45709915658375
-54.1316306365019, 5.41069999561601, -4.16632037675218
-54.1316306339496, 5.4923389438541, -4.87874353376176
-54.1316306358634, 5.55224556537683, -5.59331722850021
-54.1316306330003, 5.56879149238643, -6.30996406163475
-54.1316306346278, 5.4813492457268, -7.0205793585226
-54.1316306352296, 5.19872219235298, -7.6727953317838
-54.1316306364543, 4.63066206438545, -8.10239720762764
-54.1316306368394, 3.97216104897001, -8.3851466552676
-54.1316306366218, 3.29463871398496, -8.62002917304748
-54.1316306367176, 2.61273846655422, -8.84198556187331
-54.1316306370057, 1.92979631476488, -9.0607195987321
-54.1316306370946, 1.250321252238, -9.28984260513059
-54.1316306370259, 0.598515460993122, -9.5865321935976
-54.1316306372028, 0, -9.9511325591007
-50.2650855916883, 4.71376268191915, -3.05279105566907E-15
-50.2650855916883, 4.89209869840564, -0.692309767267927
-50.2650855916883, 5.05146097771705, -1.38922806023698
-50.2650855916883, 5.19048824878267, -2.09048379582197
-50.2650855916883, 5.30845631685152, -2.79558715600224
-50.2650855916883, 5.4055515931553, -3.5038690978519
-50.2650855916883, 5.48298530631374, -4.21457244217578
-50.2650855916883, 5.54215039237838, -4.92703256330362
-50.2650855916883, 5.58245788786615, -5.64079013497871
-50.2650855916883, 5.57863165674265, -6.35543081569008
-50.2650855916883, 5.47640571940182, -7.0621073149931
-50.2650855916883, 5.20962187836438, -7.72068705414308
-50.2650855916883, 4.66976613248767, -8.18129733950214
-50.2650855916448, 4.02592676529875, -8.49057361037144
-50.2650855890252, 3.35595503271426, -8.73988468023671
-50.2650855892346, 2.67843360259701, -8.96809779328748
-50.2650855886242, 1.99897046010778, -9.19048191965553
-50.2650855896933, 1.32051984795506, -9.41590817866279
-50.2650855904835, 0.65318695690325, -9.6718366226844
-50.2650855916883, 0, -9.9168871432986
-46.3985405461738, 5.00830251695557, -3.71863423279237E-15
-46.3985405461738, 5.12281833522006, -0.703383796517576
-46.3985405461738, 5.22440019111943, -1.40875086095246
-46.3985405461738, 5.31289757640489, -2.11587899468286
-46.3985405461738, 5.38887917658468, -2.82446271634336
-46.3985405461738, 5.4534622686258, -3.53417779218552
-46.3985405461738, 5.50722548555027, -4.24479428699581
-46.3985405461738, 5.54948701971476, -4.95618569396507
-46.3985405461739, 5.57602165995911, -5.66831348751031
-46.3985405461738, 5.56063696687425, -6.3805509073267
-46.3985405461738, 5.45458309839966, -7.08451742858187
-46.3985405461738, 5.19835548445361, -7.74560362120143
-46.3985405461739, 4.67859450700541, -8.22543560204507
-46.3985405461738, 4.04661274554968, -8.55297530118914
-46.3985405461738, 3.38236120507841, -8.81084292783418
-46.3985405461738, 2.70863014063749, -9.04308886788093
-46.3985405461738, 2.03155114732549, -9.26543447260238
-46.3985405461738, 1.35362002340777, -9.48517429206758
-46.3985405461738, 0.677500063950604, -9.71039343317455
-46.3985405461738, 0, -9.90009877903631
-42.5319955006521, 5.24166094583298, -2.86288066050085E-15
-42.5319955006561, 5.29368569299438, -0.707340578561806
-42.5319955006584, 5.3387165611617, -1.41516134244772
-42.5319955006592, 5.37817236148543, -2.12331602185837
-42.5319955006593, 5.41453361258986, -2.8316374099193
-42.5319955006593, 5.45055877804926, -3.53997629685774
-42.5319955006594, 5.48513459113266, -4.24838662576424
-42.5319955006594, 5.51449630245222, -4.95702989713368
-42.5319955006593, 5.53159221292517, -5.66605061006147
-42.5319955006593, 5.51109574065175, -6.37481418120089
-42.5319955006593, 5.40754274731766, -7.07573711038254
-42.5319955006593, 5.15448764679774, -7.73491696260579
-42.5319955006593, 4.65486479476453, -8.23121029410396
-42.5319955006593, 4.03615249063397, -8.57596948763014
-42.5319955006593, 3.37869268311471, -8.8416668740001
-42.5319955006593, 2.70986298654932, -9.07761715061235
-42.5319955006593, 2.03632699907299, -9.29984047244771
-42.5319955006593, 1.36052966036389, -9.51510045797246
-42.5319955006593, 0.683141372951286, -9.72530137377088
-42.5319955006593, 0, -9.90000000000001
-38.6654504551449, 5.43640813823387, -3.11073842810228E-15
-38.6654504551449, 5.42494738239256, -0.703121034871019
-38.6654504551449, 5.41590073670663, -1.40627703277678
-38.6654504551449, 5.41024748616219, -2.10946808882297
-38.6654504551449, 5.40923275907087, -2.81268030208798
-38.6654504551449, 5.41444221286703, -3.51587324700373
-38.6654504551449, 5.42400122857721, -4.21902260851178
-38.6654504551448, 5.43386617250026, -4.92216789138526
-38.6654504551449, 5.43739574639628, -5.62536063385735
-38.6654504551449, 5.41119766334687, -6.32794393142758
-38.6654504551448, 5.30778572983771, -7.02282131905115
-38.6654504551448, 5.06223813336543, -7.6790214972317
-38.6654504551449, 4.58936195126554, -8.1931529025726
-38.6654504551449, 3.99198647385185, -8.56228631414037
-38.6654504551449, 3.34753321741124, -8.84313191864055
-38.6654504551449, 2.68754553757523, -9.08575324790574
-38.6654504551448, 2.0209625904427, -9.30972403002377
-38.6654504551448, 1.35094190094408, -9.52321095477311
-38.6654504551449, 0.678607518204628, -9.72929976716472
-38.6654504551449, 0, -9.90000000000001
-34.7989054096293, 5.60681897638665, -3.93792669997015E-15
-34.7989054096299, 5.52299544536466, -0.689232402843087
-34.7989054096302, 5.45692054320405, -1.38039234520309
-34.7989054096304, 5.40733276992517, -2.07293530951938
-34.7989054096304, 5.37094872592245, -2.76630371610886
-34.7989054096304, 5.343348838738, -3.46008207273232
-34.7989054096304, 5.32198847853957, -4.15408152939229
-34.7989054096304, 5.30423759057949, -4.84818422784993
-34.7989054096304, 5.28544540428534, -5.54225700666949
-34.7989054096304, 5.24735101449957, -6.23546319345871
-34.7989054096304, 5.14305938615794, -6.92133909521797
-34.7989054096304, 4.91301125208431, -7.57453505463864
-34.7989054096304, 4.48035489748088, -8.1120363040467
-34.7989054096304, 3.914018900226, -8.51204195392624
-34.7989054096304, 3.29192280856457, -8.81948327206933
-34.7989054096304, 2.64709577133144, -9.07672978251303
-34.7989054096304, 1.99225992608466, -9.30749267201125
-34.7989054096304, 1.33241520683044, -9.52356304878576
-34.7989054096304, 0.669562493689143, -9.73023729274959
-34.7989054096304, 0, -9.90000000000001
-30.9323603641159, 5.74412165309784, -3.95358123260649E-15
-30.9323603641159, 5.5814167384404, -0.663298852747798
-30.9323603641159, 5.45374228483475, -1.33422187151606
-30.9323603641159, 5.35809141665941, -2.0104799862274
-30.9323603641159, 5.2857043591301, -2.68965303349714
-30.9323603641159, 5.22555758698623, -3.37003617253763
-30.9323603641159, 5.17149885111565, -4.05093126900113
-30.9323603641159, 5.12182182356451, -4.73216124538099
-30.9323603641159, 5.07382612292542, -5.41351216148337
-30.9323603641159, 5.01563723356206, -6.09404018404775
-30.9323603641159, 4.91100795328737, -6.76864344591598
-30.9323603641159, 4.7006908214444, -7.41721656926607
-30.9323603641159, 4.32252097977644, -7.98201561989247
-30.9323603641159, 3.79918843069253, -8.41916596902891
-30.9323603641159, 3.21047810569608, -8.76429799475681
-30.9323603641159, 2.58874368092633, -9.04675609886766
-30.9323603641159, 1.95164440931794, -9.29287309894443
-30.9323603641159, 1.30669651359468, -9.51772694897788
-30.9323603641159, 0.65726286692101, -9.7293126005883
-30.9323603641159, 0, -9.90000000000001
-27.0658153186014, 5.83617708937752, -4.25316845240792E-15
-27.0658153186014, 5.60376672448827, -0.62835621443005
-27.0658153186014, 5.41437088306756, -1.27097587579411
-27.0658153186014, 5.26655254433662, -1.92445030758677
-27.0658153186014, 5.15071526271766, -2.5843983270448
-27.0658153186014, 5.0532487991347, -3.24734305706543
-27.0658153186014, 4.96449592519421, -3.91151449535558
-27.0658153186014, 4.8822438527246, -4.57652439112314
-27.0658153186014, 4.80348733532177, -5.24195877315335
-27.0658153186014, 4.72066635344101, -5.90689159620418
-27.0658153186014, 4.61208456992143, -6.56796629185324
-27.0658153186014, 4.42571527984559, -7.21078619379662
-27.0658153186014, 4.10840034528515, -7.7987771470785
-27.0658153186014, 3.64458443502122, -8.28023344812621
-27.0658153186014, 3.10057726489643, -8.67029796424589
-27.0658153186014, 2.51088492535809, -8.98803337246366
-27.0658153186014, 1.89875089995296, -9.26034951075174
-27.0658153186014, 1.27442191181522, -9.50359485632258
-27.0658153186014, 0.642728369142275, -9.72707092232209
-27.0658153186014, 0, -9.90000000000001
-23.1892702730869, 5.86576483803371, -4.96223947466926E-15
-23.1892702730869, 5.57835768427275, -0.589065360491306
-23.1892702730869, 5.33103455268595, -1.19602750031181
-23.1892702730869, 5.12548653815362, -1.81839694448357
-23.1892702730869, 4.95648608458512, -2.45171471263756
-23.1892702730869, 4.8138641785075, -3.09153374659801
-23.1892702730869, 4.68724861914307, -3.73472531816904
-23.1892702730869, 4.57312726823859, -4.38025752982137
-23.1892702730869, 4.46610869820847, -5.02701107952073
-23.1892702730869, 4.35871640697992, -5.67370169372395
-23.1892702730869, 4.23924971484078, -6.3182416505754
-23.1892702730869, 4.07525010021046, -6.95257412346606
-23.1892702730869, 3.81553091107696, -7.55342456928517
-23.1892702730869, 3.43123901919283, -8.0825127762447
-23.1892702730869, 2.94824612155751, -8.52471313931513
-23.1892702730869, 2.40507325037543, -8.89103753246789
-23.1892702730869, 1.82908748504051, -9.20368024422531
-23.1892702730869, 1.233840120269, -9.47814703524547
-23.1892702730869, 0.625951925496492, -9.72337175121007
-23.1892702730869, 0, -9.90000000000001
-21.6526522548811, 5.85641147159576, -5.15359568116085E-15
-21.6526522548811, 5.55063014715722, -0.572870182290669
-21.6526522548811, 5.2819405605545, -1.16401992938151
-21.6526522548811, 5.053053739693, -1.77169673817434
-21.6526522548811, 4.86108693187413, -2.39206165499153
-21.6526522548811, 4.69848828711807, -3.02080427412288
-21.6526522548811, 4.55586749483375, -3.65439652584828
-21.6526522548811, 4.42939366481053, -4.29141823283923
-21.6526522548811, 4.31252135357, -4.93028156200305
-21.6526522548811, 4.19654220790452, -5.56930852160411
-21.6526522548811, 4.07142923074518, -6.20659517429361
-21.6526522548811, 3.91356091286846, -6.83635755144534
-21.6526522548811, 3.67380885436496, -7.43913996699585
-21.6526522548811, 3.32337717332596, -7.98436725786139
-21.6526522548811, 2.87072365271744, -8.44907093257102
-21.6526522548811, 2.35248845405076, -8.83972450973348
-21.6526522548811, 1.79565656257941, -9.17357376625565
-21.6526522548811, 1.21520430440553, -9.46470978695316
-21.6526522548811, 0.618740741049727, -9.72144719795339
-21.6526522548811, 0, -9.90000000000001
-20.1060342366753, 5.83207563902057, -5.20706566127101E-15
-20.1060342366753, 5.50890444713984, -0.556106964549107
-20.1060342366753, 5.21970347033853, -1.13058728366214
-20.1060342366753, 4.96795787158332, -1.72243651299784
-20.1060342366753, 4.75291309753318, -2.32860857212283
-20.1060342366753, 4.56971908255957, -2.94518812861708
-20.1060342366753, 4.41051862801061, -3.56841831982958
-20.1060342366753, 4.27146922209361, -4.19646423080863
-20.1060342366753, 4.14519093775481, -4.82721889149265
-20.1060342366753, 4.02145699322451, -5.45848114449502
-20.1060342366753, 3.89069425032269, -6.08831677738278
-20.1060342366753, 3.73708403587055, -6.71286631941668
-20.1060342366753, 3.51633401454718, -7.31644601015569
-20.1060342366753, 3.19885692675048, -7.87481384527477
-20.1060342366753, 2.78053216636736, -8.36245896437567
-20.1060342366753, 2.29182032331183, -8.77988719990547
-20.1060342366753, 1.75796656185437, -9.13829547162053
-20.1060342366753, 1.19490444040571, -9.44909443102993
-20.1060342366753, 0.611224948360421, -9.71914375508307
-20.1060342366753, 0, -9.90000000000001
-18.5594162184695, 5.78968956592911, -5.06859323037301E-15
-18.5594162184695, 5.44937717648071, -0.538523612196239
-18.5594162184695, 5.14053931561237, -1.09566780503362
-18.5594162184695, 4.86723863646856, -1.67106845712072
-18.5594162184695, 4.63032292464683, -2.26239286243813
-18.5594162184695, 4.42711683351884, -2.86615768529602
-18.5594162184695, 4.25136217277061, -3.47850577311786
-18.5594162184695, 4.09938763036678, -4.09719760274816
-18.5594162184695, 3.96370674010256, -4.71969007844691
-18.5594162184695, 3.83284141412308, -5.3432205715386
-18.5594162184695, 3.69684129042537, -5.96564670973563
-18.5594162184695, 3.54575533099785, -6.58454152035923
-18.5594162184695, 3.34387352992202, -7.18837015391727
-18.5594162184695, 3.05782408149337, -7.75692548337766
-18.5594162184695, 2.67748289566617, -8.26706385751763
-18.5594162184695, 2.22255275149169, -8.71227525598995
-18.5594162184695, 1.71567795274497, -9.09775859307664
-18.5594162184695, 1.17292124843554, -9.43107371419176
-18.5594162184695, 0.603461165523487, -9.71625850057008
-18.5594162184695, 0, -9.90000000000001
-17.0127982002637, 5.72613094541497, -4.68522493482734E-15
-17.0127982002637, 5.36825546576258, -0.519722114392465
-17.0127982002637, 5.04041138670369, -1.05886292066754
-17.0127982002637, 4.74718084117293, -1.61756996891697
-17.0127982002637, 4.49046908820848, -2.19397531848875
-17.0127982002637, 4.26891906238443, -2.78480984019691
-17.0127982002637, 4.07743235570839, -3.38609410874641
-17.0127982002637, 3.91229092994814, -3.99515157433998
-17.0127982002637, 3.76677915268946, -4.60922453452639
-17.0127982002637, 3.62893311853304, -5.22507739988291
-17.0127982002637, 3.48809018559875, -5.84024993795528
-17.0127982002637, 3.33810496500007, -6.45324469738448
-17.0127982002637, 3.15492542729306, -7.0569081103514
-17.0127982002637, 2.90032348545144, -7.63385739204062
-17.0127982002637, 2.56110737645678, -8.16515221523042
-17.0127982002637, 2.14419669208394, -8.63816441185476
-17.0127982002637, 1.66832947492042, -9.05214869416204
-17.0127982002637, 1.14906793129065, -9.41036942430002
-17.0127982002637, 0.595418705358194, -9.71251507977927
-17.0127982002637, 0, -9.90000000000001
-15.4661801820579, 5.63751179954696, -4.01182701070536E-15
-15.4661801820579, 5.26140633249386, -0.499451375138036
-15.4661801820579, 4.91502614004871, -1.0199241389495
-15.4661801820579, 4.603607760038, -1.56201963817585
-15.4661801820579, 4.32974163175325, -2.12402496452221
-15.4661801820579, 4.09254270338212, -2.70248470074637
-15.4661801820579, 3.88714153342552, -3.29302482000359
-15.4661801820579, 3.70912326629738, -3.89239651868996
-15.4661801820579, 3.5531735662399, -4.49791576787589
-15.4661801820579, 3.40799872002343, -5.10612773934226
-15.4661801820579, 3.26273726122957, -5.71432002859467
-15.4661801820579, 3.11259343435157, -6.32132290493156
-15.4661801820579, 2.94660198882087, -6.92410006091833
-15.4661801820579, 2.7262372551732, -7.50892185231311
-15.4661801820579, 2.43141934337625, -8.05964817042402
-15.4661801820579, 2.05683767454502, -8.55963314956882
-15.4661801820579, 1.61586125524579, -9.00238106249507
-15.4661801820579, 1.12317747173011, -9.38686109127359
-15.4661801820579, 0.587014412571413, -9.70758310514042
-15.4661801820579, 0, -9.90000000000001
-13.9195621638521, 5.50796006506568, -3.13480776294435E-15
-13.9195621638522, 5.11606523190499, -0.479736529243074
-13.9195621638521, 4.75405684673038, -0.982365351512033
-13.9195621638521, 4.4279548393695, -1.50897261092119
-13.9195621638522, 4.14088340961505, -2.05783636429755
-13.9195621638522, 3.89193943622585, -2.62504042265885
-13.9195621638521, 3.67586414762038, -3.20561127372302
-13.9195621638521, 3.48675890362798, -3.79552774472537
-13.9195621638521, 3.32073026716116, -4.39237596933691
-13.9195621638521, 3.16802778009894, -4.9927943750528
-13.9195621638521, 3.01799190048378, -5.59388915611589
-13.9195621638522, 2.86811490391178, -6.19502354823134
-13.9195621638522, 2.71696020451643, -6.79583252532611
-13.9195621638521, 2.53541346083175, -7.38794580263003
-13.9195621638521, 2.28902463317682, -7.95582851606053
-13.9195621638521, 1.96092667843949, -8.48067413081626
-13.9195621638521, 1.55835953029949, -8.9509375102519
-13.9195621638521, 1.09496585011622, -9.3614500055872
-13.9195621638522, 0.578023696297755, -9.7015621491797
-13.9195621638521, 0, -9.90000000000001
-12.3729441456464, 5.3119159731262, -2.24755191016118E-15
-12.3729441456464, 4.9112586328645, -0.464241272190569
-12.3729441456464, 4.54056399170212, -0.952690477032047
-12.3729441456464, 4.20650248041867, -1.46685670773263
-12.3729441456464, 3.91253939256054, -2.00496009593252
-12.3729441456464, 3.65750982436991, -2.56260514281274
-12.3729441456464, 3.43559569880451, -3.13429235945511
-12.3729441456464, 3.23918608832742, -3.71525027003841
-12.3729441456464, 3.06532548069814, -4.30336923288251
-12.3729441456464, 2.90627566778104, -4.89568670402772
-12.3729441456464, 2.75275717609406, -5.48946896860388
-12.3729441456464, 2.60340491797546, -6.08431055897525
-12.3729441456464, 2.46654512781299, -6.68211903954065
-12.3729441456464, 2.32926673971078, -7.27978814248573
-12.3729441456464, 2.13661223500599, -7.86158857408835
-12.3729441456464, 1.85826007878912, -8.40738165437403
-12.3729441456463, 1.4965360741031, -8.90190836454366
-12.3729441456464, 1.06433854785275, -9.33623781138238
-12.3729441456464, 0.568177244493268, -9.69508408044444
-12.3729441456464, 0, -9.90000000000001
-10.8263261274406, 5.02353370144028, -1.54757786984868E-15
-10.8263261274406, 4.62475037247134, -0.456383294680978
-10.8263261274406, 4.25592704081089, -0.937248933094757
-10.8263261274406, 3.92394002969267, -1.44421379682188
-10.8263261274406, 3.63212084980608, -1.97532527569474
-10.8263261274406, 3.37871452295434, -2.52584076934633
-10.8263261274406, 3.15726221298018, -3.09002654630308
-10.8263261274406, 2.95895652838184, -3.66277644108883
-10.8263261274406, 2.78134656322304, -4.24229072751516
-10.8263261274406, 2.61869912697557, -4.8261982122479
-10.8263261274406, 2.46361970301697, -5.41216875242938
-10.8263261274406, 2.31664070630103, -6.00021498121871
-10.8263261274406, 2.19234782679627, -6.59336424719027
-10.8263261274406, 2.11214335232014, -7.19413572619604
-10.8263261274406, 1.98053097434378, -7.78532397558963
-10.8263261274406, 1.75342077501465, -8.34649575505781
-10.8263261274406, 1.43269183984909, -8.85998042606829
-10.8263261274406, 1.03198919094897, -9.31386415387901
-10.8263261274406, 0.557399842163034, -9.68898129707972
-10.8263261274406, 0, -9.90000000000001
-9.27970810923476, 4.61800494979389, -1.22478842310942E-15
-9.27970810923476, 4.23555326130339, -0.459401853915762
-9.27970810923476, 3.88294911754924, -0.942043486810512
-9.27970810923476, 3.56646559303854, -1.44907829020139
-9.27970810923476, 3.28848236528065, -1.97821639123869
-9.27970810923476, 3.04622582478668, -2.52467689102783
-9.27970810923476, 2.83260766465267, -3.08300666561096
-9.27970810923476, 2.63882404410765, -3.6485420511658
-9.27970810923476, 2.46293113734078, -4.21990237958871
-9.27970810923476, 2.30092835915531, -4.79536686410942
-9.27970810923476, 2.14754913873434, -5.37319494365764
-9.27970810923476, 2.00640223429466, -5.95411159450089
-9.27970810923476, 1.90119505809867, -6.5423075624919
-9.27970810923477, 1.89376693399013, -7.13972688623615
-9.27970810923477, 1.83106155711379, -7.73351452626824
-9.27970810923476, 1.65355729368715, -8.30335747571077
-9.27970810923476, 1.37070517224567, -8.82909837621128
-9.27970810923476, 0.999535478665521, -9.29674248916795
-9.27970810923476, 0.545976120890751, -9.68407132251451
-9.27970810923476, 0, -9.90000000000001
-7.60532686257531, 4.04178972476051, -1.31747820352488E-15
-7.72111012778612, 3.72581771198929, -0.488641619321441
-7.82833713478438, 3.43319568960129, -0.993473149836751
-7.9250699011731, 3.16921240288778, -1.51588551916244
-8.01070074112522, 2.93552622375217, -2.05442878576713
-8.086304520787, 2.72920384729001, -2.60553617729254
-8.15430048856477, 2.54364315542359, -3.16498993851341
-8.21691149529412, 2.3727779981672, -3.72973245911736
-8.27443419617022, 2.21579880482035, -4.29903285666364
-8.32789961576998, 2.06989191392525, -4.87167192687999
-8.37844787483677, 1.93194594107384, -5.44654445004712
-8.4234244302803, 1.80920512248376, -6.02527625387725
-8.44992165904463, 1.73689430372874, -6.61281399778818
-8.43357860934649, 1.78149441323972, -7.20395062127096
-8.44802820167057, 1.74206154043164, -7.79465707936848
-8.50840067922838, 1.57730531926967, -8.36022789412462
-8.60760656444694, 1.30657290233371, -8.87777038559467
-8.73827029308704, 0.949992171435929, -9.33254896720733
-8.89758717477049, 0.515217114070791, -9.7011924332829
-9.08638085695905, 0, -9.90000000000001
-6.46188236664884, 3.57387348071217, -1.55392468346345E-15
-6.63995781847609, 3.31819818141591, -0.512407860728256
-6.807464365509, 3.07769739308564, -1.03558761527196
-6.96096567819449, 2.85730489282511, -1.57173981583822
-7.09911291825793, 2.6589573014657, -2.12053199772644
-7.2234050286868, 2.48050248241016, -2.67939567179849
-7.33758647632865, 2.31656424443095, -3.24485037256478
-7.44416576790969, 2.16354095012423, -3.81482941983222
-7.54320726284524, 2.02134019420554, -4.38895859801418
-7.63610173911856, 1.88796514008976, -4.96623077444128
-7.72352505906137, 1.76244540526671, -5.54610430490385
-7.79763142132882, 1.65604575187222, -6.13154191867876
-7.81730079569779, 1.62780506441556, -6.7274102820417
-7.76323502918152, 1.70543104202161, -7.31885595816576
-7.7922804633723, 1.66372849400773, -7.91438392655743
-7.91267430178185, 1.49087069495159, -8.47429160024399
-8.10142383410704, 1.21986987662382, -8.97371821570952
-8.34207020596757, 0.874357159858747, -9.39958871386178
-8.62691337010121, 0.465388037528439, -9.73062687613517
-8.95105178036603, 0, -9.90000000000001
-5.62159904324239, 3.19412366053063, -5.32817201724775E-15
-5.83081174980001, 2.98491095397301, -0.534100415572711
-6.03095826550472, 2.78476443826831, -1.07508782854495
-6.21746905886855, 2.59825364490448, -1.62571637767496
-6.3882100930566, 2.42751261071643, -2.18648361695041
-6.54475295095763, 2.2709697528154, -2.7554926022073
-6.69143056661812, 2.12429213715491, -3.32975185063464
-6.82996579870295, 1.98575690507008, -3.90803818184935
-6.96004439123162, 1.8556783125414, -4.49024096147332
-7.08312627608333, 1.73259642768971, -5.07548349520545
-7.19748004147805, 1.61824266229498, -5.66423111549038
-7.28659061434142, 1.52913208943161, -6.26139520845708
-7.25372159240902, 1.56200111136401, -6.86274358848622
-7.16898543174543, 1.6467372720276, -7.45887080490337
-7.22864688134409, 1.58707582242894, -8.06024191090248
-7.41657452107185, 1.39914818270118, -8.60792282717592
-7.68891664769012, 1.12680605608291, -9.08031490961318
-8.02077839282238, 0.794944310950652, -9.46965343632423
-8.40008296826719, 0.415639735505833, -9.75886965760884
-8.81572270377303, 0, -9.90000000000001
-4.88297538079895, 2.83621201884485, -5.75502007522001E-15
-5.10929204619942, 2.6671808495536, -0.558725784537844
-5.32983896297699, 2.50245898446017, -1.12102540122822
-5.53912563229828, 2.3461471619532, -1.68997497361002
-5.73423196664578, 2.20042633413644, -2.26672075639505
-5.91684065252328, 2.06403973776275, -2.84981826068957
-6.0914511553919, 1.93362681647748, -3.43672874509801
-6.25829934367422, 1.80901140510431, -4.02714291646351
-6.41663424931115, 1.69075438593132, -4.62119895734767
-6.56766324044355, 1.57795400102457, -5.21821360134024
-6.70382486933064, 1.47625773706336, -5.82070819970548
-6.78754520608831, 1.41372877398164, -6.43680299901617
-6.64311463299435, 1.5216009388895, -7.02792851423949
-6.55381756273053, 1.58829504722777, -7.63949856700967
-6.6765531853968, 1.49662638563691, -8.2420510145888
-6.95021403504844, 1.29223483840374, -8.76449853299705
-7.31157662841994, 1.02234069875823, -9.19709847363728
-7.72979408008868, 0.709982858258584, -9.54140723342756
-8.190873961231, 0.365611968433731, -9.78586423209874
-8.68039362718002, 0, -9.90000000000001
-4.18654086708498, 2.47861941512053, -2.38553556724225E-15
-4.42029872900219, 2.34568523440741, -0.589537946559294
-4.65302474752661, 2.21333784574877, -1.17961437381871
-4.87845251653571, 2.08514084934647, -1.77341791294676
-5.09275574305793, 1.96327019392441, -2.37264765427148
-5.29831932794875, 1.84636962631231, -2.97592367906252
-5.49898196789586, 1.73225614400066, -3.58138106251526
-5.69316542939339, 1.6218272619494, -4.18962473301967
-5.87954536399186, 1.51583611493939, -4.80109064085943
-6.05760880993461, 1.41457441572973, -5.41581427251892
-6.20649914686405, 1.32990297497697, -6.04050987057197
-6.20741935884224, 1.32937966583818, -6.67825171752432
-5.93071051928875, 1.4867393481198, -7.24025325687926
-5.88597863684355, 1.51217762042361, -7.87797447125058
-6.11762245080464, 1.38044566337361, -8.46390885450614
-6.49561415592848, 1.16548811189332, -8.94234577983325
-6.95167211028218, 0.906135592057294, -9.32119114064991
-7.45442591070183, 0.620227926702009, -9.61183973571215
-7.98989339468932, 0.315716537443997, -9.81131623945189
-8.54506455058702, 0, -9.90000000000001
-3.50242572529467, 2.1087741745625, -2.76102160649717E-15
-3.73632125551461, 2.00826434760403, -0.630126876504481
-3.97376098593665, 1.90623150330237, -1.25868509160403
-4.2092694221047, 1.80502857674685, -1.88810152767619
-4.43895010615944, 1.70632995780215, -2.52006331113854
-4.66597013252819, 1.6087746794051, -3.15316592660943
-4.89239429104329, 1.51147545795281, -3.78652071943687
-5.11464341971717, 1.41597033460275, -4.42162216421405
-5.33097704467567, 1.32300722757187, -5.05913999345902
-5.5307898153433, 1.23714347897859, -5.70291107475565
-5.65165554864001, 1.18520493219474, -6.36755597452654
-5.3586981860397, 1.31109487029437, -6.93933970184063
-5.06533849713277, 1.43715769646682, -7.52869820581409
-5.16709530191594, 1.39343065802796, -8.18553311818832
-5.54887489665779, 1.22937193930128, -8.71922836463676
-6.04342555818101, 1.0168531221817, -9.13205908440398
-6.59602544225924, 0.779389333652913, -9.44729736400782
-7.18278741813713, 0.527245376024291, -9.67818497612302
-7.79011136905555, 0.266265505407919, -9.83496087652521
-8.40973547399401, 0, -9.90000000000001
-2.80924396861406, 1.71683560409829, -2.66310554658122E-15
-3.03570515170397, 1.64569469527057, -0.6866485726308
-3.27023897692072, 1.57201783264403, -1.37032247676005
-3.50915638687535, 1.49696390310508, -2.05232792553001
-3.75159343516582, 1.4208043082749, -2.73296725395314
-3.99968203132553, 1.34286932639508, -3.41136221162703
-4.25238079778183, 1.26348609762247, -4.08788905252985
-4.50499802659913, 1.18412848322519, -4.76444930950936
-4.7514031536432, 1.10672234925315, -5.44348450131853
-4.937876602414, 1.04814325663874, -6.14228434205207
-4.71035679771823, 1.11961672271614, -6.77939043059755
-4.18938166417108, 1.28327675471997, -7.2504756617315
-4.049558057347, 1.32720118507625, -7.93705623659483
-4.41411544357767, 1.21267849548133, -8.54556664874651
-4.95710845237763, 1.04210172993565, -8.99449557797021
-5.57391505371957, 0.848337034407335, -9.324434214155
-6.22611507455937, 0.643453788691991, -9.56922387721429
-6.89972000004112, 0.431846369107991, -9.73938959416585
-7.58364680841428, 0.216996415330318, -9.85669409522528
-8.274406397401, 0, -9.90000000000001
-2.0881117722986, 1.29254427400995, -2.76261217783355E-15
-2.29298883984037, 1.24878056747351, -0.767770588947231
-2.51433636970693, 1.20149861222163, -1.53075597742367
-2.74937812002332, 1.15129144014485, -2.28944832073878
-2.99907742082231, 1.09795327470916, -3.04322132810283
-3.26627946627832, 1.04087635515159, -3.7906956541473
-3.54562913776132, 0.981204586170711, -4.53352275351921
-3.82907021387546, 0.920658853921285, -5.27472884058617
-4.06167359872129, 0.87097254009458, -6.03316098489926
-3.7937691752305, 0.928199494336663, -6.71063140442663
-3.10572913303871, 1.07517144611775, -7.07862406379784
-2.69857758747907, 1.16214292110773, -7.72903630609188
-3.0070370211559, 1.09625302773996, -8.43654119320206
-3.61414907487227, 0.966568070451315, -8.93056658663038
-4.31554436375853, 0.816743309890444, -9.27325379562579
-5.05633008614052, 0.658504374954014, -9.5160579419087
-5.81713881332292, 0.495988334158068, -9.68264245458258
-6.58735634822298, 0.331462481796807, -9.7964868106432
-7.36164080471521, 0.166067895978933, -9.87673706167456
-8.13907732080799, 0, -9.90000000000001
-1.32113417171122, 0.82337521543325, -2.8379121275775E-15
-1.47636084629572, 0.804249496778796, -0.864498001007956
-1.65493705056313, 0.782246846458929, -1.72440851957477
-1.85816165222703, 0.757207228973782, -2.57873725453336
-2.09147697912801, 0.728460086692828, -3.42520230015422
-2.35578001845888, 0.695894900436728, -4.26238853855154
-2.64235920869782, 0.660585035174387, -5.09212821583841
-2.89005494019288, 0.630066061002409, -5.93336782807476
-2.53986899607735, 0.673213012786032, -6.64760167503495
-1.72062561690016, 0.774153256604355, -6.94546055093833
-1.17786492370786, 0.841027641064876, -7.59733896347192
-1.37771574919768, 0.816403711760136, -8.42598487090908
-2.01845252862433, 0.737457542181505, -9.01231104715831
-2.81633365157045, 0.639149374993013, -9.36216131013962
-3.66122202614162, 0.535049371628767, -9.57728778689987
-4.52322803377238, 0.428840278220533, -9.70833167881489
-5.39108390884393, 0.321910413597313, -9.79304827055514
-6.26095211857425, 0.214732606108441, -9.85370339091114
-7.13184636938337, 0.107428378511339, -9.89711160453972
-8.00374824421499, 0, -9.90000000000001
-0.495677645056927, 0.293394101678037, -2.8830458851052E-15
-0.551561999887137, 0.291170215212862, -0.914321794659831
-0.620720839298261, 0.288418078100769, -1.82772866514253
-0.709040438146449, 0.284903449344923, -2.73946531154287
-0.826013934988649, 0.280248554836399, -3.64794243945511
-0.973683178524099, 0.274372140354763, -4.55194232736003
-1.13488675985302, 0.267957134518527, -5.45361855788043
-1.04553599514878, 0.271512797934835, -6.34363979794811
-0.29837457238791, 0.301245666470709, -6.8555697007121
-0.129100380407731, 0.307981837722787, -7.74625410541195
-0.172229165801611, 0.306265551968244, -8.65981243324779
-0.606051704479776, 0.289001828069392, -9.4349835737252
-1.46720700754497, 0.254732637189066, -9.72196469425421
-2.37803277214876, 0.218486838231751, -9.8093888577052
-3.29240908428476, 0.182099747232596, -9.85016982682312
-4.2073979290887, 0.145688280840475, -9.87432416050981
-5.12255548943628, 0.109270100508197, -9.89110866166002
-6.03779491650111, 0.0728486623359574, -9.90000000000001
-6.95310704206154, 0.0364243311679791, -9.90000000000001
-7.86841916762198, 0, -9.90000000000001
