-3.98953618788918, 0.408214185984839, -2.82570078447009E-11
-3.98953618788918, 0.400477613610758, -0.032872659772972
-3.98953618788918, 0.392741041236678, -0.065745319517687
-3.98953618788918, 0.385004468862597, -0.098617979262402
-3.98953618788918, 0.377267896488517, -0.131490639007117
-3.98953618788918, 0.369531324114436, -0.164363298751832
-3.98953618788918, 0.361794751740356, -0.197235958496547
-3.98953618788918, 0.354058179366275, -0.230108618241262
-3.98953618788918, 0.346321606992194, -0.262981277985977
-3.98953618788918, 0.330458472468054, -0.285592761145569
-3.98953618788918, 0.297024946712007, -0.288737522052152
-3.98953618788918, 0.264022174855118, -0.295898762206852
-3.98953618788918, 0.231019402998228, -0.303060002361552
-3.98953618788918, 0.198016631141338, -0.310221242516251
-3.98953618788918, 0.165013859284449, -0.317382482670951
-3.98953618788918, 0.132011087427559, -0.324543722825651
-3.98953618788918, 0.0990083155706694, -0.33170496298035
-3.98953618788918, 0.0660055437137797, -0.33886620313505
-3.98953618788918, 0.0330027718568901, -0.34602744328975
-3.98953618788918, 1.95215988938465E-16, -0.353188683444449
-3.9097454641314, 0.410028760693838, -1.41284469812983E-11
-3.9097454641314, 0.402274499619311, -0.0329679808910813
-3.9097454641314, 0.394520348617096, -0.0659359876583977
-3.9097454641314, 0.386766311040297, -0.0989040211030827
-3.9097454641314, 0.379012390242595, -0.131872082009701
-3.9097454641314, 0.371258589575391, -0.164840171172492
-3.9097454641314, 0.363504912391568, -0.197808289379408
-3.9097454641314, 0.355751362044008, -0.230776437418401
-3.9097454641314, 0.347997941885593, -0.263744616077424
-3.9097454641314, 0.331345751876311, -0.285478369901913
-3.9097454641314, 0.297832927861187, -0.288776248589563
-3.9097454641314, 0.264740352450445, -0.295980260018354
-3.9097454641314, 0.231647784009014, -0.303184303462551
-3.9097454641314, 0.198555222536315, -0.310388378918347
-3.9097454641314, 0.165462668031606, -0.317592486381973
-3.9097454641314, 0.132370120493991, -0.324796625849694
-3.9097454641314, 0.0992775799227478, -0.332000797317735
-3.9097454641314, 0.066185046317151, -0.339205000782324
-3.9097454641314, 0.0330925196764766, -0.346409236239686
-3.9097454641314, 1.80775732506238E-16, -0.353613503686048
-3.82995474037362, 0.411843329279435, -1.41284976047036E-11
-3.82995474037362, 0.404077426867364, -0.0330672539657518
-3.82995474037362, 0.396311871344921, -0.0661345893898321
-3.82995474037362, 0.388546671841686, -0.099202008443162
-3.82995474037362, 0.380781837490033, -0.132269513270631
-3.82995474037361, 0.373017377432257, -0.165337105974878
-3.82995474037361, 0.365253300804119, -0.198404788686368
-3.82995474037362, 0.35748961674138, -0.231472563535566
-3.82995474037361, 0.349726334379801, -0.264540432652937
-3.82995474037361, 0.332236306745913, -0.285333356527241
-3.82995474037362, 0.298645900574678, -0.288817854281367
-3.82995474037361, 0.265463036996905, -0.296073892414392
-3.82995474037362, 0.232280169814532, -0.30332991406333
-3.82995474037361, 0.199097299044153, -0.310585919303762
-3.82995474037362, 0.165914424702315, -0.317841908211283
-3.82995474037362, 0.13273154680553, -0.325097880861495
-3.82995474037361, 0.099548665370352, -0.332353837329989
-3.82995474037362, 0.0663657804133348, -0.339609777692358
-3.82995474037361, 0.0331828919510329, -0.346865702024194
-3.82995474037361, 1.80497750951686E-16, -0.354121610401088
-3.75016401661583, 0.413657970472513, -1.41285244158358E-11
-3.75016401661583, 0.405883279154225, -0.0331677727689094
-3.75016401661583, 0.398109153363179, -0.0663356781034261
-3.75016401661583, 0.390335603663139, -0.0995037184606161
-3.75016401661583, 0.382562640628368, -0.132671896238623
-3.75016401661583, 0.374790274792614, -0.165840214008471
-3.75016401661583, 0.367018516716703, -0.199008674225653
-3.75016401661583, 0.359247376961461, -0.232177279345662
-3.75016401661583, 0.351476866087714, -0.265346031823992
-3.75016401661583, 0.333109175818253, -0.285147753675629
-3.75016401661583, 0.299444344277354, -0.288846221750516
-3.75016401661583, 0.266172943252474, -0.296164749591159
-3.75016401661583, 0.232901493002068, -0.303483053688989
-3.75016401661583, 0.199629993974714, -0.310801136024259
-3.75016401661583, 0.166358446608766, -0.318118998579472
-3.75016401661583, 0.133086851337105, -0.325436643338335
-3.75016401661583, 0.0998152086000648, -0.332754072282914
-3.75016401661583, 0.0665435188379782, -0.340071287395277
-3.75016401661583, 0.0332717824911789, -0.347388290657491
-3.75016401661583, 2.07822130452816E-16, -0.354705084051622
-3.67037329285805, 0.41548278583636, -1.41285015271453E-11
-3.67037329285805, 0.407698718331787, -0.0332668793049851
-3.67037329285805, 0.399915056457758, -0.0665338535048729
-3.67037329285805, 0.392131783697218, -0.0998009187441774
-3.67037329285805, 0.384348874462623, -0.133068069047235
-3.67037329285805, 0.376566301370843, -0.166335298013077
-3.67037329285805, 0.368784037048558, -0.199602599198802
-3.67037329285805, 0.361002054116495, -0.232869966186942
-3.67037329285805, 0.353220325195384, -0.266137392560031
-3.67037329285805, 0.333944452140851, -0.284911655621241
-3.67037329285805, 0.300210124442277, -0.288849061254568
-3.67037329285805, 0.26685402714038, -0.296241471741384
-3.67037329285805, 0.23349777942535, -0.303633203949837
-3.67037329285805, 0.200141383346631, -0.311024266569641
-3.67037329285805, 0.166784840848897, -0.318414668313728
-3.67037329285805, 0.133428153836232, -0.325804417904022
-3.67037329285805, 0.100071324276822, -0.33319352404824
-3.67037329285805, 0.0667143541388546, -0.340581995454098
-3.67037329285805, 0.0333572453905184, -0.347969840829316
-3.67037329285805, 2.07260507311557E-16, -0.355357068881609
-3.59058256910025, 0.417377159794491, -1.41284911868285E-11
-3.59058256910025, 0.409573058525675, -0.0333609558491277
-3.59058256910026, 0.401768551099961, -0.0667218166877475
-3.59058256910026, 0.393963574195254, -0.100082567742663
-3.59058256910026, 0.386158064498376, -0.133443194188412
-3.59058256910026, 0.378351958711662, -0.166803681133235
-3.59058256910026, 0.370545193526744, -0.200164013731124
-3.59058256910026, 0.362737705635252, -0.233524177136073
-3.59058256910026, 0.354929431728818, -0.266884156502073
-3.59058256910026, 0.334727578711509, -0.284615085375939
-3.59058256910026, 0.300929854594257, -0.288813348491021
-3.59058256910026, 0.26749447545565, -0.296292170064546
-3.59058256910026, 0.234058765211833, -0.303769513335295
-3.59058256910026, 0.200622729900738, -0.311245402608093
-3.59058256910026, 0.167186375019605, -0.318719862308693
-3.59058256910026, 0.133749705921105, -0.326192916895128
-3.59058256910026, 0.100312728237567, -0.333664590762901
-3.59058256910026, 0.0668754476013171, -0.341134908307512
-3.59058256910026, 0.0334378696446856, -0.348603893924461
-3.59058256910026, 2.06588869330606E-16, -0.356071572009249
-3.51079184534248, 0.41931822851246, -1.41286195559219E-11
-3.51079184534248, 0.411480820002631, -0.0334471387026052
-3.51079184534248, 0.403641810323114, -0.0668939023546612
-3.51079184534248, 0.395801086790481, -0.100340264793659
-3.51079184534248, 0.387958536817046, -0.133786199434158
-3.51079184534248, 0.380114047939087, -0.167231679162081
-3.51079184534248, 0.37226750760588, -0.200676677234516
-3.51079184534248, 0.3644188032667, -0.234121166908547
-3.51079184534248, 0.356567822370824, -0.267565121441261
-3.51079184534248, 0.33543400474789, -0.284247937340826
-3.51079184534248, 0.301581407745669, -0.288728165423926
-3.51079184534248, 0.268074717793089, -0.296306933678812
-3.51079184534248, 0.234567408593657, -0.303882970668444
-3.51079184534248, 0.201059494435797, -0.311456330313922
-3.51079184534248, 0.167550987619304, -0.319027066986032
-3.51079184534248, 0.134041900102107, -0.326595235132571
-3.51079184534248, 0.100532244732892, -0.334160888999971
-3.51079184534248, 0.0670220343603452, -0.341724082834665
-3.51079184534248, 0.0335112818331525, -0.349284870883086
-3.51079184534248, 2.0582573683016E-16, -0.356843307391666
-3.4310011215847, 0.421266340289549, -1.41286556280901E-11
-3.4310011215847, 0.413382614725965, -0.0335230405892567
-3.4310011215847, 0.405495714918792, -0.0670453352210398
-3.4310011215847, 0.397605466951053, -0.100566843724574
-3.4310011215847, 0.389711697256922, -0.134087524420623
-3.4310011215847, 0.381814232622409, -0.167607334136072
-3.4310011215847, 0.373912899582244, -0.201126230765595
-3.4310011215847, 0.366007524671157, -0.234644172203866
-3.4310011215847, 0.358097934423878, -0.268161116345559
-3.4310011215847, 0.336037015609613, -0.283800021248523
-3.4310011215847, 0.302140800000533, -0.288583070920385
-3.4310011215847, 0.26857354776239, -0.296276367777337
-3.4310011215847, 0.235005247911121, -0.303965110914911
-3.4310011215847, 0.201435930022526, -0.311649403848809
-3.4310011215847, 0.167865617823016, -0.319329351434717
-3.4310011215847, 0.13429433450457, -0.327005058649464
-3.4310011215847, 0.100722105565117, -0.334676629941871
-3.4310011215847, 0.0671489565025848, -0.342344169760756
-3.4310011215847, 0.0335749128149032, -0.35000778255494
-3.4310011215847, 2.04988125834969E-16, -0.357667572773242
-3.3512103978269, 0.423181167985457, -1.41285595754376E-11
-3.35121039782691, 0.415238425323079, -0.0335862847753516
-3.35121039782691, 0.407290572505205, -0.067171362428833
-3.35121039782691, 0.399337363942302, -0.100755176636778
-3.35121039782691, 0.391378556678171, -0.134337659940419
-3.35121039782691, 0.383413904752874, -0.167918757560412
-3.35121039782691, 0.375443161756218, -0.201498416593695
-3.35121039782691, 0.367466085510452, -0.235076566300882
-3.35121039782691, 0.359482431546746, -0.268653145606194
-3.35121039782691, 0.336509610907276, -0.283260777997619
-3.35121039782691, 0.302583838166607, -0.288367596730667
-3.35121039782691, 0.268969591025107, -0.296191136365759
-3.35121039782691, 0.235353688793152, -0.304007604358805
-3.35121039782691, 0.201736187554971, -0.311817180526044
-3.35121039782691, 0.168117128493151, -0.319620048149123
-3.35121039782691, 0.134496552487781, -0.327416390575535
-3.35121039782691, 0.100874505587322, -0.33520638995157
-3.35121039782691, 0.067251033840232, -0.342990228423519
-3.35121039782691, 0.0336261832949717, -0.350768088137673
-3.35121039782691, 2.04091865216246E-16, -0.358540151240323
-3.27141967406908, 0.425021748465475, -1.41284901914305E-11
-3.2714196740691, 0.417007774577901, -0.0336345589117913
-3.27141967406911, 0.408986404645206, -0.067267358420398
-3.27141967406912, 0.400957309978819, -0.100898323748611
-3.27141967406912, 0.392920167329773, -0.134527357317012
-3.27141967406913, 0.384874647223124, -0.168154387611634
-3.27141967406913, 0.376820422349221, -0.201779334026457
-3.27141967406913, 0.368757165455108, -0.235402115699852
-3.27141967406913, 0.360684549549817, -0.269022650660091
-3.27141967406913, 0.336824654120803, -0.282619327899341
-3.27141967406913, 0.302886247193824, -0.288071064501107
-3.27141967406913, 0.269241411344052, -0.296041797055258
-3.27141967406913, 0.235594107943225, -0.304002103354373
-3.27141967406913, 0.201944410144543, -0.31195227995846
-3.27141967406913, 0.168292387076496, -0.319892624369833
-3.27141967406913, 0.134638117619696, -0.327823431783053
-3.27141967406913, 0.100981672089345, -0.335744999408353
-3.27141967406913, 0.0673231229124643, -0.343657623951126
-3.27141967406913, 0.0336625422777943, -0.351561602166959
-3.27141967406913, 2.03151861917345E-16, -0.359457231362505
-3.18162895031135, 0.426953157373648, -1.41285885024889E-11
-3.18162895031135, 0.418845064317721, -0.0336681475038346
-3.18162895031135, 0.410726595174686, -0.067333801694856
-3.18162895031134, 0.402597320089899, -0.100996853718551
-3.18162895031135, 0.394456811573635, -0.134657184896256
-3.18162895031135, 0.386304638187687, -0.168314692856515
-3.18162895031135, 0.378140369980516, -0.201969269019811
-3.18162895031135, 0.369963577101775, -0.235620804339248
-3.18162895031135, 0.361773828369222, -0.269269195183306
-3.18162895031135, 0.336956733256813, -0.281761261584028
-3.18162895031135, 0.303027973862525, -0.287626650342108
-3.18162895031135, 0.269371957008519, -0.29578497697527
-3.18162895031135, 0.235712220702757, -0.30392792144699
-3.18162895031135, 0.202048872417665, -0.312055966792194
-3.18162895031135, 0.168382046975433, -0.320169589412502
-3.18162895031135, 0.134711867762628, -0.328269268460732
-3.18162895031135, 0.101038452698535, -0.336355484384752
-3.18162895031135, 0.0673619224849056, -0.34442871694179
-3.18162895031135, 0.0336823972630037, -0.352489446005392
-3.18162895031135, 2.02059425457927E-16, -0.360538150757514
-2.99215214091676, 0.430285199452415, -1.41285197024586E-11
-2.99215214091682, 0.421934252697719, -0.033653413973059
-2.99215214091686, 0.413565366426991, -0.0673023800769444
-2.99215214091688, 0.405177898910661, -0.100946714897808
-2.99215214091689, 0.396771204492185, -0.134586250620334
-2.99215214091689, 0.388344638778736, -0.168220814048854
-2.99215214091689, 0.379897491687052, -0.20185021453631
-2.99215214091689, 0.3714289538147, -0.2354742347706
-2.99215214091689, 0.362938225210338, -0.269092664517726
-2.99215214091689, 0.336290054720871, -0.279402319960285
-2.99215214091689, 0.302483217590534, -0.286229712995119
-2.99215214091689, 0.268902903545031, -0.294869928762371
-2.99215214091689, 0.235314624887156, -0.303479130987879
-2.99215214091689, 0.201718699546516, -0.312058445220992
-2.99215214091689, 0.168115442392209, -0.320608997634412
-2.99215214091689, 0.134505165345212, -0.329131914994744
-2.99215214091689, 0.100888177495651, -0.337628324633993
-2.99215214091689, 0.0672647852182567, -0.346099354423629
-2.99215214091689, 0.033635292288628, -0.354546132750461
-2.99215214091689, 1.71963005690175E-16, -0.362969788494315
-2.79267533152243, 0.432202571507734, -1.41284696949209E-11
-2.79267533152243, 0.423536905990588, -0.0334827592443766
-2.79267533152243, 0.414842753454292, -0.0669581327386792
-2.79267533152243, 0.406119010230417, -0.100425806951785
-2.79267533152243, 0.397364573207497, -0.133885465339356
-2.79267533152243, 0.388578339852878, -0.167336788245358
-2.79267533152243, 0.379759208237029, -0.200779452788764
-2.79267533152243, 0.370906077059886, -0.23421313275147
-2.79267533152243, 0.362017845679544, -0.267637498466518
-2.79267533152243, 0.333821113264373, -0.275953579463605
-2.79267533152243, 0.30033361788907, -0.283927423227123
-2.79267533152243, 0.267020391737008, -0.293223532437579
-2.79267533152243, 0.233691139863875, -0.302462021365566
-2.79267533152243, 0.200346621917069, -0.311645259091502
-2.79267533152243, 0.166987585390179, -0.320775617054882
-2.79267533152243, 0.133614766112997, -0.329855468909119
-2.79267533152243, 0.100228888797202, -0.338887190379512
-2.79267533152243, 0.0668306675594658, -0.347873159145014
-2.79267533152243, 0.0334208064523941, -0.356815754734591
-2.79267533152243, 1.97364272538335E-16, -0.36571735843822
-2.59319852212797, 0.431827324317143, -1.41284637644633E-11
-2.59319852212797, 0.422790852161083, -0.033120293309989
-2.59319852212797, 0.41371497050823, -0.0662298088880314
-2.59319852212797, 0.40459863416505, -0.099328208448998
-2.59319852212797, 0.39544075559736, -0.132415137795435
-2.59319852212797, 0.386240222523212, -0.165490231385062
-2.59319852212797, 0.376995922985066, -0.19855311906908
-2.59319852212797, 0.36770674566057, -0.231603426049475
-2.59319852212797, 0.358371579887992, -0.264640772757529
-2.59319852212797, 0.329071038197385, -0.271295368667419
-2.59319852212797, 0.296148542477623, -0.280531287145127
-2.59319852212797, 0.263347689060618, -0.290666122528861
-2.59319852212797, 0.230516892971588, -0.300703540104632
-2.59319852212797, 0.197657987802514, -0.310648547101439
-2.59319852212797, 0.164772652728165, -0.320505808573888
-2.59319852212797, 0.131862433977743, -0.330279686774717
-2.59319852212797, 0.09892876997392, -0.339974274285012
-2.59319852212797, 0.0659729941942521, -0.349593429480292
-2.59319852212797, 0.032996340493195, -0.359140807652841
-2.59319852212797, 1.67576807979605E-16, -0.36861987452736
-2.39372171273372, 0.428413979087651, -1.41284882264661E-11
-2.39372171273364, 0.41900106611633, -0.0325666639939853
-2.39372171273359, 0.409542363246087, -0.0651200580672696
-2.39372171273355, 0.400036955598817, -0.0976598451481488
-2.39372171273353, 0.390483928662669, -0.13018568389414
-2.39372171273351, 0.38088236830576, -0.162697228617442
-2.39372171273351, 0.371231360792779, -0.195194129195404
-2.39372171273351, 0.361529992803832, -0.227676030982597
-2.39372171273351, 0.351777335572419, -0.260142573040831
-2.39372171273351, 0.321783455723856, -0.265399172541709
-2.39372171273351, 0.289701820881369, -0.275996373566856
-2.39372171273351, 0.25768799968502, -0.287145536903187
-2.39372171273351, 0.225623467313565, -0.298148016003407
-2.39372171273351, 0.193511563389533, -0.309011476513406
-2.39372171273351, 0.161355343925986, -0.319743047183393
-2.39372171273351, 0.12915759802935, -0.330349389740606
-2.39372171273351, 0.0969208986883879, -0.340836748569915
-2.39372171273351, 0.0646476177123937, -0.351211005252841
-2.39372171273351, 0.0323399668209565, -0.361477718839793
-2.39372171273351, 1.38345761600149E-16, -0.371642174069522
-2.19424490333911, 0.421537582097944, -1.41284184131739E-11
-2.19424490333905, 0.411800187743718, -0.0318467773980233
-2.19424490333905, 0.402014616487083, -0.0636787843643396
-2.19424490333905, 0.392180087234768, -0.0954956996615095
-2.19424490333905, 0.382295760623802, -0.127297179882823
-2.19424490333905, 0.372360797533064, -0.15908287725178
-2.19424490333905, 0.362374359095192, -0.190852439541318
-2.19424490333905, 0.352335606711476, -0.222605509991601
-2.19424490333905, 0.342243702068678, -0.254341727229832
-2.19424490333905, 0.31191186150855, -0.258407365048512
-2.19424490333905, 0.280965255316901, -0.270479500119872
-2.19424490333905, 0.25002125899216, -0.28278799990203
-2.19424490333905, 0.218997196365386, -0.294893289701825
-2.19424490333905, 0.187898653222699, -0.306805956440011
-2.19424490333905, 0.156730715877893, -0.318535870912479
-2.19424490333905, 0.125498019121845, -0.330092276078543
-2.19424490333905, 0.0942048250541986, -0.341483851993364
-2.19424490333905, 0.0628550575039772, -0.352718787868059
-2.19424490333905, 0.0314523259181943, -0.363804849669321
-2.19424490333905, 1.9321475912225E-16, -0.374749423607575
-1.99476809394681, 0.411133054833882, -1.41284916724696E-11
-1.99476809394569, 0.401148361406597, -0.0309871591768658
-1.99476809394502, 0.391114719600076, -0.0619585033347995
-1.9947680939447, 0.381031159463705, -0.0929136310632645
-1.9947680939446, 0.3708967115677, -0.123852135781599
-1.99476809394459, 0.360710406223666, -0.154773602947624
-1.99476809394459, 0.35047116943995, -0.185677587598599
-1.99476809394459, 0.340177786661456, -0.216563577063231
-1.99476809394459, 0.329829032533751, -0.247431057513246
-1.99476809394459, 0.299457965870835, -0.250471377046574
-1.99476809394459, 0.26995315023993, -0.264126517481897
-1.99476809394459, 0.240365575641638, -0.277708359029532
-1.99476809394459, 0.210658582010435, -0.291027003104821
-1.99476809394459, 0.180840729550104, -0.304095593550787
-1.99476809394459, 0.150919818537227, -0.316926498227228
-1.99476809394459, 0.120902982745322, -0.329531389183664
-1.99476809394459, 0.0907967694628221, -0.341921317574647
-1.99476809394459, 0.0606072182142764, -0.354106780121557
-1.99476809394459, 0.0303399011420311, -0.366097793702273
-1.99476809394459, 1.93758748995662E-16, -0.377903949144944
-1.79529128455015, 0.397270147162307, -1.41284285994105E-11
-1.79529128455014, 0.387107908646758, -0.0300061688793588
-1.79529128455014, 0.376895022718055, -0.0599951371390747
-1.79529128455014, 0.36663094546746, -0.0899666230724997
-1.79529128455013, 0.356315132757676, -0.119920341597289
-1.79529128455013, 0.345947040226919, -0.149856004226687
-1.79529128455013, 0.335526123296458, -0.179773319020228
-1.79529128455013, 0.325051837177769, -0.20967199053926
-1.79529128455013, 0.314523659289823, -0.239551727994826
-1.79529128455013, 0.284423029583462, -0.241826529743243
-1.79529128455013, 0.256662640803021, -0.25709052615809
-1.79529128455013, 0.228720737625519, -0.272019694420255
-1.79529128455013, 0.200610158405675, -0.286628815966033
-1.79529128455013, 0.172342715237143, -0.300932090406786
-1.79529128455013, 0.143929292792377, -0.314943174317777
-1.79529128455013, 0.115379950605309, -0.328675215496948
-1.79529128455013, 0.0867039992265662, -0.342140897533881
-1.79529128455013, 0.0579100858409724, -0.355352477334132
-1.79529128455013, 0.0290062507589612, -0.368321834347298
-1.79529128455013, 1.95974800539962E-16, -0.381060510737294
-1.59581447516126, 0.379935717247887, -1.41283361606189E-11
-1.59581447515745, 0.36966712168813, -0.0289324238838693
-1.59581447515594, 0.359351512750835, -0.0578481168084365
-1.59581447515567, 0.348988497804753, -0.0867468538489803
-1.59581447515567, 0.338577728183575, -0.115628419543856
-1.59581447515567, 0.328118583625364, -0.144492503883385
-1.59581447515567, 0.317610153399454, -0.173338681360931
-1.59581447515567, 0.307051523684578, -0.202166521905703
-1.59581447515567, 0.296441781282967, -0.23097559007743
-1.59581447515567, 0.266901186593652, -0.23283462104127
-1.59581447515567, 0.241124112303829, -0.249509585350503
-1.59581447515567, 0.215108200639129, -0.265809454535519
-1.59581447515567, 0.188868145606639, -0.281746023814033
-1.59581447515567, 0.162417914450275, -0.297331318194002
-1.59581447515567, 0.135770779146869, -0.312577537844616
-1.59581447515567, 0.108939324829008, -0.327497026660966
-1.59581447515567, 0.081935489772542, -0.34210223108103
-1.59581447515567, 0.0547705920132285, -0.35640567483018
-1.59581447515567, 0.0274553666326779, -0.370419935062514
-1.59581447515567, 1.72839040567888E-16, -0.384157626885967
-1.39633766576169, 0.359274561763372, -1.41284453255922E-11
-1.39633766576131, 0.348981649900563, -0.0277937785493836
-1.39633766576122, 0.33864164730778, -0.0555700722496313
-1.39633766576121, 0.328252908735109, -0.0833281744767025
-1.39633766576121, 0.317813076270096, -0.111067100167368
-1.39633766576121, 0.307319258927699, -0.138785647527328
-1.39633766576121, 0.296768556246287, -0.166482586083406
-1.39633766576121, 0.286157617636758, -0.194156513879818
-1.39633766576121, 0.27548229790311, -0.221805663741354
-1.39633766576121, 0.246766310204852, -0.223409604216654
-1.39633766576121, 0.223247134164935, -0.24144475692371
-1.39633766576121, 0.199436112707553, -0.259092829004462
-1.39633766576121, 0.175345855701484, -0.276357812311097
-1.39633766576121, 0.150989322387842, -0.29324509409755
-1.39633766576121, 0.126379701211194, -0.309761407564603
-1.39633766576121, 0.101530306356818, -0.325914756886318
-1.39633766576121, 0.0764544707733933, -0.341714334947573
-1.39633766576121, 0.0511654509260444, -0.357170426997465
-1.39633766576121, 0.0256763419796808, -0.372294305113157
-1.39633766576121, 2.08855078098206E-16, -0.387098118845398
-1.18686085637038, 0.333985648993647, -1.41284298069795E-11
-1.18686085636681, 0.323671194649869, -0.0264686556135884
-1.18686085636675, 0.313291141866062, -0.0529116536329131
-1.18686085636675, 0.302840478315594, -0.0793268234542229
-1.18686085636675, 0.292313762930161, -0.105711776503757
-1.18686085636675, 0.281705513920713, -0.132064052430609
-1.18686085636675, 0.271009374451867, -0.158380774721295
-1.18686085636675, 0.260218224660514, -0.184658678432349
-1.18686085636675, 0.249325098341946, -0.210894474201557
-1.18686085636676, 0.222014475314841, -0.212648805737307
-1.18686085636676, 0.201160611014221, -0.231938069449828
-1.18686085636675, 0.179987230357746, -0.250876052558889
-1.18686085636676, 0.158499969676013, -0.269457144780285
-1.18686085636676, 0.136705664504319, -0.287677123854736
-1.18686085636675, 0.114612256481898, -0.305533243385403
-1.18686085636676, 0.0922286960105792, -0.32302427885774
-1.18686085636676, 0.0695648151285023, -0.340150554757136
-1.18686085636676, 0.0466312028064831, -0.356913929885676
-1.18686085636675, 0.0234390475196695, -0.373317772003509
-1.18686085636676, 2.22451683558005E-16, -0.389366887419369
-1.11707013261076, 0.324556405382987, -1.41284416971308E-11
-1.11707013260897, 0.314213097416127, -0.025963945789645
-1.11707013260897, 0.303793176819318, -0.051897241694013
-1.11707013260897, 0.29329073434762, -0.0777972243326057
-1.11707013260897, 0.282699494060113, -0.10366101982728
-1.11707013260897, 0.272013352738201, -0.129485747891346
-1.11707013260897, 0.261230857173616, -0.155270394596007
-1.11707013260897, 0.250356906039613, -0.181016607780852
-1.11707013260897, 0.239401190310137, -0.206728139802748
-1.11707013260897, 0.212786355843685, -0.208749403805086
-1.11707013260897, 0.19286376427077, -0.228320516858083
-1.11707013260897, 0.172643450842555, -0.247613841953336
-1.11707013260897, 0.152107180060687, -0.266570501856153
-1.11707013260897, 0.1312591254247, -0.285183719707815
-1.11707013260897, 0.110104678244306, -0.30344795898663
-1.11707013260897, 0.0886503733336133, -0.321359016806895
-1.11707013260897, 0.0669038063665736, -0.338914081348503
-1.11707013260897, 0.0448735233500716, -0.356111771143549
-1.11707013260897, 0.0225688987065393, -0.372952144025591
-1.11707013260897, 2.55063199594242E-16, -0.389436681099907
-1.03727940885121, 0.312962783785916, -1.41285587068211E-11
-1.03727940885119, 0.302562757130259, -0.0253337723487924
-1.03727940885119, 0.292072734930342, -0.0506304076331743
-1.03727940885119, 0.281491500645017, -0.0758890344559039
-1.03727940885119, 0.270825735573549, -0.101112082764242
-1.03727940885119, 0.260084352012285, -0.126303023269935
-1.03727940885119, 0.249274125518502, -0.151464500003267
-1.03727940885119, 0.238399464094575, -0.176598196326286
-1.03727940885119, 0.22746170632581, -0.201704498244483
-1.03727940885119, 0.201902174041758, -0.204495774655877
-1.03727940885119, 0.182793360285647, -0.223673989516231
-1.03727940885119, 0.163701431378327, -0.24330671324501
-1.03727940885119, 0.144298120121916, -0.262631743263885
-1.03727940885119, 0.124584635655313, -0.281640251430592
-1.03727940885119, 0.104563350344403, -0.300324270195224
-1.03727940885119, 0.0842377767082731, -0.318676797406599
-1.03727940885119, 0.0636125246471031, -0.336691886541665
-1.03727940885119, 0.0426932559384222, -0.354364706397915
-1.03727940885119, 0.021486585672916, -0.371691613076974
-1.03727940885119, 2.59959568327331E-16, -0.388670173912788
-0.957488685094107, 0.300305339629857, -1.41283306029479E-11
-0.957488685093404, 0.289856887472672, -0.0246430800417992
-0.957488685093404, 0.279340617324295, -0.0492573011354536
-0.957488685093404, 0.268761254155984, -0.0738444696234998
-0.957488685093404, 0.258122090744186, -0.098405821238138
-0.957488685093403, 0.247423714858289, -0.122941439211433
-0.957488685093404, 0.236666015952951, -0.147451104505449
-0.957488685093404, 0.225845961916345, -0.171933305374078
-0.957488685093404, 0.214959583694564, -0.196386085491478
-0.957488685093404, 0.190614543850961, -0.200121466374449
-0.957488685093404, 0.17207875227614, -0.218279291715181
-0.957488685093404, 0.15415435900029, -0.238157793272717
-0.957488685093404, 0.135930763899456, -0.257762354774273
-0.957488685093404, 0.11740671309277, -0.277083247850849
-0.957488685093404, 0.0985818707965608, -0.296111182283266
-0.957488685093404, 0.0794568479058501, -0.314837376792359
-0.957488685093404, 0.0600332081960277, -0.333253638218934
-0.957488685093404, 0.0403134378338313, -0.351352457437394
-0.957488685093404, 0.0203009462679053, -0.369127055725785
-0.957488685093404, 2.3547228905249E-16, -0.386571472630884
-0.87769796134006, 0.286626553958706, -1.4128596280102E-11
-0.877697961335755, 0.276245213738132, -0.0239123463868331
-0.87769796133562, 0.265809069032943, -0.0478008252146059
-0.87769796133562, 0.25531696732464, -0.0716647793311371
-0.87769796133562, 0.244765614827119, -0.0955025943267854
-0.87769796133562, 0.234151403445596, -0.119312485691603
-0.87769796133562, 0.223468973456227, -0.143091846768955
-0.87769796133562, 0.212712062700444, -0.16683760627094
-0.87769796133562, 0.201874127102059, -0.190546492134883
-0.87769796133562, 0.179051394115607, -0.195611232036489
-0.87769796133562, 0.160708533216822, -0.211874026732139
-0.87769796133562, 0.143990024870611, -0.231875360045791
-0.87769796133562, 0.126991478315623, -0.251639235946171
-0.87769796133562, 0.109710114071561, -0.271156285436372
-0.87769796133562, 0.0921437039267686, -0.290417167590535
-0.87769796133562, 0.0742906048281451, -0.309412607182104
-0.87769796133562, 0.0561497784056584, -0.328133446874319
-0.87769796133562, 0.0377208108564637, -0.346570695965084
-0.87769796133562, 0.019003927094014, -0.364715581415884
-0.87769796133562, 2.35789802676643E-16, -0.382559599067584
-0.797907237580875, 0.272149122739712, -1.41282988790617E-11
-0.797907237577836, 0.261901157710901, -0.0230882608473992
-0.797907237577836, 0.251593204111935, -0.0461498004300202
-0.797907237577836, 0.241219851817547, -0.0691819953655009
-0.797907237577836, 0.230775501056422, -0.0921820800459364
-0.797907237577836, 0.220253854078716, -0.115146905217176
-0.797907237577836, 0.20964804748112, -0.138072982018983
-0.797907237577837, 0.198951068722065, -0.160956658300057
-0.797907237577837, 0.188155982402704, -0.183794214437926
-0.797907237577837, 0.167413733553791, -0.190950344956143
-0.797907237577836, 0.148697612450356, -0.204127463729055
-0.797907237577836, 0.133223921326306, -0.224093564495004
-0.797907237577836, 0.117494999650865, -0.243859215628746
-0.797907237577836, 0.101507766431501, -0.263416513223064
-0.797907237577836, 0.0852590696960232, -0.282757116350532
-0.797907237577837, 0.0687459770551086, -0.301872460868604
-0.797907237577837, 0.0519657988262492, -0.32075376857386
-0.797907237577837, 0.0349161118238497, -0.339392058935257
-0.797907237577837, 0.0175947840859898, -0.357778163081487
-0.797907237577837, 2.59159490895081E-16, -0.37590274059989
-0.718116513823212, 0.256820678648693, -1.41284558971835E-11
-0.718116513820811, 0.24673928797362, -0.0221055287626641
-0.718116513820098, 0.236583908600636, -0.0441771625036061
-0.718116513820053, 0.226348402760554, -0.0662117504122167
-0.718116513820052, 0.216026263144488, -0.0882058863167538
-0.718116513820053, 0.205611100464926, -0.110156119364018
-0.718116513820053, 0.195096843804552, -0.132059057165872
-0.718116513820053, 0.184477737834924, -0.153911350883844
-0.718116513820053, 0.173748380413724, -0.175709720024736
-0.718116513820053, 0.155907578175014, -0.186126652938163
-0.718116513820053, 0.136052202882449, -0.194697736954457
-0.718116513820053, 0.121873224611363, -0.21442687754301
-0.718116513820053, 0.107463444375627, -0.233988092414325
-0.718116513820053, 0.0928225204425246, -0.253376896121444
-0.718116513820053, 0.0779491989313799, -0.272587997031085
-0.718116513820053, 0.0628413430469904, -0.291615201144997
-0.718116513820053, 0.0474959326399771, -0.310451329836061
-0.718116513820053, 0.0319094207483477, -0.329088433802841
-0.718116513820053, 0.0160784950436315, -0.34751836521587
-0.718116513820053, 2.20123003872169E-16, -0.365732704123284
-0.638325790062269, 0.240379853368411, -1.41283274022731E-11
-0.638325790062269, 0.230502659931615, -0.0209022086678867
-0.638325790062269, 0.220538009049291, -0.0417628622958123
-0.638325790062269, 0.210480461298328, -0.0625788830421933
-0.638325790062269, 0.200324725903421, -0.0833471752892405
-0.638325790062269, 0.19006567089828, -0.104064625694132
-0.638325790062269, 0.179698736243834, -0.124728299382763
-0.638325790062269, 0.169220356219114, -0.145335681768292
-0.638325790062269, 0.158627264638745, -0.165884331152354
-0.638325790062269, 0.144749137464008, -0.181128617464534
-0.638325790062269, 0.122769667809118, -0.183239464811026
-0.638325790062269, 0.109959748769989, -0.20248427415341
-0.638325790062269, 0.0969398619214297, -0.221587656691447
-0.638325790062269, 0.0837120272068653, -0.240547641146962
-0.638325790062269, 0.0702775144577264, -0.25936174469716
-0.638325790062269, 0.0566368770479866, -0.278026943300975
-0.638325790062269, 0.0427899727173163, -0.296539637695928
-0.638325790062269, 0.0287359804546085, -0.314895603305289
-0.638325790062269, 0.0144733873862728, -0.333089957679694
-0.638325790062269, 1.7175522532758E-16, -0.351117073092584
-0.558535066304485, 0.222447650890184, -1.41285321612326E-11
-0.558535066304485, 0.212845300590472, -0.0194321160954892
-0.558535066304485, 0.203148139282437, -0.0388170909005525
-0.558535066304485, 0.193352500000502, -0.058152487406136
-0.558535066304485, 0.183454807352343, -0.0774358404464949
-0.558535066304485, 0.173451833628681, -0.0966647893103499
-0.558535066304485, 0.163341181133073, -0.115837337518877
-0.558535066304485, 0.153120579916241, -0.134951498469694
-0.558535066304485, 0.142788710741701, -0.154005744809577
-0.558535066304485, 0.132345621187484, -0.172999262108643
-0.558535066304485, 0.112409234316917, -0.175950339074775
-0.558535066304485, 0.0974316724704275, -0.187954082351859
-0.558535066304485, 0.0858920827031585, -0.206302021755155
-0.558535066304485, 0.0741653225429564, -0.224530905350072
-0.558535066304485, 0.0622543295811316, -0.242639947451899
-0.558535066304485, 0.0501614708924922, -0.260628054139393
-0.558535066304485, 0.0378885673542911, -0.27849380886903
-0.558535066304485, 0.0254369178398127, -0.296235445340201
-0.558535066304485, 0.0128073056586418, -0.313850833375704
-0.558535066304485, 1.42765527793009E-16, -0.331337457903216
-0.478744342547156, 0.202598628782011, -1.41283486748979E-11
-0.478744342546838, 0.193393543993306, -0.0176629298883435
-0.478744342546719, 0.184095457487058, -0.0352770780700299
-0.478744342546702, 0.174702144290472, -0.0528406268288656
-0.478744342546702, 0.165211422516476, -0.0703517339479561
-0.478744342546702, 0.155621772466726, -0.0878088495220568
-0.478744342546702, 0.145932257465568, -0.105210739479835
-0.478744342546702, 0.136142360656112, -0.122556355103326
-0.478744342546702, 0.126251977000525, -0.139844870607182
-0.478744342546702, 0.116261509218651, -0.15707574728106
-0.478744342546702, 0.104085612211854, -0.170592724060608
-0.478744342546702, 0.0841761704588235, -0.170607339665733
-0.478744342546702, 0.074213527046622, -0.187854257072047
-0.478744342546702, 0.0640846071496526, -0.205004051693296
-0.478744342546702, 0.0537931728161968, -0.222056824950141
-0.478744342546702, 0.0433425441917897, -0.239012504196946
-0.478744342546702, 0.0327356134192188, -0.255870851459396
-0.478744342546702, 0.0219748721263105, -0.272631441552702
-0.478744342546702, 0.0110624265008783, -0.289293653114516
-0.478744342546702, 5.64657258120334E-17, -0.305856670631104
-0.40230542424358, 0.181382900057077, -2.82570902498608E-11
-0.405434103376036, 0.172844748701632, -0.0171547923140282
-0.408585092809797, 0.16424571263374, -0.0342750469340293
-0.411758473505446, 0.155585570912325, -0.0513603338469338
-0.414954248803956, 0.146864314419894, -0.0684103230863904
-0.418172347565058, 0.138082137297921, -0.0854248062257137
-0.421412625706289, 0.129239432746797, -0.10240369464232
-0.424674809418136, 0.120336947991467, -0.119347111544297
-0.427958244304217, 0.111376468876722, -0.136255817899613
-0.431262190792205, 0.10236001369214, -0.153130739567435
-0.435074019091096, 0.0919575513177572, -0.167585662991526
-0.441673906626593, 0.0739464877598414, -0.168417733912701
-0.444829460244799, 0.065334996053017, -0.185530779399773
-0.448052938176883, 0.0565381391974979, -0.202536547950521
-0.451343236784564, 0.0475589290172145, -0.2194338726057
-0.454699429697215, 0.0383998935734647, -0.236221364213314
-0.458120763055571, 0.0290630901448097, -0.252897410414212
-0.461606646756763, 0.0195501291193423, -0.269460143682069
-0.465156650263263, 0.00986218543204572, -0.285907422623679
-0.468770502076979, 2.51587705456539E-17, -0.302236819841793
-0.347195952852663, 0.164528932573463, -2.82568682762347E-11
-0.352739054648934, 0.156570316176599, -0.0168810006320217
-0.35830853464616, 0.148573826763805, -0.0337354027820346
-0.363904142698429, 0.140539823486944, -0.0505632899865587
-0.369525785762627, 0.132468439934482, -0.0673645937037517
-0.375172850183981, 0.124360557173216, -0.0841397761250838
-0.380844179094499, 0.116217836198901, -0.100889880216258
-0.386538619324735, 0.108041932697039, -0.117615962651459
-0.392255023517589, 0.099834494007936, -0.134319093240462
-0.397992249863474, 0.0915971595069539, -0.151000354238093
-0.404494952086837, 0.0822607781015846, -0.165449488519356
-0.41541530191371, 0.0665816730831434, -0.166783296503984
-0.420764432745855, 0.0589015542770417, -0.183854643315516
-0.426244252014865, 0.0510337970015882, -0.200798618803385
-0.431852939924282, 0.0429810140650003, -0.217613011993701
-0.437589015696017, 0.0347453315232709, -0.234295320979343
-0.443451327614823, 0.0263284029740015, -0.250842741696317
-0.449439036836753, 0.0177314328037337, -0.267252126252972
-0.455551609938579, 0.00895518688525816, -0.283519955578889
-0.461788813748173, 2.27499110466307E-17, -0.299642306429182
-0.304383272840039, 0.150423852579328, -2.82578768606198E-11
-0.311807934244921, 0.142999191174446, -0.0166534029876811
-0.319255919959821, 0.135551205459546, -0.0332859630223364
-0.326726138691345, 0.128080986728022, -0.0498985700148526
-0.334217503422204, 0.120589621997163, -0.0664921219626494
-0.341728931240575, 0.113078194178791, -0.0830675245682166
-0.349259343150607, 0.10554778226876, -0.0996256908213624
-0.356807663876773, 0.0979994615425944, -0.116167540599979
-0.364372821658406, 0.0904343037609612, -0.132694000279368
-0.371953608451711, 0.0828535169676562, -0.149206130618085
-0.380344554539757, 0.0744625708796097, -0.163745052310527
-0.394098278463508, 0.0607088469558584, -0.165072370770165
-0.401063060630042, 0.0537440647893247, -0.182118287526759
-0.408210100403738, 0.0465970250156288, -0.199012645606556
-0.415536830634176, 0.0392702947851903, -0.215752356412897
-0.423041143411069, 0.031765982008298, -0.232333984688601
-0.43072137364398, 0.0240857517753868, -0.248753727835754
-0.438576274930752, 0.0162308504886148, -0.265007366243356
-0.446605008122701, 0.00820211729666621, -0.281090230503572
-0.454807125419367, 2.04131373153553E-17, -0.296997148298457
-0.264960222807629, 0.136578192057764, -2.82570569217335E-11
-0.274134166018617, 0.129726366341699, -0.0164320083341748
-0.283324320985452, 0.122862432405314, -0.0328498967764043
-0.292529584352243, 0.115987214321974, -0.04925459786226
-0.301748851718855, 0.10910153694497, -0.0656470419163213
-0.310981023779555, 0.10220622132269, -0.0820281680299015
-0.320225002963563, 0.0953020872077238, -0.0983989180799193
-0.329479645360102, 0.0883899889630313, -0.114760279605788
-0.338743048101478, 0.0814713478005708, -0.131113916697704
-0.348012823590995, 0.0745479469662233, -0.147461929320119
-0.358018951389249, 0.0670745800410622, -0.162156131020345
-0.374004529978518, 0.0551352867682496, -0.16336988091856
-0.38244452719778, 0.0488316299153076, -0.180403386588161
-0.391115514464115, 0.04235545144235, -0.197255185073011
-0.400013847579781, 0.0357094731242154, -0.213921343830492
-0.40913643623481, 0.0288960030485844, -0.230397543898095
-0.418480719209461, 0.0219169541367491, -0.246679049450808
-0.42804463173418, 0.0147738685217687, -0.262760652871943
-0.437826583868759, 0.00746793369662857, -0.278636630521628
-0.447825437090561, 1.81562295530222E-17, -0.294300686214165
-0.226168001164056, 0.122082501918088, -2.82567076498197E-11
-0.237080165163594, 0.115876937026331, -0.0162062384401853
-0.248000061718623, 0.109666974759783, -0.032405584422664
-0.258926686037237, 0.103453186526772, -0.0485989277924238
-0.269859044070778, 0.0972361376261194, -0.0647871434578711
-0.280796210125701, 0.0910163544842396, -0.0809710630375169
-0.291736491714054, 0.0847947995906826, -0.0971521962198871
-0.302677981399429, 0.0785725576725838, -0.113332248762927
-0.313618771810432, 0.0723507134201084, -0.129512926520291
-0.324556955428922, 0.0661303516068717, -0.145695935128556
-0.336087848599217, 0.0595729257991933, -0.16058322119838
-0.353872782080569, 0.0494589320195172, -0.161859868221657
-0.363839092668041, 0.0437912581205007, -0.178796610956194
-0.374038096777173, 0.0379912553132487, -0.195605961067907
-0.384511134087666, 0.0320354144143386, -0.21219082269327
-0.395253547365977, 0.0259263839144805, -0.228546081582385
-0.406261272583815, 0.0196664749584914, -0.244666184938454
-0.417530797247682, 0.0132576850425912, -0.260545082085647
-0.429059126100399, 0.00670171751936797, -0.276176170250944
-0.440843748761755, 1.5987222571028E-17, -0.291552236593443
-0.186515351739757, 0.106290081157702, -2.82650831151428E-11
-0.199214934380732, 0.10083280348981, -0.0159753002622894
-0.21191411788703, 0.0953756973384794, -0.0319509836398478
-0.224611662725604, 0.0899192953571224, -0.0479282103076984
-0.237306332200156, 0.0844641289801403, -0.0639081439807551
-0.249996886928347, 0.0790107307961813, -0.079891944995062
-0.262682090160715, 0.0735596322624915, -0.0958807770066351
-0.27536058011606, 0.0681114185650848, -0.111875906514951
-0.288030210642751, 0.0626670119504389, -0.12787936006225
-0.300688578021902, 0.0572274453470974, -0.143893367533537
-0.313769999853408, 0.0516060833509141, -0.158970616707593
-0.333115624800162, 0.0432928615720564, -0.160411326663539
-0.344610006370694, 0.0383534841433278, -0.177432977450738
-0.356432264968229, 0.0332732110625243, -0.194186488534805
-0.368574633715947, 0.0280553799199134, -0.210666552917835
-0.381030035687511, 0.0227030318195331, -0.226867504783304
-0.393792040682786, 0.0172189299535757, -0.242783265852967
-0.406854816049976, 0.0116055807351485, -0.258407280883468
-0.420213079975276, 0.00586525387069286, -0.273732454250395
-0.433862060432949, 1.3914419023969E-17, -0.288751090322053
-0.144947852708343, 0.0885667706237373, -2.82818662279806E-11
-0.159520651888431, 0.0839888462143975, -0.015746543012845
-0.174086321252758, 0.079413161577747, -0.0315003316734765
-0.188644297909496, 0.0748398935416007, -0.0472619308547399
-0.203193058870013, 0.0702695205402487, -0.0630328755036188
-0.217730997635772, 0.0657025472419281, -0.0788147813960997
-0.232256503469941, 0.0611394796463003, -0.0946092598490277
-0.246767961994986, 0.0565808248967247, -0.110417918413912
-0.261263754406351, 0.0520270915272715, -0.126242360052654
-0.275742256974612, 0.0474787896191182, -0.142084182604798
-0.290501264652086, 0.0428423693494518, -0.157276769915405
-0.311003457744987, 0.0364017748524638, -0.159549927625265
-0.324246663764012, 0.0322415311447725, -0.176537132066442
-0.337865568058073, 0.0279632649293546, -0.193194791620952
-0.351848755265976, 0.0235705622475738, -0.209517501302334
-0.366185577530269, 0.0190667680358381, -0.225499612979729
-0.380866107402692, 0.0144550009199614, -0.241135163234986
-0.395881085982898, 0.00973816950695757, -0.256417798453832
-0.411221867330639, 0.00491898984749143, -0.271340698593838
-0.426880372104143, 1.19464035125996E-17, -0.285896511493745
-0.100649424113352, 0.0681947036799219, -2.82796127709994E-11
-0.117203446054966, 0.0646586058289368, -0.015537272890857
-0.133746714065145, 0.0611248051208438, -0.0310865204072895
-0.150278306958369, 0.0575934983297047, -0.0466487432388557
-0.166797305041859, 0.0540648819107174, -0.0622249435641156
-0.183302850427689, 0.0505391391169709, -0.0778160468638402
-0.199793713859178, 0.0470165325294814, -0.0934233850330055
-0.216268332730393, 0.0434973959358626, -0.109048654780764
-0.232725133523292, 0.0399820654546598, -0.124693545092598
-0.249162538464305, 0.0364708781134391, -0.14035974132976
-0.265827678305073, 0.0329110444134989, -0.155467071232593
-0.287043091596332, 0.0283792286643369, -0.159608879899249
-0.302290321252529, 0.0251222741785379, -0.176485822003803
-0.317956852641375, 0.0217757528212582, -0.192956354730069
-0.334026173165393, 0.0183431918416858, -0.209016029793157
-0.350482692880582, 0.0148279214013774, -0.224660365355027
-0.367311701571768, 0.0112330837433752, -0.239884740932522
-0.38449932075217, 0.00756164344555969, -0.254684297867464
-0.402032445970975, 0.00381639974430472, -0.269053839764991
-0.419898683775337, 1.00920576276252E-17, -0.282987736066837
-0.0409230616452906, 0.0416747028538741, -4.24639309826169E-10
-0.0624927266844227, 0.0413302250754772, -0.0122089530556847
-0.0830761949066989, 0.0401337064572441, -0.0259676809497007
-0.102672770118984, 0.0381906277958721, -0.0410265582752128
-0.121730861753728, 0.0358774938907488, -0.0567167590380964
-0.140734300904541, 0.0335360507616066, -0.0724692303491487
-0.159725483404137, 0.0311961177934174, -0.0882367031957008
-0.178703159655586, 0.0288578489509481, -0.104020661387146
-0.19766727642254, 0.0265212507935217, -0.119821166402561
-0.21661869158369, 0.0241871403566551, -0.135637268033333
-0.235672157951547, 0.0219355405338223, -0.151324288303234
-0.257844554323111, 0.0191067153111711, -0.158448501284917
-0.275731307536955, 0.0169028607834275, -0.175475473714366
-0.294091835448661, 0.0146406317424041, -0.191982625659736
-0.312901476277285, 0.0123230668042738, -0.207968271517177
-0.332136941344616, 0.00995303540309816, -0.223430993519905
-0.351776286979452, 0.00753324125254477, -0.238369467337434
-0.371798853349439, 0.00506622988251103, -0.252782286282491
-0.392185193274921, 0.00255439741008006, -0.266667800640818
-0.412916995446531, 8.3605760121095E-18, -0.280023970431218
-0.00329708877103337, 0.0131536475875719, -7.75375839033587E-06
-0.0246376349081925, 0.0136330963621975, -0.0145510054772112
-0.045731234369751, 0.0136471709227256, -0.0294582259854054
-0.066611734848465, 0.013282165107761, -0.0446585012525526
-0.0873304975740408, 0.0126449274068263, -0.0600699740871235
-0.10795326416701, 0.0118579644219027, -0.0756030065534536
-0.128546304885064, 0.0110385393108294, -0.0911737964198329
-0.149126657549265, 0.0102195557531324, -0.106761379216189
-0.169691352397052, 0.00940119528943205, -0.122369641946592
-0.190237368660016, 0.00858357812950783, -0.138002522225674
-0.21160508908029, 0.00773326171485717, -0.151443904891287
-0.232244687063873, 0.00691192052299506, -0.166008824428053
-0.252558223313696, 0.00610355477441153, -0.181941584364393
-0.273325475499351, 0.00527713365539007, -0.197277393482736
-0.294516943020001, 0.00443383112573922, -0.212020587964679
-0.316105107420223, 0.00357474226690864, -0.226175677368422
-0.338064287198355, 0.00270088905981462, -0.23974720014529
-0.360370485697027, 0.00181322643793841, -0.252739611555081
-0.383001195505796, 0.000912650071016076, -0.265157289580971
-0.405935307117725, 6.76148352796934E-18, -0.277004389878384
