-4.24964170533815, 0.408214185984839, -2.03547734223264E-11
-4.24964170533815, 0.399041014613651, -0.0280768831797032
-4.24964170533815, 0.389867843242463, -0.0561537663390515
-4.24964170533815, 0.380694671871276, -0.0842306494983999
-4.24964170533815, 0.371521500500088, -0.112307532657748
-4.24964170533815, 0.362348329128901, -0.140384415817097
-4.24964170533815, 0.353175157757713, -0.168461298976445
-4.24964170533815, 0.344001986386526, -0.196538182135793
-4.24964170533815, 0.321128921810915, -0.205726544329174
-4.24964170533815, 0.291830562255972, -0.208803794012507
-4.24964170533815, 0.262647506030375, -0.213365336545741
-4.24964170533815, 0.233464449804778, -0.217926879078976
-4.24964170533815, 0.204281393579181, -0.222488421612211
-4.24964170533815, 0.175098337353583, -0.227049964145445
-4.24964170533815, 0.145915281127986, -0.23161150667868
-4.24964170533815, 0.116732224902389, -0.236173049211915
-4.24964170533815, 0.0875491686767919, -0.24073459174515
-4.24964170533815, 0.0583661124511947, -0.245296134278384
-4.24964170533815, 0.0291830562255976, -0.249857676811619
-4.24964170533815, 1.95215988938465E-16, -0.254419219344854
-4.16464887123138, 0.410028760693837, -1.01773736817737E-11
-4.16464887123138, 0.400830800395984, -0.0281700227633197
-4.16464887123138, 0.391632988632116, -0.0563400940172005
-4.16464887123138, 0.382435330741008, -0.0845102155083715
-4.16464887123138, 0.373237832058681, -0.112680388981817
-4.16464887123138, 0.364040497921767, -0.140850616180652
-4.16464887123138, 0.354843333667657, -0.169020898845666
-4.16464887123138, 0.345646344633744, -0.197191238717646
-4.16464887123138, 0.322145032158748, -0.20564414412902
-4.16464887123138, 0.292758538629982, -0.208815504872557
-4.16464887123138, 0.26348267175035, -0.21340639521012
-4.16464887123138, 0.23420680776398, -0.217997303998536
-4.16464887123138, 0.204930946670673, -0.222588231235881
-4.16464887123138, 0.175655088470206, -0.227179176920233
-4.16464887123138, 0.146379233162209, -0.231770141049695
-4.16464887123138, 0.117103380746416, -0.236361123622353
-4.16464887123138, 0.087827531222563, -0.240952124636293
-4.16464887123138, 0.0585516845903858, -0.2455431440896
-4.16464887123138, 0.0292758408496199, -0.25013418198036
-4.16464887123138, 2.36286883737496E-16, -0.25472523830666
-4.07965603712462, 0.411843329279435, -1.01774274355887E-11
-4.07965603712462, 0.402627432724849, -0.028267592795037
-4.07965603712462, 0.393412004402916, -0.0565353382472529
-4.07965603712462, 0.384197058867285, -0.0848032411386627
-4.07965603712462, 0.374982610696926, -0.113071306163438
-4.07965603712462, 0.365768674467001, -0.14133953802743
-4.07965603712462, 0.356555264748605, -0.169607941448957
-4.07965603712462, 0.347342396112834, -0.19787652114634
-4.07965603712462, 0.323172905697283, -0.205539682651894
-4.07965603712462, 0.293698423653789, -0.208829052921733
-4.07965603712462, 0.264328587955998, -0.213455315220994
-4.07965603712462, 0.234958750760273, -0.218081568010788
-4.07965603712462, 0.205588912072721, -0.222707811329717
-4.07965603712462, 0.176219071899444, -0.227334045216387
-4.07965603712462, 0.146849230246504, -0.231960269709405
-4.07965603712462, 0.117479387119989, -0.23658648484738
-4.07965603712462, 0.0881095425259918, -0.241212690668916
-4.07965603712462, 0.0587396964706011, -0.245838887212618
-4.07965603712462, 0.0293698489599072, -0.250465074517093
-4.07965603712462, 2.08253326567315E-16, -0.255091252620946
-3.99466320301786, 0.413657970472513, -1.01774554615956E-11
-3.99466320301786, 0.404427385459151, -0.0283666873041437
-3.99466320301786, 0.395197563549668, -0.0567336229600574
-3.99466320301786, 0.385968521640702, -0.0851008123660514
-3.99466320301786, 0.376740276591033, -0.11346826102664
-3.99466320301786, 0.367512845271001, -0.14183597441081
-3.99466320301786, 0.358286244561579, -0.170203957954867
-3.99466320301786, 0.349060491343744, -0.198572217095113
-3.99466320301786, 0.324193486812735, -0.205405985470947
-3.99466320301786, 0.294632553415366, -0.208832617357047
-3.99466320301786, 0.265169388281776, -0.213501080705304
-3.99466320301786, 0.235706202667713, -0.218169414828942
-3.99466320301786, 0.206242996738861, -0.222837620741866
-3.99466320301786, 0.176779770659099, -0.227505699458264
-3.99466320301786, 0.147316524585887, -0.232173651993344
-3.99466320301786, 0.117853258681566, -0.236841479361539
-3.99466320301786, 0.0883899731084751, -0.241509182577282
-3.99466320301786, 0.058926668028957, -0.246176762655006
-3.99466320301786, 0.0294633436053517, -0.250844220609143
-3.99466320301786, 2.35577706068445E-16, -0.255511557454128
-3.90967036891109, 0.41548278583636, -1.01773867415502E-11
-3.90967036891109, 0.406236827282897, -0.0284644512311084
-3.90967036891109, 0.396991410861126, -0.0569290785392771
-3.90967036891109, 0.387746506066114, -0.0853938720266851
-3.90967036891109, 0.378502069857014, -0.113858817732115
-3.90967036891109, 0.369258058466228, -0.142323901395369
-3.90967036891109, 0.360014428121102, -0.170789108771811
-3.90967036891109, 0.350771135047625, -0.199254425620979
-3.90967036891109, 0.325189328116298, -0.205235910251967
-3.90967036891109, 0.295544940637605, -0.208817019863737
-3.90967036891109, 0.265990719787187, -0.213535150949731
-3.90967036891109, 0.23643643627089, -0.218252889759121
-3.90967036891109, 0.206882090847394, -0.222970240754225
-3.90967036891109, 0.177327684255336, -0.227687208400562
-3.90967036891109, 0.147773217179455, -0.232403797172253
-3.90967036891109, 0.118218690347102, -0.237120011536617
-3.90967036891109, 0.0886641044856278, -0.241835855960972
-3.90967036891109, 0.0591094603223852, -0.246551334912637
-3.90967036891109, 0.0295547585847255, -0.251266452858931
-3.90967036891109, 2.07260507311557E-16, -0.255981214267173
-3.82467753480432, 0.417377159794491, -1.01774148658855E-11
-3.82467753480432, 0.408103597016932, -0.0285563825480834
-3.82467753480433, 0.398829470985539, -0.0571125822091019
-3.82467753480433, 0.389554680339871, -0.0856685661233696
-3.82467753480433, 0.380279123772637, -0.114224301257363
-3.82467753480433, 0.371002699966976, -0.142779754607031
-3.82467753480433, 0.361725307599333, -0.171334893188934
-3.82467753480433, 0.352446845346156, -0.19988968401963
-3.82467753480433, 0.326151323792519, -0.205022274264909
-3.82467753480433, 0.296427108374193, -0.208772074870954
-3.82467753480433, 0.266784993979073, -0.213548160910344
-3.82467753480433, 0.237142741420273, -0.218323390621456
-3.82467753480433, 0.207500352932672, -0.223097776530493
-3.82467753480433, 0.177857830642426, -0.227871331181179
-3.82467753480433, 0.148215176449818, -0.232644067153607
-3.82467753480433, 0.118572392441952, -0.237415996997778
-3.82467753480433, 0.0889294807059323, -0.242187133263693
-3.82467753480433, 0.0592864433288641, -0.246957488501351
-3.82467753480433, 0.0296432823978519, -0.251727075260752
-3.82467753480433, 2.06588869330606E-16, -0.256495906091896
-3.73968470069757, 0.41931822851246, -1.01775050587044E-11
-3.73968470069757, 0.410001939777468, -0.0286393989633053
-3.73968470069757, 0.400683464132811, -0.0572780869021106
-3.73968470069757, 0.391362621149154, -0.085916005498361
-3.73968470069757, 0.382039230888041, -0.114553094915025
-3.73968470069757, 0.372713113321608, -0.143189295590079
-3.73968470069757, 0.36338408836668, -0.171824548131454
-3.73968470069757, 0.354051975940088, -0.200458793147079
-3.73968470069757, 0.327055651291262, -0.204757809896372
-3.73968470069757, 0.297257385059659, -0.208689776185696
-3.73968470069757, 0.26753275331468, -0.213532778020047
-3.73968470069757, 0.237807862700676, -0.218374194802364
-3.73968470069757, 0.208082718510931, -0.223214054442637
-3.73968470069757, 0.178357325611243, -0.228052384920535
-3.73968470069757, 0.148631688170183, -0.232889214329171
-3.73968470069757, 0.118905810963627, -0.237724570662764
-3.73968470069757, 0.0891796987674528, -0.24255848191553
-3.73968470069757, 0.0594533563575389, -0.247390976081686
-3.73968470069757, 0.0297267885097622, -0.252222081155449
-3.73968470069757, 2.0582573683016E-16, -0.257051825131036
-3.65469186659081, 0.421266340289549, -1.0177529171716E-11
-3.65469186659081, 0.411892591654017, -0.028711188028689
-3.65469186659081, 0.402514519367039, -0.0574209658119679
-3.65469186659081, 0.393131845078271, -0.0861292435940289
-3.65469186659081, 0.383744292110673, -0.114835926485253
-3.65469186659081, 0.374351583473854, -0.143540920556666
-3.65469186659081, 0.364953442004498, -0.172244132408549
-3.65469186659081, 0.355549588393005, -0.200945475189538
-3.65469186659081, 0.327875479235965, -0.204435146657372
-3.65469186659081, 0.298011418127199, -0.208562550432167
-3.65469186659081, 0.268212134782199, -0.213482122276166
-3.65469186659081, 0.238412412569877, -0.218399045847609
-3.65469186659081, 0.208612262478025, -0.22331337499715
-3.65469186659081, 0.178811694149358, -0.228225163797594
-3.65469186659081, 0.149010715485129, -0.233134466608584
-3.65469186659081, 0.119209335995893, -0.238041337524301
-3.65469186659081, 0.089407565192207, -0.242945830638927
-3.65469186659081, 0.0596054125846256, -0.247848000046643
-3.65469186659081, 0.0298028876837048, -0.25274789984163
-3.65469186659081, 2.04988125834969E-16, -0.257645584118069
-3.56969903248403, 0.423181167985457, -1.01774606367809E-11
-3.56969903248403, 0.413735680745535, -0.0287694412447997
-3.56969903248404, 0.404283243007272, -0.0575366039147267
-3.56969903248404, 0.39482346510083, -0.0863013528948928
-3.56969903248404, 0.385355955978646, -0.115063557244687
-3.56969903248404, 0.375880324372928, -0.143823086676215
-3.56969903248404, 0.366396179395381, -0.172579809731511
-3.56969903248404, 0.356903130042471, -0.201333595284253
-3.56969903248404, 0.328583869776643, -0.204046695826722
-3.56969903248404, 0.298664777576958, -0.20838273634339
-3.56969903248404, 0.268801214943525, -0.213389292558383
-3.56969903248404, 0.238936957297158, -0.218391726333466
-3.56969903248404, 0.209072025542483, -0.223390131771788
-3.56969903248404, 0.179206436964667, -0.228384603583508
-3.56969903248404, 0.149340205101812, -0.233375237104622
-3.56969903248404, 0.119473347196434, -0.238362127050877
-3.56969903248404, 0.0896058804910477, -0.243345368138018
-3.56969903248404, 0.0597378222281698, -0.248325055081791
-3.56969903248404, 0.0298691896503156, -0.253301282597942
-3.56969903248404, 1.48580713984988E-16, -0.258274145402215
-3.48470619837723, 0.425021748465475, -1.01774074743809E-11
-3.48470619837725, 0.415490915379533, -0.0288119206866841
-3.48470619837726, 0.405950035274978, -0.0576205248057751
-3.48470619837727, 0.396398589788236, -0.0864256259805827
-3.48470619837728, 0.386836057601534, -0.1152270467194
-3.48470619837728, 0.377261917005005, -0.144024610663444
-3.48470619837728, 0.367675647029446, -0.172818139173437
-3.48470619837728, 0.358076726569036, -0.201607453969771
-3.48470619837728, 0.329153928105269, -0.203584636038088
-3.48470619837728, 0.29919308705148, -0.208142445039071
-3.48470619837728, 0.269278130361779, -0.213247238576396
-3.48470619837728, 0.239362125952752, -0.218345940608775
-3.48470619837728, 0.209445111235488, -0.223438704085464
-3.48470619837728, 0.179527114956133, -0.228525683434602
-3.48470619837728, 0.149608158656608, -0.233607034306554
-3.48470619837728, 0.119688271569586, -0.238682911041712
-3.48470619837728, 0.0897674829277404, -0.243753467980471
-3.48470619837728, 0.059845821963745, -0.248818859463221
-3.48470619837728, 0.0299233179102738, -0.253879239830357
-3.48470619837728, 1.47640710686087E-16, -0.258934763422269
-3.38971336427052, 0.426940618171891, -1.01774722879167E-11
-3.38971336427052, 0.417299184750707, -0.0288380172768843
-3.38971336427052, 0.407643714250556, -0.0576713359150435
-3.38971336427052, 0.3979735237581, -0.0864997245749822
-3.38971336427052, 0.388287933882302, -0.115322941283949
-3.38971336427052, 0.378586263426912, -0.144140749337834
-3.38971336427052, 0.368867832077398, -0.172952909281759
-3.38971336427052, 0.35913195947193, -0.201759181670089
-3.38971336427052, 0.329594328097128, -0.202971123408562
-3.38971336427052, 0.299605643894642, -0.207792152096154
-3.38971336427052, 0.26965158807702, -0.213021208282771
-3.38971336427052, 0.239695966881633, -0.218241268230651
-3.38971336427052, 0.209738820410335, -0.223452583512937
-3.38971336427052, 0.179780196822557, -0.228655404292344
-3.38971336427052, 0.149820142379363, -0.233849981058057
-3.38971336427052, 0.119858703090917, -0.239036564338334
-3.38971336427052, 0.0898959244688905, -0.24421540474324
-3.38971336427052, 0.0599318518296158, -0.249386752912058
-3.38971336427052, 0.029966530300424, -0.254550859512327
-3.38971336427052, 2.02066954522022E-16, -0.25970797606888
-3.18723127900348, 0.430285199452415, -1.01774084653213E-11
-3.18723127900355, 0.420360339450196, -0.0288050489627505
-3.18723127900359, 0.410411287605566, -0.0576017601683921
-3.18723127900361, 0.400437036461966, -0.0863897482377444
-3.18723127900361, 0.390436573744814, -0.115168641256978
-3.18723127900361, 0.38040883642892, -0.143938041323359
-3.18723127900361, 0.370352578414665, -0.172697485615924
-3.18723127900361, 0.360139554747162, -0.201267262722701
-3.18723127900361, 0.329672621776556, -0.20126726484201
-3.18723127900361, 0.299706645999494, -0.206700925083083
-3.18723127900361, 0.269749810342506, -0.212252679049871
-3.18723127900361, 0.239789581773471, -0.217786093970217
-3.18723127900361, 0.20982608202495, -0.223301768113506
-3.18723127900361, 0.179859436232663, -0.228800299086852
-3.18723127900361, 0.149889755066316, -0.23428228711093
-3.18723127900361, 0.119917161622389, -0.23974833008576
-3.18723127900361, 0.0899417735567452, -0.245199026872296
-3.18723127900361, 0.0599637075967178, -0.250634976464211
-3.18723127900361, 0.0299830795775001, -0.256056777982626
-3.18723127900361, 1.71963005690175E-16, -0.261465031478039
-2.9747491937367, 0.432202571507734, -1.01773979454419E-11
-2.9747491937367, 0.421919623206088, -0.0286114201417597
-2.9747491937367, 0.411598530948003, -0.0572091023908743
-2.9747491937367, 0.401237599495927, -0.0857923748069411
-2.9747491937367, 0.390835135522326, -0.11436055802581
-2.9747491937367, 0.380389447700402, -0.142912964948921
-2.9747491937367, 0.369898846804749, -0.171448900424394
-2.9747491937367, 0.358537101658311, -0.198782966958883
-2.9747491937367, 0.328145755615359, -0.198900643665661
-2.9747491937367, 0.298345984605631, -0.20492776311333
-2.9747491937367, 0.268539005652752, -0.210919125008845
-2.9747491937367, 0.238725117860793, -0.216876012967931
-2.9747491937367, 0.208904617696379, -0.222799710876575
-2.9747491937367, 0.17907779726872, -0.228691503233322
-2.9747491937367, 0.149244944488249, -0.234552675114414
-2.9747491937367, 0.119406343242306, -0.240384512139458
-2.9747491937367, 0.0895622735632139, -0.246188300442366
-2.9747491937367, 0.0597130117983366, -0.251965326645484
-2.9747491937367, 0.0298588307806231, -0.257716877837064
-2.9747491937367, 1.69608696922706E-16, -0.263444241551835
-2.76226710846979, 0.431827324317143, -1.0177395888418E-11
-2.76226710846979, 0.421133912536417, -0.0282208401667514
-2.76226710846979, 0.410388471465094, -0.0564219099068853
-2.76226710846979, 0.399589424552982, -0.0846024962797055
-2.76226710846979, 0.388735138575903, -0.112761851743473
-2.76226710846979, 0.377823976108898, -0.140899217283816
-2.7622671084698, 0.366854301904773, -0.169013822650644
-2.7622671084698, 0.354682267742339, -0.195427446331425
-2.76226710846979, 0.324533506800334, -0.195697318149979
-2.76226710846979, 0.295089680353631, -0.202317433824574
-2.76226710846979, 0.265631918966247, -0.208875260448117
-2.76226710846979, 0.236161032627938, -0.215373836350678
-2.76226710846979, 0.206677758971797, -0.221815994043114
-2.76226710846979, 0.177182786269757, -0.22820437958261
-2.76226710846979, 0.147676745553055, -0.234541475891512
-2.76226710846979, 0.118160237984898, -0.240829616079552
-2.7622671084698, 0.0886338092482147, -0.2470710061759
-2.76226710846979, 0.0590979749250037, -0.25326773527244
-2.76226710846979, 0.0295532193108909, -0.259421790047073
-2.7622671084698, 1.95332383595234E-16, -0.265535066972211
-2.54978502320311, 0.428413979087651, -1.01774181563533E-11
-2.54978502320302, 0.417320208375939, -0.0276355780954239
-2.54978502320295, 0.406166962997023, -0.0552472065667982
-2.54978502320292, 0.394952954223217, -0.082834212579273
-2.5497850232029, 0.383676894489612, -0.110395913439262
-2.54978502320289, 0.372337497451657, -0.137931616365587
-2.54978502320289, 0.360933478060207, -0.165440618198911
-2.54978502320289, 0.348304344292027, -0.191180128152578
-2.54978502320289, 0.318561332910284, -0.191466408097351
-2.54978502320289, 0.289702781033531, -0.198813548255652
-2.54978502320289, 0.260819959823364, -0.206064694089004
-2.54978502320289, 0.231914421146684, -0.213224732747921
-2.54978502320289, 0.202987566494022, -0.220298203217936
-2.54978502320289, 0.174040708225369, -0.227289325372474
-2.54978502320289, 0.145075018716065, -0.234202051059755
-2.54978502320289, 0.116091606981823, -0.241040079749938
-2.54978502320289, 0.0870914859410127, -0.247806896943358
-2.54978502320289, 0.0580755969694332, -0.254505795720307
-2.54978502320289, 0.0290448284872248, -0.261139897427491
-2.54978502320289, 1.66101337215778E-16, -0.267712178318601
-2.33730293793605, 0.421537582097943, -1.01773663216115E-11
-2.33730293793598, 0.410121730481757, -0.0268827099910102
-2.33730293793598, 0.398644459719447, -0.0537392549528354
-2.33730293793598, 0.387104691308718, -0.0805690048935765
-2.33730293793598, 0.375501301196247, -0.107371300688233
-2.33730293793598, 0.363833166056188, -0.134145473489463
-2.33730293793598, 0.352099163340764, -0.160890844519165
-2.33730293793598, 0.339346119303234, -0.186143444378003
-2.33730293793598, 0.31016374991937, -0.186308538073328
-2.33730293793598, 0.282130531792306, -0.194502380806327
-2.33730293793598, 0.254057670450667, -0.202559363845226
-2.33730293793598, 0.225947919961646, -0.210486679506401
-2.33730293793598, 0.197803759415559, -0.218290993768526
-2.33730293793598, 0.169627471937677, -0.225978494846025
-2.33730293793598, 0.141421119077892, -0.233554962138081
-2.33730293793598, 0.113186606092081, -0.241025802757563
-2.33730293793598, 0.084925675355335, -0.248396101740561
-2.33730293793598, 0.0566399528713014, -0.255670653218118
-2.33730293793598, 0.0283309280483905, -0.262854005093585
-2.33730293793598, 1.9321475912225E-16, -0.269950483334693
-2.12482085267144, 0.411133054833882, -1.01774182783837E-11
-2.12482085267009, 0.3995033783797, -0.025987570761755
-2.12482085266939, 0.387812534191509, -0.0519476815788909
-2.12482085266912, 0.376059237754349, -0.0778795769481703
-2.12482085266907, 0.364242206089881, -0.103782490294501
-2.12482085266907, 0.352360098976834, -0.129655618859776
-2.12482085266907, 0.340411351131201, -0.155498036300364
-2.12482085266907, 0.327832942622868, -0.180426871797673
-2.12482085266907, 0.299361841934442, -0.180426880059691
-2.12482085266907, 0.272379440515605, -0.189450452972024
-2.12482085266907, 0.245355943427152, -0.19841322155694
-2.12482085266907, 0.21827541523416, -0.207202187956538
-2.12482085266907, 0.191141946385825, -0.21582634703288
-2.12482085266907, 0.163959249309405, -0.22429407514108
-2.12482085266907, 0.136730700824893, -0.232613201789642
-2.12482085266907, 0.109459387557652, -0.240791070740017
-2.12482085266907, 0.0821481534931083, -0.248834592812683
-2.12482085266907, 0.0547995953314662, -0.256750307634283
-2.12482085266907, 0.0274161305373841, -0.264544418670334
-2.12482085266907, 1.66003173380033E-16, -0.272222843583595
-1.91233876740219, 0.397270147162307, -1.01773735032165E-11
-1.91233876740218, 0.385528697843301, -0.0249631453605121
-1.91233876740217, 0.373725531085491, -0.0498971683749334
-1.91233876740217, 0.361860020243922, -0.0748015835024415
-1.91233876740217, 0.34993153798098, -0.0996758984141397
-1.91233876740217, 0.33793945628815, -0.12451961389729
-1.91233876740217, 0.325883146513082, -0.149332223745245
-1.91233876740217, 0.313762013968845, -0.174113231607793
-1.91233876740217, 0.286200072347676, -0.174152808200139
-1.91233876740217, 0.260442073401165, -0.183716714387833
-1.91233876740217, 0.234713028406726, -0.193668195290847
-1.91233876740217, 0.208899730979463, -0.203399060930258
-1.91233876740217, 0.183008348914338, -0.212920259208048
-1.91233876740217, 0.157044513892178, -0.222242082195072
-1.91233876740217, 0.131013357874415, -0.231374243730578
-1.91233876740217, 0.104919584729934, -0.240325935427533
-1.91233876740217, 0.0787675202688258, -0.249105883686645
-1.91233876740217, 0.0525611497362008, -0.257722405116363
-1.91233876740217, 0.0263041661463161, -0.266183453677215
-1.91233876740217, 1.68219224924333E-16, -0.274496670503267
-1.69985668214122, 0.379935717247886, -1.0177297672414E-11
-1.69985668213679, 0.368188752352567, -0.0238331911028929
-1.69985668213538, 0.356386072690732, -0.0476388402043419
-1.69985668213526, 0.344527266979075, -0.0714165791185955
-1.69985668213526, 0.33261190721201, -0.0951660295207206
-1.69985668213526, 0.320639025943563, -0.118886532519911
-1.69985668213526, 0.308607522159732, -0.142577354598378
-1.69985668213526, 0.296516296679329, -0.166237751586615
-1.69985668213526, 0.270702829083425, -0.16747728696375
-1.69985668213526, 0.246324651135267, -0.177341760598882
-1.69985668213526, 0.222136825583629, -0.188339682531505
-1.69985668213526, 0.197830754346537, -0.199073773330444
-1.69985668213526, 0.173414683430227, -0.209555269677824
-1.69985668213526, 0.148896244000003, -0.219795052883208
-1.69985668213526, 0.124282523361709, -0.229803664118935
-1.69985668213526, 0.099580099224977, -0.239591334910243
-1.69985668213526, 0.0747951069104239, -0.249168003863141
-1.69985668213526, 0.0499332557088412, -0.258543353392969
-1.69985668213526, 0.0249998857533276, -0.267726830236171
-1.69985668213526, 2.00594616183517E-16, -0.276727675939458
-1.48737459686886, 0.359274561763371, -1.01773710179676E-11
-1.48737459686843, 0.347639750567295, -0.0226238400381785
-1.48737459686835, 0.33595067603847, -0.0452196910436774
-1.48737459686835, 0.324205192246917, -0.067786270858753
-1.48737459686835, 0.312400074423871, -0.0903217109654639
-1.48737459686835, 0.300531740274308, -0.112823921141044
-1.48737459686835, 0.288596401531234, -0.135290661996218
-1.48737459686835, 0.276589193099421, -0.157719072984393
-1.48737459686835, 0.252847270680035, -0.160560823114005
-1.48737459686835, 0.229924878650632, -0.170280818132421
-1.48737459686835, 0.207535772567218, -0.182360785895762
-1.48737459686835, 0.184989538262125, -0.194144909707822
-1.48737459686835, 0.162295343006695, -0.205641528799598
-1.48737459686835, 0.139462062102034, -0.216859405981609
-1.48737459686835, 0.116498276655936, -0.227807676808279
-1.48737459686835, 0.0934122540005687, -0.238495811520552
-1.48737459686835, 0.0702119455518445, -0.24893357243893
-1.48737459686835, 0.0469049825195967, -0.25913097666959
-1.48737459686835, 0.0234986707849862, -0.269098263104477
-1.48737459686835, 2.36610653713834E-16, -0.278845857251249
-1.26489251160527, 0.334065784485122, -1.01773685887698E-11
-1.26489251160147, 0.322591035909893, -0.0212067734509937
-1.26489251160144, 0.311043612014816, -0.0423740597354599
-1.26489251160144, 0.299417538161973, -0.0634982473726773
-1.26489251160144, 0.287706486812378, -0.0845754400831263
-1.26489251160144, 0.275903873408294, -0.105601494034209
-1.26489251160144, 0.26400189744627, -0.126571458584665
-1.26489251160144, 0.251992452110776, -0.147480056529945
-1.26489251160144, 0.231070093846985, -0.153012455303402
-1.26489251160144, 0.209570723099247, -0.161600424850072
-1.26489251160144, 0.189382416295213, -0.174784481033648
-1.26489251160144, 0.169003046183512, -0.187671243302883
-1.26489251160144, 0.148439861155816, -0.200262635466535
-1.26489251160144, 0.127700378812909, -0.212561495860613
-1.26489251160144, 0.106792319349969, -0.224571556866894
-1.26489251160144, 0.0857235472753003, -0.236297408769028
-1.26489251160144, 0.0645019903561685, -0.247744467193298
-1.26489251160144, 0.0431356165391754, -0.258918901607709
-1.26489251160144, 0.0216323422777035, -0.269827596283089
-1.26489251160144, 1.9465275222575E-16, -0.280478075736268
-1.18989967749658, 0.324556405382987, -1.0177363862885E-11
-1.18989967749468, 0.313124366650069, -0.0206626801621439
-1.18989967749468, 0.301608858898363, -0.0412789621727684
-1.18989967749468, 0.290003099905096, -0.0618445666425591
-1.18989967749468, 0.278299974138166, -0.082354913002805
-1.18989967749468, 0.266494246406336, -0.102806377598208
-1.18989967749468, 0.254587948673548, -0.123199458401283
-1.18989967749468, 0.24259117204405, -0.143539449632415
-1.18989967749468, 0.222867424267048, -0.150372486134457
-1.18989967749468, 0.201766143349871, -0.158204618422275
-1.18989967749468, 0.182401244600313, -0.171718651557798
-1.18989967749468, 0.16283842071551, -0.184944554681876
-1.18989967749468, 0.143083639152455, -0.197881997502489
-1.18989967749468, 0.123143293181318, -0.210531569878822
-1.18989967749468, 0.103024143483716, -0.222894781464601
-1.18989967749468, 0.0827332419933681, -0.234974057149842
-1.18989967749468, 0.062277873073622, -0.246772707885005
-1.18989967749468, 0.041665501729604, -0.258294886789912
-1.18989967749468, 0.020903679451834, -0.269545559631812
-1.18989967749468, 2.27307623978613E-16, -0.280530438924079
-1.10490684338795, 0.312962783785916, -1.01774417378607E-11
-1.10490684338792, 0.301563611820116, -0.0199928314354574
-1.10490684338792, 0.290069042288692, -0.0399309662418729
-1.10490684338792, 0.278479474221778, -0.0598140321989518
-1.10490684338792, 0.266804141655269, -0.0796468672775862
-1.10490684338792, 0.255052859288376, -0.09943479736802
-1.10490684338792, 0.243232426896889, -0.119181496616534
-1.10490684338792, 0.23134632221996, -0.138888743346395
-1.10490684338792, 0.213073361075019, -0.147308143302179
-1.10490684338792, 0.192305620176124, -0.153907632242118
-1.10490684338792, 0.173920948146581, -0.16775138937657
-1.10490684338792, 0.155334642590096, -0.181323238878413
-1.10490684338792, 0.136551006820057, -0.194620642711141
-1.10490684338792, 0.117574872546847, -0.207641870841597
-1.10490684338792, 0.0984115584260367, -0.2203860231663
-1.10490684338792, 0.079066805236826, -0.232853051156223
-1.10490684338792, 0.0595467255906727, -0.245043754036286
-1.10490684338792, 0.0398577537038591, -0.256959761844739
-1.10490684338792, 0.020006559738785, -0.268603527593241
-1.10490684338792, 2.32203992711702E-16, -0.27997828601174
-1.0199140092819, 0.300305339629857, -1.01772936545282E-11
-1.01991400928115, 0.288957825628349, -0.0192726192036294
-1.01991400928115, 0.27754081554086, -0.0385041590424493
-1.01991400928115, 0.266059743159247, -0.057697522085427
-1.01991400928115, 0.254517643919467, -0.0768542483894141
-1.01991400928115, 0.242915211818748, -0.0959744940232774
-1.01991400928115, 0.231251376847812, -0.115057343175074
-1.01991400928116, 0.219522273240242, -0.13410014346868
-1.01991400928115, 0.2027562177696, -0.144157476387446
-1.01991400928115, 0.182140075024812, -0.14900825742627
-1.01991400928115, 0.164785732690414, -0.163115662526721
-1.01991400928115, 0.1472309875194, -0.176972896982649
-1.01991400928115, 0.12947850326077, -0.190575884418457
-1.01991400928115, 0.111531464346108, -0.203921137103774
-1.01991400928115, 0.0933935558633022, -0.217005788266355
-1.01991400928115, 0.0750689203168407, -0.229827629343013
-1.01991400928115, 0.0565621233400983, -0.242385127929418
-1.01991400928115, 0.0378781305108365, -0.254677427352879
-1.01991400928115, 0.0190222296547962, -0.266704371666586
-1.01991400928115, 2.07716713436861E-16, -0.278466488021576
-0.934921175179121, 0.286626553958706, -1.01774732411751E-11
-0.934921175174475, 0.275447412728736, -0.0185445240482171
-0.934921175174392, 0.264212958161891, -0.0370555911107231
-0.934921175174392, 0.252921742894887, -0.0555320893771347
-0.934921175174392, 0.241570332512594, -0.0739716645457669
-0.934921175174392, 0.230154669015331, -0.0923715302990678
-0.934921175174392, 0.218668742436097, -0.110727613378601
-0.934921175174392, 0.207106116794404, -0.129035476805626
-0.934921175174392, 0.191967923388825, -0.140908314055933
-0.934921175174391, 0.171239657255316, -0.143336260381251
-0.934921175174392, 0.154964945874475, -0.157619096745141
-0.934921175174392, 0.138496015014612, -0.171677540069028
-0.934921175174392, 0.121834266210852, -0.18550691161155
-0.934921175174392, 0.104981490042274, -0.199102838756312
-0.934921175174392, 0.0879398623737551, -0.212461281369488
-0.934921175174392, 0.0707119214351694, -0.225578567933638
-0.934921175174392, 0.0533005710782165, -0.238451405654375
-0.934921175174392, 0.0357090444345459, -0.251076915340133
-0.934921175174392, 0.0179409054740179, -0.263452632239902
-0.934921175174392, 2.08034227061014E-16, -0.275576537726083
-0.849928341070866, 0.272149122739712, -1.01772763025377E-11
-0.849928341067629, 0.261203060280479, -0.0177604481377424
-0.849928341067629, 0.250197388307866, -0.0354840175761644
-0.849928341067629, 0.239126619576857, -0.0531669958945698
-0.849928341067629, 0.22798505955953, -0.070805451327688
-0.849928341067629, 0.21676626171413, -0.0883948817290807
-0.849928341067629, 0.205463468329361, -0.105930449515193
-0.849928341067629, 0.194069819977128, -0.123407116893958
-0.849928341067629, 0.180824700864143, -0.137551353304853
-0.849928341067629, 0.1599620505698, -0.137551379065332
-0.849928341067629, 0.144461697611078, -0.151017960058473
-0.849928341067629, 0.12913079573152, -0.165167431206542
-0.849928341067629, 0.113617094436334, -0.179116234086488
-0.849928341067629, 0.0979214816098015, -0.192860018044447
-0.849928341067629, 0.0820449847251069, -0.20639443424082
-0.84992834106763, 0.0659888362351567, -0.219715234749445
-0.849928341067629, 0.0497544916818657, -0.23281827200777
-0.84992834106763, 0.0333436172839407, -0.245699523341714
-0.84992834106763, 0.0167580935353134, -0.258355100824085
-0.84992834106763, 2.31403915279452E-16, -0.270781274417749
-0.764935506964231, 0.256820678648693, -1.01773825802066E-11
-0.764935506961591, 0.246140533809467, -0.0168651177827246
-0.764935506960893, 0.235388634060961, -0.0336845779490428
-0.764935506960866, 0.224559025368886, -0.0504541059603439
-0.764935506960866, 0.213645490798267, -0.0671691325656787
-0.764935506960866, 0.202642143238502, -0.0838251684463433
-0.764935506960866, 0.191543520542126, -0.100417867499598
-0.764935506960866, 0.180344616542372, -0.116943045624789
-0.764935506960866, 0.169040911460943, -0.133396714196185
-0.764935506960866, 0.149434598597453, -0.134076200995009
-0.764935506960866, 0.133250738991091, -0.143086296263484
-0.764935506960866, 0.119117536351697, -0.157184019304196
-0.764935506960866, 0.104812751647515, -0.171107611752398
-0.764935506960866, 0.0903386782109234, -0.18485513904958
-0.764935506960866, 0.0756969827123128, -0.198424004722718
-0.764935506960866, 0.0608887453040123, -0.211810905205634
-0.764935506960866, 0.0459144705276688, -0.225011815972985
-0.764935506960866, 0.0307744953838925, -0.238022351202056
-0.764935506960866, 0.0154694182370442, -0.250838254119871
-0.764935506960866, 2.47878579487798E-16, -0.263455295805262
-0.679942672854103, 0.24037985336841, -1.01772960349233E-11
-0.679942672854103, 0.230004326602677, -0.0158123364807694
-0.679942672854103, 0.219546273545723, -0.0315702070542142
-0.679942672854103, 0.209000828287165, -0.0472697219596904
-0.679942672854103, 0.198363375248333, -0.0629070419207998
-0.679942672854103, 0.187629574917641, -0.0784783885929043
-0.679942672854103, 0.176795957799092, -0.0939804452725371
-0.679942672854103, 0.165859903368085, -0.109410404981221
-0.679942672854103, 0.154819321319354, -0.124765744155258
-0.679942672854103, 0.138817120494699, -0.130475870638229
-0.679942672854103, 0.121289325676687, -0.133615440080479
-0.679942672854103, 0.108434996828894, -0.147487872466391
-0.679942672854103, 0.0954182542289374, -0.16120802653754
-0.679942672854103, 0.0822428809791208, -0.174775922368001
-0.679942672854104, 0.0689120574363754, -0.188191118715806
-0.679942672854104, 0.0554284050280273, -0.201452700164568
-0.679942672854104, 0.0417940185007737, -0.214559262173453
-0.679942672854103, 0.0280104940744342, -0.227508886886211
-0.679942672854103, 0.0140789400560597, -0.240299122330882
-0.679942672854103, 1.71755225327579E-16, -0.252926936287061
-0.59494983874734, 0.222447650890183, -1.01774517957826E-11
-0.59494983874734, 0.212449083091454, -0.0145718713750013
-0.59494983874734, 0.202363712298902, -0.0290837980175901
-0.594949838747341, 0.192188671658327, -0.0435329916649628
-0.594949838747341, 0.18192121572037, -0.0579166603455159
-0.59494983874734, 0.171559107048391, -0.0722322892208323
-0.59494983874734, 0.161100897938065, -0.086477861978809
-0.59494983874734, 0.150545328940477, -0.100651443439943
-0.59494983874734, 0.13989225384579, -0.114751881383577
-0.59494983874734, 0.128143052664679, -0.126745948042936
-0.59494983874734, 0.110470710353928, -0.126745788234947
-0.594949838747341, 0.0970036148994284, -0.135888333160476
-0.594949838747341, 0.0853746186403507, -0.149195276989148
-0.59494983874734, 0.0735964472417593, -0.162370371840394
-0.59494983874734, 0.0616734035759865, -0.175414512423449
-0.59494983874734, 0.0496092542293003, -0.188328263146953
-0.59494983874734, 0.0374072636975186, -0.201111854813141
-0.59494983874734, 0.0250702308453246, -0.213765168676124
-0.594949838747341, 0.0126005019208477, -0.226287734963072
-0.59494983874734, 1.1500995217738E-16, -0.238678704417502
-0.509957004641062, 0.20259862878201, -1.01773154609596E-11
-0.509957004640716, 0.193099956188544, -0.0131266050217483
-0.509957004640593, 0.183518889207541, -0.0261931905719506
-0.509957004640578, 0.17385398737493, -0.0391978872348004
-0.509957004640577, 0.164103902077485, -0.0521388402556692
-0.509957004640577, 0.154267989221659, -0.0650146792695847
-0.509957004640577, 0.144346119252262, -0.0778243981826045
-0.509957004640578, 0.134338542274746, -0.0905672709095369
-0.509957004640577, 0.124245884662107, -0.103242861257202
-0.509957004640577, 0.114069310135854, -0.115851186228741
-0.509957004640577, 0.101207166798703, -0.122886225732469
-0.509957004640577, 0.0850042847407442, -0.122886598994542
-0.509957004640577, 0.0745631722954494, -0.134889366439672
-0.509957004640577, 0.0642937843108385, -0.147422139223818
-0.509957004640577, 0.0538902754277766, -0.15984381375588
-0.509957004640577, 0.0433570627312601, -0.172155696476167
-0.509957004640577, 0.0326980979735341, -0.184358878200017
-0.509957004640577, 0.0219169102587332, -0.196454217493709
-0.509957004640577, 0.0110166288686521, -0.208442340066042
-0.509957004640577, 8.42213014276618E-17, -0.220323637253855
-0.432471583339102, 0.1824642350741, -2.03548058344539E-11
-0.435693761840558, 0.17367092435895, -0.0126792957840167
-0.438935874500388, 0.164823213414779, -0.0253155848889132
-0.442197905731005, 0.155921144780044, -0.0379085004918331
-0.445479767938913, 0.146964957496998, -0.0504578147711646
-0.448781305939496, 0.137955075063768, -0.0629634563160296
-0.452102298765305, 0.128892100499535, -0.0754255083284138
-0.455442403281933, 0.119776970216554, -0.0878443381502469
-0.458800961808403, 0.110611479023277, -0.100221054843319
-0.462177252123324, 0.101397597858645, -0.112556951434064
-0.466243782126439, 0.0903000556729134, -0.120851739607304
-0.471666513463278, 0.0755014461147966, -0.121106194868183
-0.475056628722584, 0.0662498367387861, -0.132929801419449
-0.4783633683081, 0.0572257592035473, -0.145423696456338
-0.481726335737948, 0.0480482361326731, -0.157790171737097
-0.485143877143947, 0.0387217809250384, -0.170029611723505
-0.488614523258543, 0.02925040320522, -0.182142167426543
-0.492136974870282, 0.0196376485154656, -0.194127730577491
-0.495710094896901, 0.00988661994818014, -0.205985923504504
-0.499332900377232, 2.51587705456534E-17, -0.217716080287477
-0.37601933388582, 0.166372220257637, -2.03549491529766E-11
-0.381732727537599, 0.158169104011536, -0.0124341098556417
-0.387469641250366, 0.149932218379644, -0.024835021569951
-0.393229779629887, 0.141661987479988, -0.0372029303053047
-0.399012765377513, 0.133358953026455, -0.0495381556665798
-0.404817969296598, 0.125024018400385, -0.0618413898771629
-0.41064480032518, 0.116658032230508, -0.0741132850929531
-0.416492425502059, 0.108262190457093, -0.0863548612465219
-0.422359767711304, 0.0998380395703235, -0.0985675214669847
-0.42824553643127, 0.0913874324617945, -0.110753009783162
-0.435114183427251, 0.0815256387196598, -0.119382995394083
-0.44422919999595, 0.0684385760988482, -0.11981496390085
-0.450043441674858, 0.0600906653330363, -0.131591100229391
-0.455713259294072, 0.0519501142246555, -0.14408593262291
-0.461490974618404, 0.043654646884046, -0.156428533034895
-0.467373331983224, 0.0352089376951287, -0.168618878467234
-0.473357431926757, 0.0266171496166363, -0.180656674604532
-0.479440704046873, 0.0178829731535036, -0.192541322489475
-0.485620890206048, 0.00900965047067523, -0.204271898410335
-0.491896027392891, 2.27499110466303E-17, -0.215847124378192
-0.331669520631967, 0.152789633776582, -2.0355417277966E-11
-0.339332586417426, 0.145126567991122, -0.0122314762370743
-0.347016459156439, 0.13744269525211, -0.024436818045297
-0.354720298754702, 0.129738855653847, -0.0366169613833794
-0.362443099305987, 0.122016055102562, -0.0487730666487956
-0.370183861194324, 0.114275293214224, -0.0609063025345502
-0.377941590808152, 0.106517563600396, -0.0730178455674654
-0.385715300229853, 0.0987438541786959, -0.0851088796480964
-0.393504006918623, 0.090955147489926, -0.0971805956183049
-0.401306686348658, 0.0831524680598905, -0.109234251693185
-0.410122111888128, 0.0743370425204208, -0.118192102416046
-0.421670917507666, 0.0627882369008826, -0.118743850269854
-0.429375370669649, 0.0550837837389001, -0.130257282804139
-0.43682130431257, 0.0476378500959787, -0.142753836576137
-0.444415736628849, 0.0400434177796997, -0.155070382537644
-0.452153716759278, 0.0323054376492706, -0.16720692201523
-0.460030802755198, 0.0244283516533501, -0.179163154569546
-0.468043022549473, 0.0164161318590757, -0.190938438009717
-0.476186844605122, 0.00827230980342696, -0.202531756144033
-0.484459154408549, 2.04131373153549E-17, -0.213941686581886
-0.290442771232933, 0.139352321746224, -2.03551801932137E-11
-0.299928942745584, 0.13226729926216, -0.0120339170864716
-0.309429712397083, 0.125171373734457, -0.0240498805225025
-0.31894414574602, 0.118065243077802, -0.0360489901524713
-0.328471312360346, 0.110949602212369, -0.0480323504540184
-0.338010285562346, 0.103825143254303, -0.0600010702307245
-0.347560142165364, 0.0966925557123501, -0.071956262292083
-0.357119959298625, 0.0895525288593284, -0.0838990467102026
-0.366688340592719, 0.0824061056142562, -0.0958311418127196
-0.376263281853982, 0.0752547828673326, -0.107755039000174
-0.386752359123618, 0.0674207111142183, -0.117069288178252
-0.400268107210161, 0.0573260824271453, -0.117719854788716
-0.409731851649509, 0.0502578102536142, -0.128973927831657
-0.418823523463378, 0.0434674313180149, -0.141472887914184
-0.428099596009999, 0.0365393273438275, -0.153758982687684
-0.437553029847974, 0.0294787559421469, -0.165832649902707
-0.447177464089565, 0.0222904679265735, -0.177693998123206
-0.456967163471575, 0.0149787468448629, -0.18934275868565
-0.466916971699056, 0.00754744382553531, -0.200778239721031
-0.477022281424207, 1.81562295530217E-17, -0.211999292018763
-0.249488484383843, 0.125165434167202, -2.03540154040322E-11
-0.26079907447541, 0.1187332910304, -0.0118337334488873
-0.2721171719206, 0.112296878587338, -0.0236579702782917
-0.28344195852792, 0.105856662129813, -0.0354737260630276
-0.294772622392881, 0.0994131033743098, -0.0472820228814674
-0.306108388677469, 0.0929666429582288, -0.0590838391417582
-0.317448220722916, 0.086517870412047, -0.0708804832338853
-0.328790546583948, 0.0800676796747124, -0.0826739539059191
-0.340133766033603, 0.0736169807684955, -0.0944662881855266
-0.351476278032102, 0.067166684177901, -0.106259522254521
-0.363567282640753, 0.0602907323768929, -0.115946771622858
-0.378842468026213, 0.0516039903019828, -0.11668737759618
-0.390022647463606, 0.0452460095198781, -0.12781482764562
-0.400782259951073, 0.0391271981178533, -0.140309598324989
-0.411758731172976, 0.0328850627858593, -0.152552227136599
-0.422942393084069, 0.0265251015792921, -0.164544146556469
-0.434324471503903, 0.0200523042276077, -0.176286426119787
-0.445897011727836, 0.0134711944380987, -0.187779710705605
-0.457652819626104, 0.00678586339186176, -0.1990241703136
-0.469585408439865, 1.59872225710276E-17, -0.210019448270393
-0.207194599318455, 0.1095590667313, -2.03593923880765E-11
-0.220400598757193, 0.103884171118061, -0.0116316518939052
-0.233607644068149, 0.0982088260715405, -0.0232618973940249
-0.246814801253882, 0.0925334329500766, -0.0348919968756291
-0.260021085946149, 0.0868584147573991, -0.0465232704332007
-0.273225514230581, 0.0811841943021988, -0.0581570385606729
-0.286427101541052, 0.075511194673241, -0.069794621178058
-0.29962486166243, 0.0698398396679026, -0.0814373409883975
-0.312817402775999, 0.0641707273799481, -0.0930870708443271
-0.326002804637057, 0.0585046829789002, -0.104746375059922
-0.339751068307778, 0.0525967650241436, -0.114785038224401
-0.356722356098685, 0.0453038458412821, -0.115613851286184
-0.369597423104136, 0.0397711588524381, -0.126900883030668
-0.38214166979312, 0.0343806323090333, -0.139369580487834
-0.39493132163351, 0.0288846500124589, -0.151539389309907
-0.40795347636318, 0.0232887563360176, -0.163413537845003
-0.421196416159823, 0.0175979866743207, -0.174994826285662
-0.434649509121361, 0.0118169097792258, -0.186285555041416
-0.44830311973903, 0.00594966623143418, -0.197287458225939
-0.462148535455524, 1.39144190239686E-17, -0.208001644526831
-0.162348666837506, 0.0918434185196099, -2.03576923204228E-11
-0.17757088226793, 0.0870614853630492, -0.0114360930895192
-0.192788749908739, 0.0822809180286587, -0.0228785429651705
-0.20800165446808, 0.0775019098052887, -0.0343282389778767
-0.223209112587958, 0.0727246125358579, -0.0457858825347636
-0.238409952192668, 0.0679493944182608, -0.0572531702619433
-0.253602903397701, 0.0631766543762201, -0.0687319386575948
-0.268786691144784, 0.0584067929587526, -0.0802240204190834
-0.283960036351613, 0.0536402119789922, -0.091731245342485
-0.29912165485198, 0.048877314847138, -0.103255439538963
-0.314687919985637, 0.0439873013200875, -0.113553236791665
-0.333395721412743, 0.0381104001331663, -0.114473635170492
-0.34793956270369, 0.0335415726053456, -0.126429529707436
-0.362464132884649, 0.0289787989374402, -0.138821754567428
-0.377256837978533, 0.0243317929029382, -0.150860513945878
-0.392301012312677, 0.0196057898851555, -0.162551936048249
-0.407581575565038, 0.0148055272426137, -0.173901585454599
-0.423084885257846, 0.00993529064694081, -0.184914374580781
-0.438798621814313, 0.00499895019135583, -0.195594497659349
-0.454711662471182, 1.19464035125992E-17, -0.20594535067853
-0.113942962331353, 0.071202875157872, -2.0322451465848E-11
-0.131341538607291, 0.0674863724012288, -0.0112646446167891
-0.148733169614198, 0.0637713532206601, -0.022540496615933
-0.166117176564186, 0.0600579626117695, -0.033828636128286
-0.183492876712791, 0.056346346415322, -0.0451301407745326
-0.200859585462072, 0.0526366508680037, -0.0564460870545823
-0.218216604453699, 0.0489290251458516, -0.0677775689631203
-0.235562941800939, 0.0452236811253848, -0.0791261356298998
-0.252897399316527, 0.0415208747508944, -0.0904936701610415
-0.270218764572367, 0.03782086500865, -0.101882052750573
-0.28786166159663, 0.0340521729969631, -0.112224563042489
-0.308128638703178, 0.0297229523129994, -0.114081697601631
-0.324598327619613, 0.0262048688050034, -0.126721448645486
-0.341372354471037, 0.0226217757952873, -0.138935637114113
-0.358427788534282, 0.0189785715062408, -0.150735375057203
-0.375744045263773, 0.0152796529942187, -0.162131056764126
-0.393302641577238, 0.0115289684228593, -0.173132240249596
-0.411086969552543, 0.00773006540361179, -0.183747550043705
-0.429082143930876, 0.00388612357051787, -0.193984623974705
-0.44727478948684, 1.00920576276248E-17, -0.203850016348602
-0.050135841667454, 0.0444451562125431, -5.52234138047799E-11
-0.0714668994932551, 0.0433337751925106, -0.00937012876053262
-0.0924839988670522, 0.0418078254477367, -0.0193702888486289
-0.113182070016027, 0.0398949592868828, -0.0299529206306644
-0.133599516959124, 0.0376662447662795, -0.0410091848327103
-0.153828280069875, 0.0352388808847323, -0.0523671505374308
-0.173995394424612, 0.0327548683063763, -0.0638223450023145
-0.194153190884006, 0.0302711950278752, -0.0752940113906816
-0.214301505334374, 0.0277888472542573, -0.0867825971042574
-0.234442017268455, 0.0253097865508805, -0.0982855801296011
-0.254567766000536, 0.0228280040415825, -0.109813769897521
-0.276822234608928, 0.02008541429175, -0.113693547247684
-0.296239541035378, 0.017692977935475, -0.126394565698647
-0.315981658367475, 0.0152605211251515, -0.138576792263386
-0.336019478332511, 0.01279163033608, -0.150258739728926
-0.356327226424687, 0.0102894812849835, -0.161457605820118
-0.376882069636208, 0.00775688726206684, -0.172189168758191
-0.397663767119825, 0.00519634217342461, -0.182467712738064
-0.418654362752567, 0.00261005842073961, -0.192305970275705
-0.439837916502498, 8.36057601210914E-18, -0.201715069860562
-0.0035253751069371, 0.013675286837625, -5.58541439524274E-06
-0.0262870029480927, 0.0143484673313764, -0.0102453934522537
-0.0488771405919192, 0.0144695957885321, -0.0208792854911803
-0.0713084405937953, 0.01412792954524, -0.0318402097169857
-0.0936146589227902, 0.0134508896882668, -0.0430388192457236
-0.115848789222526, 0.0125970188920765, -0.0543682996531654
-0.13806424006767, 0.0117129675303339, -0.0657321158410236
-0.160271184886633, 0.0108292546576668, -0.0771125770074976
-0.182485771762301, 0.00996825633658299, -0.0884797717849075
-0.204707412466464, 0.00913184892223114, -0.099834997481067
-0.227414249446702, 0.00815733416374146, -0.109194264695873
-0.24954738213946, 0.0072765585975928, -0.120077434414616
-0.271578927964591, 0.00639982562322095, -0.13179291531599
-0.293894777962417, 0.00551177892558973, -0.142956605550914
-0.316466698176461, 0.00461354205857315, -0.153592327354618
-0.339270032049167, 0.00370609621440082, -0.163721687588509
-0.362283164784154, 0.0027903015422951, -0.173364247466026
-0.385487025951996, 0.00186691693951637, -0.18253768066813
-0.408864681498196, 0.00093661628720384, -0.191258064903828
-0.432401043518157, 6.76148352796905E-18, -0.19953991713622
