-4.20026498604437, 0.408214185984839, -2.47949993870122E-11
-4.20026498604437, 0.399950929839489, -0.0308087406791687
-4.20026498604437, 0.391687673694139, -0.0616174813335424
-4.20026498604437, 0.383424417548789, -0.092426221987916
-4.20026498604438, 0.375161161403439, -0.12323496264229
-4.20026498604438, 0.366897905258089, -0.154043703296663
-4.20026498604438, 0.358634649112739, -0.184852443951037
-4.20026498604438, 0.35037139296739, -0.215661184605411
-4.20026498604438, 0.34210813682204, -0.246469925259784
-4.20026498604437, 0.313379959122638, -0.250601504792022
-4.20026498604437, 0.282012383561847, -0.256219405283661
-4.20026498604437, 0.250677674277197, -0.26218563498747
-4.20026498604437, 0.219342964992547, -0.268151864691279
-4.20026498604437, 0.188008255707898, -0.274118094395088
-4.20026498604437, 0.156673546423248, -0.280084324098897
-4.20026498604437, 0.125338837138599, -0.286050553802706
-4.20026498604437, 0.0940041278539491, -0.292016783506515
-4.20026498604437, 0.0626694185692996, -0.297983013210324
-4.20026498604437, 0.03133470928465, -0.303949242914133
-4.20026498604437, 1.95215988938465E-16, -0.309915472617943
-4.11625968632349, 0.410028760693837, -1.23974557687694E-11
-4.11625968632349, 0.401745234764106, -0.030903229416967
-4.11625968632349, 0.393461832765661, -0.061806492042127
-4.11625968632349, 0.385178558723658, -0.0927097889633048
-4.11625968632349, 0.376895416662702, -0.123613121257982
-4.11625968632349, 0.368612410606107, -0.154516490008467
-4.11625968632349, 0.360329544578417, -0.185419896292473
-4.11625968632349, 0.352046822604175, -0.216323341187711
-4.11625968632349, 0.343764248707927, -0.247226825771892
-4.11625968632349, 0.314282395557989, -0.250501132215681
-4.11625968632349, 0.282833352030324, -0.256260171537631
-4.11625968632349, 0.25140740447158, -0.262263188243929
-4.11625968632349, 0.219981461802752, -0.268266230549899
-4.11625968632349, 0.188555524023592, -0.274269298452638
-4.11625968632349, 0.157129591133418, -0.280272391949327
-4.11625968632349, 0.125703663131716, -0.286275511037111
-4.11625968632349, 0.0942777400180051, -0.292278655713134
-4.11625968632349, 0.0628518217918028, -0.298281825974536
-4.11625968632349, 0.0314259084526284, -0.304285021818458
-4.11625968632349, 2.08531308121867E-16, -0.310288243242042
-4.0322543866026, 0.411843329279435, -1.23975067087795E-11
-4.0322543866026, 0.403545899616909, -0.0310018032425977
-4.0322543866026, 0.395248860568258, -0.0620037110254017
-4.0322543866026, 0.386952223097593, -0.0930057263138752
-4.0322543866026, 0.378655998178653, -0.124007852025109
-4.0322543866026, 0.37036019679117, -0.155010091053803
-4.0322543866026, 0.362064829908963, -0.186012446316738
-4.0322543866026, 0.353769908505857, -0.21701492073069
-4.0322543866026, 0.345475443555674, -0.248017517212438
-4.0322543866026, 0.315191297817345, -0.250373883407577
-4.0322543866026, 0.283662338388158, -0.256306452553907
-4.0322543866026, 0.252144310789695, -0.262354020605625
-4.0322543866026, 0.220626280665406, -0.268401575493747
-4.0322543866026, 0.189108248026393, -0.274449117275704
-4.0322543866026, 0.157590212883639, -0.280496646008951
-4.0322543866026, 0.126072175248176, -0.286544161750933
-4.0322543866026, 0.0945541351310422, -0.292591664559094
-4.0322543866026, 0.0630360925432758, -0.298639154490879
-4.0322543866026, 0.0315180474959158, -0.30468663160373
-4.0322543866026, 1.80497750951686E-16, -0.310734095955092
-3.94824908688171, 0.413657970472513, -1.23975402965955E-11
-3.94824908688171, 0.405349648536564, -0.0311016970782867
-3.94824908688171, 0.397041963345386, -0.0622035642674506
-3.94824908688171, 0.388734927603207, -0.0933056049091302
-3.94824908688171, 0.380428554005412, -0.124407822365648
-3.94824908688171, 0.372122855227186, -0.15551022007499
-3.94824908688171, 0.363817843964433, -0.186612801397557
-3.94824908688171, 0.355513532913061, -0.217715569693749
-3.94824908688172, 0.347209934768976, -0.248818528323966
-3.94824908688171, 0.316090251555903, -0.250243373241081
-3.94824908688171, 0.28448137921969, -0.25634443586493
-3.94824908688171, 0.252872472144458, -0.262445318513204
-3.94824908688171, 0.22126353061597, -0.268546022695094
-3.94824908688171, 0.189654554939573, -0.274646549916011
-3.94824908688171, 0.158045545398928, -0.280746901685551
-3.94824908688171, 0.126436502286711, -0.286847079511571
-3.94824908688171, 0.0948274258968155, -0.292947084901694
-3.94824908688171, 0.0632183165231357, -0.29904691936354
-3.94824908688171, 0.0316091744595658, -0.305146584404732
-3.94824908688171, 1.80066554837187E-16, -0.311246081532891
-3.86424378716083, 0.41548278583636, -1.23974981068317E-11
-3.86424378716083, 0.407162953895381, -0.0312001969053962
-3.86424378716082, 0.398843577088636, -0.0624005151582223
-3.86424378716083, 0.390524634448422, -0.0936009491764729
-3.86424378716083, 0.382206094398227, -0.124801490556928
-3.86424378716083, 0.37388792401855, -0.156002130506969
-3.86424378716083, 0.365570090394103, -0.187202860218167
-3.86424378716082, 0.357252560605369, -0.218403670897957
-3.86424378716083, 0.348935301732831, -0.249604553753776
-3.86424378716083, 0.316970496550408, -0.250199250021437
-3.86424378716083, 0.285273910154381, -0.256363526004779
-3.86424378716083, 0.253577217342898, -0.262527254840898
-3.86424378716083, 0.221880419361963, -0.268690443173525
-3.86424378716083, 0.190183517631593, -0.274853097612555
-3.86424378716083, 0.158486513370689, -0.281015224806986
-3.86424378716083, 0.126789407885362, -0.28717683138886
-3.86424378716083, 0.0950922024906198, -0.293337923988486
-3.86424378716083, 0.0633948985014728, -0.299498509236175
-3.86424378716082, 0.0316974972329299, -0.305658593762237
-3.86424378716083, 1.79504931695928E-16, -0.311818184196981
-3.78023848743992, 0.417377159794491, -1.2397500772946E-11
-3.78023848743993, 0.409034560440667, -0.0312933943498265
-3.78023848743993, 0.400691499111757, -0.0625866655507598
-3.78023848743993, 0.392347899635622, -0.0938797933428148
-3.78023848743994, 0.384003685862085, -0.125172757371221
-3.78023848743994, 0.375658781649766, -0.156465537248219
-3.78023848743994, 0.367313110847409, -0.187758112623091
-3.78023848743994, 0.358966597303758, -0.219050463145122
-3.78023848743994, 0.350159053712882, -0.249743619744502
-3.78023848743994, 0.317808728015129, -0.250114087597748
-3.78023848743994, 0.286028867230595, -0.256352351223045
-3.78023848743994, 0.254248771666574, -0.262589419032927
-3.78023848743994, 0.222468444790278, -0.268825309684279
-3.78023848743994, 0.190687890858195, -0.275060041679114
-3.78023848743994, 0.15890711317978, -0.281293633705254
-3.78023848743994, 0.127126115492004, -0.287526104366621
-3.78023848743994, 0.0953449015625027, -0.293757472261122
-3.78023848743994, 0.063563475158911, -0.299987755986664
-3.78023848743994, 0.031781840048865, -0.306216974141151
-3.78023848743994, 1.78833293714977E-16, -0.312445145322491
-3.69623318771905, 0.41931822851246, -1.23976157717923E-11
-3.69623318771905, 0.410938877537228, -0.0313783557285785
-3.69623318771905, 0.40255771556589, -0.0627562280601964
-3.69623318771905, 0.394174607020303, -0.0941335810936257
-3.69623318771905, 0.385789416533121, -0.125510378125778
-3.69623318771905, 0.377402008805921, -0.156886582195792
-3.69623318771905, 0.369012248458898, -0.188262156647457
-3.69623318771905, 0.360620000112246, -0.219637064824561
-3.69623318771905, 0.351004808570968, -0.249421431706352
-3.69623318771905, 0.31858158263096, -0.249977682727705
-3.69623318771905, 0.28672530316307, -0.25630161893311
-3.69623318771905, 0.254868583720812, -0.262623339758995
-3.69623318771905, 0.223011431965191, -0.268942886805286
-3.69623318771905, 0.191153858178968, -0.275260301151832
-3.69623318771905, 0.159295869361191, -0.281575624529766
-3.69623318771905, 0.127437474049826, -0.287888898364871
-3.69623318771905, 0.0955786808514491, -0.294200164069322
-3.69623318771905, 0.0637194983726352, -0.300509463055294
-3.69623318771905, 0.0318599352199604, -0.306816836734961
-3.69623318771905, 2.0582573683016E-16, -0.313122326520498
-3.61222788799816, 0.421266340289549, -1.23976551850573E-11
-3.61222788799816, 0.412836562022608, -0.0314527232220896
-3.61222788799816, 0.404403197009497, -0.0629044859580041
-3.61222788799816, 0.39596603600981, -0.0943552330349745
-3.61222788799816, 0.387524870504728, -0.125804906575062
-3.61222788799816, 0.379079492172383, -0.157253447967375
-3.61222788799816, 0.370629692445421, -0.188700799516308
-3.61222788799816, 0.362175262756493, -0.220146903526261
-3.61222788799816, 0.351751291143545, -0.249028411161861
-3.61222788799817, 0.319263407814962, -0.249780262148139
-3.61222788799817, 0.28734022277749, -0.256202502728312
-3.61222788799816, 0.25541629204347, -0.262621039735811
-3.61222788799816, 0.223491630296759, -0.26903595352154
-3.61222788799816, 0.191566259334564, -0.275447323007131
-3.61222788799816, 0.159640191663608, -0.281855228980497
-3.61222788799816, 0.127713444297639, -0.288259751323602
-3.61222788799816, 0.0957860343424747, -0.294660969899919
-3.61222788799816, 0.0638579789039345, -0.301058964572918
-3.61222788799817, 0.0319292950878369, -0.30745381520607
-3.61222788799816, 1.7723255021934E-16, -0.313845601662846
-3.52822258827727, 0.423181167985457, -1.23975750420863E-11
-3.52822258827727, 0.414687648871162, -0.0315141461362443
-3.52822258827727, 0.406188358330036, -0.0630267388309417
-3.52822258827727, 0.397683000981189, -0.0945377006373875
-3.52822258827727, 0.389171285525013, -0.126046938974904
-3.52822258827727, 0.38065291586534, -0.157554379026545
-3.52822258827727, 0.372127596046869, -0.189059945424943
-3.52822258827728, 0.363595035276494, -0.220563543720687
-3.52822258827728, 0.352370235015422, -0.248555254572471
-3.52822258827728, 0.319828382692524, -0.249511941065378
-3.52822258827728, 0.287850494901744, -0.256046148496316
-3.52822258827728, 0.255871427010532, -0.262574589014017
-3.52822258827728, 0.223891204597433, -0.269097403239282
-3.52822258827728, 0.191909869989652, -0.275614728377318
-3.52822258827728, 0.159927442741451, -0.282126706276034
-3.52822258827728, 0.127943953798712, -0.288633476458819
-3.52822258827728, 0.0959594341073166, -0.295135178449068
-3.52822258827728, 0.0639739146131453, -0.301631951770171
-3.52822258827728, 0.0319874262620795, -0.30812393594552
-3.52822258827728, 2.04091865216246E-16, -0.314611270498507
-3.44421728855634, 0.425021748465475, -1.23975080898153E-11
-3.44421728855636, 0.41645172809951, -0.0315603387181215
-3.44421728855637, 0.407873358019071, -0.0631184143176318
-3.44421728855638, 0.399286245810633, -0.0946741139492299
-3.44421728855638, 0.390689999381959, -0.126227323562267
-3.44421728855639, 0.382084224810838, -0.157777935805231
-3.44421728855639, 0.373468529008427, -0.189325840236671
-3.44421728855639, 0.364842518980375, -0.220870926041647
-3.44421728855639, 0.352833346308307, -0.247992375348389
-3.44421728855639, 0.320250654211188, -0.249162549136493
-3.44421728855639, 0.288232970785895, -0.255823516458711
-3.44421728855639, 0.256213516160551, -0.262475960873387
-3.44421728855639, 0.224192339354387, -0.269120109865799
-3.44421728855639, 0.192169492966825, -0.275756190175581
-3.44421728855639, 0.160145015791758, -0.282384431397695
-3.44421728855639, 0.128118967259403, -0.289005058849704
-3.44421728855639, 0.0960913928205321, -0.295618300740795
-3.44421728855639, 0.0640623411792785, -0.302224384602878
-3.44421728855639, 0.0320318551340639, -0.308823539180712
-3.44421728855639, 1.75396286301716E-16, -0.315415988579287
-3.3502119888355, 0.426942879810925, -1.23975770886769E-11
-3.3502119888355, 0.418272851542467, -0.0315911998150135
-3.3502119888355, 0.409591139033611, -0.0631791874641703
-3.3502119888355, 0.400897224473208, -0.0947638251983982
-3.3502119888355, 0.392190595013061, -0.126344957147693
-3.3502119888355, 0.383470734749638, -0.157922438483543
-3.3502119888355, 0.374737128742993, -0.18949612080564
-3.3502119888355, 0.365989262221112, -0.221065855034005
-3.3502119888355, 0.35313187808125, -0.24724406325856
-3.3502119888355, 0.320522040649581, -0.248662336234578
-3.3502119888355, 0.288480892225981, -0.255484228109968
-3.3502119888355, 0.256437068589209, -0.262293534990096
-3.3502119888355, 0.224390651992482, -0.26909062451396
-3.3502119888355, 0.192341723574572, -0.275875864543678
-3.3502119888355, 0.160290360392573, -0.282649623789793
-3.3502119888355, 0.128236656273973, -0.289412267409288
-3.3502119888355, 0.0961806867227157, -0.296164164421648
-3.3502119888355, 0.0641225328490877, -0.302905682649561
-3.3502119888355, 0.0320622754033407, -0.309637189981284
-3.3502119888355, 2.02065597022507E-16, -0.316359053276537
-3.15019873953315, 0.430285199452416, -1.23975157413695E-11
-3.15019873953322, 0.421356662453727, -0.0315701292200653
-3.15019873953326, 0.412407922293394, -0.0631345469225728
-3.15019873953328, 0.403438211881101, -0.0946930071832866
-3.15019873953328, 0.394446759615221, -0.126245279716723
-3.15019873953328, 0.385432789759537, -0.15779112513309
-3.15019873953328, 0.376395401307088, -0.189330272481104
-3.15019873953328, 0.367333633260244, -0.220862422171731
-3.15019873953328, 0.352817221465014, -0.245169524408189
-3.15019873953328, 0.320229651396432, -0.247141629961504
-3.15019873953328, 0.288230138714524, -0.254382022818375
-3.15019873953328, 0.25622484481039, -0.261596817801374
-3.15019873953328, 0.224213986702447, -0.268786885363268
-3.15019873953328, 0.192197779362636, -0.275953096325693
-3.15019873953328, 0.16017643578626, -0.283096321862281
-3.15019873953328, 0.128150167065331, -0.290217433482181
-3.15019873953328, 0.0961191824604653, -0.297317303015037
-3.15019873953328, 0.0640836894733284, -0.304396802596938
-3.15019873953328, 0.0320438939192328, -0.311456804657384
-3.15019873953328, 1.71963005690175E-16, -0.318498181907187
-2.94018549023107, 0.432202571507734, -1.23974879994581E-11
-2.94018549023106, 0.422942670577899, -0.0313913884937399
-2.94018549023106, 0.413650765517799, -0.0627733184650775
-2.94018549023106, 0.404325546591119, -0.0941453651369068
-2.94018549023106, 0.39496570497212, -0.125507099415925
-2.94018549023106, 0.385569932784181, -0.156858087733954
-2.94018549023106, 0.3761369231426, -0.18819789187665
-2.94018549023106, 0.366665370201208, -0.219526068814032
-2.94018549023106, 0.350707943322313, -0.242143330508939
-2.94018549023106, 0.318292594689413, -0.244719329272629
-2.94018549023106, 0.286510058479768, -0.252531838851977
-2.94018549023106, 0.25471577590211, -0.26029640742751
-2.94018549023106, 0.222910271967157, -0.268014882970021
-2.94018549023106, 0.191094063453396, -0.275689114878257
-2.94018549023106, 0.1592676592145, -0.283320953891872
-2.94018549023106, 0.127431560524736, -0.290912252005285
-2.94018549023106, 0.0955862614077378, -0.298464862395278
-2.94018549023106, 0.0637322489708115, -0.305980639356498
-2.94018549023106, 0.0318700037404153, -0.313461438245499
-2.94018549023106, 1.69608696922706E-16, -0.32090911543261
-2.73017224092884, 0.431827324317143, -1.23974755611682E-11
-2.73017224092884, 0.42218103428991, -0.0310187366388044
-2.73017224092884, 0.412490690326508, -0.062023738768249
-2.73017224092884, 0.402755060316987, -0.0930145506472412
-2.73017224092884, 0.392972859791353, -0.123990693954554
-2.73017224092884, 0.383142787388828, -0.154951678536098
-2.73017224092884, 0.373263542804301, -0.185897007815419
-2.73017224092884, 0.363333826766913, -0.216826178591427
-2.73017224092884, 0.346308123750246, -0.238055865681634
-2.73017224092884, 0.314249710571095, -0.241210480719059
-2.73017224092884, 0.282911145278115, -0.249760740760275
-2.73017224092884, 0.251550245135862, -0.258228708171717
-2.73017224092884, 0.220168350906075, -0.266618542309989
-2.73017224092884, 0.188766696258616, -0.274934113454327
-2.73017224092884, 0.157346418128411, -0.283179036518145
-2.73017224092884, 0.125908566239622, -0.291356700686767
-2.73017224092884, 0.0944541173129706, -0.299470294317944
-2.73017224092884, 0.0629839810731025, -0.307522829099163
-2.73017224092884, 0.0314990081039188, -0.315517161350006
-2.73017224092884, 1.67576807979605E-16, -0.323456010867578
-2.52015899162684, 0.428413979087652, -1.2397507568159E-11
-2.52015899162676, 0.418381294249291, -0.0304528589358242
-2.5201589916267, 0.408297723844803, -0.0608889019729705
-2.52015899162666, 0.398162209886271, -0.0913076952033145
-2.52015899162664, 0.387973702746814, -0.121708775328867
-2.52015899162663, 0.377731148221093, -0.152091688561112
-2.52015899162662, 0.367433494035953, -0.182455970980228
-2.52015899162663, 0.357079685730766, -0.212801152347426
-2.52015899162663, 0.339359045035911, -0.232882098491416
-2.52015899162663, 0.307856718988333, -0.236565539873962
-2.52015899162663, 0.277217476183066, -0.246013664594508
-2.52015899162663, 0.246539902254063, -0.255336578316627
-2.52015899162663, 0.215826503978179, -0.264540791181036
-2.52015899162663, 0.185079569287915, -0.273632346127872
-2.52015899162663, 0.15430118665927, -0.282616875652252
-2.52015899162663, 0.123493280037987, -0.291499646442835
-2.52015899162662, 0.0926576227301792, -0.300285604060557
-2.52015899162663, 0.0617958520000023, -0.308979412239582
-2.52015899162663, 0.0309095036275966, -0.31758548251828
-2.52015899162663, 1.38345761600149E-16, -0.326108013706026
-2.31014574232447, 0.421537582097944, -1.23974414008253E-11
-2.31014574232441, 0.411180271223106, -0.0297188463916862
-2.31014574232441, 0.400769787999516, -0.0594191081658153
-2.31014574232441, 0.390305235944628, -0.089100362364037
-2.31014574232441, 0.379785664836591, -0.118762161264409
-2.31014574232441, 0.369210124830062, -0.148404051109492
-2.31014574232441, 0.358577666479022, -0.178025571983766
-2.31014574232441, 0.347887340761606, -0.207626257697411
-2.31014574232441, 0.329815962675332, -0.226746666417765
-2.31014574232441, 0.299068796595453, -0.230920477969331
-2.31014574232441, 0.269394117756386, -0.241403536264744
-2.31014574232441, 0.239657960472519, -0.25171092198396
-2.31014574232441, 0.2098646345967, -0.261851881751583
-2.31014574232441, 0.180018041702323, -0.271835005679565
-2.31014574232441, 0.150121747742547, -0.281668296344361
-2.31014574232441, 0.120179001021607, -0.291359245033268
-2.31014574232441, 0.0901927988060449, -0.300914882760209
-2.31014574232441, 0.0601659002449331, -0.310341841473639
-2.31014574232441, 0.0301008420195094, -0.319646407884877
-2.31014574232441, 1.65459183506621E-16, -0.328834558338589
-2.10013249302452, 0.411133054833883, -1.23975131400968E-11
-2.10013249302329, 0.400540096003733, -0.0288422929313689
-2.10013249302259, 0.389893516252666, -0.057664835597598
-2.10013249302227, 0.379192223281545, -0.0864671088272549
-2.10013249302219, 0.368435125597563, -0.115248586410624
-2.10013249302219, 0.35762112146868, -0.144008730782718
-2.10013249302219, 0.346748946856034, -0.172746935201056
-2.10013249302219, 0.335817225300963, -0.201462541092095
-2.10013249302219, 0.317696641410999, -0.219783239260554
-2.10013249302219, 0.287891684211681, -0.224396430663301
-2.10013249302219, 0.259452420450751, -0.236027932911279
-2.10013249302219, 0.230919795330942, -0.247428517176765
-2.10013249302219, 0.202300622747247, -0.258610073947873
-2.10013249302219, 0.17360107185105, -0.269583715302689
-2.10013249302219, 0.144826772500626, -0.280359849685105
-2.10013249302219, 0.115982859938247, -0.290948267858026
-2.10013249302219, 0.0870740493347487, -0.301358207072723
-2.10013249302219, 0.0581046791497151, -0.311598418523783
-2.10013249302219, 0.0290787560811459, -0.321677227225705
-2.10013249302219, 1.66003173380033E-16, -0.331602586643643
-1.89011924371999, 0.397270147162307, -1.23974554280628E-11
-1.89011924371998, 0.386523616836406, -0.027839206087113
-1.89011924371998, 0.375722134339948, -0.0556571369638183
-1.89011924371997, 0.364865114802613, -0.0834534392811808
-1.89011924371997, 0.353951972997242, -0.111227755203121
-1.89011924371997, 0.34298212334818, -0.138979722356539
-1.89011924371997, 0.331954979943845, -0.166708973763091
-1.89011924371997, 0.320869956549185, -0.194415137776199
-1.89011924371997, 0.303005943974104, -0.212140613180265
-1.89011924371997, 0.274312818318833, -0.217120999984554
-1.89011924371997, 0.247385229750724, -0.229982022829042
-1.89011924371997, 0.220323146016208, -0.242557608451246
-1.89011924371997, 0.193136305820827, -0.254861195187387
-1.89011924371997, 0.165833619050269, -0.266905549511665
-1.89011924371997, 0.138423253970176, -0.278702826018547
-1.89011924371997, 0.11091272277688, -0.290264621362428
-1.89011924371997, 0.0833089524348536, -0.301602028869321
-1.89011924371997, 0.0556183488444897, -0.312725691022007
-1.89011924371997, 0.0278468541709642, -0.323645850778779
-1.89011924371997, 1.40463649308705E-16, -0.334372401543147
-1.68010599442364, 0.379935717247887, -1.23973712932657E-11
-1.68010599441948, 0.369120204268604, -0.0267360988382214
-1.68010599441796, 0.35825422893773, -0.0534517286669233
-1.68010599441775, 0.347337380738687, -0.0801466097174461
-1.68010599441775, 0.336369291317917, -0.106820479815538
-1.68010599441775, 0.325349197879038, -0.133472905933741
-1.68010599441775, 0.314276106683874, -0.160103356888848
-1.68010599441775, 0.303149025168648, -0.186711293913117
-1.68010599441775, 0.285802567343394, -0.204008973685144
-1.68010599441775, 0.258349475190122, -0.209214359319527
-1.68010599441775, 0.233205338262754, -0.223340738825041
-1.68010599441775, 0.20787893528053, -0.237137709930425
-1.68010599441775, 0.182382238373942, -0.250617425982228
-1.68010599441775, 0.1567264921472, -0.263791938704629
-1.68010599441775, 0.130922243320604, -0.276673192273149
-1.68010599441775, 0.104979395715324, -0.289273009268633
-1.68010599441775, 0.07890724811521, -0.301603090154132
-1.68010599441775, 0.0527145584162603, -0.313675004467
-1.68010599441775, 0.0264095546421457, -0.325500210750505
-1.68010599441775, 2.00594616183517E-16, -0.3370900543445
-1.47009274511604, 0.359274561763371, -1.23974668584329E-11
-1.47009274511563, 0.348485810196373, -0.0255601434617141
-1.47009274511553, 0.337647068033696, -0.0510991282563401
-1.47009274511553, 0.326756507445317, -0.0766160587997573
-1.47009274511553, 0.315811436492001, -0.102109654891603
-1.47009274511553, 0.304808688858324, -0.127578410802749
-1.47009274511553, 0.293745066029239, -0.153020775279875
-1.47009274511553, 0.282616633347295, -0.178434868837683
-1.47009274511553, 0.266056783541134, -0.195583822211014
-1.47009274511553, 0.239895461272284, -0.200716549580508
-1.47009274511553, 0.216808683005328, -0.216101729171326
-1.47009274511553, 0.193490760479103, -0.23113430738543
-1.47009274511553, 0.169953316905423, -0.245820814790272
-1.47009274511553, 0.146207951791134, -0.260168744662107
-1.47009274511553, 0.122266164937493, -0.27418649413092
-1.47009274511553, 0.0981393086873124, -0.287883286706217
-1.47009274511553, 0.0738385254041858, -0.301269104078987
-1.47009274511553, 0.0493747035886755, -0.314354608657826
-1.47009274511553, 0.0247584359356667, -0.327151068186617
-1.47009274511553, 1.81099502482577E-16, -0.339670272788785
-1.2500794958171, 0.334051338401921, -1.23974546267021E-11
-1.25007949581336, 0.323309042718998, -0.0241890158363938
-1.25007949581331, 0.312498209422223, -0.0483474764406525
-1.25007949581331, 0.301613446985418, -0.0724727162249208
-1.25007949581331, 0.290648945084199, -0.096561818556003
-1.25007949581331, 0.279598803342361, -0.120611754334838
-1.25007949581331, 0.268456068257276, -0.144618927308572
-1.25007949581331, 0.257213186095154, -0.168579360164923
-1.25007949581331, 0.242010413289537, -0.186383946361986
-1.25007949581331, 0.217094504786093, -0.190714425978225
-1.25007949581331, 0.196477457572519, -0.207310447054591
-1.25007949581331, 0.17559588191916, -0.223572383710835
-1.25007949581331, 0.154456807120288, -0.239498165998717
-1.25007949581331, 0.133068022078287, -0.255086988035516
-1.25007949581331, 0.111437998859077, -0.270339323326251
-1.25007949581331, 0.0895757750158688, -0.285256941357834
-1.25007949581331, 0.0674908631126354, -0.299842878045848
-1.25007949581331, 0.0451931469660363, -0.314101393629664
-1.25007949581331, 0.0226927624596841, -0.328037921272471
-1.25007949581331, 2.22416145466296E-16, -0.341658986431171
-1.17607419609431, 0.324556405382987, -1.23974486951989E-11
-1.17607419609243, 0.313811666295275, -0.0236631789349801
-1.17607419609243, 0.302987345738258, -0.0472900650373535
-1.17607419609243, 0.292077165581942, -0.0708774210492128
-1.17607419609243, 0.281074501806872, -0.0944217738319813
-1.17607419609243, 0.26997332471463, -0.117919841030443
-1.17607419609243, 0.258773342095667, -0.141370973719105
-1.17607419609242, 0.247481476153875, -0.164778007714514
-1.17607419609242, 0.233002548856995, -0.183173111970848
-1.17607419609243, 0.20842705931595, -0.186929605157577
-1.17607419609243, 0.188715117368897, -0.203865399947007
-1.17607419609243, 0.168735136269789, -0.22048412915601
-1.17607419609243, 0.148491983859656, -0.236781264036673
-1.17607419609243, 0.12799142511053, -0.252753402436053
-1.17607419609243, 0.107240070268211, -0.268398315532634
-1.17607419609242, 0.0862452739503409, -0.283715001680364
-1.17607419609243, 0.0650150595853943, -0.29870369033364
-1.17607419609243, 0.0435580179869618, -0.313365838235339
-1.17607419609243, 0.0218831977738467, -0.327704106077393
-1.17607419609243, 2.55063199594242E-16, -0.341722310864537
-1.09206889637157, 0.312962783785916, -1.23975545986879E-11
-1.09206889637154, 0.302194261629894, -0.0230134367825005
-1.09206889637154, 0.291333209828717, -0.0459833458652624
-1.09206889637154, 0.280378944677942, -0.0689089541699462
-1.09206889637154, 0.269339130892027, -0.0917934909975715
-1.09206889637154, 0.25822310977605, -0.114641110475195
-1.09206889637154, 0.247037714104285, -0.137454843985424
-1.09206889637154, 0.235787116460156, -0.160236503379383
-1.09206889637154, 0.222278708398603, -0.179440514942478
-1.09206889637154, 0.197960814775187, -0.182187412572503
-1.09206889637154, 0.179315692266553, -0.199447964710236
-1.09206889637154, 0.160404329174738, -0.216416387827002
-1.09206889637154, 0.141229132981157, -0.233086082003886
-1.09206889637154, 0.121793428200969, -0.249451297925998
-1.09206889637154, 0.102101437592435, -0.265507203915849
-1.09206889637154, 0.0821582160325406, -0.281249966546332
-1.09206889637154, 0.0619696024743902, -0.296676788748126
-1.09206889637154, 0.0415421527617747, -0.311785938027214
-1.09206889637154, 0.0208830457094438, -0.326576769542823
-1.09206889637154, 2.32203992711702E-16, -0.341049717295444
-1.00806359665139, 0.300305339629857, -1.23973498903044E-11
-1.00806359665065, 0.289525023331188, -0.0223078105058011
-1.00806359665065, 0.27867587018813, -0.0445822310043902
-1.00806359665065, 0.267762891712126, -0.0668254448362433
-1.00806359665065, 0.256789301910128, -0.0890388293905548
-1.00806359665065, 0.245755726350479, -0.111222473743157
-1.00806359665065, 0.234661757099957, -0.133375978241833
-1.00806359665065, 0.223503950059602, -0.155497396913253
-1.00806359665065, 0.211064220971253, -0.175602281437399
-1.00806359665065, 0.186795437200427, -0.176815527864523
-1.00806359665065, 0.169257453178396, -0.194315878419939
-1.00806359665065, 0.151461385554861, -0.211553708529835
-1.00806359665065, 0.13340753638759, -0.22852135601347
-1.00806359665065, 0.115096991375337, -0.245211659904867
-1.00806359665065, 0.0965316218930562, -0.26161802907688
-1.00806359665065, 0.0777140633726759, -0.277734516791335
-1.00806359665065, 0.0586476952614874, -0.293555876556882
-1.00806359665065, 0.0393366125564163, -0.30907760839454
-1.00806359665065, 0.0197855888015017, -0.324295995235429
-1.00806359665065, 2.3547228905249E-16, -0.339208152063733
-0.924058296934437, 0.286626553958706, -1.23975891373879E-11
-0.92405829692988, 0.275950655154981, -0.0215760055325925
-0.924058296929763, 0.265219453092944, -0.0431245584985375
-0.924058296929762, 0.25443167371382, -0.0646448422349741
-0.924058296929762, 0.243583942357149, -0.0861349673148032
-0.924058296929762, 0.232672481465773, -0.107592802962957
-0.924058296929762, 0.221691618274274, -0.129015203353622
-0.924058296929763, 0.210634984929162, -0.150398590230193
-0.924058296929763, 0.19943884764043, -0.171644901088058
-0.924058296929763, 0.175366059911516, -0.171644864842087
-0.924058296929763, 0.158520180350011, -0.188240509856955
-0.924058296929763, 0.141884942748598, -0.205640465758602
-0.924058296929763, 0.125004539662403, -0.222802670782647
-0.924058296929763, 0.107878451289915, -0.239719700591003
-0.924058296929763, 0.0905066743730336, -0.256384334818603
-0.924058296929763, 0.0728897463903485, -0.272789585566151
-0.924058296929763, 0.055028740363531, -0.288928750098743
-0.924058296929763, 0.0369252668391529, -0.304795450520498
-0.924058296929763, 0.0185814656072094, -0.320383676549067
-0.924058296929763, 2.35789802676643E-16, -0.335687819307519
-0.840052997212074, 0.272149122739712, -1.239735084807E-11
-0.840052997208875, 0.261643246462501, -0.0207675458136808
-0.840052997208875, 0.251077188717233, -0.0415045358044232
-0.840052997208875, 0.240445472355503, -0.0622079378997562
-0.840052997208875, 0.229742425555168, -0.0828745522845705
-0.840052997208875, 0.218961639601428, -0.103500717700812
-0.840052997208875, 0.208096240405742, -0.124082431805773
-0.840052997208875, 0.197139188522619, -0.144615499098084
-0.840052997208875, 0.186083718539677, -0.165095738745956
-0.840052997208875, 0.164272673189099, -0.16755495018175
-0.840052997208875, 0.147113143624097, -0.180932695851276
-0.840052997208875, 0.131683512187175, -0.198356346189147
-0.840052997208875, 0.116027035817374, -0.215576440248333
-0.840052997208875, 0.100142495039399, -0.232586377160216
-0.840052997208875, 0.0840287382540342, -0.249379325052603
-0.840052997208875, 0.0676848681254644, -0.265948387840152
-0.840052997208875, 0.0511102564225548, -0.282286621062384
-0.840052997208875, 0.0343045569756185, -0.298387050595835
-0.840052997208875, 0.017267719919644, -0.314242690872353
-0.840052997208875, 2.31403915279452E-16, -0.329846569191445
-0.756047697491313, 0.256820678648693, -1.23974736154444E-11
-0.756047697488755, 0.246517606675669, -0.0198217722880263
-0.756047697488026, 0.236140974976535, -0.0396051331144251
-0.756047697487988, 0.225684671653286, -0.0593464975366192
-0.756047697487988, 0.215142244584824, -0.0790420017863672
-0.756047697487988, 0.204507442330107, -0.098687775677901
-0.756047697487988, 0.19377437032074, -0.118280032605632
-0.756047697487987, 0.182937502010623, -0.137815065881111
-0.756047697487987, 0.171991711653897, -0.15728927843235
-0.756047697487988, 0.153166449910101, -0.163322133149528
-0.756047697487988, 0.135030463955228, -0.17210496063333
-0.756047697487988, 0.120860506676189, -0.189375241647129
-0.756047697487988, 0.106482491182989, -0.20647270075149
-0.756047697487988, 0.0918973146641924, -0.223393779875805
-0.756047697487988, 0.0771051025800614, -0.240134167100783
-0.756047697487988, 0.0621052324316424, -0.25668873781068
-0.756047697487988, 0.0468963534182073, -0.27305148785112
-0.756047697487988, 0.0314767653141786, -0.289215820816882
-0.756047697487988, 0.0158450544460564, -0.305175103318162
-0.756047697487988, 1.9236742825654E-16, -0.320922580941168
-0.6720423977671, 0.24037985336841, -1.23973660953475E-11
-0.6720423977671, 0.2303173156786, -0.0186835564470717
-0.6720423977671, 0.220168697958499, -0.0373204915287619
-0.6720423977671, 0.209928736505902, -0.055907390640689
-0.6720423977671, 0.199592354338193, -0.074440841217893
-0.6720423977671, 0.189154675707663, -0.0929174351066289
-0.6720423977671, 0.178611515924541, -0.111334036182929
-0.6720423977671, 0.167959645940736, -0.129687972931473
-0.6720423977671, 0.157196205044253, -0.147976701735977
-0.6720423977671, 0.142206020547051, -0.158936465024204
-0.6720423977671, 0.122255209924393, -0.161474694945975
-0.6720423977671, 0.109422198986906, -0.1783755721242
-0.6720423977671, 0.0963970704595682, -0.195128836121062
-0.6720423977671, 0.0831826804482349, -0.211733224546456
-0.6720423977671, 0.0697812043913507, -0.228186987070955
-0.6720423977671, 0.0561941754900237, -0.244487862526792
-0.6720423977671, 0.0424225112683288, -0.26063305269872
-0.6720423977671, 0.0284665363733898, -0.27661918340881
-0.6720423977671, 0.0143259812500901, -0.292442276054424
-0.6720423977671, 1.71755225327579E-16, -0.308097679094613
-0.588037098046213, 0.222447650890183, -1.23975463552569E-11
-0.588037098046212, 0.212696778821458, -0.0173133838679246
-0.588037098046213, 0.202853613334142, -0.0345744609083943
-0.588037098046213, 0.192914765916615, -0.0517806203690123
-0.588037098046213, 0.182876951928684, -0.0689292302774707
-0.588037098046213, 0.17273729748721, -0.0860178194064391
-0.588037098046213, 0.162493757377569, -0.10304433702732
-0.588037098046213, 0.152144409618404, -0.120006747337171
-0.588037098046213, 0.141688424955419, -0.13690363291966
-0.588037098046213, 0.131126178942005, -0.153734298879807
-0.588037098046213, 0.111618740303442, -0.154392676521536
-0.588037098046212, 0.0973078908335969, -0.165100343690552
-0.588037098046213, 0.0857300326604261, -0.181249120545279
-0.588037098046213, 0.0739790182379247, -0.197272340103318
-0.588037098046213, 0.0620584274323231, -0.213169808798315
-0.588037098046213, 0.0499712885546106, -0.228941021064934
-0.588037098046212, 0.0377201066086452, -0.244585148886941
-0.588037098046213, 0.0253068940535786, -0.260101016775849
-0.588037098046213, 0.0127331722915546, -0.275487102440315
-0.588037098046213, 1.42765527793009E-16, -0.29074149222636
-0.504031798325803, 0.20259862878201, -1.23973864446781E-11
-0.504031798325466, 0.193282144127272, -0.0156851964893938
-0.504031798325343, 0.183876207085196, -0.031316913544542
-0.504031798325325, 0.174378882880153, -0.0468932743268021
-0.504031798325325, 0.164788301496815, -0.062412387977161
-0.504031798325325, 0.155103276114106, -0.0778727340865029
-0.504031798325325, 0.14532318620618, -0.0932731216398271
-0.504031798325325, 0.135447819007598, -0.108612587386811
-0.504031798325325, 0.125477364986968, -0.12389041886577
-0.504031798325325, 0.115412540701155, -0.139106250056422
-0.504031798325325, 0.102823640786812, -0.149691371749209
-0.504031798325325, 0.0845801993090542, -0.149691792498711
-0.504031798325325, 0.0743720444770182, -0.16459992111639
-0.504031798325325, 0.0641873213055677, -0.179735694109423
-0.504031798325325, 0.0538503168544625, -0.194767885906183
-0.504031798325325, 0.0433648511892386, -0.209696900491379
-0.504031798325325, 0.0327343053659765, -0.224522962376302
-0.504031798325325, 0.021961654090369, -0.239246096357772
-0.504031798325325, 0.0110494821603874, -0.253866123259035
-0.504031798325325, 5.64657258120331E-17, -0.268382649487969
-0.426741466781264, 0.182268708114036, -2.47950280842702E-11
-0.429912270697617, 0.173615598411795, -0.0152097340546455
-0.433104859589376, 0.164903037609131, -0.030380914756201
-0.4363192852186, 0.156130884447618, -0.04551309877674
-0.439555522608068, 0.147299207089981, -0.060605959300809
-0.442813473604316, 0.138408273396583, -0.0756593062290434
-0.446092967927765, 0.129458548059633, -0.0906730856223331
-0.449393714664482, 0.120450824981951, -0.10564747108464
-0.452715065129431, 0.111386874422104, -0.120583323378983
-0.456056278172192, 0.102268718976268, -0.135481706393293
-0.460019381157618, 0.0914534286590998, -0.147166424320295
-0.466136948944273, 0.0747586135379827, -0.147520212670011
-0.469388460802908, 0.0658852522223237, -0.162423340453798
-0.472654238326807, 0.0569729599699799, -0.177462235755407
-0.475982875544345, 0.0478891238949143, -0.192384264788097
-0.479373124453242, 0.0386371497897701, -0.207188657849596
-0.482823909949388, 0.0292199716088496, -0.221874427008462
-0.486334319098454, 0.0196400807458526, -0.236440336923425
-0.489903595486511, 0.00989954145101107, -0.250884889424693
-0.493531135860214, 2.51587705456536E-17, -0.265206308283503
-0.370536889229537, 0.166037814323203, -2.47950205060743E-11
-0.376169079899998, 0.157951286839557, -0.0149529414635463
-0.381827352501433, 0.149827311715377, -0.029875707280309
-0.387511441032358, 0.141666270867476, -0.0447684073098191
-0.393221160209829, 0.133468430319449, -0.0596310612188636
-0.398956070007047, 0.125234421848347, -0.0744639940318173
-0.404715055197563, 0.116965846662273, -0.0892683432408591
-0.410496975814016, 0.108664341491571, -0.104045299154003
-0.416300699210283, 0.100331532554982, -0.118796066185384
-0.422125099731196, 0.0919690360338428, -0.133521862106677
-0.428860444608518, 0.082298633405616, -0.145353895574164
-0.43908979223341, 0.0676116482610444, -0.145951460625849
-0.444623357106543, 0.0596667246873779, -0.160876215325326
-0.45020709784464, 0.0516497601380442, -0.175884507813762
-0.455911792697618, 0.0434591333617942, -0.190752898764985
-0.461735156012283, 0.0350981260297322, -0.205479778164577
-0.467675229409625, 0.0265695499226764, -0.220063261882628
-0.473730361834698, 0.0178757755749293, -0.234501154394432
-0.479899198795316, 0.00901874772503941, -0.248790925508284
-0.486180672134637, 2.27499110466304E-17, -0.262929678572038
-0.326471179383582, 0.152359029025477, -2.47955001615864E-11
-0.334034951779167, 0.144795256629892, -0.0147389999750389
-0.341622193829377, 0.137208014579682, -0.0294538546235293
-0.349231944007438, 0.129598264401621, -0.0441454456877787
-0.356863102585857, 0.121967105823201, -0.0588148114824471
-0.364514575242611, 0.114315633166448, -0.0734629990392272
-0.372185272824802, 0.106644935584257, -0.0880910636433132
-0.379874111090695, 0.0989560973183643, -0.102700068368033
-0.387580010444342, 0.0912501979647166, -0.117291083632881
-0.395301851726531, 0.0835283566825274, -0.131865233165578
-0.40397841928762, 0.0748517891214387, -0.14389197306579
-0.416844758628742, 0.0619854497803165, -0.144649714791777
-0.424192523773227, 0.0546376846358319, -0.159295034852109
-0.431509248747183, 0.0473209596618761, -0.174281144556537
-0.438993873414345, 0.039836334994714, -0.189100505828042
-0.446642957528513, 0.0321872508805462, -0.203750958158406
-0.45445350832854, 0.024376700080519, -0.218230026720004
-0.462422951741568, 0.0164072566674908, -0.232534878312626
-0.47054911522289, 0.00828109318616896, -0.24666229075759
-0.478830208409059, 2.04131373153551E-17, -0.260608609209798
-0.28557874352726, 0.13884555758298, -2.47952963103882E-11
-0.294952121433315, 0.131844778277287, -0.0145289881912419
-0.304342206907931, 0.124831520439158, -0.0290411602609375
-0.313747934687378, 0.117806579691725, -0.0435375435469675
-0.323168243094212, 0.110770748979596, -0.0580191704653092
-0.33260207381068, 0.103724818738097, -0.0724870781794473
-0.342048371643882, 0.0966695770686681, -0.0869423082512839
-0.35150607968594, 0.0896058133536303, -0.101385910950708
-0.360973580327867, 0.082534735751197, -0.115819515519504
-0.370448558663225, 0.0754580732164221, -0.130245476374841
-0.380793201612476, 0.0677318764269887, -0.14251841641475
-0.39572170712581, 0.0565820888573262, -0.143404218366839
-0.404785905753746, 0.0498122290679159, -0.157744801902741
-0.413702759507934, 0.0431524180734298, -0.172714439430454
-0.422830694469329, 0.0363349549537398, -0.187484569498465
-0.432164691841651, 0.0293635881424926, -0.202052698564924
-0.441700291324611, 0.0222416489443978, -0.216415995920548
-0.451433553315301, 0.0149720797662148, -0.230571243380865
-0.461361031075115, 0.00755745490469679, -0.244514793372965
-0.471479744683481, 1.81562295530219E-17, -0.258242521731852
-0.245026752747332, 0.124599937905664, -2.47943404154784E-11
-0.256212770248132, 0.118238637114685, -0.0143138153946524
-0.267407433452929, 0.111872419656655, -0.028618688265959
-0.27860977987765, 0.105501832880146, -0.0429155973078541
-0.289818854292216, 0.0991274200085036, -0.0572055304052584
-0.30103374807086, 0.092749697761982, -0.071489412609732
-0.312253192113234, 0.0863693878566927, -0.0857685679098684
-0.323475321799396, 0.0799875506707648, -0.100044930102502
-0.334698255406955, 0.0736052563082035, -0.114320456696462
-0.34592011056894, 0.0672235752395766, -0.128597104379949
-0.357853428858232, 0.0604372970071993, -0.14114893838998
-0.374562431272344, 0.0509351672040087, -0.142147600625934
-0.385310295631066, 0.0448230367660235, -0.156307463112408
-0.395846301442496, 0.0388313867353307, -0.171259360086967
-0.406634567894154, 0.0326962803038135, -0.185971284826734
-0.417667856009153, 0.0264218341563784, -0.200440736901569
-0.428939606276648, 0.0200117785769729, -0.214664879008701
-0.440443891460251, 0.0134694842856525, -0.228640478483575
-0.452175375620388, 0.00679798574187662, -0.242363852413743
-0.464129280957904, 1.59872225710277E-17, -0.255830816308945
-0.203226911406708, 0.108956584828966, -2.4801172121193E-11
-0.216294906813422, 0.103340992449804, -0.0140931381765305
-0.229363893615052, 0.0977249740474034, -0.0281851931035615
-0.242432691251698, 0.0921090369331733, -0.0422774569551293
-0.255500121138595, 0.0864936875697673, -0.056371224008387
-0.268565002996662, 0.0808794331479218, -0.0704677867133743
-0.28162615624684, 0.0752667809872792, -0.0845684371966767
-0.294682393490036, 0.0696562413381954, -0.0986744766638929
-0.307731969740706, 0.0640485640576465, -0.112787821120838
-0.320772569450093, 0.0584447441856177, -0.126910996280946
-0.334339839987793, 0.0526146027854773, -0.139734687205141
-0.352708219885046, 0.04472132375084, -0.140840483058989
-0.365103904025125, 0.0393946376582087, -0.155115628056352
-0.377373844409213, 0.0341219863012723, -0.170033939270203
-0.389935115045633, 0.0287241442097284, -0.184662223999234
-0.402777406423288, 0.0232055415972515, -0.198998538423214
-0.415891249333377, 0.0175702475819521, -0.213040628632286
-0.429267957855864, 0.0118219946862903, -0.226785859185016
-0.442899571939438, 0.00596420351167306, -0.240231140493973
-0.456778817232326, 1.39144190239687E-17, -0.253372870708583
-0.158998306567717, 0.0912361986641889, -2.48007436141031E-11
-0.174062302743581, 0.0865039687786692, -0.0138750639111243
-0.189120621476686, 0.0817735224148651, -0.0277568978516248
-0.20417257543869, 0.0770450754912933, -0.0416463119093303
-0.219217470514383, 0.0723188460585106, -0.0555441267938969
-0.234253791647236, 0.0675953100590018, -0.0694521325941486
-0.249279974061411, 0.0628749590541631, -0.0833721716500947
-0.264294449148395, 0.0581582858093932, -0.0973060828965157
-0.279295643457604, 0.0534457846111877, -0.111255700969604
-0.294281978157924, 0.0487379514362909, -0.125222855727583
-0.30963649217765, 0.0439144577714293, -0.138237687868301
-0.329656669327791, 0.0376252845987032, -0.13945184604319
-0.343628866257377, 0.0332360344220146, -0.154391137914566
-0.357830303595388, 0.0287747702658312, -0.169231324621415
-0.372358223126534, 0.0242109444272488, -0.183720176837154
-0.38719824449492, 0.0195490743762099, -0.197857264804026
-0.402337075877556, 0.0147933356290418, -0.211641890645408
-0.417762441904767, 0.00994758439166417, -0.225072993025878
-0.43346301546363, 0.00501537898297647, -0.23814905889909
-0.449428353506748, 1.19464035125994E-17, -0.250868039188863
-0.111372308766371, 0.0706418837947462, -2.47609850480221E-11
-0.128578681167199, 0.0669664376291914, -0.0136781790307293
-0.145775993202216, 0.0632929268446688, -0.0273682662468138
-0.162963387063586, 0.0596215346771593, -0.0410713717703456
-0.180140001307012, 0.0559524451394264, -0.0547886029069179
-0.197304972885307, 0.0522858425866263, -0.0685210657995197
-0.214457413551658, 0.0486219167567977, -0.0822698884211907
-0.231596018010842, 0.0449609464735184, -0.096036738799869
-0.248719280592545, 0.0413032533624081, -0.109823538809735
-0.265825685652775, 0.0376491611795593, -0.123632202744237
-0.283227551129161, 0.0339319558181548, -0.136624996068001
-0.304363796942768, 0.0294170510014888, -0.139415369555068
-0.320400913302634, 0.025991369140239, -0.154505370576042
-0.336812506223372, 0.0224856954941036, -0.16916838479186
-0.353577620325771, 0.0189045063330585, -0.183407119300229
-0.370676882527927, 0.0152519399331991, -0.197224167198585
-0.388092404960374, 0.0115318173150004, -0.210621862736603
-0.40580768562341, 0.00774766346386394, -0.223602150740459
-0.42380751753376, 0.00390272673726244, -0.236166472551497
-0.442077889781171, 1.0092057627625E-17, -0.248315651319642
-0.0495244536837659, 0.0441700735527148, -6.72693521256799E-11
-0.07084712997343, 0.04303053567315, -0.0116140032006364
-0.0917191443759393, 0.0414583823929025, -0.0239725750320386
-0.112153491726988, 0.0394977142274946, -0.0369902866036133
-0.132229964779992, 0.0372402808201394, -0.0505082559900481
-0.152100278505703, 0.0348229279704591, -0.0643011827312262
-0.171926967215785, 0.0323800509898533, -0.0781523965196631
-0.19174226301579, 0.0299385777473189, -0.0920201578409418
-0.211557216681616, 0.0275077883782665, -0.105890250064525
-0.231400904081667, 0.0251096445072266, -0.119724915544246
-0.251123201083649, 0.0226331644483502, -0.133718044488219
-0.273738047893499, 0.0198357502750439, -0.139037204469908
-0.292607398052261, 0.0175108284579987, -0.154183966524426
-0.311886756177691, 0.0151353889252481, -0.168797263642037
-0.331547467500169, 0.0127129622752752, -0.182885397052079
-0.351563285796675, 0.0102467823458119, -0.196456487376183
-0.371910202077185, 0.00773980732165204, -0.209518254268079
-0.392566265333734, 0.00519474182043696, -0.222077824100442
-0.413511441108726, 0.0026140543186732, -0.234141582332064
-0.434727426055593, 8.3605760121093E-18, -0.245715010725119
-0.00348203873161831, 0.0135762622760736, -6.80375620397411E-06
-0.0258248980623219, 0.0137477569691367, -0.012923389787498
-0.048055881524343, 0.013677097034271, -0.0260325852450119
-0.0701819683980088, 0.0133898890951424, -0.0393152060469125
-0.0922129648899412, 0.012915741785266, -0.0527497303461409
-0.114161390620122, 0.0122879014635603, -0.0663125493549488
-0.136042229329128, 0.0115427299588677, -0.0799782938799577
-0.157872516426186, 0.010719042000601, -0.0937202049425892
-0.179670786077907, 0.00985732794770545, -0.107510545022338
-0.201450995101956, 0.00899059678109491, -0.121329082863175
-0.223933048253811, 0.00809593612220995, -0.132960468721687
-0.24575848933585, 0.00722740497122547, -0.145827380130277
-0.267324692435113, 0.0063691900498882, -0.159976562553864
-0.289271223087945, 0.00549584020763079, -0.173527492010002
-0.311566702426588, 0.00460860414878005, -0.18649546266524
-0.334182840341243, 0.00370860766220748, -0.198894932887447
-0.357094081723705, 0.00279686769912209, -0.210739459339182
-0.380277269488091, 0.00187430578274723, -0.222041662806125
-0.403711309223221, 0.000941761353300296, -0.232813344637552
-0.427376962330016, 6.76148352796918E-18, -0.243065393741322
