-2.65989062805485, 0.408214185984839, -3.23125415313541E-11
-2.65989062805485, 0.400958423075749, -0.0352544472293412
-2.65989062805485, 0.393702660166659, -0.0705088944263698
-2.65989062805485, 0.386446897257569, -0.105763341623398
-2.65989062805485, 0.379191134348479, -0.141017788820427
-2.65989062805485, 0.371935371439389, -0.176272236017456
-2.65989062805485, 0.364679608530299, -0.211526683214484
-2.65989062805485, 0.357423845621209, -0.246781130411513
-2.65989062805485, 0.350168082712119, -0.282035577608542
-2.65989062805485, 0.342912319803029, -0.31729002480557
-2.65989062805485, 0.314493003146144, -0.326581642842766
-2.65989062805485, 0.279471024401521, -0.334529500304033
-2.65989062805485, 0.244537146351331, -0.343198197261215
-2.65989062805485, 0.209603268301141, -0.351866894218396
-2.65989062805485, 0.174669390250951, -0.360535591175578
-2.65989062805485, 0.139735512200761, -0.36920428813276
-2.65989062805485, 0.104801634150571, -0.377872985089941
-2.65989062805485, 0.0698677561003807, -0.386541682047123
-2.65989062805485, 0.0349338780501906, -0.395210379004305
-2.65989062805485, 1.95215988938465E-16, -0.403879075961486
-2.60669281549375, 0.410028760693838, -1.61562201470505E-11
-2.60669281549375, 0.402757645748932, -0.035350642754226
-2.60669281549375, 0.395486628609601, -0.0707013056098519
-2.60669281549375, 0.388215712074529, -0.106051989158849
-2.60669281549375, 0.380944898943933, -0.141402693969591
-2.60669281549375, 0.373674192014914, -0.176753420625598
-2.60669281549375, 0.366403594086267, -0.21210416970216
-2.60669281549375, 0.359133107956784, -0.247454941774571
-2.60669281549375, 0.351862736425259, -0.282805737418121
-2.60669281549375, 0.344592482290486, -0.318156557208102
-2.60669281549375, 0.315263881998052, -0.326450837951914
-2.60669281549375, 0.280174457780092, -0.334617862341614
-2.60669281549375, 0.245152615333483, -0.343336096465997
-2.60669281549375, 0.210130782953098, -0.352054371028107
-2.60669281549375, 0.175108960638147, -0.360772686022803
-2.60669281549375, 0.140087148387118, -0.369491041445126
-2.60669281549375, 0.1050653461989, -0.378209437290015
-2.60669281549375, 0.0700435540723813, -0.38692787355241
-2.60669281549375, 0.0350217720064519, -0.395646350227252
-2.60669281549375, 2.36286883737496E-16, -0.40436486730948
-2.55349500293265, 0.411843329279435, -1.61562831691062E-11
-2.55349500293265, 0.404562589867134, -0.0354507665301682
-2.55349500293265, 0.397282158643529, -0.0709015963416564
-2.55349500293265, 0.390002043225865, -0.106352491021571
-2.55349500293265, 0.382722251229195, -0.141803452151528
-2.55349500293265, 0.375442790281157, -0.177254481251871
-2.55349500293265, 0.368163668002504, -0.212705579876464
-2.55349500293265, 0.360884892013988, -0.248156749579171
-2.55349500293265, 0.353606469936364, -0.283607991913855
-2.55349500293265, 0.346328409390383, -0.319059308434381
-2.55349500293265, 0.316030738802383, -0.326285008649757
-2.55349500293265, 0.280877740252843, -0.334712574054845
-2.55349500293265, 0.245768040707741, -0.343491811552401
-2.55349500293265, 0.210658335973063, -0.352271028296155
-2.55349500293265, 0.175548626074174, -0.361050224387057
-2.55349500293265, 0.140438911036256, -0.369829399926099
-2.55349500293265, 0.105329190884594, -0.378608555014253
-2.55349500293265, 0.0702194656444745, -0.387387689752487
-2.55349500293265, 0.0351097353411815, -0.396166804241771
-2.55349500293265, 1.80497750951686E-16, -0.404945898583073
-2.50029719037156, 0.413657970472513, -1.61563186021207E-11
-2.50029719037156, 0.406370298196139, -0.0355521218631423
-2.50029719037156, 0.39908312838995, -0.0711043467186138
-2.50029719037156, 0.391796469854097, -0.106656676388134
-2.50029719037156, 0.384510331418391, -0.142209112532533
-2.50029719037156, 0.37722472185251, -0.177761657106067
-2.50029719037156, 0.369939649959282, -0.213314311901239
-2.50029719037156, 0.362655124541536, -0.24886707871055
-2.50029719037156, 0.355371154402103, -0.284419959326502
-2.50029719037156, 0.348087748343811, -0.3199729555416
-2.50029719037156, 0.316773305376556, -0.326072772651271
-2.50029719037156, 0.281562708271809, -0.334799925320501
-2.50029719037156, 0.246367612267937, -0.343652538144716
-2.50029719037156, 0.211172445625587, -0.35250487016921
-2.50029719037156, 0.175977209030168, -0.361356924035153
-2.50029719037156, 0.140781903135424, -0.370208702391684
-2.50029719037156, 0.105586528613194, -0.379060207883385
-2.50029719037156, 0.0703910861353193, -0.387911443154841
-2.50029719037156, 0.0351955763736412, -0.396762410850636
-2.50029719037156, 1.80066554837187E-16, -0.405613113615353
-2.44709937781046, 0.41548278583636, -1.6156268370472E-11
-2.44709937781046, 0.408187612376835, -0.0356520825996272
-2.44709937781046, 0.400892800465885, -0.0713042391605368
-2.44709937781046, 0.393598336935919, -0.106956467001601
-2.44709937781046, 0.386304201236236, -0.142608761918411
-2.44709937781046, 0.379010370542518, -0.178261119270892
-2.44709937781046, 0.371716822045638, -0.213913534344741
-2.44709937781046, 0.364423532928922, -0.24956600246253
-2.44709937781046, 0.357130480375694, -0.285218518946833
-2.44709937781046, 0.349837641569283, -0.320871079120222
-2.44709937781046, 0.317487306945549, -0.325926440651633
-2.44709937781046, 0.28221178393307, -0.334866687849171
-2.44709937781046, 0.246936042869619, -0.343806074825675
-2.44709937781046, 0.211660086684727, -0.352744613202802
-2.44709937781046, 0.17638391849169, -0.361682314555643
-2.44709937781046, 0.141107541131168, -0.370619190528368
-2.44709937781046, 0.105830957602449, -0.37955525272495
-2.44709937781046, 0.0705541709048226, -0.388490512749362
-2.44709937781046, 0.0352771840375769, -0.397424982205576
-2.44709937781046, 1.79504931695928E-16, -0.406358672697564
-2.39390156524935, 0.417377159794492, -1.61562719781658E-11
-2.39390156524936, 0.410064390516867, -0.0357472587310724
-2.39390156524936, 0.402751263751721, -0.0714944443251512
-2.39390156524936, 0.395437726754994, -0.107241546024817
-2.39390156524936, 0.388123726782502, -0.142988553057105
-2.39390156524936, 0.380809211109558, -0.178735454553744
-2.39390156524936, 0.373494127000548, -0.214482239699884
-2.39390156524936, 0.366178421719856, -0.250228897680672
-2.39390156524936, 0.358862042531868, -0.285975417681258
-2.39390156524936, 0.351544936700968, -0.32172178888679
-2.39390156524936, 0.318160295373066, -0.325856501038549
-2.39390156524936, 0.2828109931173, -0.334899172645813
-2.39390156524936, 0.247461210667279, -0.343939967819136
-2.39390156524936, 0.212110956322987, -0.352978919090923
-2.39390156524936, 0.17676023914028, -0.362016058800301
-2.39390156524936, 0.141409066981292, -0.37105141959157
-2.39390156524936, 0.106057448416896, -0.380085033927791
-2.39390156524936, 0.0707053920179653, -0.38911693427202
-2.39390156524936, 0.0353529063553756, -0.398147153087316
-2.39390156524936, 1.78833293714977E-16, -0.407175722836737
-2.34070375268827, 0.41931822851246, -1.61564170412851E-11
-2.34070375268827, 0.411975262632698, -0.0358348383977242
-2.34070375268827, 0.404630880124362, -0.0716693865907898
-2.34070375268826, 0.397284987154225, -0.107503625526829
-2.34070375268827, 0.389937489906634, -0.143337536051257
-2.34070375268827, 0.382588294720174, -0.179171098257198
-2.34070375268827, 0.375237307846238, -0.215004292663172
-2.34070375268827, 0.367884435536218, -0.2508370997877
-2.34070375268827, 0.360529584041504, -0.286669500149303
-2.34070375268827, 0.35317265961349, -0.322501474266502
-2.34070375268827, 0.318753129922915, -0.32572429557201
-2.34070375268827, 0.283339528208531, -0.334885711493236
-2.34070375268827, 0.247925028419944, -0.344043658547759
-2.34070375268827, 0.212509649354283, -0.353198208989137
-2.34070375268827, 0.177093412025301, -0.362349434497972
-2.34070375268827, 0.141676333643596, -0.371497407737582
-2.34070375268827, 0.10625843372969, -0.380642200774072
-2.34070375268827, 0.0708397318041062, -0.389783885673545
-2.34070375268827, 0.0354202473873687, -0.398922534502106
-2.34070375268827, 1.78070161214531E-16, -0.408058219325859
-2.28750594012717, 0.421266340289549, -1.61564651924576E-11
-2.28750594012717, 0.413880799623772, -0.0359124050117748
-2.28750594012717, 0.406492448162507, -0.0718242322963696
-2.28750594012717, 0.399101141087871, -0.107735452625115
-2.28750594012717, 0.391706733697371, -0.143646036190502
-2.28750594012717, 0.384309081705444, -0.17955595115996
-2.28750594012717, 0.376908040588739, -0.215465166856479
-2.28750594012717, 0.369503465823904, -0.251373652603045
-2.28750594012717, 0.36209521288759, -0.287281377722646
-2.28750594012717, 0.354683137256444, -0.323188311538269
-2.28750594012717, 0.319240540246627, -0.325517403852154
-2.28750594012717, 0.283775089463274, -0.334815182263079
-2.28750594012717, 0.248308119903826, -0.34410717532051
-2.28750594012717, 0.212839668763514, -0.353393521907282
-2.28750594012717, 0.177369778420691, -0.362674359549404
-2.28750594012717, 0.141898481408516, -0.371949828348854
-2.28750594012717, 0.106425816393674, -0.381220066801214
-2.28750594012717, 0.0709518220428501, -0.390485213402065
-2.28750594012717, 0.0354765370227305, -0.399745406646988
-2.28750594012717, 1.7723255021934E-16, -0.409000785031566
-2.23430812756607, 0.423181167985457, -1.6156366432342E-11
-2.23430812756607, 0.415740936475079, -0.0359775571284818
-2.23430812756607, 0.408296178083197, -0.0719541789245991
-2.23430812756607, 0.400846688281425, -0.107929824436007
-2.23430812756607, 0.393392262860698, -0.14390445114421
-2.23430812756607, 0.38593269859006, -0.179878011809556
-2.23430812756607, 0.378467791675683, -0.215850461911569
-2.23430812756607, 0.370997338323739, -0.251821756929774
-2.23430812756607, 0.363521134740399, -0.287791852343697
-2.23430812756607, 0.356038974879249, -0.323760714457088
-2.23430812756607, 0.319596946718987, -0.325223390274932
-2.23430812756607, 0.28409512100267, -0.334676546452503
-2.23430812756607, 0.248590908288476, -0.344120714903287
-2.23430812756607, 0.21308436396807, -0.353556140433131
-2.23430812756607, 0.177575564091657, -0.362983062350726
-2.23430812756607, 0.142064566987117, -0.372401724669159
-2.23430812756607, 0.106551442340064, -0.381812368381855
-2.23430812756607, 0.0710362598361169, -0.391215234482238
-2.23430812756607, 0.0355190891608903, -0.400610563963733
-2.23430812756607, 1.76336289600617E-16, -0.409998597819765
-2.18111031500494, 0.425021748465475, -1.61562879389892E-11
-2.18111031500495, 0.41751513447764, -0.036027959636676
-2.18111031500496, 0.410001966478131, -0.0720545554522959
-2.18111031500497, 0.402481970635399, -0.108079733118771
-2.18111031500497, 0.394954876454342, -0.144103422304285
-2.18111031500497, 0.387420409775002, -0.180125570225426
-2.18111031500497, 0.379878297673463, -0.216146118162389
-2.18111031500497, 0.372328267259642, -0.252165007220842
-2.18111031500497, 0.364770044733393, -0.288182182827186
-2.18111031500497, 0.356378635357259, -0.323181447001445
-2.18111031500498, 0.319796585093303, -0.324829596602553
-2.18111031500497, 0.284276947100524, -0.334458652844
-2.18111031500497, 0.248753723125842, -0.344074466752363
-2.18111031500497, 0.213227026987888, -0.353677429263681
-2.18111031500498, 0.177696962541536, -0.363267933994105
-2.18111031500497, 0.142163642361182, -0.372846372189494
-2.18111031500497, 0.106627177144378, -0.38241313559295
-2.18111031500497, 0.0710876764127494, -0.391968616253915
-2.18111031500498, 0.0355452493108878, -0.401513206312657
-2.18111031500497, 2.30907437532974E-16, -0.411047299235443
-2.11791250244388, 0.427055209724787, -1.61563734788789E-11
-2.11791250244388, 0.419455162041655, -0.0360655089322577
-2.11791250244388, 0.411845757971171, -0.0721290497362805
-2.11791250244388, 0.404226631760217, -0.108190550773969
-2.11791250244388, 0.396597424460774, -0.144249908171388
-2.11791250244388, 0.388957769619351, -0.180307053554425
-2.11791250244388, 0.381307303310701, -0.216361906540443
-2.11791250244388, 0.373645661671816, -0.252414386417295
-2.11791250244388, 0.36597248090423, -0.288464412132244
-2.11791250244388, 0.356368570433242, -0.322140466512475
-2.11791250244388, 0.31979406557743, -0.324214025518777
-2.11791250244388, 0.284281741114891, -0.334080993700786
-2.11791250244388, 0.248763889298184, -0.343928035741545
-2.11791250244388, 0.213240698344452, -0.353755799543367
-2.11791250244388, 0.177712361407764, -0.363564931602674
-2.11791250244388, 0.142179061123114, -0.373356081281183
-2.11791250244388, 0.106640988614273, -0.383129895558317
-2.11791250244388, 0.0710983308822697, -0.392887022515523
-2.11791250244388, 0.0355512740031658, -0.402628110453568
-2.11791250244388, 2.29753478958484E-16, -0.412353808748887
-1.99491797104105, 0.430285199452415, -1.61562919843248E-11
-1.99491797104109, 0.422461596698714, -0.0360558406331885
-1.99491797104112, 0.414622064147271, -0.0721082291581912
-1.99491797104113, 0.406766064536452, -0.108157028911052
-1.99491797104113, 0.398893057355919, -0.144202118033358
-1.99491797104114, 0.391002501768999, -0.180243375977686
-1.99491797104114, 0.383093840092059, -0.216280650951779
-1.99491797104113, 0.375166398442746, -0.252313808941281
-1.99491797104113, 0.367219507490664, -0.288342680807502
-1.99491797104113, 0.355347355198616, -0.319502734241919
-1.99491797104113, 0.318881916826742, -0.322470890530204
-1.99491797104114, 0.283492413613217, -0.332902363830958
-1.99491797104114, 0.248091357478935, -0.343294563217707
-1.99491797104114, 0.212679225827707, -0.353648959657905
-1.99491797104114, 0.177256491236884, -0.363967025248381
-1.99491797104113, 0.141823621640525, -0.374250233159013
-1.99491797104113, 0.106381080519913, -0.384500057578612
-1.99491797104113, 0.0709293270919853, -0.394717973665583
-1.99491797104113, 0.0354688164991233, -0.404905457502187
-1.99491797104113, 1.71963005690175E-16, -0.415063986052308
-1.86192343963839, 0.432202571507734, -1.61562369331927E-11
-1.86192343963839, 0.424079840098179, -0.0358932726877359
-1.86192343963839, 0.415931759847432, -0.0717807993887063
-1.86192343963839, 0.407757401250311, -0.107662349546385
-1.86192343963839, 0.399555835139671, -0.143537690507357
-1.86192343963839, 0.391326132698711, -0.179406587463697
-1.86192343963839, 0.383067365474684, -0.215268803378408
-1.86192343963839, 0.374778605393675, -0.251124098911685
-1.86192343963839, 0.366458924776668, -0.286972232347271
-1.86192343963839, 0.352351558452773, -0.315559025698221
-1.86192343963839, 0.316183657522577, -0.319593719351766
-1.86192343963839, 0.281134511721524, -0.330812574705823
-1.86192343963839, 0.246062195638321, -0.341958785871619
-1.86192343963839, 0.210967841090094, -0.353035414326133
-1.86192343963839, 0.175852560915209, -0.364045525797985
-1.86192343963839, 0.140717449765161, -0.374992189987897
-1.86192343963839, 0.10556358497118, -0.38587848030157
-1.86192343963839, 0.0703920273864194, -0.396707473624557
-1.86192343963839, 0.0352038222400197, -0.407482250125901
-1.86192343963839, 1.41853121307077E-16, -0.418205893089821
-1.72892890823565, 0.431827324317143, -1.61562503174839E-11
-1.72892890823565, 0.423348563965137, -0.0355413802637983
-1.72892890823565, 0.414834578090797, -0.0710743334344227
-1.72892890823565, 0.406284480702274, -0.106598609365601
-1.72892890823565, 0.397697352578396, -0.142113957246929
-1.72892890823565, 0.389072247649757, -0.17762010126596
-1.72892890823565, 0.380408217767633, -0.21311676699321
-1.72892890823565, 0.371704315170152, -0.24860367675416
-1.72892890823565, 0.362959592496455, -0.284080549548258
-1.72892890823565, 0.346887654159102, -0.310232098313733
-1.72892890823565, 0.311248743980649, -0.315415516539616
-1.72892890823565, 0.27681553553128, -0.327639737064757
-1.72892890823565, 0.242339131166887, -0.339741598275066
-1.72892890823565, 0.20782228514328, -0.351727629354027
-1.72892890823565, 0.173267521066869, -0.363603892824778
-1.72892890823565, 0.138677143006682, -0.375376047180619
-1.72892890823565, 0.104053291083943, -0.38704938633543
-1.72892890823565, 0.0693979433725656, -0.398628891071571
-1.72892890823565, 0.0347129350521546, -0.410119269233522
-1.72892890823565, 1.39821232363976E-16, -0.421524984473533
-1.59593437683305, 0.428413979087651, -1.61562707923878E-11
-1.595934376833, 0.41956843266851, -0.0350015203483374
-1.59593437683296, 0.410681735124677, -0.0699926151860119
-1.59593437683294, 0.401753096268192, -0.104973031326828
-1.59593437683292, 0.39278172613882, -0.139942512551554
-1.59593437683291, 0.383766835011726, -0.174900799564797
-1.59593437683291, 0.374707633406955, -0.209847629934524
-1.59593437683291, 0.365603332100104, -0.244782738032866
-1.59593437683291, 0.356453136868295, -0.279705854787468
-1.59593437683291, 0.338685098491264, -0.303489642952443
-1.59593437683291, 0.303837009181203, -0.30991600292679
-1.59593437683291, 0.270326524164271, -0.323347097190071
-1.59593437683291, 0.236743625207626, -0.336596102487492
-1.59593437683291, 0.203093233265537, -0.349672749746217
-1.59593437683291, 0.169379830245881, -0.362586081367946
-1.59593437683291, 0.135607501385581, -0.375344538845841
-1.59593437683291, 0.101780015954353, -0.387956023621234
-1.59593437683291, 0.0679008330034534, -0.400427976404925
-1.59593437683291, 0.0339731648883241, -0.412767426626479
-1.59593437683291, 1.66101337215778E-16, -0.424981050886713
-1.46293984543021, 0.421537582097944, -1.61562017783085E-11
-1.46293984543017, 0.412368002835607, -0.03429925973203
-1.46293984543017, 0.403154840453541, -0.0685868506182235
-1.46293984543017, 0.393897425525472, -0.102862513791527
-1.46293984543017, 0.38459502022283, -0.137125993863989
-1.46293984543017, 0.375246888426229, -0.171377026503147
-1.46293984543017, 0.3658522941759, -0.205615344183388
-1.46293984543017, 0.35641050168027, -0.23984067612928
-1.46293984543017, 0.346920775325499, -0.274052748260823
-1.46293984543017, 0.327701164016668, -0.295494230585261
-1.46293984543017, 0.293930437894526, -0.303318146364959
-1.46293984543017, 0.261656756985207, -0.318114225204403
-1.46293984543017, 0.229270374548007, -0.332661971548738
-1.46293984543017, 0.196779262538122, -0.346974332787917
-1.46293984543017, 0.16419069670477, -0.361063393688816
-1.46293984543017, 0.131511298608928, -0.374940494131995
-1.46293984543017, 0.0987471463228759, -0.388616301817916
-1.46293984543017, 0.0659038328095362, -0.40210089592559
-1.46293984543017, 0.0329865188238069, -0.415403843005636
-1.46293984543017, 1.37703607890992E-16, -0.428534259500226
-1.3299453140289, 0.411133054833883, -1.61562959063177E-11
-1.32994531402819, 0.401705399661532, -0.0334626468285587
-1.32994531402775, 0.392233146054174, -0.066912696429924
-1.32994531402752, 0.382715437878224, -0.10034984090538
-1.32994531402744, 0.373151419332568, -0.13377376858552
-1.32994531402742, 0.363540234961791, -0.167184163971421
-1.32994531402742, 0.353880982749831, -0.200580688474161
-1.32994531402742, 0.344172600111377, -0.233962974894933
-1.32994531402742, 0.334414008731658, -0.267330612667508
-1.32994531402742, 0.313936554940635, -0.286419556182076
-1.32994531402742, 0.281554459353486, -0.295840591392479
-1.32994531402742, 0.250833046887288, -0.312113675476351
-1.32994531402742, 0.219946778308331, -0.328071675420028
-1.32994531402742, 0.188907391840866, -0.343729809647017
-1.32994531402742, 0.157725629468019, -0.359102488049732
-1.32994531402742, 0.126411335498916, -0.374203396566219
-1.32994531402742, 0.0949735655452415, -0.389045565783939
-1.32994531402742, 0.0634206844427987, -0.403641436635088
-1.32994531402742, 0.0317604300303548, -0.418002934910416
-1.32994531402742, 1.66003173380033E-16, -0.432141529265228
-1.19695078262469, 0.397270147162307, -1.61562068440842E-11
-1.19695078262469, 0.387642440601027, -0.0325126041186106
-1.19695078262469, 0.377968152123273, -0.0650113778994726
-1.19695078262468, 0.368246782781158, -0.0974960993625593
-1.19695078262468, 0.358477833481658, -0.129966544008311
-1.19695078262468, 0.348660804988437, -0.162422484804646
-1.19695078262468, 0.338795197926323, -0.194863692151651
-1.19695078262468, 0.328880512785343, -0.227289933850417
-1.19695078262468, 0.318916249925847, -0.259700975070976
-1.19695078262468, 0.297373640235064, -0.276459753541441
-1.19695078262468, 0.266726067076258, -0.287719930382044
-1.19695078262468, 0.23786860867425, -0.305524220814715
-1.19695078262468, 0.208784191249765, -0.322955337487656
-1.19695078262468, 0.179488128274278, -0.34002840322692
-1.19695078262468, 0.149994662840707, -0.35675817959553
-1.19695078262468, 0.12031703901828, -0.373159086656689
-1.19695078262468, 0.0904675980445646, -0.389245210736753
-1.19695078262468, 0.060457873140614, -0.405030316211444
-1.19695078262468, 0.030298638338186, -0.420527883738815
-1.19695078262468, 1.40463649308704E-16, -0.435751127304158
-1.06395625122567, 0.379935717247887, -1.61561009383101E-11
-1.0639562512232, 0.370166474982473, -0.0314799040139993
-1.06395625122217, 0.360353527145283, -0.0629462129899763
-1.06395625122194, 0.350496506485005, -0.0943987428886625
-1.06395625122194, 0.340595079034199, -0.125837321503871
-1.06395625122194, 0.330648753686125, -0.157261724385948
-1.06395625122194, 0.320656708850385, -0.188671619598226
-1.06395625122194, 0.310618109534341, -0.22006666687817
-1.06395625122194, 0.300532121160667, -0.251446521896808
-1.06395625122194, 0.278067784017251, -0.265862669072855
-1.06395625122194, 0.249516661069515, -0.279179059043549
-1.06395625122194, 0.222812763572636, -0.298500100894763
-1.06395625122194, 0.195816933500472, -0.317411142364414
-1.06395625122194, 0.168545861556668, -0.335923096389366
-1.06395625122194, 0.141015662490557, -0.3540474835922
-1.06395625122194, 0.113241859092704, -0.371796356959451
-1.06395625122194, 0.0852393720817823, -0.389182233830455
-1.06395625122194, 0.0570225188878377, -0.406218032913132
-1.06395625122194, 0.0286050180941719, -0.422917018077861
-1.06395625122194, 1.72839040567888E-16, -0.439292748162655
-0.930961719819516, 0.359274561763371, -1.61562260955751E-11
-0.93096171981927, 0.349432897365702, -0.030392842445632
-0.9309617198192, 0.339546969047067, -0.0607713157160396
-0.930961719819196, 0.329615291853536, -0.0911348628023936
-0.930961719819196, 0.319635812847265, -0.121482732243914
-0.930961719819196, 0.309605905990024, -0.151813972317254
-0.930961719819196, 0.299522925055154, -0.182127609714509
-0.930961719819196, 0.289384010944606, -0.212422585020759
-0.930961719819196, 0.279185484523824, -0.242697543499029
-0.930961719819197, 0.255978995398958, -0.254883090345828
-0.930961719819196, 0.229878109202677, -0.270354020278334
-0.930961719819196, 0.20560091402683, -0.291118802623529
-0.930961719819196, 0.180974040387662, -0.311467676933988
-0.930961719819196, 0.156010942824451, -0.331402660794544
-0.930961719819196, 0.130725814133531, -0.350927603724496
-0.930961719819196, 0.105133465370849, -0.370048111806603
-0.930961719819196, 0.0792491344373956, -0.388771498620579
-0.930961719819196, 0.0530883449888132, -0.407106673007571
-0.930961719819196, 0.026666757072414, -0.425064017215917
-0.930961719819197, 1.81099502482577E-16, -0.44265526579449
-0.787967188418833, 0.333329587430771, -1.61561716423551E-11
-0.787967188416457, 0.32339971537223, -0.0291003525092194
-0.787967188416454, 0.31340656004108, -0.0581790251050096
-0.787967188416454, 0.303345322564057, -0.087234214374334
-0.787967188416454, 0.293210968589097, -0.116263980528609
-0.787967188416454, 0.282998404189561, -0.145266323589089
-0.787967188416454, 0.272701625374272, -0.174238872925256
-0.787967188416454, 0.262313982571035, -0.203178966750915
-0.787967188416454, 0.251828891875513, -0.232083895612405
-0.787967188416455, 0.228413209620398, -0.242569582973021
-0.787967188416455, 0.205241430380909, -0.260055639534844
-0.787967188416455, 0.183876437677856, -0.282167789395988
-0.787967188416454, 0.162136061120631, -0.303910966898049
-0.787967188416454, 0.140024664828142, -0.325276735872094
-0.787967188416454, 0.117548238287346, -0.346258151617246
-0.787967188416454, 0.0947142898488612, -0.366849909034024
-0.787967188416454, 0.071531749867323, -0.387048417454603
-0.787967188416455, 0.0480108198471064, -0.406851863893053
-0.787967188416455, 0.0241628197326415, -0.42626022027408
-0.787967188416455, 2.5056123383083E-16, -0.445275229597347
-0.744769375856548, 0.324556405382987, -1.61562085404575E-11
-0.744769375855357, 0.314576563141063, -0.028651229267012
-0.744769375855357, 0.304523158648868, -0.0572767299531781
-0.744769375855357, 0.294390655481833, -0.0858743239616197
-0.744769375855357, 0.2841731200994, -0.114441645819435
-0.744769375855357, 0.273864599557605, -0.142976257265256
-0.744769375855357, 0.26346272780566, -0.171476971879544
-0.744769375855357, 0.252970678816528, -0.199944619972066
-0.744769375855357, 0.242397168974073, -0.228382112180735
-0.744769375855357, 0.219222133620664, -0.238709563239832
-0.744769375855357, 0.196929878426806, -0.256564465094166
-0.744769375855357, 0.176503012043272, -0.278996866592461
-0.744769375855357, 0.15570399933308, -0.301084645473389
-0.744769375855357, 0.134534198634487, -0.322817299778226
-0.744769375855357, 0.112996576951161, -0.344185475446094
-0.744769375855358, 0.0910956586548373, -0.365181132137047
-0.744769375855357, 0.0688374709901313, -0.385797656328147
-0.744769375855357, 0.0462294555956813, -0.406029952574613
-0.744769375855357, 0.0232803405307976, -0.425874516098942
-0.744769375855357, 2.55063199594242E-16, -0.445329463487402
-0.691571563294278, 0.312962783785915, -1.61563255501477E-11
-0.69157156329426, 0.302896273418167, -0.0280451749089359
-0.69157156329426, 0.292742525043524, -0.0560588783217431
-0.69157156329426, 0.28249991444381, -0.0840402219501967
-0.69157156329426, 0.272174228353692, -0.111991014004532
-0.69157156329426, 0.261773895307604, -0.13991411639421
-0.69157156329426, 0.251305599963369, -0.16781181597941
-0.69157156329426, 0.240773816030991, -0.195685608633915
-0.69157156329426, 0.230180324215173, -0.223536007626701
-0.69157156329426, 0.207480404725277, -0.233845159605718
-0.69157156329426, 0.186146108880874, -0.251759513195166
-0.69157156329426, 0.166904142151645, -0.274510236994465
-0.69157156329426, 0.147301615087221, -0.296951029148993
-0.69157156329426, 0.127336591247685, -0.319069905245709
-0.69157156329426, 0.107008500071651, -0.340855569205552
-0.69157156329426, 0.0863181872015567, -0.362297516281082
-0.69157156329426, 0.0652679036599842, -0.383386170604996
-0.69157156329426, 0.0438612732523821, -0.404113006255854
-0.69157156329426, 0.022103241480247, -0.424470646427169
-0.69157156329426, 2.59959568327331E-16, -0.444452945555309
-0.638373750733632, 0.300305339629857, -1.61560926959842E-11
-0.638373750733163, 0.290157400763202, -0.0273725040032612
-0.638373750733163, 0.279942924635648, -0.0547202524029985
-0.638373750733163, 0.269666364865146, -0.0820447315094512
-0.638373750733163, 0.259331051660441, -0.109347041918097
-0.638373750733163, 0.248937565071921, -0.136627259898464
-0.638373750733163, 0.238485976486965, -0.163885265246532
-0.638373750733163, 0.227973720516207, -0.19111994101642
-0.638373750733163, 0.217396977045041, -0.218329631417628
-0.638373750733163, 0.195383944318007, -0.228843064467653
-0.638373750733163, 0.174749159480792, -0.246161585781764
-0.638373750733163, 0.156722579610529, -0.269123775881025
-0.638373750733163, 0.138355130254649, -0.291814211598599
-0.638373750733163, 0.119642422260846, -0.314220737255586
-0.638373750733163, 0.100581049125887, -0.336331400545443
-0.638373750733163, 0.0811686597855352, -0.358134515445018
-0.638373750733163, 0.061403979381822, -0.379618776122764
-0.638373750733163, 0.0412868381008003, -0.40077334610096
-0.638373750733163, 0.0208181613358274, -0.421587971592024
-0.638373750733163, 2.90983440283748E-16, -0.442053034192951
-0.585175938175026, 0.286626553958706, -1.61563812919558E-11
-0.585175938172173, 0.276511990265298, -0.026643760102149
-0.585175938172066, 0.266343356797002, -0.0532669313395034
-0.585175938172066, 0.256119619949025, -0.0798689900782308
-0.585175938172066, 0.24583758584837, -0.106448569856782
-0.585175938172066, 0.23549379904353, -0.133004177832057
-0.585175938172066, 0.22508324107837, -0.159533679240363
-0.585175938172066, 0.214599795715332, -0.186034461271848
-0.585175938172066, 0.204037161292473, -0.212503777945651
-0.585175938172066, 0.183096997480086, -0.223685585530085
-0.585175938172066, 0.162736363960873, -0.239464204040119
-0.585175938172066, 0.145955780138923, -0.262498839808166
-0.585175938172066, 0.128860988458136, -0.285301244605383
-0.585175938172066, 0.111446412098836, -0.307860348008017
-0.585175938172066, 0.0937069746012566, -0.330164885064641
-0.585175938172066, 0.0756381534034591, -0.35220341750278
-0.585175938172066, 0.0572360123690057, -0.373964385561036
-0.585175938172066, 0.0384972470881882, -0.395436146254748
-0.585175938172066, 0.0194192214634435, -0.416607024258258
-0.585175938172066, 2.63545378292272E-16, -0.437465367986271
-0.531978125612995, 0.272149122739712, -1.61560657223883E-11
-0.531978125610969, 0.262134964856108, -0.0258015767876032
-0.531978125610969, 0.252061301854646, -0.0515799782093266
-0.531978125610969, 0.241922819939509, -0.0773329543767613
-0.531978125610969, 0.231714017488916, -0.10305813411672
-0.531978125610969, 0.221428749072948, -0.128752835386683
-0.531978125610969, 0.211060215373887, -0.15441404769238
-0.531978125610969, 0.200601485327367, -0.180038628588802
-0.531978125610969, 0.190045547894883, -0.205623316110564
-0.531978125610969, 0.170861925469005, -0.218355861187046
-0.531978125610969, 0.150127941570828, -0.231283335715935
-0.531978125610969, 0.134626285367445, -0.254211356828857
-0.531978125610969, 0.11884226241268, -0.276945903450251
-0.531978125610969, 0.102770616128613, -0.299478027539659
-0.531978125610969, 0.0864058046790571, -0.321798125937587
-0.531978125610969, 0.0697424029282898, -0.343896185000201
-0.531978125610969, 0.0527751272957498, -0.365761775693297
-0.531978125610969, 0.0354988664758854, -0.387384046682589
-0.531978125610969, 0.017908713286052, -0.408751722349705
-0.531978125610969, 2.59159490895081E-16, -0.429853103005076
-0.478780313051978, 0.256820678648693, -1.61562285542782E-11
-0.478780313050396, 0.24694085378253, -0.0247748879056451
-0.478780313049909, 0.236987032195462, -0.0495201370753122
-0.478780313049872, 0.226953093464875, -0.0742330061316151
-0.478780313049872, 0.216832532569196, -0.0989105268521068
-0.478780313049872, 0.206618886386917, -0.123549656770928
-0.478780313049872, 0.196305972705485, -0.148147406289235
-0.478780313049872, 0.185887883321072, -0.17270079222542
-0.478780313049873, 0.175359012191164, -0.197206879649235
-0.478780313049872, 0.158941795959725, -0.212839948563278
-0.478780313049873, 0.136940194777013, -0.221209558540503
-0.478780313049873, 0.122763299958837, -0.243801920186338
-0.478780313049872, 0.108334391338854, -0.266234164129054
-0.478780313049872, 0.0936516747117142, -0.288501103357172
-0.478780313049872, 0.078712301449724, -0.310596657504049
-0.478780313049873, 0.0635123611279701, -0.332513769596269
-0.478780313049872, 0.0480468632715098, -0.354244296357711
-0.478780313049873, 0.0323100552560897, -0.375779146282046
-0.478780313049873, 0.0162962961854308, -0.397108839682281
-0.478780313049873, 1.9236742825654E-16, -0.418223441220309
-0.425582500488775, 0.240379853368411, -1.61560968606157E-11
-0.425582500488775, 0.23067222484363, -0.0234939328777205
-0.425582500488776, 0.220876336677149, -0.0469512000103305
-0.425582500488775, 0.210986629850824, -0.0703690642712262
-0.425582500488775, 0.20099766020043, -0.0937447584101882
-0.425582500488775, 0.190904105880741, -0.117075484016807
-0.425582500488775, 0.180701105867923, -0.140358550743688
-0.425582500488776, 0.170384808238592, -0.163591637484233
-0.425582500488776, 0.159951621920813, -0.186772466998601
-0.425582500488775, 0.147619721091503, -0.207124583693918
-0.425582500488775, 0.123181714061559, -0.208821726004303
-0.425582500488775, 0.110401080315323, -0.230795650954882
-0.425582500488776, 0.0973942692964886, -0.25263645601433
-0.425582500488776, 0.084162344005155, -0.274341615318323
-0.425582500488776, 0.0707055321256339, -0.295908069794735
-0.425582500488776, 0.0570232531474661, -0.317332190887881
-0.425582500488776, 0.0431141312763585, -0.338609738450415
-0.425582500488776, 0.0289760038191125, -0.359735798085073
-0.425582500488776, 0.0146058915351501, -0.380704747112008
-0.425582500488775, 1.7175522532758E-16, -0.401510143677179
-0.372384687927679, 0.222447650890183, -1.61563249274859E-11
-0.372384687927678, 0.21298259255689, -0.0219052329188637
-0.372384687927678, 0.203420906559405, -0.0437684657494485
-0.372384687927678, 0.193758701758682, -0.0655874563417488
-0.372384687927678, 0.183992162086801, -0.0873599398572167
-0.372384687927678, 0.174117758064611, -0.109083721157677
-0.372384687927679, 0.164132783293361, -0.130756898423816
-0.372384687927679, 0.154034667027074, -0.152377590279596
-0.372384687927678, 0.143821639285049, -0.173944238375905
-0.372384687927678, 0.133493423207534, -0.195455960488598
-0.372384687927678, 0.113233468520358, -0.20120306129157
-0.372384687927678, 0.0974933001703991, -0.214816289996751
-0.372384687927679, 0.0859949772683703, -0.235725899870256
-0.372384687927678, 0.0742970169916728, -0.25652448164813
-0.372384687927679, 0.0624016339483003, -0.277210785313619
-0.372384687927679, 0.0503104444734469, -0.297783254286123
-0.372384687927679, 0.0380244867487347, -0.318240007457878
-0.372384687927679, 0.0255442397642736, -0.338578807986864
-0.372384687927679, 0.0128696259529251, -0.358797044194166
-0.372384687927679, 1.15009952177381E-16, -0.378891715964129
-0.319186875366885, 0.20259862878201, -1.61561155182245E-11
-0.319186875366674, 0.193498174982655, -0.0199698168479528
-0.319186875366594, 0.184301922600145, -0.0398956978551485
-0.319186875366582, 0.175007390896217, -0.0597759246694808
-0.319186875366582, 0.165612124292172, -0.0796087462234644
-0.319186875366582, 0.156114291803538, -0.0993926436008808
-0.319186875366582, 0.146512666556083, -0.119126381565404
-0.319186875366582, 0.136806440671242, -0.138808880931458
-0.319186875366582, 0.126995222128181, -0.158439254958839
-0.319186875366582, 0.117079105247168, -0.178016852187801
-0.319186875366582, 0.105557940220051, -0.195076690029901
-0.319186875366582, 0.0839286253300347, -0.195588757607498
-0.319186875366581, 0.0740298116986291, -0.215175053450174
-0.319186875366581, 0.0639564133966339, -0.234672134430908
-0.319186875366582, 0.053711642508463, -0.2540797205066
-0.319186875366582, 0.0432982764982538, -0.273397368359766
-0.319186875366581, 0.0327186694345565, -0.292624479377252
-0.319186875366582, 0.0219747752275126, -0.311760276090543
-0.319186875366581, 0.0110681611370641, -0.33080378899407
-0.319186875366582, 5.64657258120333E-17, -0.349753871801433
-0.249204876980614, 0.172833486450625, -3.2312334142785E-11
-0.252189234912902, 0.164689187004778, -0.019301911532556
-0.25519205898384, 0.156494493549167, -0.0385796147613904
-0.258213273159761, 0.148249613579333, -0.05783303045334
-0.261252802733768, 0.13995475097006, -0.0770620791165883
-0.26431057974944, 0.131610091174118, -0.0962666736618748
-0.267386376752967, 0.123216254911939, -0.115446944764895
-0.270479543411392, 0.114775016939251, -0.134603605636057
-0.273589382410152, 0.106288280224375, -0.15373745143094
-0.276715199670084, 0.0977579389062473, -0.172849291102146
-0.280192134086638, 0.0882694004385169, -0.190457877218451
-0.286923084788927, 0.069900666084776, -0.193634120551276
-0.28986946992361, 0.0618599942337474, -0.212985139598467
-0.29288930388765, 0.0536188808561585, -0.232240272021588
-0.295982103832267, 0.045178643644317, -0.251397322407847
-0.29914758173945, 0.0365400685982303, -0.27045382432557
-0.302385641719305, 0.027703417401137, -0.289407032872996
-0.305696374225479, 0.0186684432055816, -0.308253882965015
-0.309080055083359, 0.00943439328546563, -0.326990962259079
-0.312537148801199, 2.51587705506426E-17, -0.34561449232718
-0.203067334736694, 0.150490186136883, -3.23136654905828E-11
-0.208154924952329, 0.14318557936637, -0.0189524518477956
-0.213259762951603, 0.135856208754471, -0.0378907001392392
-0.21838101891136, 0.128503265735948, -0.0568153736557103
-0.223517864972096, 0.121127938926211, -0.0757271074802952
-0.228669475157311, 0.113731414237114, -0.0946265427049001
-0.233835025284765, 0.106314875004363, -0.113514326100435
-0.239013692873738, 0.0988795021206759, -0.132391109796194
-0.244204657047227, 0.0914264741762037, -0.151257550963123
-0.249407068657028, 0.0839570103520231, -0.170114336537672
-0.255206236990646, 0.0756307414353766, -0.187443504311092
-0.265750488575058, 0.0604916267958416, -0.192316781795531
-0.27052218038022, 0.053640577322639, -0.211518982576291
-0.275434131772108, 0.0465881474152711, -0.230612600837632
-0.280486400919849, 0.0393342535563358, -0.249593800009627
-0.285679446432039, 0.0318782372896648, -0.268458322577654
-0.291014123511374, 0.0242188707413836, -0.287201463896289
-0.296491675372622, 0.0163543689417239, -0.305818007289856
-0.30211373827458, 0.00828238260029903, -0.324302187032461
-0.307882340200992, 2.27499110503469E-17, -0.342647608817127
-0.170188697277769, 0.133038834320483, -3.23118974753141E-11
-0.176767429803923, 0.126460101794329, -0.0186852481241224
-0.183356721916735, 0.119870809681517, -0.0373630512637774
-0.189955693181057, 0.113271838417195, -0.0560340178515778
-0.196563465020564, 0.106664066577689, -0.0746987614284307
-0.203179157809681, 0.100048373788572, -0.0933578924609666
-0.209801893573603, 0.0934256380246498, -0.112012025987487
-0.216430653871634, 0.0867968777266189, -0.130661884160568
-0.223063752110826, 0.080163779487427, -0.149308652111802
-0.2296993205194, 0.0735282110788524, -0.167953663250669
-0.236995531137387, 0.066232000460866, -0.185220491869365
-0.249746844210046, 0.0534806873882066, -0.190859339525416
-0.255745600189717, 0.047481931408544, -0.209930795312096
-0.261937439473915, 0.0412900921243898, -0.228878423053698
-0.268323170006479, 0.0349043615919313, -0.247696902290581
-0.274904163501174, 0.0283233680974326, -0.266380344323627
-0.281682348462387, 0.0215451831365352, -0.284922246398581
-0.288660199692543, 0.0145673319068416, -0.303315411510044
-0.295840737943405, 0.00738679365661893, -0.321551874599767
-0.303227531600869, 2.04131373179391E-17, -0.339622811951345
-0.141996522502911, 0.116943479200829, -3.23138698223772E-11
-0.149843709634018, 0.111082579765645, -0.0184423378977183
-0.157694180826313, 0.10521922753406, -0.0368824985682257
-0.165547161938952, 0.0993540006956268, -0.0553209938669706
-0.173401975933902, 0.0934874049158498, -0.073758272362548
-0.181257312503267, 0.0876204188362056, -0.0921952068459472
-0.18911173860807, 0.081754112763441, -0.110632745802322
-0.196963821375733, 0.0758895568800237, -0.129071838107015
-0.2048121277034, 0.0700278215404104, -0.147513432094893
-0.21265513069057, 0.0641700471545509, -0.165958540278545
-0.221106348484219, 0.0578580098900056, -0.18326359159073
-0.235404226549929, 0.0471792247304848, -0.189405281303758
-0.242438885479996, 0.0419251855619192, -0.208351200604216
-0.249714837448035, 0.036490929685608, -0.227154611962071
-0.257233644415628, 0.0308752905052296, -0.245808588248317
-0.264997559558003, 0.025076585171491, -0.26430547725634
-0.273009512614839, 0.0190926255233053, -0.282636835331843
-0.281273091390019, 0.0129207319052392, -0.300793328340261
-0.28979253506443, 0.00655773816203772, -0.318764639494385
-0.298572723000887, 1.81562295546681E-17, -0.336539347879669
-0.116082384558807, 0.101132087140251, -3.23135343077729E-11
-0.125081645629435, 0.0960143581037362, -0.0182105233416144
-0.134077771007741, 0.090898412282923, -0.0364231029467786
-0.143069725325342, 0.0857848384744691, -0.0546384085163824
-0.15205647448835, 0.0806742247502476, -0.0728571123036092
-0.161036982461678, 0.0755671602860596, -0.0910798826327047
-0.170010194224869, 0.0704642450543675, -0.109307409344978
-0.178974589484858, 0.0653663436203733, -0.127540678840989
-0.187928254405772, 0.0602745443504814, -0.145780924472745
-0.196869263515791, 0.0551899422282656, -0.164029383758727
-0.206290524665609, 0.0498322288150631, -0.18142478456517
-0.221697421890076, 0.0410705844234358, -0.188043698059026
-0.22969567708052, 0.0365221106644987, -0.206862018786287
-0.237981731065844, 0.0318099705514467, -0.225514807236629
-0.246557793455079, 0.0269329075166395, -0.24399329554826
-0.255426845831294, 0.0218892259837328, -0.262287823182491
-0.264592612470798, 0.0166768080191761, -0.280387750571797
-0.274059527026102, 0.0112931322790546, -0.298281345610672
-0.283832705524114, 0.0057352893645639, -0.315955668397058
-0.293917914401085, 1.59872225719615E-17, -0.333396434910096
-0.0913596395401977, 0.0850432803467766, -3.23887242893717E-11
-0.101439087152045, 0.0807119297888963, -0.0179864060273688
-0.111510773835703, 0.076383914265032, -0.0359779615093964
-0.121573388867818, 0.0720597970205653, -0.0539755282571211
-0.131625621423043, 0.067740141344709, -0.0719799679403476
-0.141666157891228, 0.0634255117233621, -0.0899921373636519
-0.151693683326969, 0.0591164732162119, -0.108012891089628
-0.161706880839154, 0.0548135917190566, -0.126043080367976
-0.171704431398593, 0.0505174340464709, -0.144083552799302
-0.181685013651244, 0.0462285680120691, -0.162135151995099
-0.191980361936469, 0.0418044403955549, -0.179636124160871
-0.208115497221424, 0.0348708335244983, -0.18687564846487
-0.217065454330033, 0.0310248487832509, -0.205556104835143
-0.226349306973466, 0.0270353821105824, -0.224042491058758
-0.235969679571376, 0.0229013057381926, -0.242323890026986
-0.245929982575964, 0.0186211541230684, -0.260388320273123
-0.25623435925391, 0.0141931468164086, -0.27822263336408
-0.266887626946186, 0.00961521370551529, -0.29581239156927
-0.2778952168346, 0.00488502089737841, -0.313141739241477
-0.289263105801483, 1.39144190244188E-17, -0.330193262154858
-0.0672327958132083, 0.0682867170199742, -3.23341300264938E-11
-0.0783397126584273, 0.0647975708984995, -0.0177722231800018
-0.0894356845205423, 0.061311863053, -0.0355519574811344
-0.100519805530447, 0.0578298780547677, -0.0533398099265983
-0.111591171448956, 0.0543518999630691, -0.0711363902362686
-0.122648920049711, 0.050878199639187, -0.0889422630275151
-0.133691941405776, 0.047409125757495, -0.106758177603309
-0.144718718976519, 0.0439451547266969, -0.124585144557885
-0.155727722189004, 0.0404867673636295, -0.142424175724305
-0.166717418920178, 0.0370344449720863, -0.160276280812715
-0.177855814857913, 0.0335354099538916, -0.177858835078252
-0.1943234088085, 0.0283622514290359, -0.186039557431057
-0.204255073236884, 0.025242301140131, -0.204559825647761
-0.21456675019077, 0.0220029730573763, -0.222850473111601
-0.225261065397435, 0.0186434423302518, -0.240898080033332
-0.236341350107343, 0.0151626624739589, -0.258688006743452
-0.24781155217363, 0.0115593933030679, -0.276204282127963
-0.259676139460371, 0.00783223127500951, -0.29342948393891
-0.271939995347388, 0.00397964231637766, -0.310344617651239
-0.284608297202074, 1.19464035127685E-17, -0.326928988088855
-0.0433566046213586, 0.0505393635424197, -3.34248200098879E-11
-0.0554464366551489, 0.0479568594703436, -0.0175738159697289
-0.0675256462199474, 0.0453766244595208, -0.0351552701966389
-0.0795935674723077, 0.0427988007404973, -0.0527448241506257
-0.0916494967822817, 0.0402235386153784, -0.0703429752485999
-0.103692516467418, 0.0376510341099369, -0.0879503688378718
-0.115721680760052, 0.0350814892492163, -0.10556766178495
-0.127736044484947, 0.0325151059317122, -0.123195511980354
-0.139734677059895, 0.0299520829387093, -0.140834562041247
-0.151716285056671, 0.0273926965588812, -0.158485708220655
-0.163710359107789, 0.0248306473102878, -0.176067574707908
-0.180058447964469, 0.021338538741282, -0.185731249653312
-0.191038260904314, 0.0189931453935058, -0.204050463207538
-0.20244380978766, 0.0165568107651027, -0.222095618691473
-0.214277042447573, 0.0140291187802486, -0.239850457298283
-0.226540400506724, 0.0114095478849246, -0.257297396459507
-0.239236688413944, 0.00869749902196355, -0.274417431110677
-0.252368929101608, 0.0058923264640188, -0.291190036228466
-0.265940207331189, 0.00299337127645453, -0.307593079786064
-0.279953488602826, 1.00920576276662E-17, -0.323602739013413
-0.0115903859245465, 0.0279086236619288, -1.63385043430719E-06
-0.0284888066542787, 0.0294814908638198, -0.0140608906618265
-0.0427313245970712, 0.0286549317802893, -0.0308768605772759
-0.0559228611929373, 0.0270296339298346, -0.0485075398959919
-0.069106007170189, 0.0254053181244719, -0.0661445839361183
-0.0822795824670747, 0.0237821815374393, -0.0837888865946035
-0.0954415247445838, 0.0221604782727162, -0.101442000217111
-0.108589554523197, 0.0205404891884996, -0.119105635361292
-0.121721286251407, 0.0189225082122803, -0.136781574220295
-0.134832802556963, 0.017307018009552, -0.154472740137455
-0.147919010795791, 0.0156946460528677, -0.172182922495796
-0.16386804462134, 0.0137295409278991, -0.184351210931721
-0.176109859265397, 0.0122212080119945, -0.202663318519426
-0.188833308908522, 0.0106535321029416, -0.220639020825858
-0.202038585382824, 0.00902648956480951, -0.238258374670796
-0.215726031931939, 0.00734003810601893, -0.255500082835166
-0.229895950609856, 0.0055941405100309, -0.272341415902405
-0.244548406716458, 0.00378878873114553, -0.288758169320302
-0.259683010050499, 0.00192403084666209, -0.304724635516336
-0.275298680003682, 8.36057601211307E-18, -0.320213607417636
-0.000654379954153315, 0.00799114696595502, -1.34848398891801E-05
-0.00771166559036715, 0.00785519746306876, -0.00908465734477959
-0.014768951226581, 0.00771924796018249, -0.01815582984967
-0.0218262368627949, 0.00758329845729623, -0.0272270023545605
-0.0288835224990087, 0.00744734895440996, -0.0362981748594509
-0.0359408081352225, 0.0073113994515237, -0.0453693473643413
-0.0429980937714364, 0.00717544994863743, -0.0544405198692318
-0.0500553794076503, 0.00703950044575117, -0.0635116923741222
-0.0571126650438641, 0.00690355094286491, -0.0725828648790126
-0.0641699506800779, 0.00676760143997864, -0.081654037383903
-0.0712272363162918, 0.00663165193709238, -0.0907252098887935
-0.0782845219525057, 0.00649570243420611, -0.0997963823936839
-0.0853418075887195, 0.00635975293131985, -0.108867554898574
-0.0923990932249333, 0.00622380342843358, -0.117938727403465
-0.0994563788611472, 0.00608785392554732, -0.127009899908355
-0.106513664497361, 0.00595190442266106, -0.136081072413246
-0.113570950133575, 0.00581595491977479, -0.145152244918136
-0.120628235769789, 0.00568000541688853, -0.154223417423026
-0.127685521406003, 0.00554405591400226, -0.163294589927917
-0.134742807042216, 0.005408106411116, -0.172365762432807
