-4.51840232327712, 0.408214185984839, -3.00565128341646E-11
-4.51840232327712, 0.400706219488241, -0.0339328222789596
-4.51840232327712, 0.393198252991643, -0.0678656445278628
-4.51840232327712, 0.385690286495045, -0.101798466776766
-4.51840232327712, 0.378182319998448, -0.135731289025669
-4.51840232327712, 0.37067435350185, -0.169664111274572
-4.51840232327712, 0.363166387005252, -0.203596933523475
-4.51840232327712, 0.355658420508654, -0.237529755772378
-4.51840232327712, 0.348150454012057, -0.271462578021282
-4.51840232327712, 0.339345116311912, -0.303779595565248
-4.51840232327712, 0.304769037004337, -0.305337226737372
-4.51840232327712, 0.270905810670522, -0.31315310090182
-4.51840232327712, 0.237042584336707, -0.320968975066268
-4.51840232327712, 0.203179358002892, -0.328784849230717
-4.51840232327712, 0.169316131669076, -0.336600723395165
-4.51840232327712, 0.135452905335261, -0.344416597559614
-4.51840232327712, 0.101589679001446, -0.352232471724062
-4.51840232327712, 0.0677264526676309, -0.360048345888511
-4.51840232327712, 0.0338632263338157, -0.367864220052959
-4.51840232327712, 1.95215988938465E-16, -0.375680094217408
-4.42803427681158, 0.410028760693838, -1.50281879194238E-11
-4.42803427681158, 0.402504217074697, -0.0340285468830046
-4.42803427681158, 0.394979777643612, -0.068057116790051
-4.42803427681158, 0.387455445482986, -0.102085710416941
-4.42803427681158, 0.379931223676263, -0.136114328439764
-4.42803427681158, 0.372407115304202, -0.170142971546732
-4.42803427681158, 0.364883123449145, -0.204171640418905
-4.42803427681158, 0.357359251193435, -0.238200335737341
-4.42803427681158, 0.349835501619414, -0.272229058183102
-4.42803427681158, 0.340224020868536, -0.303657917703687
-4.42803427681158, 0.305569600097757, -0.305374346296576
-4.42803427681158, 0.271617389311919, -0.313236161700165
-4.42803427681158, 0.237665186777485, -0.321098012739106
-4.42803427681158, 0.203712992493566, -0.328959899409085
-4.42803427681158, 0.169760806459395, -0.336821821705761
-4.42803427681158, 0.13580862867383, -0.34468377962488
-4.42803427681158, 0.101856459135989, -0.352545773162127
-4.42803427681158, 0.0679042978449908, -0.360407802313186
-4.42803427681158, 0.0339521447999551, -0.368269867073744
-4.42803427681158, 1.80775732506238E-16, -0.376131967439484
-4.33766623034604, 0.411843329279435, -1.50282484442794E-11
-4.33766623034604, 0.404308109282754, -0.0341281888673677
-4.33766623034604, 0.396773217611148, -0.0682564502150043
-4.33766623034604, 0.389238662655654, -0.102384785920485
-4.33766623034604, 0.381704452807598, -0.136513197845061
-4.33766623034604, 0.374170596469589, -0.170641687798857
-4.33766623034604, 0.366637102037516, -0.204770257622454
-4.33766623034604, 0.359103977907264, -0.238898909156434
-4.33766623034604, 0.351571232474721, -0.273027644241377
-4.33766623034604, 0.341104344141704, -0.303503671428741
-4.33766623034604, 0.306373289171648, -0.305412724835974
-4.33766623034604, 0.272331829491578, -0.313330542590276
-4.33766623034604, 0.238290365540977, -0.32124834198425
-4.33766623034604, 0.204248897339948, -0.329166123104187
-4.33766623034604, 0.17020742490862, -0.337083886036371
-4.33766623034604, 0.136165948267026, -0.345001630867111
-4.33766623034604, 0.102124467435266, -0.352919357682697
-4.33766623034604, 0.0680829824334412, -0.36083706656942
-4.33766623034604, 0.0340414932816526, -0.368754757613571
-4.33766623034604, 2.08253326567315E-16, -0.376672430901443
-4.2472981838805, 0.413657970472513, -1.50282962157869E-11
-4.24729818388049, 0.406114852042974, -0.0342290615100113
-4.2472981838805, 0.398572268895127, -0.0684582409793873
-4.2472981838805, 0.391030230731395, -0.10268754054366
-4.24729818388049, 0.383488747273634, -0.136916962235115
-4.24729818388049, 0.375947828193977, -0.171146508311724
-4.24729818388049, 0.368407483194494, -0.205376180895593
-4.24729818388049, 0.360867721977255, -0.239605982108831
-4.24729818388049, 0.35332855424433, -0.273835914073547
-4.24729818388049, 0.341964410633603, -0.303306246698298
-4.2472981838805, 0.307159780041828, -0.305435007352007
-4.2472981838805, 0.273031144013834, -0.313420211831726
-4.2472981838805, 0.238902449634891, -0.32140516695295
-4.2472981838805, 0.204773697440963, -0.329389874976823
-4.2472981838805, 0.170644887970559, -0.337374338163895
-4.2472981838805, 0.136516021746374, -0.345358558778418
-4.2472981838805, 0.102387099302817, -0.353342539081899
-4.2472981838805, 0.0682581211742961, -0.361326281335848
-4.2472981838805, 0.0341290878952211, -0.369309787801775
-4.2472981838805, 1.80066554837187E-16, -0.377293060741188
-4.15693013741495, 0.41548278583636, -1.50282540218772E-11
-4.15693013741495, 0.407931191974456, -0.0343285244181587
-4.15693013741495, 0.40037998262688, -0.0686571334033455
-4.15693013741495, 0.392829142954713, -0.102985823702386
-4.15693013741495, 0.385278649816891, -0.137314590231432
-4.15693013741495, 0.377728478057181, -0.171643427473769
-4.15693013741495, 0.370178602531715, -0.205972329856442
-4.15693013741495, 0.362628998089923, -0.240301291836987
-4.15693013741495, 0.35507963958123, -0.274630307872941
-4.15693013741495, 0.342783536123567, -0.30305511684272
-4.15693013741495, 0.307910149647724, -0.305427993749851
-4.15693013741495, 0.273698601993062, -0.313492989722925
-4.15693013741495, 0.239486875976085, -0.321557229388743
-4.15693013741495, 0.205274974007094, -0.329620722671849
-4.15693013741495, 0.17106289850369, -0.33768347949507
-4.15693013741495, 0.13685065175133, -0.345745509812372
-4.15693013741495, 0.102638236137396, -0.353806823553697
-4.15693013741495, 0.0684256540492734, -0.361867430648989
-4.15693013741495, 0.0342129078743468, -0.369927341028188
-4.15693013741495, 2.07260507311557E-16, -0.377986564621236
-4.06656209094939, 0.417377159794491, -1.50282436889573E-11
-4.0665620909494, 0.409806699185414, -0.0344230727940631
-4.0665620909494, 0.402235855852418, -0.0688460614156734
-4.0665620909494, 0.394664571641051, -0.103268953111544
-4.06656209094941, 0.387092788401161, -0.137691735093807
-4.06656209094941, 0.379520448000238, -0.172114394494389
-4.06656209094941, 0.371947492294904, -0.206536918494626
-4.06656209094941, 0.364373863141782, -0.240959294275853
-4.06656209094941, 0.356799502397493, -0.275381509019406
-4.06656209094941, 0.343546022431691, -0.302739663474018
-4.06656209094941, 0.308609888720459, -0.305377772345851
-4.06656209094941, 0.274321408201289, -0.313536197239784
-4.06656209094941, 0.240032534984859, -0.321692973137837
-4.06656209094941, 0.205743276043824, -0.329848127807624
-4.06656209094941, 0.171453638312351, -0.338001689025936
-4.06656209094941, 0.137163628166992, -0.346153684702136
-4.06656209094941, 0.102873252435413, -0.354304142638285
-4.06656209094941, 0.0685825179452782, -0.362453090636445
-4.06656209094941, 0.0342914315242525, -0.370600556498677
-4.06656209094941, 2.06588869330606E-16, -0.378746568027043
-3.97619404448387, 0.41931822851246, -1.50283753818294E-11
-3.97619404448387, 0.411715945196373, -0.0345098691029893
-3.97619404448387, 0.404112149373949, -0.0690194051205582
-3.97619404448387, 0.396506737570368, -0.103528585469034
-3.97619404448387, 0.388899606366371, -0.138037387297234
-3.97619404448387, 0.381290652483247, -0.172545787116383
-3.97619404448387, 0.373679772554667, -0.207053761835325
-3.97619404448387, 0.366066863214298, -0.241561288362905
-3.97619404448387, 0.35845182109581, -0.276068343607966
-3.97619404448387, 0.344226712389943, -0.302349118936403
-3.97619404448387, 0.309236240410706, -0.305272550477998
-3.97619404448387, 0.274879450560375, -0.313539152326869
-3.97619404448387, 0.240521926261799, -0.321802706736762
-3.97619404448387, 0.206163683710444, -0.330063275332339
-3.97619404448387, 0.171804738716652, -0.33832091983102
-3.97619404448387, 0.137445105387156, -0.346575702359511
-3.97619404448387, 0.10308479928635, -0.354827684693994
-3.97619404448387, 0.0687238359786271, -0.363076928610649
-3.97619404448387, 0.0343622310283795, -0.371323495885659
-3.97619404448387, 2.0582573683016E-16, -0.379567448295204
-3.88582599801832, 0.421266340289549, -1.50284230882872E-11
-3.88582599801833, 0.413619522502858, -0.0345865124207861
-3.88582599801832, 0.405969705017763, -0.0691723620642662
-3.88582599801832, 0.398316728131253, -0.103757514268323
-3.88582599801832, 0.390660432367911, -0.138341933324995
-3.88582599801833, 0.383000658643458, -0.172925581759459
-3.88582599801832, 0.375337247626744, -0.207508423212785
-3.88582599801833, 0.36767003998662, -0.242090421326044
-3.88582599801833, 0.359998876391935, -0.276671539740308
-3.88582599801833, 0.344798370061113, -0.301872690205654
-3.88582599801832, 0.309764667538528, -0.305101019190924
-3.88582599801833, 0.275351051728148, -0.31349170153834
-3.88582599801832, 0.240936193494053, -0.321877302288699
-3.88582599801832, 0.206520125824708, -0.330257939772382
-3.88582599801832, 0.172102879942739, -0.3386337327506
-3.88582599801832, 0.137684482875746, -0.347004801004687
-3.88582599801832, 0.103264965485852, -0.355371263381943
-3.88582599801832, 0.0688443586351808, -0.363733238729669
-3.88582599801832, 0.0344226931858559, -0.372090845895165
-3.88582599801832, 2.04988125834969E-16, -0.380444203725732
-3.79545795155277, 0.423181167985457, -1.50283243281716E-11
-3.79545795155278, 0.415477391115095, -0.0346506143399856
-3.79545795155278, 0.407768784135457, -0.0693001559185804
-3.79545795155278, 0.40005512150978, -0.103948576155177
-3.79545795155278, 0.392336179811922, -0.13859581697227
-3.79545795155278, 0.384611733249596, -0.173241830917044
-3.79545795155278, 0.376881555440168, -0.207886573165373
-3.79545795155278, 0.36914542378961, -0.242529981907969
-3.79545795155278, 0.361403113685658, -0.277172004391255
-3.79545795155278, 0.345233431231787, -0.301299102910995
-3.79545795155278, 0.310170380964514, -0.304851845924647
-3.79545795155278, 0.275714324653281, -0.31338376068314
-3.79545795155278, 0.241256317491949, -0.321907780930189
-3.79545795155278, 0.206796407061732, -0.330424115735301
-3.79545795155278, 0.172334649121621, -0.338932972141834
-3.79545795155278, 0.137871092973364, -0.347434558785159
-3.79545795155278, 0.103405794302016, -0.35592908272234
-3.79545795155278, 0.0689388087926349, -0.364416751010441
-3.79545795155278, 0.0344701921302776, -0.372897770706528
-3.79545795155278, 2.04091865216246E-16, -0.381372348867666
-3.70508990508719, 0.425021748465476, -1.50282458348188E-11
-3.70508990508721, 0.417249044650846, -0.0346998514186203
-3.70508990508722, 0.409469348984901, -0.0693981389623884
-3.70508990508723, 0.401682359560916, -0.104094798161768
-3.70508990508723, 0.393887778840659, -0.138789745063625
-3.70508990508724, 0.386085304371094, -0.173482917603231
-3.70508990508724, 0.378274635386683, -0.208174246178177
-3.70508990508724, 0.37045547116654, -0.242863660971876
-3.70508990508724, 0.362627510547381, -0.277551094110387
-3.70508990508724, 0.345504154298887, -0.300616807332678
-3.70508990508724, 0.310428466105962, -0.304513480253402
-3.70508990508724, 0.275947310621805, -0.313205131214803
-3.70508990508724, 0.24146323039889, -0.321885147194757
-3.70508990508724, 0.206976303367455, -0.330553867737241
-3.70508990508724, 0.172486622404801, -0.339211628613486
-3.70508990508724, 0.137994277810764, -0.347858766238264
-3.70508990508724, 0.103499356186277, -0.356495617946597
-3.70508990508724, 0.06900194508602, -0.365122520825754
-3.70508990508724, 0.0345021317705579, -0.373739812028903
-3.70508990508724, 1.75396286301716E-16, -0.38234782957488
-3.6047218586217, 0.426929169946571, -1.50283416039966E-11
-3.6047218586217, 0.419066473943504, -0.0347343403665322
-3.6047218586217, 0.411194005950514, -0.0694664731103437
-3.6047218586217, 0.403311371665596, -0.104196306203805
-3.6047218586217, 0.39541817960496, -0.138923735172377
-3.6047218586217, 0.387514034367296, -0.173648672767386
-3.6047218586217, 0.379598541949152, -0.208371025537732
-3.6047218586217, 0.371671308426266, -0.243090699643214
-3.6047218586217, 0.363731939956599, -0.277807600841045
-3.6047218586217, 0.345578214946678, -0.299717068765046
-3.6047218586217, 0.310511569657059, -0.304018600168283
-3.6047218586217, 0.276026509420789, -0.312911153343318
-3.6047218586217, 0.241537051583579, -0.321786630052328
-3.6047218586217, 0.20704334269464, -0.330645571151516
-3.6047218586217, 0.172545528764132, -0.339488517607075
-3.6047218586217, 0.138043758147842, -0.348316009758516
-3.6047218586217, 0.103538175359435, -0.357128588904979
-3.6047218586217, 0.0690289252384656, -0.365926796236802
-3.6047218586217, 0.034516151940661, -0.374711173095307
-3.6047218586217, 1.74318247194364E-16, -0.383482260704011
-3.3888017424577, 0.430285199452416, -1.50282721971904E-11
-3.38880174245777, 0.422185004881501, -0.0347228162186395
-3.38880174245781, 0.414067834323172, -0.0694416763951978
-3.38880174245783, 0.405933096945819, -0.104156420504696
-3.38880174245784, 0.397780198301394, -0.138866903828588
-3.38880174245784, 0.389608544380186, -0.173572979576567
-3.38880174245784, 0.381417502475512, -0.208274477298667
-3.38880174245784, 0.373206325824593, -0.242971221497277
-3.38880174245784, 0.36497427979916, -0.277663019049078
-3.38880174245784, 0.34475101279803, -0.297194939986821
-3.38880174245784, 0.309804542061648, -0.302448574356357
-3.38880174245784, 0.275416081894375, -0.311867768568669
-3.38880174245784, 0.241018174568398, -0.321252400014573
-3.38880174245784, 0.2066112021137, -0.330603741627341
-3.38880174245784, 0.172195540098768, -0.339923067881314
-3.38880174245784, 0.137771571952376, -0.349211650920212
-3.38880174245784, 0.103339666127015, -0.358470766742186
-3.38880174245784, 0.0689001915644096, -0.36770169101261
-3.38880174245784, 0.0344535140111496, -0.376905700070713
-3.38880174245784, 1.71963005690175E-16, -0.386084069879503
-3.16288162629399, 0.432202571507734, -1.50282221896528E-11
-3.16288162629399, 0.423795044325814, -0.0345558351453986
-3.16288162629399, 0.415360533041409, -0.0691050937393309
-3.16288162629399, 0.406898018572608, -0.10364750381454
-3.16288162629399, 0.398406482279687, -0.13818279085645
-3.16288162629399, 0.389884905981869, -0.172710677725611
-3.16288162629399, 0.38133227197597, -0.207230884564342
-3.16288162629399, 0.372747563056563, -0.241743128704398
-3.16288162629399, 0.364129762537917, -0.276247124574813
-3.16288162629399, 0.342050081940024, -0.293526581273279
-3.16288162629399, 0.307417969323821, -0.299896633918921
-3.16288162629399, 0.273328041499796, -0.310029192781633
-3.16288162629399, 0.239219128517024, -0.320097659149951
-3.16288162629399, 0.205092142832577, -0.330104698593391
-3.16288162629399, 0.170947981982535, -0.340052979775018
-3.16288162629399, 0.136787529199073, -0.349945174253504
-3.16288162629399, 0.10261165408224, -0.359783956294236
-3.16288162629399, 0.0684212132519502, -0.369572002710127
-3.16288162629399, 0.0342170510086422, -0.379311992722592
-3.16288162629399, 1.97364272538335E-16, -0.389006607842296
-2.93696151013013, 0.431827324317143, -1.50282088299986E-11
-2.93696151013013, 0.423055979006636, -0.0341981330278966
-2.93696151013013, 0.414247224725895, -0.0683866428977651
-2.93696151013013, 0.405400093487094, -0.10256523541809
-2.93696151013013, 0.396513577154008, -0.136733615135662
-2.93696151013013, 0.387586644527314, -0.1708914577406
-2.93696151013013, 0.378618262695713, -0.20503844087464
-2.93696151013013, 0.369607399253046, -0.239174238242513
-2.93696151013013, 0.360553022317691, -0.273298519511228
-2.93696151013013, 0.336985719184554, -0.288571557610463
-2.93696151013013, 0.30290906039956, -0.296159221769261
-2.93696151013013, 0.269375924571185, -0.307203502493849
-2.93696151013013, 0.235807350020065, -0.318139591641535
-2.93696151013013, 0.202205539922504, -0.328973150442385
-2.93696151013013, 0.168572529165033, -0.339709439721054
-2.93696151013013, 0.13491017165058, -0.350353378415771
-2.93696151013013, 0.101220194683742, -0.36090957421982
-2.93696151013013, 0.067504197092163, -0.371382367060275
-2.93696151013013, 0.0337636573764059, -0.381775865007255
-2.93696151013013, 1.67576807979605E-16, -0.392093959076774
-2.71104139396651, 0.428413979087651, -1.5028256443793E-11
-2.71104139396642, 0.419270754296962, -0.033650581085793
-2.71104139396636, 0.410083951321971, -0.0672892910833067
-2.71104139396632, 0.400852715059161, -0.100915834606873
-2.71104139396629, 0.391576190699166, -0.134529912625108
-2.71104139396628, 0.382253523737258, -0.168131222402315
-2.71104139396627, 0.372883859986159, -0.2017194574238
-2.71104139396627, 0.363466345590543, -0.235294307322634
-2.71104139396627, 0.354000116098789, -0.268855458073117
-2.71104139396627, 0.329295620784371, -0.282299913748507
-2.71104139396627, 0.296045514923048, -0.291200505984135
-2.71104139396627, 0.263357697171703, -0.303343992357616
-2.71104139396627, 0.230610119073424, -0.315325391269077
-2.71104139396627, 0.197806768352026, -0.327153269300774
-2.71104139396627, 0.164951299939876, -0.338835584171528
-2.71104139396627, 0.132047033301133, -0.350379773348506
-2.71104139396627, 0.0990970458395594, -0.361792798118839
-2.71104139396627, 0.0661041606140411, -0.373081216788518
-2.71104139396627, 0.0330709965779924, -0.384251229023715
-2.71104139396627, 1.66101337215778E-16, -0.395308721695099
-2.48512127780249, 0.421537582097943, -1.50281767430802E-11
-2.48512127780242, 0.412070094139925, -0.0329383042645631
-2.48512127780242, 0.402556615661021, -0.065863354558385
-2.48512127780242, 0.392996416465987, -0.0987748691720055
-2.48512127780242, 0.383388706200269, -0.131672545371521
-2.48512127780242, 0.373732694705202, -0.164556076672379
-2.48512127780242, 0.364027592027042, -0.197425152771962
-2.48512127780242, 0.354272608428505, -0.230279459480371
-2.48512127780242, 0.344466954401715, -0.263118678653188
-2.48512127780242, 0.318935140029625, -0.274862814989429
-2.48512127780242, 0.286803115975891, -0.28520465153208
-2.48512127780242, 0.255257058994591, -0.298598923422457
-2.48512127780242, 0.223617223035852, -0.311770158235086
-2.48512127780242, 0.191890199776382, -0.324729995461122
-2.48512127780242, 0.160081993500029, -0.337489292436783
-2.48512127780242, 0.128198074146026, -0.350058222498851
-2.48512127780242, 0.0962434659802782, -0.362446345624042
-2.48512127780242, 0.0642227926846817, -0.374662685916713
-2.48512127780242, 0.0321403150361406, -0.386715802876378
-2.48512127780242, 1.65459183506621E-16, -0.398613844010538
-2.25920116164107, 0.411133054833883, -1.50282573170767E-11
-2.25920116163983, 0.401413207074837, -0.032088454658111
-2.25920116163908, 0.391646474583809, -0.0641626700077663
-2.25920116163871, 0.381831941508592, -0.0962222908135802
-2.25920116163858, 0.37196869242045, -0.128266957371336
-2.25920116163856, 0.362055812458299, -0.160296304191273
-2.25920116163856, 0.352092309285105, -0.192309946511654
-2.25920116163856, 0.342077043724294, -0.224307427084531
-2.25920116163856, 0.332008856843969, -0.256288294939123
-2.25920116163856, 0.30590543527989, -0.266421643621697
-2.25920116163856, 0.275199811440996, -0.278347700211239
-2.25920116163856, 0.245095032029444, -0.293107032702752
-2.25920116163856, 0.214851549858037, -0.307580051431635
-2.25920116163856, 0.184479292708769, -0.321780872938256
-2.25920116163856, 0.153987320494479, -0.33572281490722
-2.25920116163856, 0.123383926538007, -0.34941847712853
-2.25920116163856, 0.0926767282102921, -0.362879816265516
-2.25920116163856, 0.0618727552087668, -0.3761182127179
-2.25920116163856, 0.0309785001425314, -0.389144546357228
-2.25920116163856, 1.93758748995662E-16, -0.401969252908503
-2.03328104547473, 0.397270147162307, -1.50281794431819E-11
-2.03328104547472, 0.387362172218479, -0.0311205683635393
-2.03328104547471, 0.377405472461622, -0.0622255818970575
-2.03328104547471, 0.36739952462658, -0.093314788062192
-2.03328104547471, 0.357343805262886, -0.124387931371114
-2.03328104547471, 0.347237790737608, -0.155444753365705
-2.03328104547471, 0.33708095724127, -0.186484992575277
-2.0332810454747, 0.326872780793353, -0.21750838447885
-2.03328104547471, 0.31661273991215, -0.248514662354489
-2.03328104547471, 0.290189550125989, -0.257157235880744
-2.03328104547471, 0.261239311981016, -0.270817984154832
-2.03328104547471, 0.232875673318506, -0.287008978312616
-2.03328104547471, 0.204318297342686, -0.302855803443313
-2.03328104547471, 0.175580555821141, -0.318373175956219
-2.03328104547471, 0.14667481152296, -0.333575340108299
-2.03328104547471, 0.117612524173728, -0.348476088265501
-2.03328104547471, 0.088404329525977, -0.363088795093363
-2.03328104547471, 0.0590601265682491, -0.37742644688602
-2.03328104547471, 0.0295891410468752, -0.391501682329855
-2.03328104547471, 1.95974800539962E-16, -0.405326827519478
-1.80736092931085, 0.379935717220981, -1.50280801416833E-11
-1.80736092931085, 0.369904822449487, -0.0300642682704529
-1.80736092931085, 0.359828473051029, -0.0601133322353102
-1.80736092931085, 0.349706287729049, -0.0901469870783195
-1.80736092931085, 0.339537924648977, -0.120165038955919
-1.80736092931085, 0.329322826697134, -0.15016721925108
-1.80736092931085, 0.319060123521005, -0.180153148687338
-1.80736092931085, 0.30874893816062, -0.210122441120723
-1.80736092931085, 0.298388394172968, -0.240074705683406
-1.80736092931085, 0.271835355478743, -0.247300039770616
-1.80736092931085, 0.244967342668714, -0.262790312631089
-1.80736092931085, 0.218630572389629, -0.280420835679221
-1.80736092931085, 0.192040030958718, -0.297666279343734
-1.80736092931085, 0.165210977872056, -0.314538311917606
-1.80736092931085, 0.138158006950184, -0.331048962533266
-1.80736092931085, 0.110895053425214, -0.347210564753735
-1.80736092931085, 0.0834354088432661, -0.363035705675226
-1.80736092931085, 0.0557917389125605, -0.378537182887459
-1.80736092931085, 0.0279761070578055, -0.393727966986308
-1.80736092931085, 1.72839040567888E-16, -0.408621171141105
-1.58144081314754, 0.359274561763371, -1.5028203127173E-11
-1.58144081314711, 0.349196674121315, -0.0289476650916523
-1.581440813147, 0.339073023418633, -0.0578793573307891
-1.58144081314699, 0.328902041595783, -0.086794443928387
-1.58144081314699, 0.31868151655783, -0.115692055364877
-1.58144081314699, 0.30840868211299, -0.14457111219923
-1.58144081314699, 0.298080758970741, -0.173430512642826
-1.58144081314699, 0.287694642035826, -0.202269021419172
-1.58144081314699, 0.277246396395942, -0.231085077651282
-1.58144081314699, 0.250796624477052, -0.237087061714172
-1.58144081314699, 0.22630895950284, -0.254359730790899
-1.58144081314699, 0.202277143152221, -0.273385538947656
-1.58144081314699, 0.177934701768001, -0.29201229803605
-1.58144081314699, 0.153294966120738, -0.31024399592474
-1.58144081314699, 0.128371715373093, -0.328086185863143
-1.58144081314699, 0.103179036897072, -0.34554592819684
-1.58144081314699, 0.0777312186703455, -0.362631691608374
-1.58144081314699, 0.0520425994744928, -0.379353270945895
-1.58144081314699, 0.0261274824514592, -0.39572165393633
-1.58144081314699, 2.08855078098206E-16, -0.411748916587508
-1.34552069698718, 0.334138858197377, -1.502819582397E-11
-1.34552069698324, 0.324009923111219, -0.027658980880549
-1.34552069698314, 0.313816960946306, -0.0552944294598721
-1.34552069698314, 0.303555185004334, -0.0829043983348252
-1.34552069698314, 0.293219313604146, -0.110486713569811
-1.34552069698314, 0.282804043529928, -0.138039143916909
-1.34552069698314, 0.272303361688416, -0.165559133711456
-1.34552069698314, 0.261710358116722, -0.193043716806344
-1.34552069698314, 0.251018080928684, -0.220489834456101
-1.34552069698314, 0.225301238476302, -0.225971600292224
-1.34552069698314, 0.203495267669331, -0.244640189147405
-1.34552069698314, 0.182178758317988, -0.264967525069219
-1.34552069698314, 0.16052039550368, -0.284930229657918
-1.34552069698314, 0.138526212205623, -0.304522314702226
-1.34552069698314, 0.116203562164847, -0.323739326810941
-1.34552069698314, 0.0935610438315909, -0.342578407165233
-1.34552069698314, 0.070608361928002, -0.361038354062358
-1.34552069698314, 0.0473561959128707, -0.379119629453186
-1.34552069698314, 0.0238160307193236, -0.396824351225631
-1.34552069698314, 2.50124346530915E-16, -0.414156236572343
-1.26515265051962, 0.324556405382987, -1.50281884090103E-11
-1.26515265051759, 0.314386565163975, -0.0271560884784752
-1.26515265051759, 0.304141529151247, -0.0542838973838392
-1.26515265051759, 0.293815561227483, -0.0813810012507601
-1.26515265051759, 0.28340254519228, -0.108444771223995
-1.26515265051759, 0.272896429310181, -0.135472534400619
-1.26515265051759, 0.262295304779413, -0.162463173988784
-1.26515265051759, 0.251603226249339, -0.189417914767995
-1.26515265051759, 0.240829474230794, -0.216340117921128
-1.26515265051759, 0.215684724698047, -0.222042775961672
-1.26515265051759, 0.194767483963943, -0.24089299711981
-1.26515265051759, 0.174446718398923, -0.261579383282017
-1.26515265051759, 0.153784223260842, -0.281924437979157
-1.26515265051759, 0.13278303297367, -0.301919674252652
-1.26515265051759, 0.111447572332319, -0.321557835695291
-1.26515265051759, 0.0897836112652242, -0.340833001813036
-1.26515265051759, 0.0677981813209668, -0.359740680756893
-1.26515265051759, 0.0454994726834122, -0.378277870528329
-1.26515265051759, 0.0228967078218894, -0.396443093595098
-1.26515265051759, 2.55063199594242E-16, -0.414236400839662
-1.17478460405208, 0.312962783785915, -1.50283112015529E-11
-1.17478460405205, 0.302721956952997, -0.0265365759233683
-1.17478460405205, 0.292392399530036, -0.0530387336936083
-1.17478460405205, 0.281972690904282, -0.0795055857454038
-1.17478460405205, 0.271469084997336, -0.105939253257706
-1.17478460405205, 0.260890273661262, -0.132342914012861
-1.17478460405205, 0.250242995455166, -0.158719044171891
-1.17478460405205, 0.239531702182148, -0.185069242196376
-1.17478460405205, 0.228757935407657, -0.211393958563243
-1.17478460405205, 0.204418342172764, -0.217518130833485
-1.17478460405205, 0.184370190770003, -0.236163203640208
-1.17478460405205, 0.165204608817055, -0.257180544081064
-1.17478460405205, 0.14570491506255, -0.277888264418821
-1.17478460405205, 0.125870987871822, -0.298276063295593
-1.17478460405205, 0.105703976702843, -0.318334432176511
-1.17478460405205, 0.0852063065488602, -0.338054766997868
-1.17478460405205, 0.0643816420447266, -0.357429486004418
-1.17478460405205, 0.0432348638196255, -0.376452100245269
-1.17478460405205, 0.0217719691312844, -0.395117317397743
-1.17478460405205, 2.32203992711702E-16, -0.413421081703537
-1.08441655758731, 0.300305339629857, -1.50280734193898E-11
-1.08441655758651, 0.290000320739634, -0.0258539340907118
-1.08441655758651, 0.279628054700974, -0.0516809678238214
-1.08441655758651, 0.269193138172713, -0.0774827518277478
-1.08441655758651, 0.258698885456385, -0.10326045950953
-1.08441655758651, 0.248145878013435, -0.129014169758257
-1.08441655758651, 0.237534101635827, -0.154743718687588
-1.08441655758651, 0.226860738697354, -0.180447782154108
-1.08441655758651, 0.216121891079391, -0.206124553734623
-1.08441655758651, 0.192769183110181, -0.21286527433257
-1.08441655758651, 0.173340976187957, -0.230666402893911
-1.08441655758651, 0.155365809657031, -0.251914906690225
-1.08441655758651, 0.137072042366428, -0.272889726233274
-1.08441655758651, 0.1184570592649, -0.293579974901582
-1.08441655758651, 0.099519205783976, -0.313975105895244
-1.08441655758651, 0.0802578404999666, -0.3340649779411
-1.08441655758651, 0.0606733381525878, -0.353839961555136
-1.08441655758651, 0.0407670958425405, -0.373291023546089
-1.08441655758651, 0.0205415191896507, -0.392409812719159
-1.08441655758651, 2.63227864668119E-16, -0.411188733012094
-0.994048511125995, 0.286626553958705, -1.50283466185218E-11
-0.994048511121133, 0.276372538346535, -0.0251241200151442
-0.994048511120967, 0.266064036709972, -0.0502259334781472
-0.994048511120967, 0.255699952425826, -0.0753048483492834
-0.994048511120966, 0.245277036348497, -0.100359368801619
-0.994048511120967, 0.23479175346574, -0.125387851932258
-0.994048511120967, 0.224238900936292, -0.150387918849906
-0.994048511120967, 0.21361227963793, -0.175356717632662
-0.994048511120966, 0.202905460608398, -0.200291228353282
-0.994048511120966, 0.180881064521754, -0.20806785865058
-0.994048511120966, 0.161672592622039, -0.224121129648337
-0.994048511120966, 0.144922624375342, -0.245470455580687
-0.994048511120966, 0.127876603521891, -0.266584135975191
-0.994048511120966, 0.110530513211428, -0.287451970851849
-0.994048511120966, 0.0928808735181982, -0.308063692439456
-0.994048511120966, 0.0749247854060455, -0.328408996464139
-0.994048511120967, 0.0566599656649249, -0.348477585874916
-0.994048511120967, 0.0380847689378654, -0.368259228416766
-0.994048511120967, 0.0191982093907753, -0.387743811914264
-0.994048511120967, 2.63545378292272E-16, -0.406921379303164
-0.903680464658866, 0.272149122739712, -1.50280513737935E-11
-0.903680464655424, 0.26201271490401, -0.0242921037930354
-0.903680464655424, 0.251816513784055, -0.0485591698359151
-0.903680464655424, 0.241555151154731, -0.0727987526899663
-0.903680464655424, 0.231223070364704, -0.0970082749133923
-0.903680464655424, 0.220814040527288, -0.12118481009153
-0.903680464655425, 0.210321222448277, -0.145325096098496
-0.903680464655425, 0.199737636037108, -0.169425722769502
-0.903680464655425, 0.189056300171629, -0.193483183952189
-0.903680464655425, 0.168973001119434, -0.203110207449674
-0.903680464655424, 0.149382537511024, -0.216173475807589
-0.903680464655424, 0.133893906950589, -0.237456019523472
-0.903680464655424, 0.118137242073808, -0.258540882372479
-0.903680464655425, 0.102108488879686, -0.279419639611088
-0.903680464655424, 0.0858034286773511, -0.300083325842732
-0.903680464655424, 0.0692180234815946, -0.320522668141442
-0.903680464655425, 0.0523484415775393, -0.340728088947726
-0.903680464655425, 0.0351910849685882, -0.360689711222359
-0.903680464655425, 0.0177426184176005, -0.380397366403069
-0.903680464655425, 2.59159490895081E-16, -0.399840605389498
-0.813312418193459, 0.256820678648693, -1.50281976922043E-11
-0.813312418190755, 0.246835380605907, -0.0232900671732927
-0.813312418189937, 0.236776045629664, -0.0465482505523565
-0.813312418189882, 0.226636539462433, -0.0697715928702161
-0.813312418189882, 0.216410349700295, -0.0929568943600472
-0.813312418189882, 0.206091045147899, -0.116100897136296
-0.813312418189882, 0.19567249705973, -0.139200393006957
-0.813312418189882, 0.185148869948097, -0.162252204260503
-0.813312418189882, 0.174514659375993, -0.185253207377853
-0.813312418189882, 0.157276202571631, -0.197979386228108
-0.813312418189882, 0.136482032217331, -0.206451960673548
-0.813312418189882, 0.12230269981292, -0.227453708395886
-0.813312418189882, 0.107882500323445, -0.248290807704299
-0.813312418189882, 0.093220433618657, -0.268958423899479
-0.813312418189882, 0.0783145297540107, -0.289450868254196
-0.813312418189882, 0.0631618560752769, -0.309761515465686
-0.813312418189882, 0.0477585105128835, -0.329882707151755
-0.813312418189882, 0.0320999621458106, -0.349805930613948
-0.813312418189882, 0.0161818670807109, -0.369522388886564
-0.813312418189882, 2.47878579487798E-16, -0.389022930756028
-0.722944371724339, 0.24037985336841, -1.50280823858975E-11
-0.722944371724339, 0.230583360897608, -0.0220525785832119
-0.722944371724339, 0.220698975141375, -0.0440658988923734
-0.722944371724339, 0.210721194750368, -0.066037041472004
-0.722944371724339, 0.200644650758181, -0.0879630625312181
-0.722944371724339, 0.190464115324217, -0.109840993379536
-0.72294437172434, 0.180174879592281, -0.131668008377382
-0.722944371724339, 0.169773238668915, -0.153441679019528
-0.72294437172434, 0.159255765839446, -0.175159633644366
-0.72294437172434, 0.146036658239274, -0.19266307053261
-0.722944371724339, 0.122974061636563, -0.194577729026701
-0.722944371724339, 0.110177032383294, -0.215035460477471
-0.722944371724339, 0.097162288422377, -0.235355379732998
-0.722944371724339, 0.0839314168580272, -0.255535236910457
-0.722944371724339, 0.0704852169890295, -0.275572259893236
-0.72294437172434, 0.0568237311893161, -0.295463121525693
-0.722944371724339, 0.0429462623485656, -0.315203901876917
-0.722944371724339, 0.0288513871582098, -0.334790032483459
-0.722944371724339, 0.0145369359973627, -0.354216262619284
-0.72294437172434, 1.99510800943208E-16, -0.373476561633689
-0.632576325258797, 0.222447650890183, -1.50282994848342E-11
-0.632576325258797, 0.212910460684433, -0.0205301526014466
-0.632576325258797, 0.203277533766792, -0.041015565461692
-0.632576325258797, 0.193545095873061, -0.0614538830044166
-0.632576325258797, 0.183709452415828, -0.0818427324151591
-0.632576325258797, 0.173767229436281, -0.102179822825865
-0.632576325258797, 0.163715879695816, -0.122463198444758
-0.632576325258797, 0.153552987708574, -0.14269091510849
-0.632576325258797, 0.143277019038479, -0.162861421915691
-0.632576325258797, 0.132887869466716, -0.182973866830813
-0.632576325258797, 0.112787501924034, -0.187155013496615
-0.632576325258797, 0.0974680604558808, -0.199860928795414
-0.632576325258797, 0.0859473030422238, -0.219347183132101
-0.632576325258797, 0.0742333857094436, -0.238717938861307
-0.632576325258797, 0.0623289175221649, -0.257972177742351
-0.632576325258797, 0.050235925231506, -0.277108574068572
-0.632576325258797, 0.0379558756726794, -0.296125478610126
-0.632576325258797, 0.0254896975850767, -0.315020889577487
-0.632576325258797, 0.0128377863848721, -0.333792436211593
-0.632576325258797, 1.42765527793009E-16, -0.352437360644978
-0.542208278793769, 0.20259862878201, -1.50281011696297E-11
-0.54220827879341, 0.193442990730252, -0.0186874421334828
-0.542208278793275, 0.184192963760255, -0.0373283421056799
-0.542208278793255, 0.174846199601469, -0.0559209239051154
-0.542208278793255, 0.165400384462421, -0.0744633826053917
-0.542208278793255, 0.155853850188457, -0.0929541767830086
-0.542208278793255, 0.146205522230747, -0.11139206593801
-0.542208278793255, 0.136454746066071, -0.12977598109461
-0.542208278793255, 0.126601281580653, -0.148105061921439
-0.542208278793255, 0.116645386737035, -0.166378710051625
-0.542208278793255, 0.10473989753685, -0.181456293351706
-0.542208278793254, 0.0840640248538956, -0.181680618610562
-0.542208278793255, 0.0741312584105613, -0.199966789655375
-0.542208278793255, 0.064028182937273, -0.21815942017319
-0.542208278793255, 0.0537583074640586, -0.236258420483161
-0.542208278793255, 0.0433247033213858, -0.254263532306311
-0.542208278793255, 0.0327300167708009, -0.272174337034741
-0.542208278793255, 0.0219764944258958, -0.289990233085946
-0.542208278793255, 0.0110659976186737, -0.307710424943513
-0.542208278793255, 5.64657258120328E-17, -0.325333931198246
-0.463687069166019, 0.183457280471262, -3.00564115196676E-11
-0.466830293365411, 0.17487943569322, -0.0182067160481605
-0.469997411522607, 0.166236384411229, -0.0363784107700085
-0.473188561761766, 0.157527749685076, -0.0545145587419903
-0.476403801733954, 0.148753374185257, -0.0726147295881587
-0.479643111189447, 0.13991331317318, -0.0906786110989489
-0.482906391810987, 0.131007834956204, -0.108706008468988
-0.48619344284683, 0.122037487384937, -0.126696890708203
-0.489503696926954, 0.113003818809635, -0.144651801284324
-0.492836407542592, 0.10390886644938, -0.162571582966053
-0.49659839759684, 0.0936424124216592, -0.178508666506175
-0.503521924476891, 0.0747481385403493, -0.179348547625745
-0.506712004103967, 0.0660424255097809, -0.197486184473131
-0.509970487165788, 0.0571500398118136, -0.215520809551442
-0.513296345563249, 0.0480737871243077, -0.233451242878502
-0.516688726592753, 0.0388159944715649, -0.251276088633372
-0.520146948749724, 0.0293785216765224, -0.268993735703341
-0.523670493506213, 0.0197627837996361, -0.28660232578313
-0.527259002020737, 0.00996976011770594, -0.304099737356736
-0.530912272985062, 2.51587705456534E-17, -0.321483564668042
-0.405940264575886, 0.168078073538195, -3.00563976305745E-11
-0.411565211523386, 0.160001946370915, -0.0179491142898055
-0.417220156351067, 0.151882749162734, -0.0358693486618442
-0.422904883538768, 0.143720791350925, -0.0537607121942282
-0.42861919741109, 0.135516353880251, -0.071623197797421
-0.434362901027434, 0.127269719512014, -0.089456802870375
-0.440134957581615, 0.118982376860896, -0.107262361473413
-0.44593414224696, 0.110656084495654, -0.125040914183824
-0.451759236965745, 0.102292591266394, -0.142793516725651
-0.457609030181555, 0.093893636688846, -0.160521239240182
-0.464115117680549, 0.0845523948080353, -0.176380995060778
-0.475668174569452, 0.0679648682986397, -0.17753132908539
-0.481134603372712, 0.0601163366452658, -0.195629612201474
-0.48673245521578, 0.0520791118020514, -0.21360448995884
-0.492459989462427, 0.0438556929213757, -0.231453862263017
-0.498315803615409, 0.0354480936659807, -0.249175346848947
-0.504298824577236, 0.0268578547564933, -0.266766271315008
-0.5104082931486, 0.018086066228112, -0.284223631875503
-0.516643757214322, 0.00913337721401221, -0.301544067012528
-0.523005068919327, 2.27499110466302E-17, -0.318723830030476
-0.360101986440933, 0.154995878412659, -3.00567554077797E-11
-0.367707071922152, 0.14739079293144, -0.0177290195494434
-0.375340370978602, 0.13975749387499, -0.0354337690460929
-0.38300143505011, 0.132096429803482, -0.0531145193574353
-0.39068899690951, 0.124408867944081, -0.0707722524373032
-0.398401785008596, 0.116696079844996, -0.0884079675809247
-0.406138536288659, 0.108959328564932, -0.106022681298159
-0.413897989628615, 0.101199875224977, -0.123617412349313
-0.421678889800031, 0.0934189750535609, -0.141193190861755
-0.429479986153575, 0.0856178787000167, -0.15875105542819
-0.437974834322257, 0.0771230305313343, -0.174652046531838
-0.452621515129102, 0.0624763497244897, -0.175622814597132
-0.459806176956828, 0.0552916878967635, -0.193690956296166
-0.4671692569057, 0.0479286079478919, -0.211622925489947
-0.474713631123464, 0.0403842337301277, -0.229403545769332
-0.482437232522888, 0.0326606323307042, -0.247029592494617
-0.490338442975518, 0.0247594218780737, -0.264497487191099
-0.498416070079358, 0.016681794774234, -0.28180324885318
-0.506669335581909, 0.00842852927168282, -0.298942460434779
-0.515097864853592, 2.04131373153548E-17, -0.315910225568183
-0.317117627125186, 0.141961561133309, -3.00575198156765E-11
-0.326609157236001, 0.134872536424699, -0.0175082632512297
-0.336122468397757, 0.127767243906105, -0.0349981013048731
-0.345656330972517, 0.120646601968305, -0.052470497775182
-0.355209519197347, 0.113511526107917, -0.0699264426556202
-0.364780810975972, 0.10636292908301, -0.087366931955986
-0.374368987659735, 0.0992017210766985, -0.10479296731411
-0.383972833821264, 0.0920288098661881, -0.122205555616909
-0.393590918651346, 0.0848452640928605, -0.139605895997476
-0.403220563694896, 0.0776530842386255, -0.156996275938442
-0.413468105783561, 0.0699994100447996, -0.173017877413161
-0.430380942592539, 0.0573675670614517, -0.174147162346555
-0.439387529267077, 0.0506407364313424, -0.191748187020694
-0.448395318694984, 0.0439130074899754, -0.209649872671395
-0.45763356262156, 0.0370131569184595, -0.227367663220264
-0.467099133664896, 0.0299435204927323, -0.244897533516412
-0.476789450857559, 0.0227060258832187, -0.262235053480873
-0.486702447093303, 0.0153022169682079, -0.279375332835683
-0.496836550284367, 0.00773326790706605, -0.296312980975938
-0.507190660787857, 1.81562295530217E-17, -0.313042050064932
-0.274037587070898, 0.128093553284226, -3.00555914824148E-11
-0.285451087909947, 0.121602886529049, -0.0172768898777439
-0.296877396341483, 0.115104936310547, -0.0345425680579342
-0.308315353392859, 0.108600361717051, -0.0517980407211448
-0.319763796370831, 0.102089823952736, -0.0690443082769345
-0.331221568359889, 0.095573980936074, -0.0862823797380003
-0.342687494843685, 0.0890535005948393, -0.103513269373623
-0.3541595673661, 0.0825295251043856, -0.120738744021448
-0.36563537370014, 0.0760034262578006, -0.137960927938169
-0.377112502458835, 0.0694765753704647, -0.155181946638447
-0.389061570060783, 0.0626813407677749, -0.171377973143991
-0.407892512606208, 0.0519724991536325, -0.172644438529918
-0.418731049580767, 0.0458088047177548, -0.18988650490925
-0.429421090924838, 0.039729557259688, -0.207764996744213
-0.440390670085031, 0.0334913413277487, -0.225417984734481
-0.451634947826856, 0.0270969089135372, -0.24284074157456
-0.463149714114217, 0.020548654194064, -0.260028108210398
-0.474931345739792, 0.0138486376266458, -0.276974433304816
-0.48697677476225, 0.00699860389813097, -0.293673521984285
-0.499283456722122, 1.59872225710275E-17, -0.310118576406618
-0.229114423212007, 0.112699422132954, -3.0060531414581E-11
-0.242558550940517, 0.106922197786983, -0.0170322682949197
-0.256005915367998, 0.101143582563414, -0.034061508352035
-0.269455673658913, 0.0953639386463972, -0.051088509755264
-0.282906286451112, 0.0895839275322125, -0.0681147140131132
-0.296356161833001, 0.0838042332987421, -0.085141608491126
-0.309803707767967, 0.0780255400775905, -0.102170680396338
-0.323247332016666, 0.0722485320874812, -0.119203416679155
-0.336685348476975, 0.0664739338819455, -0.136241392986058
-0.35011507158575, 0.060702899503931, -0.153287118523255
-0.36384178473251, 0.0548042422624177, -0.169670755912673
-0.384432580814839, 0.0459559442670431, -0.171065663200684
-0.397090206659072, 0.0405166963168463, -0.1882486722374
-0.409606660951414, 0.0351381127506105, -0.206098346566408
-0.422452178098269, 0.0296181239572872, -0.22366890358538
-0.43561923335739, 0.023959963476826, -0.240955201109696
-0.449101014911677, 0.0181665584902528, -0.257951682306073
-0.46289137242491, 0.0122405519263515, -0.274652308295404
-0.476984771525878, 0.00618432202079067, -0.291050494936966
-0.491376252656387, 1.39144190239685E-17, -0.307139050321892
-0.180952201749233, 0.0950331669487412, -3.00516906096065E-11
-0.196587764535927, 0.0901213841367765, -0.0167808182811949
-0.212217889393045, 0.0852113096054403, -0.0335672040982031
-0.22784146760831, 0.0803032916475305, -0.0503602833498634
-0.243457459327727, 0.0753976569245839, -0.0671611096118866
-0.25906484262193, 0.0704947264672648, -0.0839707247434264
-0.274661664400702, 0.0655951138227207, -0.100791109912166
-0.290245845473567, 0.0606994721514541, -0.117624359065729
-0.305815306814492, 0.0558084545623092, -0.134472566502232
-0.321367962105506, 0.0509227164548312, -0.151337818872804
-0.337068948398439, 0.045990381389147, -0.167844659172334
-0.359399625128781, 0.0389753838709907, -0.16936879805591
-0.37380012057376, 0.0344515872558402, -0.187090079503623
-0.388387733495412, 0.0298690092320328, -0.204876882093644
-0.403353078257607, 0.0251677698727034, -0.222315524872921
-0.418684588188415, 0.0203515027522328, -0.23940114004371
-0.434371533802462, 0.0154235784497657, -0.256128528747412
-0.4504039656144, 0.0103871225138855, -0.272492079958049
-0.466772655522929, 0.00524503387633966, -0.288485689453414
-0.483469048590652, 1.19464035125991E-17, -0.304102689041256
-0.128308315237233, 0.0741766842518399, -3.0012137297698E-11
-0.146334993733879, 0.0703260128369287, -0.0165429822266495
-0.164350951604028, 0.0664776314506552, -0.0330981700035062
-0.182355028566281, 0.0626317879402542, -0.0496668681477699
-0.20034605953602, 0.0587887311789743, -0.066250377163705
-0.21832287689851, 0.0549487105805205, -0.0828499953776166
-0.236284309591331, 0.0511119762950576, -0.0994670181035631
-0.254229075601922, 0.0472788021727639, -0.116102859568358
-0.272155296985182, 0.0434495893607233, -0.132759598439306
-0.290060905051005, 0.0396247797509832, -0.149439497397163
-0.308066748681296, 0.0357785588633456, -0.16585094631567
-0.331623076457805, 0.0307467013291826, -0.168809574412861
-0.34819607061132, 0.0272065508317794, -0.186871391399532
-0.365208686968956, 0.0235724928153017, -0.204500677728748
-0.382642512256332, 0.0198484605317532, -0.221694329916735
-0.40048027231665, 0.0160381439066973, -0.23844918251214
-0.418705778254017, 0.0121450010435584, -0.254761891130512
-0.437303866910804, 0.0081722709382314, -0.270628820772908
-0.456260326431499, 0.0041229893793549, -0.286045929948816
-0.475561844524917, 1.00920576276248E-17, -0.301008679868084
-0.0702009857844103, 0.048970879507929, -3.32624507059729E-11
-0.0908370176325096, 0.0464282821075303, -0.01636293413269
-0.111462685512852, 0.0438869616676281, -0.0327391276276497
-0.132077310330054, 0.0413470018606151, -0.0491294291683249
-0.152680038117928, 0.0388085079049858, -0.0655349117212479
-0.173270004268359, 0.0362715863304436, -0.0819566509630543
-0.19384634259817, 0.0337363438607572, -0.0983957214456852
-0.21440819510372, 0.0312028862118823, -0.114853182120537
-0.23495440217591, 0.0286713562610494, -0.131330473782162
-0.255483401823339, 0.0261419464636349, -0.147829511237723
-0.276267107034718, 0.0235811539997498, -0.163647113634917
-0.300229681872965, 0.0206286880925895, -0.170613404978097
-0.319661174946414, 0.0182345037775964, -0.188409371388121
-0.339568454255064, 0.0157816971046969, -0.205663288765467
-0.359925441258492, 0.0132734812511903, -0.222376086556916
-0.380707707848452, 0.0107128660420753, -0.238548846230138
-0.401892407048097, 0.00810266648870492, -0.254182608958186
-0.423458192814095, 0.00544551267009263, -0.269278201313443
-0.445385138334084, 0.0027438597996089, -0.283836079560735
-0.467654640459182, 8.36057601210911E-18, -0.297856178654372
-0.00376125774912811, 0.0142142838130083, -8.24752552711083E-06
-0.0278099275206608, 0.014299880898349, -0.0156470192791355
-0.0517404913594285, 0.0141955148601584, -0.0314658438466925
-0.0755580084029467, 0.0139167201985514, -0.0474523078024122
-0.0992691196126559, 0.0134809509253068, -0.0635927262809642
-0.122882029526565, 0.012907463856035, -0.0798722359369402
-0.146406433988442, 0.0122171556676917, -0.0962749063392583
-0.169853405847027, 0.0114323560075548, -0.11278387592231
-0.193235229760049, 0.0105765813837195, -0.129381502007746
-0.216565185387095, 0.00967425647269727, -0.146049517407824
-0.240443927317363, 0.00872705978411049, -0.161143300141433
-0.264280831730386, 0.00777848358132297, -0.175454428252987
-0.287239960486711, 0.00686483796695295, -0.192627355987972
-0.310682504407566, 0.00593195511821519, -0.209133309512575
-0.334574243198137, 0.00498119681244805, -0.224981147135762
-0.358883636095738, 0.00401381819631714, -0.240179624010756
-0.38358158468859, 0.00303097722481745, -0.254737240724256
-0.408641202595602, 0.0020337438264046, -0.268662121524514
-0.434037540043838, 0.0010231108632549, -0.281962048242452
-0.459747436393447, 6.76148352796898E-18, -0.294644308173352
