-4.80301055742272, 0.408214185984839, -2.21701546010422E-11
-4.80301055742272, 0.39945223982547, -0.0292099587300021
-4.80301055742272, 0.390690293666102, -0.0584199174378341
-4.80301055742272, 0.381928347506733, -0.087629876145666
-4.80301055742272, 0.373166401347364, -0.116839834853498
-4.80301055742272, 0.364404455187996, -0.14604979356133
-4.80301055742272, 0.355642509028627, -0.175259752269162
-4.80301055742272, 0.346880562869259, -0.204469710976994
-4.80301055742272, 0.330971398288328, -0.224073917104896
-4.80301055742272, 0.300632232189775, -0.225927139676108
-4.80301055742272, 0.270569008970797, -0.231045342280427
-4.80301055742272, 0.24050578575182, -0.236163544884746
-4.80301055742272, 0.210442562532842, -0.241281747489065
-4.80301055742272, 0.180379339313865, -0.246399950093383
-4.80301055742272, 0.150316116094888, -0.251518152697702
-4.80301055742272, 0.12025289287591, -0.256636355302021
-4.80301055742272, 0.0901896696569327, -0.26175455790634
-4.80301055742272, 0.0601264464379553, -0.266872760510658
-4.80301055742272, 0.0300632232189778, -0.271990963114977
-4.80301055742272, 1.95215988938465E-16, -0.277109165719296
-4.70695034627427, 0.410028760693838, -1.10850393398197E-11
-4.70695034627427, 0.401244077034258, -0.0293037092893342
-4.70695034627427, 0.392459530720315, -0.0586074597427529
-4.70695034627427, 0.383675126474012, -0.0879112527816992
-4.70695034627427, 0.374890869015646, -0.117215089822237
-4.70695034627427, 0.366106763065224, -0.146518972281391
-4.70695034627427, 0.357322813343735, -0.175822901572912
-4.70695034627427, 0.348539024572167, -0.205126879110549
-4.70695034627427, 0.331980763114701, -0.223984166492483
-4.70695034627427, 0.301554133216386, -0.225936076907132
-4.70695034627427, 0.271398703583658, -0.231086621365247
-4.70695034627427, 0.24124327757654, -0.236237187051074
-4.70695034627427, 0.211087855194667, -0.241387773962347
-4.70695034627427, 0.180932436437839, -0.246538382096771
-4.70695034627427, 0.150777021305539, -0.251689011452105
-4.70695034627427, 0.120621609797425, -0.256839662026079
-4.70695034627427, 0.0904662019131565, -0.261990333816421
-4.70695034627427, 0.0603107976523906, -0.267141026820862
-4.70695034627427, 0.0301553970147859, -0.272291741037129
-4.70695034627427, 2.08531308121867E-16, -0.277442476462952
-4.61089013512582, 0.411843329279435, -1.10850730887566E-11
-4.61089013512582, 0.403042551135272, -0.0294017201565254
-4.61089013512582, 0.394242205925984, -0.0588035699018907
-4.61089013512582, 0.385442306519282, -0.0882055531223361
-4.61089013512582, 0.37664286580046, -0.117607673634281
-4.61089013512581, 0.367843896655942, -0.147009935250363
-4.61089013512581, 0.359045411967121, -0.176412341800024
-4.61089013512581, 0.350247424615393, -0.205814897112706
-4.61089013512581, 0.33300080286304, -0.223870390182683
-4.61089013512581, 0.302486874325386, -0.225945321524397
-4.61089013512581, 0.272238195252024, -0.23113495140938
-4.61089013512581, 0.241989514300116, -0.236324570345049
-4.61089013512581, 0.211740831477516, -0.241514178377136
-4.61089013512581, 0.181492146792116, -0.246703775551366
-4.61089013512581, 0.151243460251729, -0.251893361913475
-4.61089013512581, 0.120994771864213, -0.257082937509196
-4.61089013512581, 0.0907460816374244, -0.262272502384258
-4.61089013512581, 0.060497389579221, -0.267462056584392
-4.61089013512581, 0.0302486956974607, -0.272651600155329
-4.61089013512581, 2.08253326567315E-16, -0.277841133142799
-4.51482992397736, 0.413657970472513, -1.10850909628447E-11
-4.51482992397736, 0.404844244704221, -0.0295011546317868
-4.51482992397736, 0.39603122458747, -0.059002520109223
-4.51482992397736, 0.387218925049044, -0.0885041008126748
-4.51482992397736, 0.378407360990282, -0.118005901196599
-4.51482992397736, 0.369596547310274, -0.147507925722999
-4.51482992397736, 0.360786498923154, -0.177010178803516
-4.51482992397736, 0.351977230743056, -0.206512664849789
-4.51482992397736, 0.33401149841576, -0.223724767398818
-4.51482992397736, 0.303411805599289, -0.225941830906442
-4.51482992397736, 0.273070738183091, -0.231178195654544
-4.51482992397736, 0.242729645065717, -0.236414411505623
-4.51482992397736, 0.212388526456268, -0.241650479660777
-4.51482992397736, 0.182047382570196, -0.246886401320012
-4.51482992397736, 0.15170621360884, -0.252122177685767
-4.51482992397736, 0.121365019781549, -0.257357809959099
-4.51482992397736, 0.0910238012976709, -0.262593299341066
-4.51482992397736, 0.0606825583665546, -0.267828647032725
-4.51482992397736, 0.0303412911975483, -0.273063854235133
-4.51482992397736, 1.80066554837187E-16, -0.278298922149348
-4.41876971282891, 0.41548278583636, -1.10850757138467E-11
-4.4187697128289, 0.406655459532374, -0.0295992277814231
-4.41876971282891, 0.397828635945166, -0.059198605467641
-4.41876971282891, 0.389002289161188, -0.0887981253404917
-4.41876971282891, 0.380176381490242, -0.11839777617901
-4.41876971282891, 0.371350874262146, -0.14799754641962
-4.41876971282891, 0.362525728805776, -0.177597424501895
-4.41876971282891, 0.353700906447375, -0.20719739887425
-4.4187697128289, 0.334994306650159, -0.223539526894845
-4.4187697128289, 0.304311883654306, -0.225915523972941
-4.4187697128289, 0.273881038096729, -0.231206989801472
-4.4187697128289, 0.243450113858912, -0.2364980033612
-4.4187697128289, 0.21301911188021, -0.24178856993807
-4.41876971282891, 0.1825880331498, -0.247078694809361
-4.4187697128289, 0.152156878534714, -0.25236838327359
-4.41876971282891, 0.121725648972405, -0.25765764061703
-4.41876971282891, 0.0912943454003254, -0.262946472125953
-4.4187697128289, 0.0608629687559294, -0.268234883086632
-4.41876971282891, 0.0304315199766701, -0.273522878785337
-4.41876971282891, 2.07260507311557E-16, -0.278810464508343
-4.32270950168044, 0.417377159794492, -1.10850644319502E-11
-4.32270950168044, 0.408524430638981, -0.0296917194078625
-4.32270950168044, 0.399671184639149, -0.059383284735546
-4.32270950168045, 0.390817332271636, -0.0890746693440737
-4.32270950168045, 0.381962784050712, -0.118765846457157
-4.32270950168045, 0.373107450490514, -0.148456789298974
-4.32270950168045, 0.364251242096748, -0.178147471121978
-4.32270950168045, 0.355394069375119, -0.207837865178619
-4.32270950168045, 0.335938340859524, -0.223306840411098
-4.32270950168045, 0.305176943730499, -0.225855323645975
-4.32270950168045, 0.274659997955558, -0.231211163963788
-4.32270950168045, 0.244142878644191, -0.236566016516204
-4.32270950168045, 0.213625588511403, -0.241919896139932
-4.32270950168045, 0.183108130465515, -0.24727281763778
-4.32270950168045, 0.152590506882427, -0.25262479590595
-4.32270950168045, 0.122072720450452, -0.257975845785827
-4.32270950168045, 0.0915547738579071, -0.263325982118796
-4.32270950168045, 0.0610366697931066, -0.268675219746244
-4.32270950168045, 0.0305184109443659, -0.274023573509555
-4.32270950168045, 2.06588869330606E-16, -0.279371058250116
-4.226649290532, 0.41931822851246, -1.10851627367707E-11
-4.226649290532, 0.410425472741163, -0.029775618325776
-4.226649290532, 0.401530701556408, -0.0595506350271612
-4.226649290532, 0.392633755601117, -0.089325002860221
-4.226649290532, 0.383734475869167, -0.119098673394909
-4.226649290532, 0.374832703347171, -0.148871598225744
-4.226649290532, 0.365928278951854, -0.178643729181151
-4.226649290532, 0.357021043599945, -0.208415018089558
-4.226649290532, 0.336819078502473, -0.223018777013296
-4.226649290532, 0.305984622984072, -0.225752347816413
-4.226649290532, 0.275387550116574, -0.231182602170996
-4.226649290532, 0.244790152019451, -0.236611027534321
-4.226649290532, 0.214192434995473, -0.242037656960673
-4.226649290532, 0.183594405879602, -0.247462523410034
-4.226649290532, 0.152996069795163, -0.252885660145857
-4.226649290532, 0.122397432889457, -0.258307100249959
-4.226649290532, 0.0917985013097855, -0.263726876804155
-4.226649290532, 0.0611992812034512, -0.269145022890261
-4.226649290532, 0.0305997787177555, -0.274561571590094
-4.226649290532, 1.78070161214531E-16, -0.279976555985468
-4.13058907938354, 0.421266340289549, -1.10851920054983E-11
-4.13058907938354, 0.412319285708433, -0.0298485923169591
-4.13058907938354, 0.403368243312065, -0.0596959903964634
-4.13058907938354, 0.394412967202978, -0.0895421215741081
-4.13058907938354, 0.385453212675544, -0.119386909198837
-4.13058907938354, 0.376488734982153, -0.149230276761055
-4.13058907938354, 0.367519289158784, -0.179072148472616
-4.13058907938354, 0.358544630241416, -0.208912448545376
-4.13058907938354, 0.337609186494906, -0.222667346698881
-4.13058907938354, 0.306710058387218, -0.22559814653168
-4.13058907938354, 0.276041386106932, -0.231113646948344
-4.13058907938354, 0.245372162347614, -0.236626090813153
-4.13058907938354, 0.214702399947285, -0.242135541890992
-4.13058907938354, 0.184032112880738, -0.24764206374294
-4.13058907938354, 0.15336131064277, -0.253145720734417
-4.13058907938354, 0.122690005465334, -0.258646576739009
-4.13058907938354, 0.0920182095803858, -0.264144695630304
-4.13058907938354, 0.0613459352198779, -0.269640141281886
-4.13058907938354, 0.0306731946157648, -0.275132977567343
-4.13058907938354, 2.04988125834969E-16, -0.28062326836026
-4.03452886823508, 0.423181167985456, -1.10851234705632E-11
-4.03452886823508, 0.414165954981417, -0.029908314179141
-4.03452886823508, 0.405144328443785, -0.0598146978938052
-4.03452886823509, 0.396115943493842, -0.0897190420747146
-4.03452886823509, 0.387080454720039, -0.119621239402613
-4.03452886823509, 0.37803751609014, -0.149521184601307
-4.03452886823509, 0.368986781983437, -0.179418771018738
-4.03452886823509, 0.359927906074378, -0.209313894314259
-4.03452886823509, 0.338281192384273, -0.222244262272461
-4.03452886823509, 0.30732827540969, -0.225384171641071
-4.03452886823509, 0.276599108756143, -0.230996616381232
-4.03452886823509, 0.245869068586029, -0.236604302601003
-4.03452886823509, 0.215138178924191, -0.242207341697818
-4.03452886823509, 0.184406465742224, -0.247805844715715
-4.03452886823509, 0.153673944839072, -0.253399924551851
-4.03452886823509, 0.122940638371719, -0.258989692943649
-4.03452886823509, 0.0922065684971507, -0.264575261628535
-4.03452886823509, 0.0614717573723517, -0.270156742343935
-4.03452886823509, 0.0307362271543068, -0.275734246827275
-4.03452886823509, 2.04091865216246E-16, -0.28130788681598
-3.93846865708658, 0.425021748465475, -1.10850703081632E-11
-3.9384686570866, 0.415925134923784, -0.0299525241081148
-3.93846865708661, 0.406819246792073, -0.059902237161656
-3.93846865708662, 0.397703624616588, -0.089848988963627
-3.93846865708663, 0.388577807748918, -0.119792633219686
-3.93846865708663, 0.379441334314955, -0.149733027624717
-3.93846865708663, 0.370293743256996, -0.179670027154368
-3.93846865708663, 0.361134572132102, -0.209603491269304
-3.93846865708663, 0.338807640168988, -0.221740983268379
-3.93846865708663, 0.307814321978188, -0.22510162288433
-3.93846865708663, 0.277038347242908, -0.230823664625367
-3.93846865708663, 0.246261069125599, -0.23653867245826
-3.93846865708663, 0.215482514759037, -0.242246830212251
-3.93846865708663, 0.184702727162279, -0.2479483187659
-3.93846865708663, 0.15392173408601, -0.253643321825607
-3.93846865708663, 0.123139573058459, -0.259332021283319
-3.93846865708663, 0.0923562816078535, -0.265014599030986
-3.93846865708663, 0.0615718972624229, -0.270691236960557
-3.93846865708663, 0.0307864575503956, -0.276362116963979
-3.93846865708663, 1.75396286301716E-16, -0.282027420933204
-3.83240844593818, 0.426918436261344, -1.10851315042685E-11
-3.83240844593818, 0.417717363543457, -0.0299806416401954
-3.83240844593818, 0.408503373071662, -0.0599573132792567
-3.83240844593818, 0.399275860952783, -0.0899298302923274
-3.83240844593818, 0.39003422766204, -0.119897993754685
-3.83240844593818, 0.380777871150274, -0.149861612856734
-3.83240844593818, 0.371506190306187, -0.179820493646953
-3.83240844593818, 0.362218584277102, -0.209774441239384
-3.83240844593818, 0.339186819629314, -0.221081573201245
-3.83240844593818, 0.308167454302171, -0.224698938060867
-3.83240844593818, 0.277358842111144, -0.230557951877853
-3.83240844593818, 0.246548266183994, -0.236406629355967
-3.83240844593818, 0.215735789280843, -0.2422452631348
-3.83240844593818, 0.184921465270712, -0.248074147532125
-3.83240844593818, 0.154105351487724, -0.253893576198589
-3.83240844593818, 0.123287508780295, -0.25970384211464
-3.83240844593818, 0.0924679952161158, -0.265505238780321
-3.83240844593818, 0.0616468686078707, -0.271298059737235
-3.83240844593818, 0.0308241865216886, -0.27708259856714
-3.83240844593818, 2.02080257479295E-16, -0.282859150067713
-3.60225791806689, 0.430285199452415, -1.10850876420897E-11
-3.60225791806697, 0.420810278993188, -0.0299534745482289
-3.60225791806702, 0.411312974931945, -0.0598998687476478
-3.60225791806704, 0.40179239185283, -0.0898388654639603
-3.60225791806704, 0.392247629523966, -0.119770162372295
-3.60225791806704, 0.382677765147324, -0.149693440683595
-3.60225791806704, 0.373081707971503, -0.17960833376301
-3.60225791806704, 0.363458344355295, -0.209514451524014
-3.60225791806704, 0.339107717164757, -0.219216943628404
-3.60225791806704, 0.308114438265244, -0.223434252201216
-3.60225791806704, 0.277320348537473, -0.229655914032243
-3.60225791806704, 0.246521992747611, -0.235856423796657
-3.60225791806704, 0.215719522522825, -0.242036484647317
-3.60225791806704, 0.184913101223197, -0.248196797327894
-3.60225791806704, 0.154102877693762, -0.254338065438454
-3.60225791806704, 0.123289003843543, -0.260460991905737
-3.60225791806704, 0.0924716303118189, -0.266566279854957
-3.60225791806704, 0.0616509065169374, -0.27265463260145
-3.60225791806704, 0.0308269807052188, -0.2787267536429
-3.60225791806704, 1.99718581305804E-16, -0.284783346652126
-3.36210739019591, 0.432202571507734, -1.10850426781464E-11
-3.36210739019591, 0.422381253918561, -0.0297668393076988
-3.36210739019591, 0.412524565657206, -0.0595219848696328
-3.36210739019591, 0.402630989549075, -0.0892648854048039
-3.36210739019591, 0.392699009807097, -0.118994983756026
-3.3621073901959, 0.382727112094427, -0.148711716656248
-3.36210739019591, 0.372713783594029, -0.178414514484526
-3.36210739019591, 0.362657513084753, -0.208102801024675
-3.36210739019591, 0.337335659367481, -0.216511088227987
-3.36210739019591, 0.306523736861822, -0.221406503894593
-3.36210739019591, 0.275905989173917, -0.228120407012488
-3.36210739019591, 0.245279561775402, -0.23479460538682
-3.36210739019591, 0.214644833612627, -0.24143059964189
-3.36210739019591, 0.184002177906287, -0.248029891283328
-3.36210739019591, 0.153351962364506, -0.254593982645966
-3.36210739019591, 0.122694549416208, -0.261124376843193
-3.36210739019591, 0.092030296435669, -0.267622577723867
-3.36210739019591, 0.0613595559696919, -0.274090089834041
-3.36210739019591, 0.0306826759655133, -0.28052841838368
-3.36210739019591, 1.69608696922706E-16, -0.286939069217996
-3.12195686232477, 0.431827324317143, -1.10850605973797E-11
-3.12195686232477, 0.421605883418142, -0.0293845746974424
-3.12195686232477, 0.411335992684311, -0.0587522510595542
-3.12195686232477, 0.401016233794586, -0.0881024407222068
-3.12195686232477, 0.390645130961073, -0.117434526706734
-3.12195686232477, 0.380221199138457, -0.146747879850275
-3.12195686232477, 0.369742954826215, -0.17604186230106
-3.12195686232477, 0.359208916092515, -0.205315827247294
-3.12195686232477, 0.333390871486511, -0.212856294683166
-3.12195686232477, 0.302954277698021, -0.218441929105528
-3.12195686232477, 0.272722983841109, -0.225790379544606
-3.12195686232477, 0.242475190559376, -0.233070620472612
-3.12195686232477, 0.2122118577346, -0.24028598953764
-3.12195686232477, 0.1819338655858, -0.24743960180068
-3.12195686232477, 0.151642028713631, -0.254534373355655
-3.12195686232477, 0.121337108771738, -0.261573042301989
-3.12195686232477, 0.0910198076835572, -0.268558191717731
-3.12195686232477, 0.060690783564532, -0.275492265233525
-3.12195686232477, 0.0303506536335837, -0.282377583956269
-3.12195686232477, 1.67576807979605E-16, -0.289216361355741
-2.88180633445388, 0.428413979087652, -1.10850616046368E-11
-2.88180633445378, 0.41779786784705, -0.0288080277914838
-2.88180633445371, 0.407126107559119, -0.0575954869007875
-2.88180633445367, 0.396397513534122, -0.0863618131632276
-2.88180633445365, 0.385610901946329, -0.115106434458435
-2.88180633445364, 0.374765089874503, -0.14382877053418
-2.88180633445363, 0.363858895347261, -0.172528232825894
-2.88180633445364, 0.352891129526728, -0.20120422634877
-2.88180633445363, 0.32701735097316, -0.208230219591996
-2.88180633445363, 0.29716840275712, -0.2144851152206
-2.88180633445363, 0.267560767670703, -0.222608628483616
-2.88180633445363, 0.237924669030341, -0.230627687079413
-2.88180633445363, 0.208261916323757, -0.238547591260151
-2.88180633445363, 0.178574169342777, -0.246373268553462
-2.88180633445363, 0.148862934736055, -0.254109322152591
-2.88180633445363, 0.119129617163121, -0.261760059368985
-2.88180633445363, 0.0893755066619872, -0.269329532269171
-2.88180633445363, 0.0596017992764401, -0.276821565749642
-2.88180633445364, 0.02980961631956, -0.28423978303835
-2.88180633445363, 1.66101337215778E-16, -0.291587634683399
-2.64165580658257, 0.421537582097943, -1.10850131646116E-11
-2.6416558065825, 0.410597672319107, -0.028063154799793
-2.6416558065825, 0.399599987094669, -0.0561037181293484
-2.6416558065825, 0.388543526400502, -0.0841211579961641
-2.6416558065825, 0.377427240924574, -0.112114915234675
-2.6416558065825, 0.366250081903688, -0.140084422747465
-2.6416558065825, 0.355011001159494, -0.168029105338948
-2.6416558065825, 0.343708951138287, -0.195948379556114
-2.6416558065825, 0.318162409357117, -0.202744332167493
-2.6416558065825, 0.289116025963856, -0.20964033350284
-2.6416558065825, 0.260378749185029, -0.218661940435194
-2.6416558065825, 0.23159547227248, -0.227535703931105
-2.6416558065825, 0.202769357766808, -0.236269308222201
-2.6416558065825, 0.173903271560245, -0.244869894155894
-2.6416558065825, 0.144999832236645, -0.253344118297736
-2.6416558065825, 0.116061440424455, -0.261698209450334
-2.6416558065825, 0.0870902966394444, -0.269938021214531
-2.6416558065825, 0.0580884410892992, -0.278069072370914
-2.6416558065825, 0.0290577572926337, -0.286096592871927
-2.6416558065825, 1.9321475912225E-16, -0.294025559134358
-2.40150527871403, 0.411133054833882, -1.10850775972366E-11
-2.40150527871256, 0.399969055658601, -0.0271752302701111
-2.40150527871176, 0.388747193350084, -0.0543266171484057
-2.40150527871143, 0.377466266163408, -0.0814535165374975
-2.40150527871136, 0.366125073519943, -0.108555275212022
-2.40150527871136, 0.354722384547244, -0.135631217326715
-2.40150527871136, 0.34325676110727, -0.162680568833242
-2.40150527871136, 0.331726689792003, -0.189702511273703
-2.40150527871136, 0.306842040990839, -0.196517942842172
-2.40150527871136, 0.278803119418944, -0.203993502807669
-2.40150527871136, 0.251187928659902, -0.214019753820611
-2.40150527871136, 0.223502114369213, -0.223849330800739
-2.40150527871136, 0.195750787118849, -0.23349241745713
-2.40150527871136, 0.167938581577437, -0.242958506623314
-2.40150527871136, 0.140069716944753, -0.252256477317074
-2.40150527871136, 0.112148044270164, -0.26139466535842
-2.40150527871136, 0.0841771080530682, -0.270380920436242
-2.40150527871136, 0.0561601505658916, -0.279222674425177
-2.40150527871136, 0.0281001838757044, -0.287926981892025
-2.40150527871136, 1.38247597764404E-16, -0.296500575976278
-2.16135475084025, 0.397270147162307, -1.10850346860383E-11
-2.16135475084024, 0.385975288386888, -0.0261584607919761
-2.16135475084023, 0.374621640720556, -0.0522914587473164
-2.16135475084023, 0.363208591226288, -0.0783985687151537
-2.16135475084023, 0.351735526445913, -0.104479359849975
-2.16135475084023, 0.340201832414748, -0.130533395537915
-2.16135475084023, 0.328606894681051, -0.156560233307022
-2.16135475084023, 0.316950099738409, -0.182559425337765
-2.16135475084023, 0.293063399100011, -0.189684329940416
-2.16135475084023, 0.266218699424435, -0.197628061928439
-2.16135475084023, 0.239983338616344, -0.208742861514042
-2.16135475084023, 0.213644658251712, -0.219610588930676
-2.16135475084023, 0.18721021367688, -0.230243288889564
-2.16135475084023, 0.160686893566338, -0.240652331486235
-2.16135475084023, 0.134080997103048, -0.250848477828932
-2.16135475084023, 0.107398301621663, -0.260841941300051
-2.16135475084023, 0.0806441244802926, -0.270642444234437
-2.16135475084023, 0.0538233711213072, -0.280259274062504
-2.16135475084023, 0.0269405876755353, -0.289701333188083
-2.16135475084023, 1.68219224924333E-16, -0.298977190291513
-1.92120422296909, 0.379935717220981, -1.10849519925288E-11
-1.92120422296909, 0.368606711508351, -0.0250377118602264
-1.92120422296909, 0.357224233922978, -0.0500511599240517
-1.92120422296909, 0.345787869506129, -0.0750400117580758
-1.92120422296909, 0.334297217743275, -0.10000395612632
-1.92120422296909, 0.32275139800538, -0.124942428463764
-1.92120422296909, 0.311149350934896, -0.149854791801193
-1.92120422296909, 0.299490020138984, -0.174740396789977
-1.92120422296909, 0.276878791676509, -0.18241346646639
-1.92120422296909, 0.251370906858787, -0.190613238899027
-1.92120422296909, 0.226773078441801, -0.202867679338683
-1.92120422296909, 0.202032235787984, -0.214830784716077
-1.92120422296909, 0.177158142396607, -0.226514343438175
-1.92120422296909, 0.152159891163155, -0.2379298663425
-1.92120422296909, 0.127045950014598, -0.249088599712732
-1.92120422296909, 0.101824217501508, -0.260001535365086
-1.92120422296909, 0.0765020670794678, -0.270679427415138
-1.92120422296909, 0.051086404870652, -0.281132804773214
-1.92120422296909, 0.0255836926433212, -0.291371999522319
-1.92120422296909, 1.72839040567888E-16, -0.301407164161924
-1.68105369509853, 0.359274561763371, -1.10850388205378E-11
-1.68105369509805, 0.348019479022096, -0.0238395389526617
-1.68105369509795, 0.336711929866106, -0.0476542364310679
-1.68105369509795, 0.325349911193259, -0.0714429940391324
-1.68105369509795, 0.313930428717142, -0.0952042195113935
-1.68105369509795, 0.302450077038865, -0.118936094655341
-1.68105369509795, 0.290905345757897, -0.142636717016075
-1.68105369509795, 0.279291767559251, -0.166303678176599
-1.68105369509795, 0.258261314086035, -0.174880167658217
-1.68105369509795, 0.234151048496611, -0.182935545203
-1.68105369509795, 0.211456773028664, -0.196350417605038
-1.68105369509795, 0.188575992011506, -0.209444676363901
-1.68105369509795, 0.165519009722767, -0.222226142782747
-1.68105369509795, 0.142295911777694, -0.234703275103077
-1.68105369509795, 0.118916545083722, -0.246885104894791
-1.68105369509795, 0.0953904802703141, -0.258781186151491
-1.68105369509795, 0.0717269929621767, -0.270401537692354
-1.68105369509795, 0.0479350453393191, -0.281756589606068
-1.68105369509795, 0.0240232842311639, -0.292857126237684
-1.68105369509795, 1.81099502482577E-16, -0.303714251879841
-1.43090316723107, 0.334207293644472, -1.10850290678077E-11
-1.43090316722687, 0.32306100173711, -0.0224465056632669
-1.43090316722682, 0.311843877645876, -0.044857696820923
-1.43090316722682, 0.300550229599708, -0.067230420748005
-1.43090316722682, 0.289173928099711, -0.0895612272178827
-1.43090316722682, 0.277708703237377, -0.111846504884334
-1.43090316722682, 0.266147134464345, -0.134081950237084
-1.43090316722682, 0.254481308919916, -0.156262869348167
-1.43090316722682, 0.235698350712742, -0.166702323811643
-1.43090316722682, 0.212929236763943, -0.173719187542777
-1.43090316722682, 0.19253471188127, -0.188284102515333
-1.43090316722682, 0.171919143770989, -0.20253443905674
-1.43090316722682, 0.15108993308238, -0.216470653177922
-1.43090316722682, 0.130054930507711, -0.230094278143088
-1.43090316722682, 0.108822365143683, -0.243407912668449
-1.43090316722682, 0.0874007509522584, -0.256415205837408
-1.43090316722682, 0.0657988138667279, -0.269120813571888
-1.43090316722682, 0.044025431688169, -0.281530336386457
-1.43090316722682, 0.0220895235608163, -0.293650276725393
-1.43090316722682, 2.22331706097032E-16, -0.30548795368358
-1.34484295608051, 0.324556405382987, -1.10850205193615E-11
-1.34484295607836, 0.313433004600302, -0.0219005918620551
-1.34484295607836, 0.302227674825728, -0.0437593833795383
-1.34484295607836, 0.290933837906911, -0.0655725706225026
-1.34484295607836, 0.279544574923779, -0.0873360769489026
-1.34484295607836, 0.26805420056126, -0.109046378688185
-1.34484295607836, 0.256463639963132, -0.130703356210124
-1.34484295607836, 0.244781659074505, -0.152311163076876
-1.34484295607836, 0.227034540001352, -0.163783201218634
-1.34484295607836, 0.204641450216889, -0.170088268539134
-1.34484295607836, 0.185118877789662, -0.184995445188943
-1.34484295607836, 0.165369326226116, -0.199600586256099
-1.34484295607836, 0.145398526278823, -0.213901713672591
-1.34484295607836, 0.125212820447662, -0.227897879324151
-1.34484295607836, 0.1048191034256, -0.241589181172051
-1.34484295607836, 0.0842247334109807, -0.254976777997514
-1.34484295607836, 0.0634374632380749, -0.268062870505956
-1.34484295607836, 0.0424653650921736, -0.280850670039358
-1.34484295607836, 0.0213167305755977, -0.293344367263791
-1.34484295607836, 2.27307623978613E-16, -0.305549070110736
-1.24878274492994, 0.312962783785916, -1.10851322057029E-11
-1.24878274492991, 0.301846720241192, -0.02123791262077
-1.24878274492991, 0.290636297574463, -0.0424261683283203
-1.24878274492991, 0.279331404163107, -0.0635641709841261
-1.24878274492991, 0.267940602430773, -0.0846560096955368
-1.24878274492991, 0.256473527676701, -0.105706481034728
-1.24878274492991, 0.244937019781566, -0.126718982374734
-1.24878274492991, 0.23333490488376, -0.147695330482038
-1.24878274492991, 0.216860942282244, -0.160445592315286
-1.24878274492991, 0.194762131355764, -0.165583704612863
-1.24878274492991, 0.176257451128148, -0.180821240220571
-1.24878274492991, 0.157524022077161, -0.195776651049232
-1.24878274492991, 0.138565559090447, -0.210445745659993
-1.24878274492991, 0.119386468248793, -0.224825183949957
-1.24878274492991, 0.0999918113891739, -0.238912516711711
-1.24878274492991, 0.0803872372475268, -0.252706229535355
-1.24878274492991, 0.0605789287021351, -0.266205754176659
-1.24878274492991, 0.0405735414824569, -0.279411467919495
-1.24878274492991, 0.0203781137884859, -0.292324694764602
-1.24878274492991, 2.32203992711702E-16, -0.304947674377813
-1.1527225337823, 0.300305339629857, -1.10849336607345E-11
-1.15272253378145, 0.289212298000137, -0.020522624431972
-1.15272253378145, 0.278049876643693, -0.0410076031554714
-1.15272253378145, 0.266823330473748, -0.0614575092144151
-1.15272253378145, 0.25553578669105, -0.0818738097336063
-1.15272253378145, 0.244187907276272, -0.102256633357377
-1.15272253378145, 0.232778932357548, -0.122605326394771
-1.15272253378145, 0.22130514639575, -0.14291754232583
-1.15272253378145, 0.206176482615994, -0.157013912515405
-1.15272253378145, 0.184176566110665, -0.160464622740032
-1.15272253378145, 0.16673609472027, -0.175958320721505
-1.15272253378145, 0.149070709163607, -0.191195076065591
-1.15272253378145, 0.131182252662618, -0.206169305009221
-1.15272253378145, 0.113073207049404, -0.220875998462322
-1.15272253378145, 0.0947466817303811, -0.235310768230278
-1.15272253378145, 0.0762063741522368, -0.24946990214893
-1.15272253378145, 0.0574565385680609, -0.263350397267882
-1.15272253378145, 0.0385019643620093, -0.276949972589435
-1.15272253378145, 0.0193478964385562, -0.290267110171087
-1.15272253378145, 2.90983440283748E-16, -0.30330104924914
-1.05666232263834, 0.286626553958705, -1.10851445617939E-11
-1.05666232263311, 0.275673147818061, -0.0197918785406078
-1.056662322633, 0.264664294100389, -0.0395529692144387
-1.056662322633, 0.253598616945569, -0.0592822954517917
-1.056662322633, 0.242472695832291, -0.0789777100569617
-1.056662322633, 0.231282596163376, -0.0986367302676317
-1.056662322633, 0.220022425023625, -0.118255696868366
-1.056662322633, 0.208685757851086, -0.137830560952646
-1.056662322633, 0.195043799249232, -0.153475085726017
-1.056662322633, 0.172858802298145, -0.154548231535175
-1.056662322633, 0.15652802226378, -0.170200503103082
-1.056662322633, 0.139981561390385, -0.185624581914544
-1.056662322633, 0.123219921118772, -0.200814539066534
-1.056662322633, 0.106244061941869, -0.215764696573563
-1.056662322633, 0.0890553903635374, -0.230469676083788
-1.056662322633, 0.0716557619005534, -0.244924427503546
-1.056662322633, 0.0540474804986342, -0.259124256047399
-1.056662322633, 0.0362332646560105, -0.273064870142203
-1.056662322633, 0.0182162635101832, -0.286742382740841
-1.056662322633, 2.35789802676643E-16, -0.30015336364026
-0.960602111488203, 0.272149122739712, -1.10849255403586E-11
-0.960602111484545, 0.261400443421624, -0.018996806337042
-0.960602111484545, 0.250591750730469, -0.0379595290089589
-0.960602111484545, 0.239717544904443, -0.0568847569605607
-0.960602111484545, 0.228772124561389, -0.0757688847516345
-0.960602111484545, 0.217749036416149, -0.0946077784306101
-0.960602111484545, 0.206641447797415, -0.113396970227452
-0.960602111484545, 0.195442383112792, -0.132131778878484
-0.960602111484545, 0.183589359603348, -0.149818546639439
-0.960602111484545, 0.161762469709325, -0.149818446867787
-0.960602111484545, 0.145638413969979, -0.163286688685867
-0.960602111484545, 0.130260174933578, -0.178775914995829
-0.960602111484545, 0.114680097660821, -0.194062099502479
-0.960602111484545, 0.0988982737377482, -0.209139899654085
-0.960602111484545, 0.0829149212640798, -0.224003888068509
-0.960602111484545, 0.0667304941171891, -0.238648681661412
-0.960602111484545, 0.0503457007344048, -0.253068946454139
-0.960602111484545, 0.0337615003203964, -0.267259422974489
-0.960602111484545, 0.0169791105809594, -0.281214940404888
-0.960602111484545, 2.8691506651071E-16, -0.294930442910456
-0.864541900339893, 0.256820678648693, -1.10850347089802E-11
-0.864541900336935, 0.246309432403869, -0.0180800183737611
-0.864541900336126, 0.235725449454189, -0.0361175505208571
-0.86454190033609, 0.22506268684703, -0.0541086220641737
-0.86454190033609, 0.214314800161249, -0.0720489669176642
-0.86454190033609, 0.203475719137105, -0.089934357146516
-0.86454190033609, 0.19253976791188, -0.10776067859336
-0.86454190033609, 0.181501687829537, -0.125523939203038
-0.86454190033609, 0.170356669579566, -0.143220297138442
-0.86454190033609, 0.1509894991379, -0.146033560092199
-0.86454190033609, 0.134050292533083, -0.154967180570392
-0.86454190033609, 0.119897708561298, -0.170364347282611
-0.86454190033609, 0.105557590901339, -0.185587011214487
-0.86454190033609, 0.091031710665397, -0.200632516620608
-0.86454190033609, 0.0763211580700131, -0.215497507076472
-0.86454190033609, 0.0614263683626613, -0.230177882542545
-0.86454190033609, 0.0463471528837363, -0.244668748612283
-0.86454190033609, 0.0310830837497683, -0.258964761899488
-0.86454190033609, 0.0156340186375555, -0.273060648218573
-0.86454190033609, 2.20123003872169E-16, -0.286951109326258
-0.768481689187636, 0.240379853368411, -1.10849410873465E-11
-0.768481689187636, 0.230144192775307, -0.0169916393805762
-0.768481689187636, 0.219824223075007, -0.0339322005304526
-0.768481689187636, 0.209414885406422, -0.0508179905920237
-0.768481689187636, 0.198911343216798, -0.0676453432473696
-0.768481689187636, 0.188309002376505, -0.0844106247885711
-0.768481689187636, 0.177604063583808, -0.10111057432482
-0.768481689187635, 0.166793629480678, -0.117742424458748
-0.768481689187636, 0.155875255420425, -0.134303614648145
-0.768481689187636, 0.14021918063695, -0.142112140120477
-0.768481689187636, 0.121732477488773, -0.145004330619208
-0.768481689187636, 0.108885179179214, -0.160118157579808
-0.768481689187636, 0.0958623100544437, -0.175080970202471
-0.768481689187636, 0.082667311572628, -0.189892213222415
-0.768481689187636, 0.0693029923024454, -0.204550860776731
-0.768481689187636, 0.0557715695919276, -0.219055399229472
-0.768481689187636, 0.0420746997150955, -0.233403807421963
-0.768481689187636, 0.0282135041515977, -0.247593526398024
-0.768481689187636, 0.0141885757138005, -0.261621435218038
-0.768481689187636, 1.7175522532758E-16, -0.275483795929125
-0.672421478039181, 0.222447650890183, -1.10850980393453E-11
-0.672421478039181, 0.212559322188929, -0.0156975365715607
-0.672421478039181, 0.202581545952523, -0.0313383678542391
-0.672421478039181, 0.192511215656113, -0.0469197669154159
-0.672421478039181, 0.182345338867592, -0.0624389943995245
-0.672421478039181, 0.172081389883549, -0.0778935331785591
-0.672421478039181, 0.161717655541526, -0.093281332847659
-0.672421478039181, 0.151252550461366, -0.108600369950368
-0.672421478039181, 0.140685685231756, -0.123849392343563
-0.672421478039181, 0.12951158328697, -0.138049679247818
-0.672421478039181, 0.110959155031385, -0.138049370238605
-0.672421478039181, 0.0971518396737976, -0.147820386096298
-0.672421478039181, 0.0855437890525936, -0.16229250258736
-0.672421478039181, 0.0737758379692931, -0.176634903013035
-0.672421478039182, 0.0618520219568937, -0.190847990259901
-0.672421478039181, 0.0497758351772321, -0.204931847205677
-0.672421478039181, 0.0375502619583644, -0.218886230175329
-0.672421478039182, 0.0251778109894564, -0.232710548774266
-0.672421478039181, 0.0126605228733101, -0.246403865484842
-0.672421478039181, 1.1500995217738E-16, -0.25996485967692
-0.576361266891274, 0.20259862878201, -1.10849505531557E-11
-0.576361266890886, 0.193180516267363, -0.0141768081483116
-0.576361266890746, 0.183676701389664, -0.0282963051049295
-0.576361266890727, 0.174085523412625, -0.0423566021376084
-0.576361266890727, 0.164405395243678, -0.0563558067078421
-0.576361266890727, 0.154635441081117, -0.0702924662739144
-0.576361266890727, 0.144775317290687, -0.0841654808906321
-0.576361266890727, 0.13482507790701, -0.0979740039163705
-0.576361266890727, 0.124785165179944, -0.11171746527873
-0.576361266890727, 0.11465655866502, -0.125395697693137
-0.576361266890727, 0.101866748818756, -0.133845650455972
-0.576361266890727, 0.0848466548899937, -0.133846045477063
-0.576361266890727, 0.0744880784896808, -0.147020171029261
-0.576361266890727, 0.0642551722111366, -0.160620481041573
-0.576361266890727, 0.0538799222258916, -0.174112524969727
-0.576361266890727, 0.0433665185443779, -0.187497196424622
-0.576361266890727, 0.0327186982292597, -0.200775191648257
-0.576361266890727, 0.0219397833936268, -0.213946991076064
-0.576361266890727, 0.0110327020922476, -0.227012855702159
-0.576361266890727, 5.64657258120332E-17, -0.239972826993471
-0.496785533406875, 0.184393334863986, -2.21700644744947E-11
-0.500014356743792, 0.175581890422593, -0.0137521862599502
-0.503265009411844, 0.166710873834189, -0.0274608616921441
-0.50653752856327, 0.157780183710484, -0.0411255190765671
-0.509831877028151, 0.148789921488021, -0.0547457952099521
-0.513147944009713, 0.139740389530699, -0.068321477291962
-0.516485546364008, 0.130632087637534, -0.0818525049000874
-0.519844401541377, 0.121465786885278, -0.0953390371810269
-0.523223901941112, 0.112243145413552, -0.10878193073127
-0.526623300921568, 0.102966200804056, -0.122182376256865
-0.530700296356236, 0.0918400985024369, -0.131798923897303
-0.536427918434522, 0.0762094434749256, -0.132057635769845
-0.539845948215793, 0.0668816554933578, -0.144935303413461
-0.543179008641512, 0.0577857485029557, -0.15847566434171
-0.546570336631629, 0.0485308295899885, -0.171893258184474
-0.550018411266753, 0.0391210493366687, -0.18518811850491
-0.553521889337282, 0.0295600733559932, -0.198360058675917
-0.557079592288882, 0.0198511179174636, -0.21140864540906
-0.560690499126746, 0.00999696931134257, -0.224333187358193
-0.56435374049717, 2.51587705456538E-17, -0.237132719483594
-0.437755842489833, 0.169697370525179, -2.21700466768901E-11
-0.44353918747092, 0.161393820295204, -0.0135218117740569
-0.449349817480095, 0.153051095054575, -0.0270077651199843
-0.45518745386046, 0.14466959489036, -0.0404579652720181
-0.461051820859056, 0.136249715720246, -0.0538725199658598
-0.466942364446871, 0.127792253002177, -0.0672519167444721
-0.472858403807685, 0.119298184231305, -0.0805968307959912
-0.478799145769982, 0.110768648219089, -0.0939081060022929
-0.484763508914639, 0.102205197634103, -0.107187004625599
-0.490750152955186, 0.0936097568187567, -0.120435174616282
-0.497711951812793, 0.0836142184764718, -0.13030128551796
-0.507361170614738, 0.0697601645917418, -0.13074118740017
-0.513317088988167, 0.0612088387515705, -0.143437905529987
-0.519086598221449, 0.0529251534660604, -0.156977621359872
-0.524967462519492, 0.0444815879768566, -0.170369877723101
-0.530956675633332, 0.0358824585644792, -0.183614320557819
-0.537051575402722, 0.0271315874773674, -0.19671033396626
-0.543249818562361, 0.0182323391043289, -0.209657006190784
-0.549549367113497, 0.00918763954177715, -0.22245311255947
-0.55594847202168, 2.27499110466306E-17, -0.235097083912814
-0.390438164349271, 0.15710503919692, -2.21703879497589E-11
-0.39826749500425, 0.14927570854194, -0.0133250888328813
-0.406122111982188, 0.141421091564002, -0.0266203704312283
-0.41400185916068, 0.13354134438551, -0.0398858889547206
-0.421905675966289, 0.125637527579902, -0.0531227354388554
-0.429832366171177, 0.117710837375014, -0.0663321988928147
-0.437780740466435, 0.109762463079756, -0.0795155773025284
-0.445749617189408, 0.101793586356782, -0.0926741788699802
-0.453737821938673, 0.0938053816075174, -0.105809321433725
-0.461744187170991, 0.0857990163751995, -0.118922331914659
-0.470759792178756, 0.0767834113674346, -0.12906612768261
-0.483003943241365, 0.0645392603048257, -0.129628660729375
-0.491006493939138, 0.056536709607053, -0.141916098619676
-0.498643333685888, 0.0488998698603031, -0.155462520375805
-0.506433734319816, 0.0411094692263745, -0.16883293162231
-0.514373052070017, 0.0331701514761739, -0.182026989982334
-0.522457137052893, 0.0250860664932975, -0.195044057237923
-0.53068229625192, 0.0168609072942708, -0.207883158928839
-0.539045268984828, 0.00849793456136317, -0.220542956583979
-0.547543203546191, 2.04131373153552E-17, -0.233021712879824
-0.345698396673777, 0.144475932890458, -2.21710194376945E-11
-0.355485443749389, 0.137166192760752, -0.0131262099776373
-0.36529217161058, 0.129841753465197, -0.026229517447624
-0.375117507852274, 0.122503415960646, -0.0393110910856046
-0.384960385586037, 0.115151977083688, -0.052372106040272
-0.394819743157176, 0.107788229761937, -0.0654137435644914
-0.404694523846704, 0.100412963236638, -0.0784371906311503
-0.414583675565945, 0.093026963290748, -0.0914436395646773
-0.424486079100441, 0.085631065842066, -0.104434371473429
-0.434399583664515, 0.0782268772672901, -0.117411911529028
-0.445219940349717, 0.0701453798688918, -0.127886296816942
-0.45957626335608, 0.0594229434093658, -0.128550694478
-0.469533132567741, 0.0519863666890923, -0.140417448219095
-0.47893244671318, 0.0449662161503419, -0.153977600014293
-0.488523346387312, 0.037802974399652, -0.167327149989243
-0.49829909155475, 0.0305016754280483, -0.180466173295884
-0.508253605360525, 0.0230668579110147, -0.193394417937411
-0.518381422804897, 0.0155026035422034, -0.206111256513071
-0.528677650364917, 0.00781256719123782, -0.218615645713792
-0.539137935070701, 1.81562295530221E-17, -0.230906089153477
-0.300479034521747, 0.130941383895555, -2.21695087620428E-11
-0.312272158799712, 0.12423483164922, -0.0129175206513801
-0.324077188840922, 0.117521508794745, -0.0258206415818627
-0.335893155504156, 0.110801966466509, -0.038710507963955
-0.347719092665329, 0.104076754083099, -0.0515882680850103
-0.359554036958113, 0.0973464194948062, -0.0644550730889554
-0.371397024090602, 0.0906115110782884, -0.0773120804666718
-0.383246658438491, 0.0838728225017114, -0.090160980466719
-0.395100955216325, 0.0771314824793183, -0.103004188254678
-0.406957897664936, 0.0703886379082685, -0.115844165360361
-0.419543284627594, 0.063231539143261, -0.126691162821052
-0.435813783228964, 0.0539787791135978, -0.127449577148316
-0.447722477070467, 0.0472065043922271, -0.139016913220071
-0.458943789312201, 0.0408251320732532, -0.152591405098247
-0.470391921525997, 0.0343147710353197, -0.165912922392641
-0.482057395456756, 0.0276808114033443, -0.178982544658315
-0.493931617045593, 0.0209281404746673, -0.191800985996973
-0.506006803361739, 0.0140611842716558, -0.204368533789845
-0.518275927317837, 0.0070839389811889, -0.216685001263993
-0.530732666595211, 1.59872225710278E-17, -0.228749676399841
-0.252879843976023, 0.115787279115174, -2.2171699174066E-11
-0.266810652026521, 0.109800918002455, -0.0126983378776717
-0.280745320706735, 0.103812897895979, -0.0253916570316375
-0.294683185605832, 0.097823504307048, -0.0380808171703748
-0.308623392418887, 0.0918331043484509, -0.050766930890069
-0.322564617129676, 0.0858422669777965, -0.0634517204027985
-0.336505526734858, 0.0798515650146466, -0.0761369199345112
-0.35044478787198, 0.0738615714328807, -0.0888242633842966
-0.36438106672432, 0.0678728594015882, -0.101515485326121
-0.378312549413149, 0.061886208382595, -0.114212945396788
-0.392766742695557, 0.0556749376316187, -0.125435493092869
-0.410920726523722, 0.0478737890955176, -0.126287886356548
-0.424803965802201, 0.041907869284263, -0.137844868741725
-0.438018624922469, 0.0362292524238024, -0.151419215524682
-0.451492109912403, 0.0304394126453655, -0.164688760767278
-0.465211438876329, 0.0245439285424674, -0.177656482488399
-0.47916482647584, 0.0185478645228062, -0.19032492189139
-0.493341581577252, 0.0124558147913054, -0.202696109126476
-0.507732021469085, 0.00627194021266607, -0.214771500402464
-0.522327398119721, 1.39144190239689E-17, -0.226551918253253
-0.20129051199085, 0.0982106385945611, -2.21670613367837E-11
-0.217558299019701, 0.0931002477626423, -0.0124771633593069
-0.233823198396008, 0.0879907640629019, -0.0249584674790158
-0.250084357542986, 0.08288245532529, -0.0374451252280569
-0.266340922418936, 0.0777755898399472, -0.0499383483317792
-0.282592082892743, 0.0726704221028669, -0.0624392926005692
-0.298836781178093, 0.0675672844088763, -0.0749494599218368
-0.315073424024687, 0.0624666772643881, -0.0874711202180727
-0.331300374270408, 0.0573691149703486, -0.100006572531782
-0.347515997496853, 0.0522751109657901, -0.112558118147566
-0.36407409503381, 0.0470735214873434, -0.124079648483822
-0.384211401937473, 0.0407475529706974, -0.125032348339361
-0.400091694602264, 0.0357588902903705, -0.137129451499582
-0.415575093583956, 0.0308949084800204, -0.150658058226708
-0.431343978420014, 0.0259412436482364, -0.163819443847679
-0.447381117996647, 0.0209033088069899, -0.176619800641567
-0.4636709259285, 0.015786000290409, -0.189064726631278
-0.480199306501888, 0.010593746150439, -0.201159136337106
-0.496953534685745, 0.0053305438504084, -0.212907194494663
-0.513922129644232, 1.19464035125995E-17, -0.224312237327246
-0.144180045649435, 0.0771850092591458, -2.21717340527426E-11
-0.163046455831796, 0.0731549631025715, -0.0122748660601366
-0.181905955435879, 0.0691263931117945, -0.0245608310758153
-0.200757676477107, 0.065099484696645, -0.036859272286637
-0.219600748312971, 0.061074423834713, -0.0491715652563131
-0.238434297345717, 0.057051397134857, -0.0614990837167814
-0.257257446727151, 0.0530305919002611, -0.0738431993852268
-0.276069317314948, 0.0490121959241573, -0.0862052825974535
-0.294868782424779, 0.044996449877124, -0.0985870760019424
-0.313654235456592, 0.0409836969443403, -0.110991089768268
-0.332686638410295, 0.0369181931398244, -0.122584553584629
-0.355023902754677, 0.0321467392464059, -0.123649855574634
-0.37290825652223, 0.0283264697586193, -0.137268539626928
-0.391043837532884, 0.0244525357222672, -0.150644758938598
-0.409481827509643, 0.0205140042304488, -0.1635815484036
-0.428200360308744, 0.0165155461011827, -0.176090051031812
-0.447179828432377, 0.0124613496840506, -0.18818049053639
-0.466402639954843, 0.0083551727831003, -0.199862075348541
-0.485853029390469, 0.00420038305727296, -0.211142933714307
-0.505516861168742, 1.00920576276251E-17, -0.222030034160501
-0.0802286848614013, 0.0513647878393619, -2.2408842650644E-11
-0.10200544683327, 0.0486816393161211, -0.0121334453531052
-0.123775232635995, 0.0459993503374702, -0.0242795977335785
-0.145537555649778, 0.043317980860587, -0.0364393092298927
-0.167291941744439, 0.0406375893037844, -0.0486134349784109
-0.189037766556915, 0.0379582525958009, -0.0608030795741222
-0.210774334572227, 0.035280056432113, -0.073009471783767
-0.232500949267336, 0.0326030866324012, -0.0852338399179402
-0.254216919830788, 0.0299274283126137, -0.0974773916737263
-0.275921330671521, 0.027253194284141, -0.109741735884252
-0.297913481521538, 0.0245435073640958, -0.120914241014279
-0.321696776980549, 0.0216131307465308, -0.12540279893716
-0.342641575614438, 0.0190324897129057, -0.138940450455717
-0.363917651001291, 0.0164110315581837, -0.151943231862784
-0.385495859898112, 0.0137523470664087, -0.164430458400292
-0.407350409356694, 0.0110596142266213, -0.17642001171083
-0.42945842120406, 0.00833565189389811, -0.187928240200805
-0.451799619721981, 0.0055829582708414, -0.19896992709761
-0.474356005535758, 0.00280375108824619, -0.209558238449719
-0.497111592693252, 8.36057601210939E-18, -0.219704686092539
-0.00401104933977839, 0.0147850630385885, -6.08354010045442E-06
-0.029623647420846, 0.014947600463489, -0.0114014019463817
-0.0551554091489601, 0.0148989858127551, -0.0229777828091932
-0.0806079419369108, 0.0146538460300292, -0.034724909823654
-0.105984366356779, 0.0142296289002517, -0.0466305575368193
-0.131289386707151, 0.0136465399139141, -0.058680639628952
-0.156529282627363, 0.0129273837192531, -0.0708593057993334
-0.181711853602979, 0.0120973062100087, -0.0831491070694291
-0.206846280754139, 0.011183441020469, -0.0955312119137186
-0.231942886169371, 0.0102144717900953, -0.107985655739495
-0.25741542683171, 0.00920409115892603, -0.11895146869683
-0.282769054759604, 0.00819515779710089, -0.129586960431632
-0.307609825906473, 0.00720663328238401, -0.142541064672934
-0.332762551396113, 0.00620569472004559, -0.154877721472588
-0.358195412052012, 0.00519360833623851, -0.166625232222138
-0.383880771968678, 0.00417147388648841, -0.177809123205819
-0.409794521469541, 0.00314025080179888, -0.188452392192698
-0.43591549128924, 0.00210078150111297, -0.198575717041021
-0.46222496334046, 0.00105381086015055, -0.208197821426123
-0.488706324217762, 6.76148352796926E-18, -0.217335546063312
