-3.10998308621812, 0.408214185984839, -2.01361705087777E-11
-3.10998308621812, 0.39898711156061, -0.0279383612316671
-3.10998308621812, 0.389760037136381, -0.055876722443198
-3.10998308621812, 0.380532962712153, -0.0838150836547289
-3.10998308621812, 0.371305888287924, -0.11175344486626
-3.10998308621812, 0.362078813863695, -0.139691806077791
-3.10998308621812, 0.352851739439466, -0.167630167289322
-3.10998308621812, 0.343624665015238, -0.195568528500853
-3.10998308621812, 0.319946715415461, -0.203515667093602
-3.10998308621812, 0.290770653153233, -0.206723738311976
-3.10998308621812, 0.26169358783791, -0.21121987023449
-3.10998308621812, 0.232616522522586, -0.215716002157005
-3.10998308621812, 0.203539457207263, -0.22021213407952
-3.10998308621812, 0.17446239189194, -0.224708266002034
-3.10998308621812, 0.145385326576617, -0.229204397924549
-3.10998308621812, 0.116308261261293, -0.233700529847064
-3.10998308621812, 0.0872311959459702, -0.238196661769578
-3.10998308621812, 0.0581541306306469, -0.242692793692093
-3.10998308621812, 0.0290770653153237, -0.247188925614608
-3.10998308621812, 1.95215988938465E-16, -0.251685057537122
-3.04778342449376, 0.410028760693838, -1.00680659025739E-11
-3.04778342449376, 0.400776627354568, -0.0280314194227016
-3.04778342449376, 0.391524644020183, -0.0560628883484802
-3.04778342449376, 0.382272816112999, -0.0840944085702738
-3.04778342449376, 0.373021149052436, -0.112125981879729
-3.04778342449376, 0.363769648258647, -0.14015761006627
-3.04778342449376, 0.354518319152515, -0.168189294917113
-3.04778342449376, 0.345267167154922, -0.196221038219472
-3.04778342449376, 0.320963611819397, -0.203434152606385
-3.04778342449376, 0.291699326898573, -0.206735746333871
-3.04778342449376, 0.262529381555892, -0.211260868919249
-3.04778342449376, 0.233359439025605, -0.215786009634597
-3.04778342449376, 0.204189499307523, -0.22031116847803
-3.04778342449376, 0.175019562401424, -0.224836345447669
-3.04778342449376, 0.14584962830695, -0.229361540541656
-3.04778342449376, 0.116679697023846, -0.233886753758118
-3.04778342449376, 0.0875097685518544, -0.238411985095179
-3.04778342449376, 0.0583398428907207, -0.242937234550967
-3.04778342449376, 0.029169920040188, -0.247462502123607
-3.04778342449376, 2.08531308121867E-16, -0.251987787811226
-2.9855837627694, 0.411843329279435, -1.00681072577384E-11
-2.9855837627694, 0.402573015882951, -0.028128931767517
-2.9855837627694, 0.393303175359593, -0.0562580193803218
-2.9855837627694, 0.384033822491449, -0.0843872677475767
-2.9855837627694, 0.374764972087023, -0.112516681688216
-2.9855837627694, 0.365496638950296, -0.140646266034892
-2.9855837627694, 0.356228837881331, -0.168776025632155
-2.9855837627694, 0.346961583680189, -0.19690596532456
-2.9855837627694, 0.321992388157914, -0.203330813591969
-2.9855837627694, 0.292640020061884, -0.206749759592911
-2.9855837627694, 0.263376024536547, -0.211309812093127
-2.9855837627694, 0.234112027555284, -0.215869855250146
-2.9855837627694, 0.204848029124011, -0.220429889101762
-2.9855837627694, 0.175584029248635, -0.224989913685774
-2.9855837627694, 0.146320027935028, -0.229549929039985
-2.9855837627694, 0.11705602518909, -0.234109935202194
-2.9855837627694, 0.0877920210167199, -0.238669932210199
-2.9855837627694, 0.0585280154238156, -0.243229920101801
-2.9855837627694, 0.0292640084162762, -0.247789898914796
-2.9855837627694, 2.08253326567315E-16, -0.252349868686986
-2.92338410104504, 0.413657970472512, -1.0068126661863E-11
-2.92338410104504, 0.404372737334353, -0.028227982588831
-2.92338410104504, 0.395088274851808, -0.0564562187122955
-2.92338410104504, 0.385804600188535, -0.0846847139135932
-2.92338410104504, 0.376521730468788, -0.11291347384568
-2.92338410104504, 0.367239682830123, -0.141142504121067
-2.92338410104504, 0.357958474420175, -0.169371810321634
-2.92338410104504, 0.348678122386575, -0.197601398029261
-2.92338410104504, 0.323014109825773, -0.203198553435077
-2.92338410104504, 0.293575190600236, -0.206754101959142
-2.92338410104504, 0.264217759216943, -0.211355816802851
-2.92338410104504, 0.234860307929271, -0.215957404692259
-2.92338410104504, 0.205502836897951, -0.220558866620115
-2.92338410104504, 0.176145346281307, -0.225160203579549
-2.92338410104504, 0.146787836232034, -0.229761416564569
-2.92338410104504, 0.117430306907384, -0.234362506568473
-2.92338410104504, 0.0880727584646054, -0.238963474584555
-2.92338410104504, 0.0587151910609485, -0.243564321606112
-2.92338410104504, 0.0293576048536636, -0.248165048626441
-2.92338410104504, 2.07822130452816E-16, -0.252765656638836
-2.86118443932067, 0.41548278583636, -1.00680844762452E-11
-2.86118443932068, 0.406181943499773, -0.0283257069117559
-2.86118443932067, 0.396881648457241, -0.0566515935084721
-2.86118443932067, 0.387581869568914, -0.0849776495763459
-2.86118443932067, 0.378282563072792, -0.113303860765407
-2.86118443932067, 0.368983684510311, -0.14163021243259
-2.86118443932067, 0.359685189417326, -0.169956689951835
-2.86118443932067, 0.350387033328502, -0.198283278700706
-2.86118443932068, 0.324011467850314, -0.203030305677952
-2.86118443932067, 0.294488983309814, -0.206739701979512
-2.86118443932068, 0.265040350512961, -0.211390440021108
-2.86118443932068, 0.235591656817663, -0.216040792705974
-2.86118443932067, 0.20614290296103, -0.220690764403498
-2.86118443932067, 0.17669408965483, -0.225340359487075
-2.86118443932067, 0.147245217563953, -0.229989582337497
-2.86118443932067, 0.117796287392986, -0.234638437329288
-2.86118443932068, 0.0883472998465187, -0.239286928836974
-2.86118443932067, 0.0588982556291394, -0.243935061235078
-2.86118443932067, 0.0294491554454372, -0.248582838898124
-2.86118443932067, 2.07260507311557E-16, -0.253230266200639
-2.7989847775963, 0.417377159794491, -1.00680856535356E-11
-2.79898477759631, 0.408048423000135, -0.0284175642062157
-2.79898477759631, 0.398719116806006, -0.0568349415217407
-2.79898477759631, 0.389389138246972, -0.0852520982029444
-2.79898477759631, 0.380058384413267, -0.113669000327487
-2.79898477759631, 0.370726752384169, -0.142085614006395
-2.79898477759631, 0.361394139232534, -0.170501905370268
-2.79898477759631, 0.352060442031213, -0.198917840549707
-2.79898477759631, 0.324975584316092, -0.202818965321096
-2.79898477759631, 0.295373135671312, -0.206696479689189
-2.79898477759631, 0.265836401758578, -0.21140441223812
-2.79898477759631, 0.236299533587712, -0.216111503613232
-2.79898477759631, 0.206762533333579, -0.220817766080401
-2.79898477759631, 0.177225403038896, -0.22552321192657
-2.79898477759631, 0.147688144551897, -0.230227853469658
-2.79898477759631, 0.11815075989452, -0.234931702999906
-2.79898477759631, 0.0886132510887035, -0.239634772807553
-2.79898477759631, 0.0590756201563861, -0.244337075182838
-2.79898477759631, 0.0295378691195057, -0.249038622416001
-2.79898477759631, 2.06588869330606E-16, -0.253739426797282
-2.73678511587195, 0.41931822851246, -1.00681758463544E-11
-2.73678511587195, 0.409946412430947, -0.0285004624230174
-2.73678511587195, 0.400572386825023, -0.0570001986661362
-2.73678511587195, 0.391195968409522, -0.0854991488369647
-2.73678511587195, 0.381816974410182, -0.113997251479594
-2.73678511587195, 0.372435221951209, -0.142494445447027
-2.73678511587195, 0.363050528103774, -0.170990669753478
-2.73678511587195, 0.35366270993905, -0.199485863413161
-2.73678511587195, 0.32588272271531, -0.202557344509192
-2.73678511587195, 0.296206059803815, -0.206616532290779
-2.73678511587195, 0.266586529396753, -0.211390493550943
-2.73678511587195, 0.236966747451653, -0.216162897876083
-2.73678511587195, 0.207346719129851, -0.220933772597318
-2.73678511587195, 0.17772644908813, -0.225703145127104
-2.73678511587195, 0.148105941389837, -0.230471042973409
-2.73678511587195, 0.118485200662121, -0.235237493553375
-2.73678511587195, 0.0888642315321306, -0.240002524284144
-2.73678511587195, 0.0592430386270144, -0.244766162582857
-2.73678511587195, 0.0296216265739215, -0.249528435866656
-2.73678511587195, 2.0582573683016E-16, -0.254289371552683
-2.67458545414759, 0.421266340289549, -1.00682018938328E-11
-2.67458545414759, 0.41183665269113, -0.0285720916327246
-2.67458545414759, 0.402402597200856, -0.0571427431169206
-2.67458545414759, 0.392963891072722, -0.0857118622661778
-2.67458545414759, 0.383520253303627, -0.114279351604719
-2.67458545414759, 0.374071402536312, -0.142845114730662
-2.67458545414759, 0.364617057247691, -0.171409055744204
-2.67458545414759, 0.355156933646174, -0.199971085592205
-2.67458545414759, 0.326706111460321, -0.202238147835893
-2.67458545414759, 0.296963462773095, -0.206492389805199
-2.67458545414759, 0.267268922544999, -0.211341895843619
-2.67458545414759, 0.237573955896015, -0.216188800659413
-2.67458545414759, 0.207878573563127, -0.221033156988625
-2.67458545414759, 0.178182784731553, -0.225875017820765
-2.67458545414759, 0.148486597124935, -0.230714436383441
-2.67458545414759, 0.118790019958524, -0.235551465660863
-2.67458545414759, 0.089093062447574, -0.240386158637239
-2.67458545414759, 0.0593957338073352, -0.245218568296779
-2.67458545414759, 0.0296980432530601, -0.250048747623691
-2.67458545414759, 1.7723255021934E-16, -0.254876749602185
-2.61238579242322, 0.423181167985457, -1.00681422594706E-11
-2.61238579242322, 0.413679277554885, -0.028630145756174
-2.61238579242322, 0.404170365941891, -0.0572579647685173
-2.61238579242322, 0.394654037422251, -0.0858833182308424
-2.61238579242322, 0.385129894765616, -0.114506071852359
-2.61238579242322, 0.375597540585915, -0.143126091793127
-2.61238579242322, 0.366056577870236, -0.171743243074151
-2.61238579242322, 0.356506609591093, -0.20035739074231
-2.61238579242322, 0.327418876263492, -0.201853870499881
-2.61238579242322, 0.297620978000106, -0.206316495638494
-2.61238579242322, 0.267861713043441, -0.211251810317656
-2.61238579242322, 0.238101772806345, -0.216183075853051
-2.61238579242322, 0.208341177762282, -0.221110384404063
-2.61238579242322, 0.178579944283539, -0.226033828810254
-2.61238579242322, 0.148818085651361, -0.230953502421695
-2.61238579242322, 0.119055618574634, -0.235869498020731
-2.61238579242322, 0.0892925597622473, -0.240781908389704
-2.61238579242322, 0.0595289259230875, -0.245690826310955
-2.61238579242322, 0.0297647337660428, -0.250596344566829
-2.61238579242322, 2.04091865216246E-16, -0.255498555939668
-2.55018613069883, 0.425021748465475, -1.00680937775959E-11
-2.55018613069884, 0.415434002497363, -0.0286723897746771
-2.55018613069885, 0.405836107905278, -0.0573413930630879
-2.55018613069885, 0.396227538377886, -0.0860068183686516
-2.55018613069886, 0.386607764382656, -0.114668483780024
-2.55018613069886, 0.376976256128875, -0.143326208104804
-2.55018613069886, 0.367332484552017, -0.171979807935954
-2.55018613069886, 0.357675920663657, -0.200629099589487
-2.55018613069886, 0.327994188841952, -0.201396777541467
-2.55018613069886, 0.298154295893015, -0.206081068578968
-2.55018613069886, 0.268343095414531, -0.211113281015601
-2.55018613069886, 0.238530876986206, -0.216139510253626
-2.55018613069886, 0.208717677330429, -0.22115990608941
-2.55018613069886, 0.178903523491912, -0.226174619952653
-2.55018613069886, 0.149088436698405, -0.231183804248579
-2.55018613069886, 0.119272445281164, -0.236187610185505
-2.55018613069886, 0.0894555775714467, -0.24118618897175
-2.55018613069886, 0.0596378619005091, -0.246179691815634
-2.55018613069886, 0.0298193265996082, -0.251168269925475
-2.55018613069886, 2.03151861917345E-16, -0.256152074509591
-2.4779864689745, 0.427010973160218, -1.00681455232191E-11
-2.4779864689745, 0.417307415234074, -0.0286986863070964
-2.4779864689745, 0.407589513638355, -0.0573925170088661
-2.4779864689745, 0.397856568508689, -0.086081251816218
-2.4779864689745, 0.388107883431924, -0.114764640127218
-2.4779864689745, 0.378342760271573, -0.143442436298603
-2.4779864689745, 0.368560501779848, -0.172114391937382
-2.4779864689745, 0.35874901180788, -0.200764307772568
-2.4779864689745, 0.328454232458469, -0.200764266336603
-2.4779864689745, 0.298585546752161, -0.20572235713303
-2.4779864689745, 0.268733411648483, -0.210882170351984
-2.4779864689745, 0.238879732238742, -0.216033020905262
-2.4779864689745, 0.209024548886888, -0.221175159486361
-2.4779864689745, 0.179167907977755, -0.226308835743135
-2.4779864689745, 0.149309856006834, -0.231434299300682
-2.4779864689745, 0.119450438210271, -0.236551799996357
-2.4779864689745, 0.0895896995331373, -0.241661587712786
-2.4779864689745, 0.0597276847258311, -0.246763912361383
-2.4779864689745, 0.0298644383504007, -0.251859023881403
-2.4779864689745, 2.02024625314769E-16, -0.256947173054018
-2.3324873146635, 0.430285199452415, -1.00681013022522E-11
-2.33248731466355, 0.420301412205113, -0.0286644490589839
-2.33248731466358, 0.410293196203242, -0.0573203868607932
-2.33248731466359, 0.400259528931002, -0.0859674184128561
-2.33248731466359, 0.39019938307397, -0.114605161967199
-2.33248731466359, 0.380111675902753, -0.14323320818419
-2.33248731466359, 0.369995141288517, -0.171851080622792
-2.33248731466359, 0.358892643550414, -0.199104308043138
-2.33248731466359, 0.328545654471465, -0.199174117599959
-2.33248731466359, 0.298693190880418, -0.20466569006327
-2.33248731466359, 0.268837311866817, -0.210138661669611
-2.33248731466359, 0.238978136139302, -0.215593618734669
-2.33248731466359, 0.209115781700637, -0.22103114766452
-2.33248731466359, 0.179250369167476, -0.226451834354423
-2.33248731466359, 0.149382007203041, -0.231856266830446
-2.33248731466359, 0.119510814454027, -0.237245031268107
-2.33248731466359, 0.0896369049848386, -0.24261871463872
-2.33248731466359, 0.0597603919626512, -0.247977904040467
-2.33248731466359, 0.0298813876924787, -0.253323186693371
-2.33248731466359, 1.71963005690175E-16, -0.258655150585529
-2.17698816035269, 0.432202571507734, -1.00680735603408E-11
-2.17698816035269, 0.421859217477067, -0.0284698645183059
-2.17698816035269, 0.411477357523615, -0.0569257097702727
-2.17698816035269, 0.401055272701203, -0.0853668468757668
-2.17698816035269, 0.390591246052022, -0.113792579309743
-2.17698816035269, 0.380083562701666, -0.142202202580394
-2.17698816035269, 0.369530509964566, -0.170595003899362
-2.17698816035269, 0.357319337525201, -0.19664671010608
-2.17698816035269, 0.32706195664165, -0.196980629508904
-2.17698816035269, 0.297359820789277, -0.202922145827032
-2.17698816035269, 0.267650684527427, -0.208828533119924
-2.17698816035269, 0.237934834692092, -0.214701050835285
-2.17698816035269, 0.208212558755425, -0.220540958039682
-2.17698816035269, 0.178484139978718, -0.226349514384909
-2.17698816035269, 0.148749857565364, -0.232127980074828
-2.17698816035269, 0.11900998683035, -0.237877615832678
-2.17698816035269, 0.0892647993623438, -0.243599682873415
-2.17698816035269, 0.0595145631877069, -0.24929544287908
-2.17698816035269, 0.0297595429349487, -0.254966157977344
-2.17698816035269, 1.97364272538335E-16, -0.260613090723007
-2.02148900604178, 0.431827324317143, -1.00680839601115E-11
-2.02148900604178, 0.421072226531583, -0.0280781598857878
-2.02148900604178, 0.41026463556729, -0.0561361549106842
-2.02148900604178, 0.399402953184813, -0.0841732567511398
-2.02148900604178, 0.388485526465054, -0.112188697716406
-2.02148900604178, 0.37751069782139, -0.140181701416823
-2.02148900604178, 0.366476812206768, -0.168151479192866
-2.02148900604178, 0.353503637619895, -0.193327249354202
-2.02148900604178, 0.323491328905733, -0.193827168388304
-2.02148900604178, 0.294140585006244, -0.200353199265924
-2.02148900604178, 0.264776304461148, -0.20681803932718
-2.02148900604178, 0.235399270155163, -0.213224664579271
-2.02148900604178, 0.206010198282808, -0.219575849398603
-2.02148900604178, 0.176609753433942, -0.225874186993906
-2.02148900604178, 0.147198547606669, -0.232122110619756
-2.02148900604178, 0.117777164609962, -0.238321907096175
-2.02148900604178, 0.0883461330225539, -0.244475739322706
-2.02148900604178, 0.0589059528627196, -0.250585655798068
-2.02148900604178, 0.029457093896348, -0.256653604879819
-2.02148900604178, 1.67576807979605E-16, -0.26268144671271
-1.86598985173104, 0.428413979087651, -1.00680931290417E-11
-1.86598985173097, 0.417257863688567, -0.0274917475174591
-1.86598985173092, 0.406041781378696, -0.0549590840044565
-1.86598985173089, 0.394764430162738, -0.0824013216948105
-1.86598985173088, 0.383424509252212, -0.109817762696092
-1.86598985173088, 0.37202071912562, -0.137207698753284
-1.86598985173088, 0.360551761573694, -0.164570410923547
-1.86598985173087, 0.347174587206625, -0.189125577365911
-1.86598985173088, 0.317572173294285, -0.18965963880781
-1.86598985173088, 0.28880073186652, -0.196902492137789
-1.86598985173088, 0.260005705200501, -0.204050996723148
-1.86598985173088, 0.231188595566365, -0.211109944574019
-1.86598985173087, 0.202350762993399, -0.218083786332101
-1.86598985173087, 0.173493478641679, -0.22497666127771
-1.86598985173087, 0.144617879441074, -0.231792445954542
-1.86598985173087, 0.115725042081488, -0.238534769808206
-1.86598985173087, 0.0868159490515444, -0.24520705303501
-1.86598985173087, 0.0578915133928515, -0.251812527471346
-1.86598985173087, 0.0289525990613069, -0.258354256322424
-1.86598985173087, 1.66101337215778E-16, -0.264835161341235
-1.71049069742002, 0.421537582097943, -1.0068048334975E-11
-1.71049069741997, 0.41005969214005, -0.026737873773193
-1.71049069741997, 0.398519918179368, -0.0534490971692237
-1.71049069741997, 0.386917172006874, -0.080133026878855
-1.71049069741997, 0.375250320354494, -0.106788990204552
-1.71049069741997, 0.363518230707656, -0.133416304477186
-1.71049069741997, 0.351719771358067, -0.160014276841715
-1.71049069741997, 0.338273844870584, -0.184143005747578
-1.71049069741997, 0.309238405560838, -0.184576335935929
-1.71049069741997, 0.281284861128804, -0.192654329622892
-1.71049069741997, 0.253292768448062, -0.20059771784559
-1.71049069741997, 0.225264797840749, -0.208413563976899
-1.71049069741997, 0.197203356434573, -0.216108414099482
-1.71049069741997, 0.169110659782885, -0.223688346280888
-1.71049069741997, 0.140988709068096, -0.231159037251023
-1.71049069741997, 0.112839354904108, -0.238525798320726
-1.71049069741997, 0.0846642889928907, -0.245793624956123
-1.71049069741997, 0.0564650918129325, -0.252967226819295
-1.71049069741997, 0.0282432088359606, -0.260051072434389
-1.71049069741997, 1.9321475912225E-16, -0.267049412010707
-1.55499154311079, 0.411133054833882, -1.00681001568047E-11
-1.55499154310981, 0.399442746889995, -0.0258418996037861
-1.55499154310929, 0.38769085356488, -0.0516558504997287
-1.55499154310909, 0.375876080114072, -0.0774410820997687
-1.55499154310906, 0.363997133383472, -0.103196812475495
-1.55499154310906, 0.352052659736318, -0.128922219201493
-1.55499154310906, 0.340041076647826, -0.15461635959277
-1.55499154310906, 0.326826329776638, -0.178487882323101
-1.55499154310906, 0.298490801818309, -0.178655169109469
-1.55499154310906, 0.27159953437208, -0.187673152087782
-1.55499154310906, 0.244648356466778, -0.196510493083478
-1.55499154310906, 0.217641672921733, -0.205176729826208
-1.55499154310906, 0.190583445968223, -0.213680719383052
-1.55499154310906, 0.163477299182752, -0.222030700357645
-1.55499154310906, 0.136326510604485, -0.230234378793636
-1.55499154310906, 0.109134081553252, -0.238298980621662
-1.55499154310906, 0.0819027779133817, -0.246231305364625
-1.55499154310906, 0.054635124270211, -0.254037787113686
-1.55499154310906, 0.0273334718211159, -0.2617245288031
-1.55499154310906, 1.66003173380033E-16, -0.269297351932316
-1.39949238879817, 0.397270147162307, -1.00680442908666E-11
-1.39949238879817, 0.385470604484726, -0.0248166651086856
-1.39949238879816, 0.373608978715542, -0.0496037161496159
-1.39949238879816, 0.361684642103436, -0.0743606596727186
-1.39949238879816, 0.34969696617935, -0.0990869952909315
-1.39949238879816, 0.337645321779321, -0.123782215581411
-1.39949238879816, 0.32552907907269, -0.148445805972633
-1.39949238879816, 0.312853978313868, -0.172281240423563
-1.39949238879816, 0.285374959700729, -0.172281243891342
-1.39949238879816, 0.259737838237588, -0.18201528729683
-1.39949238879816, 0.234071167111053, -0.191829241530628
-1.39949238879816, 0.208322397372568, -0.201425746351114
-1.39949238879816, 0.182497540158378, -0.210815611164941
-1.39949238879816, 0.156602082119261, -0.220008994628463
-1.39949238879816, 0.130641023106919, -0.229015481035997
-1.39949238879816, 0.104618945284403, -0.237844136676751
-1.39949238879816, 0.0785400622127127, -0.246503566543774
-1.39949238879816, 0.0524082551437809, -0.255001969504879
-1.39949238879816, 0.026227120794409, -0.263347185039603
-1.39949238879816, 1.95974800539962E-16, -0.271546742762854
-1.24399323449161, 0.379935717247887, -1.0067968460064E-11
-1.24399323448836, 0.368134416638228, -0.0236857979290779
-1.24399323448734, 0.35627712530166, -0.0473436159954579
-1.24399323448725, 0.344363433427594, -0.0709730807529712
-1.24399323448725, 0.332392908376366, -0.0945738059393489
-1.24399323448725, 0.320364572389324, -0.118145120452297
-1.24399323448725, 0.30827732063309, -0.141686276232292
-1.24399323448725, 0.296130048628014, -0.165196517368434
-1.24399323448725, 0.269959515392072, -0.165677462036544
-1.24399323448725, 0.245705945178973, -0.175718270677409
-1.24399323448725, 0.221569194939509, -0.18656715228627
-1.24399323448725, 0.197317036870856, -0.197155559830057
-1.24399323448725, 0.172957536984664, -0.207494648627399
-1.24399323448725, 0.14849815487254, -0.217595211172287
-1.24399323448725, 0.123945816221408, -0.227467693091094
-1.24399323448725, 0.0993069455398055, -0.237122225251203
-1.24399323448725, 0.0745875337200332, -0.246568641272115
-1.24399323448725, 0.049793153237358, -0.255816515249212
-1.24399323448725, 0.0249290150490981, -0.264875182833102
-1.24399323448725, 1.72839040567888E-16, -0.273753772298671
-1.08849408017672, 0.359274561763371, -1.0068045118576E-11
-1.0884940801764, 0.347590390309354, -0.0224753809358296
-1.08849408017634, 0.335851738177708, -0.0449223547392401
-1.08849408017634, 0.324056443006556, -0.0673396103194873
-1.08849408017634, 0.312201245385028, -0.089725253366017
-1.08849408017634, 0.300282547395843, -0.112077145794041
-1.08849408017634, 0.288296520910787, -0.134393004768127
-1.08849408017634, 0.276238253120855, -0.156669909567032
-1.08849408017634, 0.25219462141225, -0.158835327411011
-1.08849408017634, 0.229402731763774, -0.168733958157179
-1.08849408017634, 0.207052238591214, -0.180654906972664
-1.08849408017634, 0.184548046948265, -0.192283126573271
-1.08849408017634, 0.161899178248051, -0.203626996563093
-1.08849408017634, 0.139114356604227, -0.214695295667729
-1.08849408017634, 0.116202006489276, -0.225497153594107
-1.08849408017634, 0.0931702366746476, -0.236042013794235
-1.08849408017634, 0.0700268391181889, -0.246339593016738
-1.08849408017634, 0.0467792858096865, -0.256399846033219
-1.08849408017634, 0.023434727130441, -0.266232933602848
-1.08849408017634, 2.08855078098206E-16, -0.275849190194791
-0.922994925868283, 0.33361482176991, -1.00680222274354E-11
-0.922994925865438, 0.322099798370181, -0.0210310702519689
-0.922994925865437, 0.310511408651161, -0.0420217922444701
-0.922994925865437, 0.298843557152677, -0.0629684510676958
-0.922994925865437, 0.287089947543429, -0.0838671064304621
-0.922994925865437, 0.275243859417444, -0.104713478065927
-0.922994925865437, 0.263297392650523, -0.12550248340349
-0.922994925865437, 0.251242561141195, -0.146228835184823
-0.922994925865438, 0.230137788711011, -0.151241720812626
-0.922994925865438, 0.208799016196586, -0.15997126334103
-0.922994925865438, 0.188674776936909, -0.173006089406638
-0.922994925865438, 0.168362670001423, -0.185746195444706
-0.922994925865438, 0.147869854511448, -0.198193559206918
-0.922994925865438, 0.127203747063985, -0.210351054961551
-0.922994925865438, 0.106371956417158, -0.222222432952527
-0.922994925865438, 0.0853822274642689, -0.233812283104643
-0.922994925865438, 0.0642423633150183, -0.245126002173726
-0.922994925865438, 0.0429601965218906, -0.256169727147683
-0.922994925865438, 0.0215435108072025, -0.266950290883099
-0.922994925865438, 2.22651978786051E-16, -0.277475154274875
-0.870795264142468, 0.324556405382987, -1.00680346505351E-11
-0.870795264141075, 0.313084247792029, -0.0205120242548795
-0.870795264141075, 0.301528447823538, -0.0409770469404044
-0.870795264141075, 0.289882199664466, -0.0613907262091793
-0.870795264141075, 0.278138366023863, -0.0817484157501412
-0.870795264141075, 0.266291779300434, -0.102046485677466
-0.870795264141075, 0.254344625303373, -0.122285528444803
-0.870795264141075, 0.242307149226274, -0.142470987040094
-0.870795264141075, 0.222363843391266, -0.148756481214168
-0.870795264141076, 0.201405691718309, -0.156757173327993
-0.870795264141076, 0.182061361877972, -0.170104127613773
-0.870795264141075, 0.162522617221343, -0.183164829540755
-0.870795264141075, 0.1427954332746, -0.195939136817531
-0.870795264141075, 0.122886190213074, -0.208427812024321
-0.870795264141075, 0.102801614936698, -0.220632520590283
-0.870795264141075, 0.0825487065061974, -0.232555824425172
-0.870795264141075, 0.0621346787454529, -0.244201151848363
-0.870795264141075, 0.0415669116156762, -0.255572752488332
-0.870795264141075, 0.0208528574318711, -0.26667566845013
-0.870795264141075, 2.82818775209871E-16, -0.2775156682083
-0.808595602416733, 0.312962783785915, -1.00681401595706E-11
-0.808595602416712, 0.30152682759625, -0.019841447522344
-0.808595602416712, 0.289995370727044, -0.0396275424846894
-0.808595602416712, 0.278368881511012, -0.0593579464712932
-0.808595602416712, 0.266656675947485, -0.079037598379043
-0.808595602416712, 0.254868588222888, -0.0986718926309578
-0.808595602416712, 0.243011408736168, -0.118264538878004
-0.808595602416713, 0.23108856939014, -0.137817304345978
-0.808595602416712, 0.212615374244053, -0.145725070919867
-0.808595602416712, 0.191996083868411, -0.152487700129382
-0.808595602416712, 0.173627247678072, -0.166164012493302
-0.808595602416712, 0.155060088901623, -0.179569845495465
-0.808595602416712, 0.136298962595746, -0.192702855840359
-0.808595602416712, 0.117348732804199, -0.205561500619449
-0.808595602416712, 0.0982147307011294, -0.21814505728025
-0.808595602416712, 0.0789026905180796, -0.230453642887022
-0.808595602416712, 0.0594186998421248, -0.242488208720825
-0.808595602416712, 0.0397691510789442, -0.254250521634847
-0.808595602416712, 0.0199606563707777, -0.26574315551751
-0.808595602416712, 2.32203992711702E-16, -0.276969449106342
-0.746395940692898, 0.300305339629857, -1.00679644421783E-11
-0.746395940692349, 0.288924783894765, -0.0191207818827116
-0.74639594069235, 0.277474739587807, -0.0382000416292336
-0.74639594069235, 0.265960662015529, -0.057240725698996
-0.74639594069235, 0.254385573940074, -0.0762443826590227
-0.74639594069235, 0.242750173143707, -0.0952111719557269
-0.74639594069235, 0.231053348234831, -0.114140141505313
-0.74639594069235, 0.219291218891365, -0.133028599634026
-0.74639594069235, 0.202342445185452, -0.142608262608831
-0.74639594069235, 0.181881961521091, -0.147617477453321
-0.74639594069235, 0.164539147736426, -0.161558081781828
-0.74639594069235, 0.146998955866457, -0.175249512208275
-0.74639594069235, 0.129264132571095, -0.188687874845824
-0.74639594069235, 0.11133793034375, -0.201869863962747
-0.74639594069235, 0.0932240866378958, -0.214792792615407
-0.746395940692349, 0.074926780460205, -0.22745462779904
-0.74639594069235, 0.0564505979568849, -0.239854006679214
-0.74639594069235, 0.0378005094823958, -0.251990234604635
-0.74639594069235, 0.0189817921779466, -0.263863308491608
-0.74639594069235, 2.3547228905249E-16, -0.27547389792464
-0.684196278971448, 0.286626553958705, -1.00681565297434E-11
-0.684196278968047, 0.27541810948075, -0.0183931565838555
-0.684196278967987, 0.264154386499974, -0.0367525134274905
-0.684196278967987, 0.252833929209286, -0.0550769409132911
-0.684196278967988, 0.241453303063781, -0.0733640579624276
-0.684196278967987, 0.230008434290269, -0.0916110382557135
-0.684196278967987, 0.218493302304377, -0.109813754932965
-0.684196278967987, 0.206901471402944, -0.127967721278122
-0.684196278967987, 0.191595767709959, -0.139394009282806
-0.684196278967987, 0.171033056133223, -0.141977683961821
-0.684196278967987, 0.154766006122064, -0.156095534370676
-0.684196278967987, 0.138307412897334, -0.169989605133143
-0.684196278967987, 0.121658774263699, -0.183655373016493
-0.684196278967987, 0.104821968396914, -0.197088625246407
-0.684196278967987, 0.0877992492547061, -0.210285484909363
-0.684196278967987, 0.0705932231159297, -0.223242445772
-0.684196278967988, 0.0532068510330424, -0.235956381563065
-0.684196278967987, 0.0356434124414587, -0.248424579215673
-0.684196278967987, 0.0179065057842949, -0.260644739131214
-0.684196278967987, 2.35789802676643E-16, -0.27261500499873
-0.621996617245994, 0.272149122739712, -1.00679541699949E-11
-0.621996617243625, 0.261177445946243, -0.01761054585184
-0.621996617243625, 0.250146230410649, -0.0351838559583474
-0.621996617243625, 0.239049992628713, -0.0527161793720377
-0.621996617243625, 0.227883040386514, -0.0702035435012765
-0.621996617243625, 0.216638933121588, -0.0876413962809958
-0.621996617243625, 0.205310923470324, -0.105024856412525
-0.621996617243625, 0.193892172045296, -0.122348841349039
-0.621996617243625, 0.180490441268037, -0.136073133405044
-0.621996617243625, 0.159741720968252, -0.136073158749519
-0.621996617243625, 0.144310757340108, -0.14953461302967
-0.621996617243625, 0.128986306355321, -0.163522628904479
-0.621996617243625, 0.113481441072246, -0.17731039484388
-0.621996617243625, 0.09779713698105, -0.190893685236509
-0.621996617243625, 0.0819345092328399, -0.204268285550618
-0.621996617243625, 0.0658948733081776, -0.217430087784418
-0.621996617243625, 0.0496797630440234, -0.230375089259328
-0.621996617243625, 0.0332909173078405, -0.243099416863249
-0.621996617243625, 0.0167302831714748, -0.255599336331424
-0.621996617243625, 2.31403915279452E-16, -0.267871274848266
-0.559796955521725, 0.256820678648693, -1.00680640675678E-11
-0.55979695551979, 0.24611863701567, -0.0167179226045543
-0.559796955519281, 0.235344989061021, -0.033389786258967
-0.559796955519262, 0.22449379449147, -0.0500112786957913
-0.559796955519262, 0.213558855534125, -0.0665777930707101
-0.559796955519262, 0.202534311153538, -0.0830848082314199
-0.559796955519262, 0.191414729205613, -0.0995279503870806
-0.559796955519262, 0.180195138427867, -0.115903013285212
-0.559796955519262, 0.168871059526537, -0.132205991464848
-0.559796955519262, 0.149244653690707, -0.132635326966827
-0.559796955519262, 0.133147142579648, -0.141652073333088
-0.559796955519262, 0.119016759380298, -0.155593037634046
-0.559796955519262, 0.104716813087685, -0.169360020968333
-0.559796955519262, 0.0902496535540808, -0.182951180303509
-0.559796955519262, 0.075617010533566, -0.196364014879244
-0.559796955519262, 0.0608200337878835, -0.209595322410676
-0.559796955519262, 0.0458593049308232, -0.222641186330734
-0.559796955519262, 0.0307352443958335, -0.235497340395998
-0.559796955519262, 0.0154485303399513, -0.248159653139895
-0.559796955519262, 1.9236742825654E-16, -0.260624026179916
-0.4975972937949, 0.24037985336841, -1.00679668225733E-11
-0.4975972937949, 0.229986230741945, -0.0156695362141345
-0.4975972937949, 0.219510335984832, -0.0312841832499053
-0.4975972937949, 0.208947329882869, -0.04684002780544
-0.4975972937949, 0.198292627097234, -0.0623332104249405
-0.4975972937949, 0.187541922694945, -0.0777599366157909
-0.4975972937949, 0.176691790785424, -0.0931168853957358
-0.4975972937949, 0.165739647203418, -0.108401247068353
-0.4975972937949, 0.154683447968249, -0.123610506427418
-0.4975972937949, 0.138646789063461, -0.129073688235662
-0.4975972937949, 0.121230939124395, -0.13224259644295
-0.4975972937949, 0.108375971419873, -0.145965140429437
-0.4975972937949, 0.0953602743179507, -0.159535332209048
-0.4975972937949, 0.0821876669607508, -0.172953265556764
-0.4975972937949, 0.0688613692401759, -0.186218573805858
-0.4975972937949, 0.055384045870162, -0.199330417535565
-0.4975972937949, 0.041757838869025, -0.212287470221721
-0.4975972937949, 0.0279843959088469, -0.225087894788487
-0.4975972937949, 0.0140648814372589, -0.237729323237843
-0.4975972937949, 1.71755225327579E-16, -0.250208811567068
-0.435397632070537, 0.222447650890183, -1.00681225834327E-11
-0.435397632070537, 0.212434870657315, -0.0144356336799703
-0.435397632070537, 0.202335652063579, -0.0288109248911309
-0.435397632070537, 0.192147159882577, -0.0431230795613678
-0.435397632070537, 0.181866683573634, -0.0573693028836744
-0.435397632070537, 0.17149202835048, -0.0715470865786979
-0.435397632070537, 0.161021752407045, -0.0856544002367865
-0.435397632070537, 0.150454661632575, -0.0996893401913358
-0.435397632070537, 0.139790641875741, -0.113650770682303
-0.435397632070537, 0.127978326969385, -0.125383838893916
-0.435397632070537, 0.110410055113477, -0.125383694921861
-0.435397632070538, 0.0969832150598785, -0.134451345608141
-0.435397632070537, 0.0853517166201981, -0.147617555186674
-0.435397632070537, 0.0735724281566153, -0.160651715411962
-0.435397632070537, 0.0616496806858709, -0.173554784489323
-0.435397632070537, 0.0495872694884595, -0.186327388734101
-0.435397632070537, 0.0373884886457188, -0.198969819700501
-0.435397632070537, 0.0250561677621286, -0.211482018807335
-0.435397632070537, 0.0125926857271177, -0.223863575715285
-0.435397632070537, 1.42765527793009E-16, -0.236113700878785
-0.373197970346529, 0.20259862878201, -1.00679862556044E-11
-0.373197970346276, 0.193089627791237, -0.0129995649113234
-0.373197970346186, 0.183498678334207, -0.0259387858558459
-0.373197970346175, 0.173824368215287, -0.0388157977259044
-0.373197970346175, 0.16406537927235, -0.051628752572175
-0.373197970346175, 0.154221096741626, -0.0643762920489024
-0.373197970346175, 0.144291417241398, -0.077057424375003
-0.373197970346175, 0.134276615182561, -0.0896714400803303
-0.373197970346175, 0.124177338990366, -0.102217921794446
-0.373197970346175, 0.113994774939363, -0.114696910697878
-0.373197970346175, 0.101127925785876, -0.121565604299708
-0.373197970346175, 0.0850216961947331, -0.121565974740196
-0.373197970346175, 0.0745718097683698, -0.133429209115743
-0.373197970346175, 0.0642978495989463, -0.145832987877624
-0.373197970346175, 0.0538908424074918, -0.158125361947025
-0.373197970346175, 0.0433552298924866, -0.170307691729365
-0.373197970346175, 0.0326949868081815, -0.18238111939143
-0.373197970346175, 0.0219136642803671, -0.194346552499365
-0.373197970346175, 0.0110144128754864, -0.206204663832571
-0.373197970346175, 5.64657258120329E-17, -0.217955889739059
-0.300753070554021, 0.176483982607843, -2.01362184330802E-11
-0.303887057973296, 0.167931344961417, -0.0124572109343926
-0.307038102785383, 0.159332157766319, -0.0248780129024011
-0.310206130828429, 0.150686623409914, -0.037262272209306
-0.313391003667333, 0.141995119680971, -0.0496099803790468
-0.316592523540296, 0.133258186270558, -0.0619212687217822
-0.319810449249247, 0.124476481407128, -0.0741963756134176
-0.32304425247339, 0.115651446875773, -0.0864361824007322
-0.326293256264384, 0.106784930065485, -0.098641937743812
-0.32955678993663, 0.0978787612742647, -0.110814905153089
-0.333503083186653, 0.0871093446498064, -0.119063401353222
-0.338811449902256, 0.0726228356314001, -0.119401228316376
-0.34198531059102, 0.0639613840109248, -0.131587918604695
-0.345164677198729, 0.0552849067622814, -0.143947461120636
-0.348402689392149, 0.046448385972598, -0.156177724406668
-0.351697757298641, 0.0374561603971964, -0.168278576768461
-0.355048475981221, 0.0283120641028217, -0.180249647380014
-0.358453611791913, 0.0190194637092777, -0.192090297729436
-0.36191209535764, 0.00958127753091008, -0.203799609173235
-0.36542301263063, 2.51587705456532E-17, -0.215376355351665
-0.251072241854317, 0.156367214057938, -2.01365443012811E-11
-0.256473356279517, 0.148612458795343, -0.0121703466452955
-0.261891628719927, 0.140833068578131, -0.0243173160666805
-0.267326909375334, 0.133029258484876, -0.0364410039762815
-0.272778398797462, 0.125202176339016, -0.0485423921473837
-0.278245240805669, 0.117353051418588, -0.0606225591331623
-0.28372658406563, 0.109483106043435, -0.0726825924564637
-0.28922158184818, 0.101593555921453, -0.0847235880768034
-0.294729391778854, 0.0936856105081897, -0.0967466498837196
-0.300249175575675, 0.085760473383328, -0.108752889208233
-0.306750867704995, 0.0764255422401593, -0.117349134366712
-0.315522542171199, 0.0638314397321291, -0.118009355223782
-0.320690145663472, 0.0564119523408338, -0.130486023569799
-0.325974681881863, 0.0488245765098877, -0.142811838631182
-0.331372923863438, 0.0410739454141896, -0.154985878432871
-0.336881999329258, 0.0331641829841842, -0.167006958519615
-0.342499372817432, 0.0250989295586809, -0.178873614910521
-0.34822282273534, 0.0168813748325655, -0.190584067519289
-0.354050425803211, 0.00851428019223722, -0.202136191941473
-0.359980542229748, 2.274991104663E-17, -0.213527484512528
-0.214358345359294, 0.140179726469572, -2.01366998093901E-11
-0.221419913240336, 0.13311815858853, -0.0119535725912927
-0.228493711425009, 0.126044360403858, -0.0238926740256926
-0.235578935928214, 0.118959135900652, -0.0358182170818503
-0.242674785576083, 0.111863286252783, -0.0477311189121867
-0.249780461822678, 0.104757610006188, -0.0596323007460357
-0.256895168560179, 0.097642903268687, -0.0715226875785003
-0.264018111924198, 0.0905199599046684, -0.0834032078666766
-0.271148228514054, 0.0833898433148119, -0.0952751194541956
-0.278283765237504, 0.0762543065913617, -0.107140517567098
-0.286451534775924, 0.0680865370529419, -0.116033803457833
-0.297377887893889, 0.0571601839349771, -0.116949727601694
-0.303987046193046, 0.0505510256358196, -0.129409683808811
-0.310757351268426, 0.0437807205604403, -0.141695389817951
-0.31768422130617, 0.0368538505226961, -0.153805295842672
-0.324763544361976, 0.0297745274668898, -0.165737577934237
-0.331991652610731, 0.0225464192181354, -0.177490109835778
-0.339365292037991, 0.0151727797908752, -0.189060420141542
-0.346881597270273, 0.00765647455859349, -0.200445651926917
-0.354538071828866, 2.04131373153546E-17, -0.211642523845516
-0.181934153201578, 0.124849378653264, -2.01355939415212E-11
-0.190453074431753, 0.118486775112387, -0.0117583065091387
-0.198978028802304, 0.112119665545538, -0.023509802979225
-0.207508281441869, 0.105748598812719, -0.0352553114645335
-0.216043096430932, 0.0993741245567779, -0.0469956525339375
-0.224581774773023, 0.0929967648435127, -0.0587316122932443
-0.233123395697149, 0.0866172073774607, -0.0704642396192405
-0.241666529369873, 0.0802365200712179, -0.0821951514995907
-0.250209718464193, 0.0738557913717485, -0.0939260004998795
-0.25875150538892, 0.0674761099233302, -0.105658438822716
-0.268259743844236, 0.0603746061027511, -0.114844696066814
-0.280819483750388, 0.0509939998686755, -0.115970739717435
-0.288692039880806, 0.0451141528601453, -0.128410760561153
-0.296764758867264, 0.0390848084138313, -0.14064931905695
-0.305031449831381, 0.032910590366913, -0.15268448579793
-0.313486489247377, 0.0265956988128138, -0.164514067108011
-0.322124787763234, 0.0201439348817814, -0.176135565722877
-0.330941753300859, 0.0135587283006042, -0.187546131598742
-0.339933255601122, 0.0068431638731723, -0.198742510894803
-0.349095601427985, 1.81562295530215E-17, -0.209721003574217
-0.151300643732634, 0.109387637690136, -2.0140926025265E-11
-0.161187268665806, 0.103765279688014, -0.0115739311644806
-0.171074364004827, 0.0981426541739648, -0.023147331634539
-0.18096103041485, 0.0925202725846524, -0.0347212220098778
-0.190846326831782, 0.0868986700874641, -0.0462966565558915
-0.200729317760519, 0.0812783786827966, -0.0578746960578506
-0.210609066003297, 0.0756599313393197, -0.0694563993135442
-0.220484629289049, 0.070043863910807, -0.0810428192911533
-0.230354729106618, 0.0644309034651393, -0.0926354016206003
-0.240217537890375, 0.0588220893082782, -0.104236195975041
-0.250920886840938, 0.0527352740372965, -0.113702504190805
-0.264776295088924, 0.0448559354397173, -0.115145464785591
-0.273863127271244, 0.0396884061787672, -0.127556244555917
-0.283185608682738, 0.0343868671482251, -0.139733547043208
-0.292735522231128, 0.0289559912708357, -0.151675354619088
-0.302505314211078, 0.0234000742123017, -0.163379423015328
-0.312488054701295, 0.0177230569027893, -0.174843228870551
-0.322677395197816, 0.0119285496301663, -0.186063912558523
-0.333067522867277, 0.0060198580554052, -0.197038216164666
-0.343653131027103, 1.59872225710273E-17, -0.207762436572061
-0.121278307140598, 0.0932203932671652, -2.01355304666375E-11
-0.132493429565675, 0.0884010193646259, -0.0113998993313775
-0.143704228465717, 0.0835835033716956, -0.0228048369212762
-0.154909999319336, 0.0787681480360271, -0.0342156238272754
-0.166110213881082, 0.0739551803557969, -0.0456328728239631
-0.177303943861308, 0.0691449992365833, -0.057057652943787
-0.188489889908939, 0.0643381630368619, -0.068491460996178
-0.199666749532823, 0.059535231464465, -0.0799357906886353
-0.210833216596682, 0.0547367657936138, -0.0913921321511453
-0.221987980798256, 0.0499433290887371, -0.102861971425561
-0.233839487262017, 0.0448504875848841, -0.112569050078237
-0.248711729482901, 0.03845957241562, -0.114578798510595
-0.259031355039719, 0.0340250123450764, -0.126939607453384
-0.269618590922139, 0.0294754544911488, -0.139029356957823
-0.280462667670727, 0.0248155267169836, -0.150846363107568
-0.291553594415622, 0.0200495223094163, -0.162388783813374
-0.302882114200891, 0.0151814191770377, -0.17365454882611
-0.314439655147191, 0.010214900836624, -0.184641288589585
-0.326218283948478, 0.00515337639657906, -0.19534626734741
-0.338210660626221, 1.39144190239684E-17, -0.205766317518616
-0.0911825534076156, 0.0758921309534596, -2.01220836281675E-11
-0.103713836357572, 0.0719555319934374, -0.0112407263673838
-0.116238138362394, 0.0680211260396274, -0.0224899974201997
-0.128754651208668, 0.0640891669855932, -0.0337487891672814
-0.141262564602811, 0.0601599093783663, -0.0450180758188925
-0.153761065953999, 0.0562336084866371, -0.0562988296270045
-0.166249340159603, 0.0523105203681597, -0.0675920207012827
-0.178726564361528, 0.0483909035170031, -0.0788986225797358
-0.191191596118165, 0.0444751168217557, -0.0902199895633481
-0.203642977916611, 0.0405636181480487, -0.101557847712166
-0.216665530745325, 0.0364726908162603, -0.111421427127813
-0.232284612567158, 0.0315660853631817, -0.11442405635584
-0.243902389389238, 0.0279164568025457, -0.126694944476841
-0.255815020889794, 0.0241742020818206, -0.138651226806673
-0.268008620476713, 0.0203436835591374, -0.150292182782297
-0.280470244318803, 0.0164289674320764, -0.161617027293104
-0.293187840491429, 0.0124338397131452, -0.172624814561472
-0.306150194805204, 0.00836182324724733, -0.183314348198673
-0.319346878123122, 0.00421619426157039, -0.193684098741735
-0.332768190225339, 1.1946403512599E-17, -0.20373212200125
-0.060593697514913, 0.0569765181056478, -2.02979810662382E-11
-0.0744423150832425, 0.0540183205754524, -0.011106197153445
-0.0882834942819709, 0.0510617119523428, -0.022222084209423
-0.102116614592324, 0.0481068247850804, -0.0333484571987772
-0.115941051619763, 0.0451537924503269, -0.0444861091083597
-0.129756179748174, 0.0422027485856843, -0.0556358320399393
-0.143561371306889, 0.0392538272676275, -0.0667984165458513
-0.157355915005954, 0.0363071804345119, -0.0779747580231086
-0.171138816084401, 0.0333630205768209, -0.0891661071315709
-0.184909048810488, 0.030421566800692, -0.100373750455282
-0.19917918510478, 0.0273733288279818, -0.110244938809868
-0.215259460874128, 0.0239384277029386, -0.114903513997512
-0.228277866227146, 0.0211575714642298, -0.127013449190628
-0.241611166065979, 0.0183094507433001, -0.138759722957878
-0.255241900796758, 0.0153977950768492, -0.150143478041761
-0.269153799291142, 0.0124260801339418, -0.161165882401079
-0.283331718555798, 0.00939754060318525, -0.171827999248171
-0.297761577952027, 0.00631518424404866, -0.182130669648121
-0.312430296490678, 0.0031818052812703, -0.192074409235672
-0.327325719824458, 1.00920576276247E-17, -0.201659305557802
-0.0222859766828974, 0.0338119156483367, -1.47432450692264E-07
-0.0392332200989437, 0.033804340872717, -0.00888529943048412
-0.0553680927662865, 0.0327218144089081, -0.0191172542972908
-0.0708735283567484, 0.0309272959528852, -0.0301982174686728
-0.0862768033929071, 0.0290294346124467, -0.0414053877925793
-0.101674627589945, 0.0271322448783268, -0.0526201687281072
-0.117065994284036, 0.0252358507831323, -0.0638439379930644
-0.132449903899062, 0.0233403754861829, -0.0750780785006289
-0.147825036918537, 0.0214459815671455, -0.0863244107075883
-0.163188637997663, 0.0195530085163142, -0.0975867310960537
-0.178545701189472, 0.0176608410086908, -0.108846794762898
-0.195636329796098, 0.0155550782251162, -0.114769708422925
-0.210380562676317, 0.0137384184880083, -0.126842197409866
-0.225461674653448, 0.0118802513563411, -0.138484641339252
-0.240857352715659, 0.00998332605081251, -0.149701390933198
-0.256546926116044, 0.00805018944611886, -0.160496866576288
-0.272511284204086, 0.00608319619506767, -0.170875378930814
-0.288732770753014, 0.0040845217486669, -0.180840962146144
-0.305195102226601, 0.00205617242660001, -0.190397243232627
-0.321883249423576, 8.360576012109E-18, -0.199547302655407
-0.000782733922218573, 0.00889910524766425, -8.40333878474042E-06
-0.00920603661603946, 0.00910061641284448, -0.00552176969787642
-0.0176165266786845, 0.00924913645408492, -0.0110563398216008
-0.0260143481130811, 0.00934701167888018, -0.0166112391926838
-0.0343997012022959, 0.00939668743974199, -0.0221855822345778
-0.0427728419389715, 0.00940070380273358, -0.0277784737324209
-0.0511340809608345, 0.00936169089935736, -0.0333890100783472
-0.0594837824618146, 0.00928236398830959, -0.0390162806428561
-0.0678223620041422, 0.00916551826167418, -0.0446593685371547
-0.0761502847603984, 0.00901402341546717, -0.0503173517798081
-0.0844680629775526, 0.00883081801767329, -0.0559893040440636
-0.0927762532291918, 0.00861890369778079, -0.0616742953530229
-0.101075453211985, 0.00838133918775816, -0.0673713925444957
-0.109366298666349, 0.00812123422261727, -0.0730796598914599
-0.117649459437044, 0.00784174335019466, -0.0787981591921818
-0.125925635801936, 0.00754605963958895, -0.0845259500935834
-0.134195554939593, 0.00723740830487801, -0.0902620905547317
-0.142459964451186, 0.00691904038101035, -0.096005635298545
-0.150719630889145, 0.00659422616910163, -0.101755637760958
-0.158975334886991, 0.00626624877409974, -0.107511149707953
