-3.13882327531446, 0.408214185984839, -3.09371417372972E-11
-3.13882327531446, 0.400808880664139, -0.0344496272407576
-3.13882327531446, 0.39340357534344, -0.0688992544505781
-3.13882327531446, 0.38599827002274, -0.103348881660399
-3.13882327531446, 0.378592964702041, -0.137798508870219
-3.13882327531446, 0.371187659381341, -0.172248136080039
-3.13882327531446, 0.363782354060642, -0.20669776328986
-3.13882327531446, 0.356377048739942, -0.24114739049968
-3.13882327531446, 0.348971743419242, -0.275597017709501
-3.13882327531446, 0.341566438098543, -0.310046644919321
-3.13882327531446, 0.308541544981601, -0.313388765196651
-3.13882327531446, 0.274259151094756, -0.321533262183919
-3.13882327531446, 0.239976757207912, -0.329677759171188
-3.13882327531446, 0.205694363321067, -0.337822256158456
-3.13882327531446, 0.171411969434223, -0.345966753145725
-3.13882327531446, 0.137129575547378, -0.354111250132994
-3.13882327531446, 0.102847181660534, -0.362255747120262
-3.13882327531446, 0.0685647877736895, -0.370400244107531
-3.13882327531446, 0.0342823938868449, -0.3785447410948
-3.13882327531446, 1.95215988938465E-16, -0.386689238082068
-3.07604680980818, 0.410028760693838, -1.5468520250022E-11
-3.07604680980818, 0.402607375566692, -0.0345455465246787
-3.07604680980817, 0.3951860920151, -0.0690911148557335
-3.07604680980818, 0.387764913004085, -0.103636705645179
-3.07604680980818, 0.380343841499911, -0.138182319523791
-3.07604680980817, 0.372922880465979, -0.172727957135657
-3.07604680980818, 0.365502032867323, -0.207273619117289
-3.07604680980817, 0.358081301668971, -0.241819306105201
-3.07604680980818, 0.350660689835956, -0.276365018735905
-3.07604680980818, 0.343240200333306, -0.310910757645914
-3.07604680980817, 0.309338309599585, -0.313424974944626
-3.07604680980817, 0.274967350591408, -0.321616978225014
-3.07604680980817, 0.240596400515413, -0.329809018982405
-3.07604680980817, 0.206225459370538, -0.338001097212225
-3.07604680980818, 0.171854527156008, -0.346193212909833
-3.07604680980817, 0.137483603870542, -0.354385366070706
-3.07604680980817, 0.103112689513174, -0.362577556690247
-3.07604680980817, 0.0687417840829392, -0.370769784763859
-3.07604680980817, 0.0343708875788699, -0.378962050286945
-3.07604680980817, 2.08531308121867E-16, -0.387154353254908
-3.01327034430189, 0.411843329279435, -1.54685832720778E-11
-3.01327034430189, 0.404411697599897, -0.0346453735683896
-3.01327034430189, 0.396980386003124, -0.0692908157843507
-3.01327034430189, 0.389549402559981, -0.10393632840315
-3.01327034430189, 0.382118755340578, -0.138581913168118
-3.01327034430189, 0.374688452426862, -0.173227571767385
-3.01327034430189, 0.367258501893986, -0.207873305920757
-3.01327034430189, 0.359828911817105, -0.242519117348042
-3.01327034430189, 0.352399690271371, -0.277165007769048
-3.01327034430189, 0.344970845331937, -0.311810978903585
-3.01327034430189, 0.310137215679594, -0.313461592933132
-3.01327034430189, 0.27567754334051, -0.32171156509735
-3.01327034430189, 0.241217866377064, -0.329961517946004
-3.01327034430189, 0.206758184811261, -0.33821145157095
-3.01327034430189, 0.172298498665169, -0.34646136606403
-3.01327034430189, 0.137838807960733, -0.354711261517116
-3.01327034430189, 0.103379112719975, -0.362961138022061
-3.01327034430189, 0.0689194129649177, -0.371210995670717
-3.01327034430189, 0.0344597087175852, -0.379460834554937
-3.01327034430189, 2.36008902182944E-16, -0.387710654766574
-2.9504938787956, 0.413657970472513, -1.54686187050922E-11
-2.9504938787956, 0.406218835585489, -0.0347464291152451
-2.9504938787956, 0.398780222550246, -0.0694929699540884
-2.9504938787956, 0.391342140695852, -0.104239624519259
-2.9504938787956, 0.383904599374926, -0.138986394687981
-2.9504938787956, 0.376467607886158, -0.173733282589428
-2.9504938787956, 0.369031175559476, -0.208480290206854
-2.9504938787956, 0.361595311724808, -0.243227419523508
-2.9504938787956, 0.35416002571208, -0.277974672522642
-2.9504938787956, 0.346298711982188, -0.31219450458707
-2.9504938787956, 0.310917544670818, -0.313480649112597
-2.9504938787956, 0.276371398176693, -0.321800434366748
-2.9504938787956, 0.241825188480361, -0.330119957212756
-2.9504938787956, 0.207278916164921, -0.338439220057868
-2.9504938787956, 0.172732581823305, -0.346758225306961
-2.9504938787956, 0.138186186026828, -0.355076975370118
-2.9504938787956, 0.103639729360876, -0.363395472654036
-2.9504938787956, 0.0690932124108318, -0.37171371956541
-2.9504938787956, 0.0345466357620787, -0.380031718510936
-2.9504938787956, 2.07822130452816E-16, -0.388349471897309
-2.88771741328931, 0.41548278583636, -1.54685684734435E-11
-2.88771741328931, 0.408035574642419, -0.0348460792464664
-2.88771741328931, 0.400588738569933, -0.069692238644112
-2.88771741328931, 0.393142263483148, -0.104538475183853
-2.88771741328931, 0.385696127309186, -0.139384784152675
-2.88771741328931, 0.378250305856853, -0.174231160402834
-2.88771741328931, 0.370804774948472, -0.209077598723317
-2.88771741328931, 0.363359510399321, -0.243924093936094
-2.88771741328931, 0.355914488024677, -0.278770640863133
-2.88771741328931, 0.347109705613461, -0.311936017071165
-2.88771741328931, 0.31165999146811, -0.313468490814942
-2.88771741328931, 0.27703185212891, -0.321870999588061
-2.88771741328931, 0.242403519563021, -0.330272712283444
-2.88771741328931, 0.207774996374223, -0.338673639468273
-2.88771741328931, 0.173146285237643, -0.347073791692421
-2.88771741328931, 0.138517388644867, -0.355473179550282
-2.88771741328931, 0.103888309210306, -0.363871813606455
-2.88771741328931, 0.0692590495483686, -0.372269704425536
-2.88771741328931, 0.0346296122734638, -0.380666862572122
-2.88771741328931, 2.07260507311557E-16, -0.38906329861081
-2.82494094778301, 0.417377159794492, -1.54685714082412E-11
-2.82494094778301, 0.409911601427693, -0.0349408671512151
-2.82494094778301, 0.402445670689648, -0.0698816547366997
-2.82494094778302, 0.394979311665072, -0.104822350844144
-2.82494094778302, 0.387512468441096, -0.139762943534461
-2.82494094778302, 0.380045085123306, -0.174703420782191
-2.82494094778302, 0.372577105806385, -0.209643770612913
-2.82494094778302, 0.365108474585012, -0.244583981052206
-2.82494094778302, 0.357639135553869, -0.27952404012565
-2.82494094778302, 0.347861860835805, -0.31161132087144
-2.82494094778302, 0.312349512630312, -0.313410765370831
-2.82494094778302, 0.277645643670846, -0.321910189875091
-2.82494094778302, 0.24294134924887, -0.330407878352428
-2.82494094778302, 0.208236636833651, -0.338903860373972
-2.82494094778302, 0.173531514143914, -0.347398165449801
-2.82494094778302, 0.138825988108319, -0.355890823283353
-2.82494094778302, 0.104120066201499, -0.364381863444394
-2.82494094778302, 0.0694137558980848, -0.372871315502692
-2.82494094778302, 0.0347070646727081, -0.381359209028011
-2.82494094778302, 2.34344444946235E-16, -0.38984557359012
-2.76216448227673, 0.419318228512461, -1.54686949891117E-11
-2.76216448227673, 0.411821511036254, -0.0350279661589601
-2.76216448227673, 0.404323320335954, -0.0700556171135655
-2.76216448227673, 0.396823556927016, -0.105082931768774
-2.76216448227673, 0.389322121364219, -0.140109888830076
-2.76216448227673, 0.381818914349023, -0.175136466318021
-2.76216448227673, 0.374313836495306, -0.210162642662247
-2.76216448227673, 0.366806788416947, -0.245188396292393
-2.76216448227673, 0.359297670727824, -0.280213705638095
-2.76216448227673, 0.348529725173217, -0.31120932346051
-2.76216448227673, 0.312963037607444, -0.313295245279888
-2.76216448227673, 0.278192391538331, -0.321906940575127
-2.76216448227673, 0.243420949751001, -0.330515427185299
-2.76216448227673, 0.208648729420422, -0.339120770755968
-2.76216448227673, 0.173875748278978, -0.347723036794867
-2.76216448227673, 0.139102021588461, -0.356322291420818
-2.76216448227673, 0.10432756638209, -0.364918600314167
-2.76216448227673, 0.0695523996930781, -0.373512029155265
-2.76216448227673, 0.034776538554643, -0.382102643624459
-2.76216448227673, 2.33581312445789E-16, -0.390690509402099
-2.69938801677044, 0.421266340289549, -1.54687375398535E-11
-2.69938801677044, 0.413725887194013, -0.035104969044612
-2.69938801677044, 0.40618251177652, -0.0702093107704425
-2.69938801677044, 0.398636060494128, -0.105312992806072
-2.69938801677044, 0.391086379982862, -0.140415981929957
-2.69938801677044, 0.383533317282512, -0.175518243043049
-2.69938801677044, 0.375976719189191, -0.21061974218006
-2.69938801677044, 0.368416432499011, -0.245720445375703
-2.69938801677044, 0.360852304008085, -0.280820318664694
-2.69938801677044, 0.349085804299034, -0.310718938786322
-2.69938801677044, 0.31347574830137, -0.313110190549088
-2.69938801677044, 0.278650179671266, -0.321850722202372
-2.69938801677044, 0.243823265134233, -0.33058590299678
-2.69938801677044, 0.208995039278874, -0.339315859032067
-2.69938801677044, 0.174165537443918, -0.348040716220593
-2.69938801677044, 0.139334788709599, -0.356760602041942
-2.69938801677044, 0.104502826836981, -0.365475642802039
-2.69938801677044, 0.0696696855871321, -0.374185964806811
-2.69938801677044, 0.0348353987211166, -0.382891694362185
-2.69938801677044, 2.32743701450598E-16, -0.391592957774088
-2.63661155126414, 0.423181167985457, -1.54686387797379E-11
-2.63661155126415, 0.415584679741013, -0.0351694821064199
-2.63661155126415, 0.407983485574606, -0.0703379487414598
-2.63661155126415, 0.400377368642587, -0.105505354541717
-2.63661155126415, 0.392766112576299, -0.140671651923772
-2.63661155126415, 0.385149501953406, -0.175836788931495
-2.63661155126415, 0.377527320774202, -0.211000716279187
-2.63661155126415, 0.369899353038981, -0.246163384681151
-2.63661155126415, 0.362265382748037, -0.28132474485169
-2.63661155126415, 0.349502253856905, -0.310128553224536
-2.63661155126415, 0.313862552800568, -0.312843840276586
-2.63661155126415, 0.278996864469641, -0.321731079677802
-2.63661155126415, 0.244129062102074, -0.330610006232698
-2.63661155126415, 0.209259196162176, -0.339480842551485
-2.63661155126415, 0.174387329767491, -0.348343808019401
-2.63661155126415, 0.139513515669083, -0.357199124654613
-2.63661155126415, 0.10463781475504, -0.366047012404245
-2.63661155126415, 0.0697602879134526, -0.374887691215423
-2.63661155126415, 0.0348809960324095, -0.38372138103527
-2.63661155126415, 2.04091865216246E-16, -0.392548301810911
-2.57383508575783, 0.425021748465475, -1.54685602863851E-11
-2.57383508575784, 0.417357369163205, -0.0352191770649494
-2.57383508575785, 0.409686177304923, -0.070436873644059
-2.57383508575785, 0.402007882599212, -0.105653029546683
-2.57383508575786, 0.39432219868428, -0.14086756653978
-2.57383508575786, 0.38662883481686, -0.176080426476081
-2.57383508575786, 0.378927501748025, -0.211291544337488
-2.57383508575786, 0.371217910268802, -0.246500854908598
-2.57383508575786, 0.363499770504253, -0.281708295994889
-2.57383508575786, 0.349751032726467, -0.309426251906993
-2.57383508575786, 0.314098211293256, -0.312484213099184
-2.57383508575786, 0.279210212605065, -0.32153744354401
-2.57383508575786, 0.244319044987391, -0.330578422954627
-2.57383508575786, 0.209424790206308, -0.339607512955214
-2.57383508575786, 0.174527554312906, -0.348625068867597
-2.57383508575786, 0.139627432973814, -0.357631448695425
-2.57383508575786, 0.104724521690496, -0.366627010474733
-2.57383508575786, 0.0698189161827133, -0.375612112175808
-2.57383508575786, 0.0349107118455253, -0.384587111843826
-2.57383508575786, 2.30907437532974E-16, -0.393552368561432
-2.50105862025157, 0.427008567683497, -1.5468653707645E-11
-2.50105862025157, 0.419251264721802, -0.0352552308550887
-2.50105862025157, 0.411484312719778, -0.0705083427072128
-2.50105862025157, 0.403707328100408, -0.105759249353518
-2.50105862025157, 0.395919930332174, -0.141007850756122
-2.50105862025157, 0.388121734898419, -0.176254064908749
-2.50105862025157, 0.380312358675234, -0.211497803450089
-2.50105862025157, 0.372491418611216, -0.246738977651645
-2.50105862025157, 0.364658531730207, -0.281977498405171
-2.50105862025157, 0.349792275245646, -0.308455834929727
-2.50105862025157, 0.314148678659563, -0.311934208406031
-2.50105862025157, 0.279261135749036, -0.321206046135199
-2.50105862025157, 0.244368746277418, -0.330459618570873
-2.50105862025157, 0.209471672834814, -0.339695511210901
-2.50105862025157, 0.174570079931223, -0.348914309011024
-2.50105862025157, 0.139664130023935, -0.358116597438526
-2.50105862025157, 0.104753985911092, -0.36730296184024
-2.50105862025157, 0.0698398091857966, -0.376473987851621
-2.50105862025157, 0.034921760659939, -0.385630261285539
-2.50105862025157, 2.02026076009912E-16, -0.394772368228609
-2.35411745648575, 0.430285199452415, -1.54685920872963E-11
-2.3541174564858, 0.422297601454939, -0.0352440798947801
-2.35411745648582, 0.414293455589756, -0.0704844137166972
-2.35411745648584, 0.406272193161828, -0.105720851251178
-2.35411745648585, 0.398233242006774, -0.140953257408128
-2.35411745648585, 0.390176030049457, -0.17618149650996
-2.35411745648585, 0.382099956443677, -0.211405405892382
-2.35411745648585, 0.374004303648647, -0.246624827798681
-2.35411745648585, 0.365888364250995, -0.281839578939497
-2.35411745648585, 0.348889869659789, -0.305904109666384
-2.35411745648585, 0.31336265493995, -0.310306312573698
-2.35411745648585, 0.27858168194639, -0.32011605272049
-2.35411745648585, 0.243790472066137, -0.329889425123042
-2.35411745648585, 0.208989443564674, -0.33962777800678
-2.35411745648585, 0.174179012183136, -0.349332460072373
-2.35411745648585, 0.139359584744658, -0.359004822274438
-2.35411745648585, 0.104531569141786, -0.36864621503871
-2.35411745648585, 0.0696953679476829, -0.378257990049558
-2.35411745648585, 0.0348513802152107, -0.387841499755546
-2.35411745648585, 1.44207430074546E-16, -0.397398097784047
-2.19717629272013, 0.432202571507734, -1.54685370361643E-11
-2.19717629272013, 0.423910976061783, -0.0350788355996954
-2.19717629272013, 0.415593065286081, -0.0701514405321204
-2.19717629272013, 0.407247857047017, -0.10521756023661
-2.19717629272013, 0.398874369608115, -0.140276937796301
-2.19717629272013, 0.390471621644839, -0.175329313869065
-2.19717629272013, 0.382038632261081, -0.210374426602197
-2.19717629272013, 0.373574421006968, -0.245412011548027
-2.19717629272013, 0.365078007898225, -0.280441801579686
-2.19717629272012, 0.346074369086869, -0.30212825180359
-2.19717629272013, 0.310856378078656, -0.307628922671894
-2.19717629272013, 0.276389940314139, -0.318180678725682
-2.19717629272013, 0.241902947510953, -0.328665060007657
-2.19717629272013, 0.207396393998477, -0.339084883526846
-2.19717629272013, 0.1728712640781, -0.349442967891309
-2.19717629272013, 0.138328507121404, -0.359742140743873
-2.19717629272013, 0.103769076686707, -0.369985227033634
-2.19717629272013, 0.0691939056620011, -0.380175056519123
-2.19717629272013, 0.0346039133908773, -0.390314461684316
-2.19717629272013, 1.97364272538335E-16, -0.400406279467062
-2.0402351289544, 0.431827324317143, -1.54685405656085E-11
-2.0402351289544, 0.423175075449651, -0.0347234087056098
-2.0402351289544, 0.41448630950497, -0.0694376918737774
-2.0402351289544, 0.405760092284698, -0.104142573811569
-2.0402351289544, 0.396995452246719, -0.138837777822626
-2.0402351289544, 0.38819139314053, -0.173522999928945
-2.0402351289544, 0.379346916888049, -0.208197937879781
-2.0402351289544, 0.370461025865193, -0.242862285780564
-2.0402351289544, 0.361532722918985, -0.277515734000589
-2.0402351289544, 0.340854767990507, -0.297028013194747
-2.0402351289544, 0.306183854330319, -0.303720987716243
-2.0402351289544, 0.272296835241755, -0.315220765430226
-2.0402351289544, 0.238371467309261, -0.326606903751684
-2.0402351289544, 0.204410148318113, -0.337885399632665
-2.0402351289544, 0.170415109529358, -0.349061815984802
-2.0402351289544, 0.136388367305992, -0.360141356736733
-2.0402351289544, 0.1023318032793, -0.371128892320961
-2.0402351289544, 0.0682471580518483, -0.382029008113043
-2.0402351289544, 0.0341360405770747, -0.39284604292325
-2.0402351289544, 1.39821232363976E-16, -0.403584104203927
-1.88329396518884, 0.428413979087651, -1.54685708953593E-11
-1.88329396518878, 0.419391920981967, -0.0341788390548315
-1.88329396518874, 0.410327274794165, -0.0683464077954826
-1.88329396518871, 0.401219211997805, -0.102502428490809
-1.88329396518869, 0.39206690433199, -0.136646620022851
-1.88329396518868, 0.382869523810619, -0.170778697834792
-1.88329396518868, 0.373626242733747, -0.20489837386232
-1.88329396518868, 0.364336233700409, -0.239005356466371
-1.88329396518868, 0.354998661074932, -0.273099350626552
-1.88329396518868, 0.332965642767281, -0.290572559859974
-1.88329396518868, 0.299109701862474, -0.298552182501634
-1.88329396518868, 0.266097646652221, -0.31119306916792
-1.88329396518868, 0.233021066935449, -0.323664143260693
-1.88329396518868, 0.199884293160006, -0.335974424177609
-1.88329396518868, 0.166691298624611, -0.348132285510639
-1.88329396518868, 0.133445687690319, -0.360145553400329
-1.88329396518868, 0.100150797577651, -0.372021551942761
-1.88329396518868, 0.0668096902233911, -0.383767179857483
-1.88329396518868, 0.0334252077110046, -0.395388956795571
-1.88329396518868, 1.93856912831407E-16, -0.40689307406054
-1.72635280142301, 0.421537582097944, -1.546850188128E-11
-1.72635280142296, 0.412191361227823, -0.0334704033453233
-1.72635280142296, 0.402800131840791, -0.0669282058597093
-1.72635280142296, 0.393363186609497, -0.100373142647733
-1.72635280142296, 0.383879757216727, -0.133804928308242
-1.72635280142296, 0.374349075522776, -0.167223273947405
-1.72635280142296, 0.364770373573396, -0.200627887116765
-1.72635280142296, 0.355142883610027, -0.234018471749354
-1.72635280142296, 0.345465838081269, -0.267394728097755
-1.72635280142296, 0.322363139049598, -0.282917493360235
-1.72635280142295, 0.289611936774984, -0.292321219015656
-1.72635280142296, 0.257778118133151, -0.306257582231505
-1.72635280142296, 0.225843359814229, -0.319961078772753
-1.72635280142296, 0.19381477714477, -0.333443861511093
-1.72635280142296, 0.161698855171132, -0.34671726938435
-1.72635280142296, 0.129501499935472, -0.359791932084793
-1.72635280142296, 0.0972281343492763, -0.37267784230021
-1.72635280142296, 0.0648837485271839, -0.385384435693967
-1.72635280142296, 0.03247294374138, -0.397920663958715
-1.72635280142296, 1.9321475912225E-16, -0.410295051566395
-1.56941163765898, 0.411133054833882, -1.54685682537136E-11
-1.56941163765812, 0.401532170784709, -0.0326255879266532
-1.5694116376576, 0.391885332081002, -0.0652376172489855
-1.56941163765734, 0.382191647201924, -0.0978357524599521
-1.56941163765724, 0.37245022501109, -0.130419653877317
-1.56941163765723, 0.36266017496892, -0.162988976790734
-1.56941163765723, 0.352820542612212, -0.19554335470148
-1.56941163765723, 0.342930218733117, -0.228082369621142
-1.56941163765723, 0.332988077284918, -0.260605587820236
-1.56941163765723, 0.309048198134399, -0.274229014115087
-1.56941163765723, 0.277711000442391, -0.285220159395158
-1.56941163765723, 0.247361215573485, -0.300565743665404
-1.56941163765723, 0.216862770376543, -0.315613737284458
-1.56941163765723, 0.186226288222467, -0.330378704102806
-1.56941163765723, 0.155461473413456, -0.344874402674978
-1.56941163765723, 0.12457721294701, -0.359113868304948
-1.56941163765723, 0.0935816737581811, -0.373109486207946
-1.56941163765723, 0.0624823950861092, -0.386873058147928
-1.56941163765723, 0.0312863441989066, -0.400415878056569
-1.56941163765723, 1.93758748995662E-16, -0.413748789281487
-1.41247047389152, 0.397270147162307, -1.54684938947482E-11
-1.41247047389152, 0.387476319637454, -0.0316644874872684
-1.41247047389152, 0.377634637505529, -0.0633141338140543
-1.41247047389151, 0.367744587224723, -0.0949486990954561
-1.41247047389151, 0.357805655085179, -0.126567940677218
-1.41247047389151, 0.347817327211376, -0.158171613118198
-1.41247047389151, 0.337779089567427, -0.189759468151031
-1.41247047389151, 0.327690427961937, -0.221331254647174
-1.41247047389151, 0.317550828290912, -0.252886718635808
-1.41247047389151, 0.293003462741599, -0.26469311772346
-1.41247047389151, 0.263415089228522, -0.27745568595433
-1.41247047389151, 0.234854038299326, -0.294272659202226
-1.41247047389151, 0.206086500414322, -0.310733958183368
-1.41247047389151, 0.177126610675786, -0.326854490212847
-1.41247047389151, 0.147987462581767, -0.342648732681046
-1.41247047389151, 0.118681211711024, -0.358130747233197
-1.41247047389151, 0.0892191508477923, -0.373314210232001
-1.41247047389151, 0.0596118192242171, -0.388212426036579
-1.41247047389151, 0.0298690354337901, -0.402838379994862
-1.41247047389151, 1.95974800539962E-16, -0.417204756174879
-1.25552931013019, 0.379935717247887, -1.54683973039593E-11
-1.25552931012725, 0.37001144033425, -0.0306171882831785
-1.25552931012604, 0.360042417682522, -0.0612198370115745
-1.25552931012579, 0.3500282735502, -0.0918077499528417
-1.25552931012579, 0.339968669271732, -0.12238074228182
-1.25552931012579, 0.32986307504673, -0.152938563808471
-1.25552931012579, 0.319710639892894, -0.183480854879827
-1.25552931012579, 0.309510503793693, -0.214007248364834
-1.25552931012579, 0.299261807206238, -0.24451737268319
-1.25552931012579, 0.274279542327993, -0.254547062276898
-1.25552931012579, 0.246779096498328, -0.269221203154462
-1.25552931012579, 0.22029442340293, -0.287509068586276
-1.25552931012579, 0.193541188489561, -0.305401799277858
-1.25552931012579, 0.166535237331558, -0.322910808061672
-1.25552931012579, 0.139291778667547, -0.340047963216582
-1.25552931012579, 0.111825383564762, -0.356825523890292
-1.25552931012579, 0.0841499908159213, -0.373256082417167
-1.25552931012579, 0.0562789181253228, -0.389352513249094
-1.25552931012579, 0.0282248783852894, -0.405127928356929
-1.25552931012579, 1.45083464952259E-16, -0.420595639121927
-1.09858814636044, 0.359274561763371, -1.54685175787393E-11
-1.09858814636015, 0.349292995403268, -0.0295118921144385
-1.09858814636007, 0.339266272471428, -0.0590084725379964
-1.09858814636006, 0.329192859019221, -0.0884891400408846
-1.09858814636006, 0.319070608050502, -0.117953074368331
-1.09858814636006, 0.308896810163054, -0.147399249005711
-1.09858814636006, 0.298668740465626, -0.176826615393574
-1.09858814636006, 0.288383396787115, -0.206234013067103
-1.09858814636006, 0.278036946082078, -0.235619965667415
-1.09858814636006, 0.252832298343825, -0.244034796253543
-1.09858814636006, 0.227737612618819, -0.260628094563661
-1.09858814636006, 0.203605986487273, -0.280331526351437
-1.09858814636006, 0.179148421741998, -0.29962891532659
-1.09858814636006, 0.154378346545861, -0.318523502066135
-1.09858814636006, 0.129309737036114, -0.337020207313258
-1.09858814636006, 0.103957001964958, -0.355125553030081
-1.09858814636006, 0.0783348350814393, -0.372847586927245
-1.09858814636006, 0.0524580653435181, -0.390195790409445
-1.09858814636006, 0.0263415417948383, -0.40718095105037
-1.09858814636006, 2.08855078098206E-16, -0.423815041805755
-0.931646982597213, 0.333630294532816, -1.54684796825793E-11
-0.931646982594357, 0.323582152487034, -0.0282113571045032
-0.93164698259434, 0.313470092101264, -0.0563998655572608
-0.93164698259434, 0.3032892679569, -0.0845636104449773
-0.931646982594339, 0.293034509025788, -0.112700517748237
-0.931646982594339, 0.282700602696292, -0.140808451352839
-0.931646982594339, 0.272281470524779, -0.168884902806442
-0.931646982594339, 0.261770309745657, -0.196927028608182
-0.93164698259434, 0.251160374595786, -0.224931929527272
-0.93164698259434, 0.22633957302309, -0.232374624122846
-0.93164698259434, 0.204036530941978, -0.250598518116323
-0.93164698259434, 0.182718126683736, -0.271630642087561
-0.93164698259434, 0.161044448408693, -0.292296467989704
-0.93164698259434, 0.139020864082885, -0.31258897397629
-0.931646982594339, 0.116654170652986, -0.332502674648396
-0.931646982594339, 0.0939525356907452, -0.352033687550229
-0.93164698259434, 0.0709253565352881, -0.371179818674425
-0.93164698259434, 0.0475831306870397, -0.389940582671662
-0.93164698259434, 0.0239372824955875, -0.4083172098757
-0.93164698259434, 2.22643632629733E-16, -0.426312600826195
-0.878870517089456, 0.324556405382987, -1.54685028605766E-11
-0.87887051708805, 0.314464116283104, -0.0277396051591331
-0.87887051708805, 0.304297288513624, -0.0554519768466819
-0.87887051708805, 0.294050265712201, -0.0831347938365439
-0.87887051708805, 0.283717005584582, -0.110785534649854
-0.87887051708805, 0.273291491346811, -0.13840162216895
-0.87887051708805, 0.26277162304813, -0.165981904014018
-0.87887051708805, 0.252161087697953, -0.193527441833294
-0.87887051708805, 0.241468952741475, -0.221041400088925
-0.878870517088051, 0.217078362844893, -0.228549644207598
-0.878870517088051, 0.19564039430953, -0.247021698421731
-0.878870517088051, 0.17527575073731, -0.268389940949756
-0.87887051708805, 0.154557242153976, -0.289415253169195
-0.87887051708805, 0.133487281904374, -0.310088337825905
-0.87887051708805, 0.112069751317995, -0.330401112920846
-0.87887051708805, 0.0903099707056155, -0.350346821354396
-0.87887051708805, 0.0682146168184175, -0.369920141599406
-0.87887051708805, 0.0457916261895635, -0.389117259105978
-0.87887051708805, 0.0230500676282757, -0.407935915069219
-0.87887051708805, 2.55063199594242E-16, -0.426375420715929
-0.816094051581782, 0.312962783785915, -1.54686256531193E-11
-0.816094051581761, 0.302793115362264, -0.0271253483842045
-0.816094051581761, 0.292535312480175, -0.0542174853000509
-0.816094051581761, 0.282187868839133, -0.0812755207940552
-0.816094051581761, 0.271756847453247, -0.108301445129673
-0.816094051581761, 0.261250835331164, -0.135298306440632
-0.816094051581761, 0.25067655089397, -0.162268504346323
-0.816094051581761, 0.240038457789997, -0.189213596499492
-0.816094051581761, 0.229338193687562, -0.216134060221904
-0.816094051581761, 0.205625844559775, -0.223892349642552
-0.816094051581761, 0.185089063704998, -0.242258943045448
-0.816094051581761, 0.16589170348487, -0.26395343959655
-0.816094051581761, 0.146349632643693, -0.28533793994981
-0.816094051581761, 0.126462036402587, -0.306401463367294
-0.816094051581761, 0.106229415471572, -0.327133781101866
-0.816094051581761, 0.0856536043493804, -0.347525530028154
-0.816094051581761, 0.0647377395738426, -0.367568343585483
-0.816094051581761, 0.0434862493309231, -0.387254925262438
-0.816094051581761, 0.0219047536113726, -0.406579169623339
-0.816094051581761, 2.32203992711702E-16, -0.425536209002573
-0.753317586076025, 0.300305339629857, -1.54683768234198E-11
-0.753317586075472, 0.290064439984672, -0.0264466295154872
-0.753317586075471, 0.279756572489107, -0.0528672341266612
-0.753317586075472, 0.269386275683792, -0.0792633966097225
-0.753317586075472, 0.258956871366331, -0.105636261229576
-0.753317586075472, 0.248468939710849, -0.13198590556017
-0.753317586075472, 0.237922504098042, -0.15831218509237
-0.753317586075472, 0.227314847362199, -0.184613861543424
-0.753317586075472, 0.216642103468544, -0.210889190164717
-0.753317586075472, 0.19380122808, -0.219103147708168
-0.753317586075472, 0.173912739258306, -0.236719386337168
-0.753317586075472, 0.15591601310555, -0.258637503309315
-0.753317586075472, 0.137591723976952, -0.280282498817232
-0.753317586075472, 0.118936570153177, -0.301642966526927
-0.753317586075472, 0.0999482240613449, -0.322707786815806
-0.753317586075472, 0.0806253910283885, -0.343466194322269
-0.753317586075472, 0.0609678206323012, -0.363907886295395
-0.753317586075472, 0.0409763199637618, -0.384023111377748
-0.753317586075472, 0.0206527482486146, -0.403802759416888
-0.753317586075472, 2.3547228905249E-16, -0.423238442291175
-0.690541120572675, 0.286626553958706, -1.54686701543517E-11
-0.690541120569302, 0.276429459878647, -0.0257172593349816
-0.690541120569182, 0.266178041309677, -0.0514129121785847
-0.690541120569182, 0.255871227146124, -0.0770863947889414
-0.690541120569182, 0.245505790011297, -0.102736264217977
-0.690541120569182, 0.235078227438786, -0.128360939422529
-0.690541120569182, 0.224583410369091, -0.153958141894419
-0.690541120569182, 0.214015171987537, -0.179525116834749
-0.690541120569182, 0.20336713447773, -0.205058958289024
-0.690541120569182, 0.181756246928585, -0.21416516070504
-0.690541120569182, 0.162106053770021, -0.23011192472345
-0.690541120569182, 0.145343072389211, -0.25211985944635
-0.690541120569182, 0.12827670242768, -0.273893350352252
-0.690541120569182, 0.110902316937869, -0.295421835578405
-0.690541120569182, 0.0932158142176633, -0.316694636180401
-0.690541120569182, 0.075213669775288, -0.337700979378452
-0.690541120569182, 0.0568929601316463, -0.358430058018176
-0.690541120569182, 0.0382514032193878, -0.37887107044287
-0.690541120569182, 0.0192873836746518, -0.399013277550492
-0.690541120569182, 2.63545378292272E-16, -0.418846035613972
-0.627764655065284, 0.272149122739712, -1.54683658253598E-11
-0.627764655062893, 0.262062605474668, -0.024881317321022
-0.627764655062893, 0.251916403291371, -0.0497383546629032
-0.627764655062893, 0.241705169119881, -0.0745687463278366
-0.627764655062893, 0.231423367804061, -0.0993699990458926
-0.627764655062893, 0.221064801832656, -0.124139286135794
-0.627764655062893, 0.210622646603393, -0.148873447776347
-0.627764655062893, 0.200089940388155, -0.173569182773971
-0.627764655062893, 0.189459687258609, -0.198223083361067
-0.627764655062893, 0.16971893995647, -0.209062248763988
-0.627764655062893, 0.149687637468664, -0.22207101009148
-0.627764655062893, 0.134193248531879, -0.24399662899754
-0.627764655062893, 0.118425008388134, -0.26572612528281
-0.627764655062893, 0.102378392840796, -0.287250855470503
-0.627764655062893, 0.0860486632417703, -0.308561586652841
-0.627764655062893, 0.0694312384381555, -0.329648737689472
-0.627764655062893, 0.0525217206400118, -0.350502378900356
-0.627764655062893, 0.0353159242706394, -0.371112233079856
-0.627764655062893, 0.0178099065103416, -0.391467679802846
-0.627764655062893, 2.59159490895081E-16, -0.411557762660861
-0.564988189559088, 0.256820678648693, -1.54685286572498E-11
-0.564988189557215, 0.246878401594098, -0.0238697272352863
-0.564988189556644, 0.236862092334373, -0.0477084815933114
-0.564988189556604, 0.226765621005146, -0.0715133934328126
-0.564988189556604, 0.216582476572758, -0.0952813568369147
-0.564988189556604, 0.206306214475946, -0.119009198084587
-0.564988189556604, 0.195930680044517, -0.142693802560614
-0.564988189556604, 0.18545000759646, -0.166332067840289
-0.564988189556604, 0.174858648377887, -0.189920948647306
-0.564988189556604, 0.157932925522977, -0.203781087502058
-0.564988189556604, 0.136670856289371, -0.212210441884114
-0.564988189556604, 0.12249214532138, -0.23383381446349
-0.564988189556604, 0.108068029791749, -0.255294264217127
-0.564988189556604, 0.0933971957511658, -0.276586806701541
-0.564988189556604, 0.0784773263800821, -0.297705587475232
-0.564988189556603, 0.0633051036170925, -0.31864379894122
-0.564988189556604, 0.0478761970350185, -0.339393578605607
-0.564988189556604, 0.0321855958425784, -0.359946171485873
-0.564988189556604, 0.016228448729005, -0.380292497097054
-0.564988189556604, 2.20123003872169E-16, -0.400423080716772
-0.502211724050314, 0.24037985336841, -1.54683968374638E-11
-0.502211724050314, 0.230619569425639, -0.0226153613651205
-0.502211724050314, 0.220771228594038, -0.0451925127326416
-0.502211724050314, 0.210829304682831, -0.0677286079464388
-0.502211724050314, 0.200788396687021, -0.0902207739760382
-0.502211724050314, 0.190643236976265, -0.112666110136805
-0.502211724050314, 0.180389053151162, -0.135061844022201
-0.502211724050314, 0.170022079578544, -0.15740558928335
-0.502211724050314, 0.1595388209591, -0.179695010571642
-0.502211724050314, 0.146658716512388, -0.198308979314211
-0.502211724050314, 0.123061052319881, -0.200134874215936
-0.502211724050315, 0.110270415144553, -0.221185111182191
-0.502211724050314, 0.0972586040918999, -0.242099354761958
-0.502211724050314, 0.0840269986479374, -0.262875238279341
-0.502211724050314, 0.0705761719216101, -0.283509868196459
-0.502211724050315, 0.0569059200934621, -0.303999789888998
-0.502211724050314, 0.0430152781204504, -0.324340948162606
-0.502211724050314, 0.028902531153935, -0.344528628772285
-0.502211724050314, 0.0145651907970162, -0.364557424409484
-0.502211724050314, 1.99510800943208E-16, -0.384421131922059
-0.439435258544025, 0.222447650890183, -1.54686139364006E-11
-0.439435258544025, 0.212939801208449, -0.0210671576877078
-0.439435258544025, 0.203335835925695, -0.0420906787369646
-0.439435258544025, 0.193631932182406, -0.0630682523242005
-0.439435258544025, 0.183824345022932, -0.0839975480091747
-0.439435258544025, 0.173909635905142, -0.104876312451927
-0.439435258544025, 0.163885192437179, -0.125702609754555
-0.439435258544025, 0.15374853503301, -0.146474519601527
-0.439435258544025, 0.143498032980742, -0.167190485661545
-0.439435258544025, 0.133133512374194, -0.187849642130775
-0.439435258544025, 0.112965205282101, -0.192639501540183
-0.439435258544025, 0.0974803433159794, -0.205696134430922
-0.439435258544025, 0.0859685040336962, -0.225738555299227
-0.439435258544025, 0.0742608487491551, -0.245667227048059
-0.439435258544025, 0.06235982984278, -0.265481033627914
-0.439435258544025, 0.050267311271181, -0.28517855185054
-0.439435258544025, 0.03798459005891, -0.304758034566198
-0.439435258544025, 0.0255124169890321, -0.324217380752088
-0.439435258544025, 0.012851000543775, -0.343554118032344
-0.439435258544025, 1.70521103408638E-16, -0.362765386181451
-0.376658793038093, 0.20259862878201, -1.5468415621196E-11
-0.376658793037844, 0.19346537934585, -0.0191883312515743
-0.37665879303775, 0.184237151372077, -0.0383311643328263
-0.376658793037736, 0.174911542145493, -0.057426745217595
-0.376658793037736, 0.165486179606706, -0.0764732892801119
-0.376658793037736, 0.155959329109355, -0.0954692625622969
-0.376658793037736, 0.146329854041489, -0.114413425105577
-0.376658793037736, 0.13659703755476, -0.133304702196613
-0.376658793037736, 0.126760577978945, -0.152142221218896
-0.376658793037736, 0.116820665869969, -0.170925362755125
-0.376658793037736, 0.105059590181991, -0.186773820377288
-0.376658793037736, 0.0840104421040578, -0.187107374496153
-0.376658793037736, 0.0740913715119307, -0.205901469828638
-0.376658793037736, 0.0640002277121395, -0.2246037378835
-0.376658793037736, 0.0537404009524658, -0.243214008719484
-0.376658793037736, 0.0433148452403109, -0.261731946036624
-0.376658793037736, 0.0327260904017481, -0.280157055299263
-0.376658793037736, 0.0219762666025639, -0.298488660729159
-0.376658793037736, 0.0110671183751199, -0.316725893447273
-0.376658793037736, 5.64657258120329E-17, -0.334867702371505
-0.304068157631784, 0.176684932578358, -3.09368957694339E-11
-0.307113854389244, 0.168373239753033, -0.0185882746851172
-0.310179855098618, 0.160006137533771, -0.0371483313134749
-0.313266107227194, 0.151583769282108, -0.0556800129264736
-0.316372559968236, 0.143106273649396, -0.0741831608332525
-0.319499164226355, 0.134573784616736, -0.0926576145625827
-0.322645825593673, 0.125986559822802, -0.111103279719942
-0.325812034562814, 0.117345989710944, -0.129520667240423
-0.328997072119352, 0.108654036468314, -0.147910610188105
-0.332200222058147, 0.0999126546155373, -0.166273959905691
-0.335804771655701, 0.0900758548897836, -0.182852717748953
-0.342549540810828, 0.0716694100400685, -0.185012913821544
-0.345585572983212, 0.0633840918241773, -0.203614429405268
-0.348693116338889, 0.0549036199090079, -0.222115919092663
-0.351871436666433, 0.0462299979542526, -0.24051556761737
-0.355119985160781, 0.0373647236464724, -0.258811312452333
-0.358438394869604, 0.0283087983969374, -0.27700083928675
-0.36182647373063, 0.0190627463427222, -0.295081544880936
-0.365284202156754, 0.00962662093695543, -0.31305051353418
-0.36881173484945, 2.51587705456532E-17, -0.330904502503269
-0.254181611439931, 0.156695836282622, -3.09373899690585E-11
-0.259466472614764, 0.149107993889132, -0.0182679406689673
-0.26477249046191, 0.141489775391187, -0.0365170909655817
-0.270099640167134, 0.133841216416306, -0.0547473879449261
-0.275447052943369, 0.12616356434245, -0.0729595119647168
-0.280813737438744, 0.118458242522378, -0.0911542755176426
-0.286198704030705, 0.110726671825954, -0.109332495133825
-0.291600966602992, 0.102970268088809, -0.127494997441739
-0.297019541952531, 0.0951904429639143, -0.145642617186256
-0.302453449629049, 0.0873886041518481, -0.163776196764893
-0.308527860247931, 0.0786671507617548, -0.18019070034132
-0.319361199252396, 0.063112973226766, -0.18353145795879
-0.324377019532707, 0.0559114115391461, -0.202029997458879
-0.329530192527435, 0.0485126430158428, -0.220412594161361
-0.33482000308978, 0.0409176944428065, -0.238675988744197
-0.340246102250809, 0.0331270668589819, -0.256816560684247
-0.345808500446665, 0.0251407452804744, -0.274830309516665
-0.351507555617588, 0.01695821578761, -0.292712802153356
-0.357343970960805, 0.00857846875126995, -0.310459136801827
-0.363318794117649, 2.274991104663E-17, -0.328063895027028
-0.21724100143176, 0.140584851954089, -3.09379506233296E-11
-0.224183956216186, 0.133641897169663, -0.0180139742377966
-0.231142675160856, 0.126683178224993, -0.0360157790619771
-0.23811617779112, 0.119709675594729, -0.0540061388132502
-0.24510348559702, 0.112722367788829, -0.0719857824943234
-0.252103621914489, 0.10572223147136, -0.0899554434849408
-0.259115611801094, 0.0987102415847547, -0.107915859228849
-0.266138481907393, 0.0916873714784559, -0.125867770925202
-0.273171053052348, 0.0846548003335008, -0.14381208551469
-0.280211173220086, 0.0776146801657629, -0.161750480078369
-0.287943111924613, 0.0698827414612362, -0.178159160264015
-0.301283548534364, 0.0565423048514852, -0.18194906714569
-0.307683992774047, 0.0501418606118014, -0.200360304643242
-0.314275019689962, 0.0435508336958869, -0.218636563522525
-0.321056060340261, 0.0367697930455874, -0.236773264228372
-0.328027046137621, 0.029798807248228, -0.254765358177336
-0.335188396762864, 0.0226374566229848, -0.272607295129472
-0.342541002262008, 0.0152848511238405, -0.290292958075596
-0.35008621760976, 0.00773963577608945, -0.307815613938349
-0.357825853385849, 2.04131373153547E-17, -0.325167839093974
-0.184562088875718, 0.125304508468371, -3.09361382789193E-11
-0.192972311600242, 0.119023089560883, -0.0177773634576794
-0.201390739791804, 0.112735542162214, -0.0355486794820772
-0.209816424813349, 0.106442574789479, -0.0533146396682708
-0.218248417940037, 0.100144896025355, -0.0710759353679305
-0.22668579934759, 0.0938431928672984, -0.0888332383738721
-0.235127483283427, 0.087538276241134, -0.106587359697771
-0.243571642490899, 0.0812315108865156, -0.124339647646647
-0.252016365518312, 0.0749243244266118, -0.142091517997409
-0.260459740771277, 0.0686181445911678, -0.159844386226625
-0.269535998684412, 0.0618392779746447, -0.176326585065331
-0.284726642944557, 0.0504937044746273, -0.180384298058766
-0.292335552349524, 0.0448107696740598, -0.19871520280612
-0.30018461731913, 0.0389484677206988, -0.216887674719385
-0.308273305907453, 0.0329071959137925, -0.234895707401596
-0.31660168161575, 0.0266869068255839, -0.252732718800858
-0.325170382107114, 0.0202871241988882, -0.270391504925825
-0.333980592778215, 0.0137069626858006, -0.287864166686501
-0.343034027573058, 0.0069451421775035, -0.305142039028958
-0.352332912654049, 1.81562295530215E-17, -0.322215612939037
-0.153638981351968, 0.109870167290968, -3.09437352925243E-11
-0.163434804937303, 0.104299446494472, -0.0175465367289694
-0.173231532821543, 0.0987282114383345, -0.0350924036600274
-0.183027991539151, 0.0931571294527528, -0.0526384752156952
-0.192822900821972, 0.0875869286047822, -0.0701856918813462
-0.202614981690016, 0.0820183362289197, -0.0877349964491764
-0.212402954188026, 0.0764520802142822, -0.1052873299647
-0.222185540642274, 0.0708888871525178, -0.122843637569822
-0.231961169593704, 0.0653296507060704, -0.14040506553696
-0.241727415420354, 0.0597757502855216, -0.157973409833532
-0.252000219996603, 0.0539337783887505, -0.174567158552565
-0.268601266977237, 0.0444930410323651, -0.178930134301546
-0.277370241147838, 0.0395062722986738, -0.19718108634167
-0.286428026621378, 0.034355261414485, -0.215244402831971
-0.295773861446639, 0.0290404416886944, -0.233112466850379
-0.305407625569254, 0.0235618813942098, -0.250776986829112
-0.315329805395144, 0.0179193039201307, -0.268228938309905
-0.325541454045509, 0.0121121103740705, -0.285458486129434
-0.336044151038841, 0.00613940251031911, -0.302454898059598
-0.346839971922248, 1.59872225710273E-17, -0.319206468140345
-0.123284642606385, 0.0937059931078054, -3.09347098023309E-11
-0.134431047435118, 0.0889161486011934, -0.0173198147641033
-0.145571513411027, 0.0841288561445033, -0.0346441567969328
-0.156705051516019, 0.079344540739604, -0.0519737722649249
-0.167830836250269, 0.0745635571211262, -0.0693092851241192
-0.178947750195944, 0.0697863854670062, -0.0866515392889752
-0.190053996835446, 0.0650137977786278, -0.10400188830273
-0.201147764226097, 0.0602465726858546, -0.121361692505089
-0.21222723739082, 0.0554854901224975, -0.138732307681299
-0.223290597876066, 0.0507313315162782, -0.156115084403693
-0.234708262600956, 0.0458249209290835, -0.172819519502775
-0.252329873087538, 0.0382525444109408, -0.177709443357071
-0.262280397387315, 0.0339765949108533, -0.195871187147792
-0.272568555014875, 0.0295555572711204, -0.213808678129451
-0.283192895310284, 0.0249900548708163, -0.231512482166297
-0.294152590816851, 0.0202804432854784, -0.248972416487702
-0.305447382955536, 0.0154268336319562, -0.266177483952732
-0.317077523903177, 0.0104291175445608, -0.283115796227959
-0.329043710453037, 0.00528699559657696, -0.29977448419229
-0.341347031190448, 1.39144190239683E-17, -0.316139628322951
-0.0928065893022734, 0.0763513635522452, -3.09232642343185E-11
-0.105290267814478, 0.0724297191328629, -0.0171013539875546
-0.117763765188557, 0.0685112730338697, -0.0342108680452633
-0.130225911711132, 0.0645963927110545, -0.0513294672911747
-0.142675535755859, 0.0606854462211494, -0.0684580743128553
-0.155111463583058, 0.056778802284773, -0.0855976089453316
-0.16753251914282, 0.0528768303482839, -0.102748988014154
-0.179937524228987, 0.0489799005354075, -0.119913125554888
-0.192324977799553, 0.045088484386083, -0.137091181960203
-0.204692792849391, 0.0412032375157212, -0.154284779344113
-0.217280048974027, 0.0372490550455258, -0.171045678111372
-0.235504784771327, 0.0315239049333753, -0.176907833222546
-0.24671138066379, 0.0280034454631174, -0.194954350472309
-0.258304571319192, 0.0243615404435237, -0.21273052460531
-0.27028149534477, 0.0205990887574799, -0.230224946992571
-0.282639811990104, 0.0167168257323828, -0.247425444872621
-0.295377626512164, 0.0127153465860937, -0.264319016641419
-0.308493411692155, 0.00859513108177423, -0.280891764847778
-0.321985917339236, 0.00435657195654291, -0.297128820222773
-0.335854090458648, 1.1946403512599E-17, -0.313014287778632
-0.0617778126055065, 0.0573719767048074, -3.13127093846447E-11
-0.0755917830773253, 0.0544211801267158, -0.0169018133683635
-0.0893943886764232, 0.0514728111944341, -0.0338133317972872
-0.103184695314941, 0.0485270694380878, -0.0507353386686941
-0.116961766458238, 0.0455841549104579, -0.0676686144712374
-0.130724663861874, 0.0426442680295554, -0.0846139377468067
-0.144472447219211, 0.0397076096538961, -0.101572084666132
-0.158206682343786, 0.0367756785134561, -0.118542024447339
-0.171929739431963, 0.0338506751420097, -0.13552219837047
-0.185628111000876, 0.0309269432411035, -0.152522508948823
-0.199462436333944, 0.0279612205878359, -0.169219746285294
-0.217792025686372, 0.0240458445090098, -0.17681414776087
-0.230378530395081, 0.0213572463901445, -0.194689555163286
-0.243399277318158, 0.0185758899696138, -0.212236718145339
-0.256848920993798, 0.015702917089326, -0.229442287689314
-0.270722435816619, 0.01273940126679, -0.24629224331355
-0.285015041034251, 0.00968636371656194, -0.262771856602007
-0.2997220996179, 0.00654479495246493, -0.278865632152474
-0.314839019956053, 0.00331567578675465, -0.294557266024281
-0.330361149726848, 1.00920576276246E-17, -0.309829609995037
-0.0225099522227001, 0.033980726836209, -2.26515402143579E-07
-0.0403197206864009, 0.0338824911737612, -0.0144078689106643
-0.0568483172569872, 0.0328231432156369, -0.0302373924466211
-0.0724069624881711, 0.0311054835830763, -0.0469737663809362
-0.0877020950544149, 0.0292216037078692, -0.0639359023528638
-0.102987975166474, 0.027338206777596, -0.0809064332852968
-0.118263838224318, 0.0254560440640655, -0.0978861168513066
-0.133528056130594, 0.0235753161676704, -0.114876432305679
-0.148778764893492, 0.0216962527537247, -0.131879044233559
-0.164012109163461, 0.0198193288458092, -0.148897466629983
-0.179223158429674, 0.0179451519397887, -0.165936118140215
-0.197562654267575, 0.0156855142931078, -0.1761405457064
-0.211830997111313, 0.0139274897034226, -0.193986941857868
-0.226588598543158, 0.0121091828063926, -0.211424742030967
-0.241825799854074, 0.0102317836664966, -0.228438639181128
-0.257533014310686, 0.00829647347998103, -0.245012932056374
-0.273700649148387, 0.00630443418620946, -0.261131494865526
-0.290319018808889, 0.00425685915779876, -0.276777751961707
-0.307378254496846, 0.00215496434428667, -0.291934664144188
-0.324868208995047, 8.36057601210899E-18, -0.306584726086769
-0.000790958349539669, 0.00895728371313542, -1.29109002487138E-05
-0.017211843958817, 0.00930662888634074, -0.0163938042054868
-0.0335571100931228, 0.00946351284075027, -0.0328531408061072
-0.0498384739232839, 0.00944659975797762, -0.0493764570946215
-0.0660686555986109, 0.00927571008893072, -0.0659491965860669
-0.0822612017141585, 0.00897160464679785, -0.0825568248420955
-0.0984302645017294, 0.00855575735334836, -0.099184908761053
-0.114590389936992, 0.00805012195485943, -0.11581920728024
-0.130756273155829, 0.00747689895709035, -0.132445724255361
-0.146942537041597, 0.00685830636022133, -0.149050775047723
-0.163167122117146, 0.00621621530784128, -0.165617405813947
-0.17947185746884, 0.00556737753501208, -0.182103770848241
-0.19552023952048, 0.00492874119708847, -0.198841342155756
-0.21184269557094, 0.00427919824052415, -0.215310212313617
-0.228645126554393, 0.00361055495265836, -0.231288234619751
-0.245915569911614, 0.00292328737437122, -0.246758380302526
-0.263639069799147, 0.00221799066592452, -0.261706488703298
-0.281800477601192, 0.00149526765834569, -0.276118519737524
-0.300384420441208, 0.000755730106609355, -0.289980542475369
-0.319375268263247, 6.76148352796887E-18, -0.303278733120303
