-3.19422114579943, 0.408214185984839, -2.42258435534382E-11
-3.19422114579943, 0.399851134279445, -0.0304652364151894
-3.19422114579943, 0.391488082574052, -0.0609304728061531
-3.19422114579943, 0.383125030868659, -0.0913957091971167
-3.19422114579943, 0.374761979163265, -0.12186094558808
-3.19422114579943, 0.366398927457872, -0.152326181979044
-3.19422114579943, 0.358035875752479, -0.182791418370007
-3.19422114579943, 0.349672824047086, -0.213256654760971
-3.19422114579943, 0.341309772341692, -0.243721891151935
-3.19422114579943, 0.310593781310869, -0.24502221452565
-3.19422114579943, 0.279534403179782, -0.250800301777894
-3.19422114579943, 0.248475025048695, -0.256578389030137
-3.19422114579943, 0.217415646917608, -0.262356476282381
-3.19422114579943, 0.186356268786521, -0.268134563534624
-3.19422114579943, 0.155296890655435, -0.273912650786868
-3.19422114579943, 0.124237512524348, -0.279690738039111
-3.19422114579943, 0.0931781343932609, -0.285468825291354
-3.19422114579943, 0.0621187562621741, -0.291246912543598
-3.19422114579943, 0.0310593781310872, -0.297024999795841
-3.19422114579943, 1.95215988938465E-16, -0.302803087048085
-3.13033672288344, 0.410028760693837, -1.21128957310143E-11
-3.13033672288344, 0.401644947173083, -0.0305595757574876
-3.13033672288344, 0.393261260249198, -0.0611191862350976
-3.13033672288344, 0.38487770408216, -0.091678832582359
-3.13033672288344, 0.376494282831174, -0.122238515939512
-3.13033672288344, 0.368111000654344, -0.152798237450803
-3.13033672288344, 0.359727861710957, -0.183357998256164
-3.13033672288344, 0.351344870160303, -0.213917799495527
-3.13033672288344, 0.342962030161667, -0.244477642308825
-3.13033672288344, 0.311508184385462, -0.245027377118741
-3.13033672288344, 0.280357345277038, -0.25084125893819
-3.13033672288344, 0.249206510763202, -0.25665516537562
-3.13033672288344, 0.218055680843349, -0.262469096428337
-3.13033672288344, 0.186904855517267, -0.268283052093574
-3.13033672288344, 0.155754034784287, -0.274097032368648
-3.13033672288344, 0.124603218643946, -0.279911037250837
-3.13033672288344, 0.0934524070957944, -0.28572506673742
-3.13033672288344, 0.0623016001393851, -0.291539120825671
-3.13033672288344, 0.0311507977742698, -0.297353199512867
-3.13033672288344, 2.08531308121867E-16, -0.303167302796285
-3.06645229996746, 0.411843329279435, -1.21129491682245E-11
-3.06645229996746, 0.403445177369387, -0.0306580320079486
-3.06645229996745, 0.395047424482921, -0.0613161733161601
-3.06645229996745, 0.38665008195234, -0.0919744270606275
-3.06645229996745, 0.378253161121042, -0.122632796324711
-3.06645229996745, 0.369856673337541, -0.153291284173103
-3.06645229996745, 0.361460629944591, -0.183949893691514
-3.06645229996745, 0.353065042284949, -0.214608627965652
-3.06645229996745, 0.344181950627409, -0.24462794280198
-3.06645229996745, 0.312431910160217, -0.245030833653567
-3.06645229996745, 0.281188729743046, -0.250888099167786
-3.06645229996745, 0.24994554694318, -0.256745351972532
-3.06645229996745, 0.218702361770861, -0.262602592122569
-3.06645229996745, 0.187459174236432, -0.268459819672646
-3.06645229996745, 0.156215984350116, -0.274317034677531
-3.06645229996745, 0.124972792122189, -0.280174237191985
-3.06645229996745, 0.093729597562933, -0.286031427270764
-3.06645229996745, 0.0624864006826289, -0.291888604968629
-3.06645229996745, 0.0312432014915576, -0.297745770340338
-3.06645229996745, 2.08253326567315E-16, -0.303602923440649
-3.00256787705147, 0.413657970472513, -1.21129704175475E-11
-3.00256787705146, 0.405248519883338, -0.030757826923509
-3.00256787705146, 0.396839719733554, -0.0615158316995805
-3.00256787705146, 0.388431583157141, -0.0922740178614064
-3.00256787705146, 0.380024123275784, -0.123032388975036
-3.00256787705146, 0.371617353194658, -0.153790948666929
-3.00256787705146, 0.363211286038501, -0.184549700491995
-3.00256787705147, 0.354805934932046, -0.215308648005146
-3.00256787705147, 0.345180607957009, -0.244468815140474
-3.00256787705146, 0.313345232981823, -0.245018112943909
-3.00256787705147, 0.282010853212832, -0.25092737870011
-3.00256787705146, 0.250676440821875, -0.256836471483391
-3.00256787705146, 0.219341996076067, -0.262745392732372
-3.00256787705147, 0.188007519260788, -0.268654143882229
-3.00256787705146, 0.156673010638627, -0.274562726372436
-3.00256787705146, 0.12533847048292, -0.280471141640442
-3.00256787705147, 0.0940038990674355, -0.286379391123611
-3.00256787705147, 0.062669296665942, -0.292287476259309
-3.00256787705147, 0.0313346635522075, -0.298195398484903
-3.00256787705147, 2.07822130452816E-16, -0.304103159237758
-2.93868345413548, 0.41548278583636, -1.21129201900447E-11
-2.93868345413548, 0.407061412212611, -0.0308562336144807
-2.93868345413548, 0.398640503205299, -0.0617125940147826
-2.93868345413548, 0.390220036913063, -0.0925690752328565
-2.93868345413548, 0.38179998056988, -0.123425668343736
-2.93868345413548, 0.373380300144401, -0.154282364041635
-2.93868345413548, 0.364960961608447, -0.185139153009148
-2.93868345413548, 0.356541930929932, -0.215996025943189
-2.93868345413547, 0.346147753194031, -0.24426640210983
-2.93868345413548, 0.31422998256701, -0.244978077459646
-2.93868345413548, 0.282807419357858, -0.250948772982957
-2.93868345413548, 0.251384756232436, -0.256918942747251
-2.93868345413548, 0.219961994359825, -0.262888593085607
-2.93868345413548, 0.188539135071514, -0.268857730300252
-2.93868345413548, 0.157116179488269, -0.274826360733444
-2.93868345413548, 0.125693128833333, -0.280794490707971
-2.93868345413548, 0.0942699843318722, -0.286762126546255
-2.93868345413548, 0.0628467472090524, -0.292729274570721
-2.93868345413548, 0.0314234186900397, -0.298695941103789
-2.93868345413548, 2.07260507311557E-16, -0.304662132467884
-2.87479903121948, 0.417377159794492, -1.21129499388384E-11
-2.87479903121948, 0.408932494689605, -0.0309492840592731
-2.87479903121948, 0.400487356772744, -0.0618984391216522
-2.87479903121948, 0.392041667290687, -0.0928474437471704
-2.87479903121949, 0.383595347515045, -0.123796276392737
-2.87479903121949, 0.375148318724649, -0.154744915488811
-2.87479903121949, 0.366700502188686, -0.185693339501186
-2.87479903121949, 0.358251819176347, -0.216641526895654
-2.87479903121949, 0.347070686043144, -0.244012143450302
-2.87479903121949, 0.315074247091851, -0.244898607816924
-2.87479903121949, 0.283567772690737, -0.250941174640821
-2.87479903121949, 0.252061077864672, -0.256982592566636
-2.87479903121949, 0.220554165882905, -0.263022879378511
-2.87479903121949, 0.189047040748487, -0.269062052719916
-2.87479903121949, 0.157539705479599, -0.275100130423113
-2.87479903121949, 0.126032163587152, -0.281137130225892
-2.87479903121949, 0.0945244185820566, -0.287173069866043
-2.87479903121949, 0.0630164739752253, -0.293207967081357
-2.87479903121949, 0.0315083332775694, -0.299241839609622
-2.87479903121949, 2.06588869330606E-16, -0.305274705188631
-2.8109146083035, 0.419318228512461, -1.21130434554359E-11
-2.8109146083035, 0.410836156890476, -0.0310340298923208
-2.8109146083035, 0.402352233755735, -0.0620675539694759
-2.8109146083035, 0.393866318932312, -0.0931005342334036
-2.8109146083035, 0.385378272480615, -0.124132931809176
-2.8109146083035, 0.376887954516689, -0.155164707618611
-2.8109146083035, 0.36839522507699, -0.186195822874629
-2.8109146083035, 0.35989994419797, -0.217226238790151
-2.8109146083035, 0.347924116117353, -0.243697354005526
-2.8109146083035, 0.315854881073963, -0.244769792516691
-2.8109146083035, 0.284271157107262, -0.250895550438153
-2.8109146083035, 0.252687020063718, -0.257019180137247
-2.8109146083035, 0.221102477243747, -0.263140721259821
-2.8109146083035, 0.189517538257481, -0.269260213004095
-2.8109146083035, 0.15793220950423, -0.275377695190478
-2.8109146083035, 0.126346499005903, -0.281493207324842
-2.8109146083035, 0.0947604147844079, -0.287606788913054
-2.8109146083035, 0.0631739648616536, -0.293718479460988
-2.8109146083035, 0.0315871572595482, -0.299828318474511
-2.8109146083035, 2.0582573683016E-16, -0.305936345459494
-2.74703018538751, 0.421266340289549, -1.21130773513923E-11
-2.74703018538751, 0.412733064204402, -0.0311081185816726
-2.74703018538751, 0.404196121814942, -0.0622152323270515
-2.74703018538751, 0.39565529679026, -0.0933212828311927
-2.74703018538751, 0.387110373605511, -0.12442620873828
-2.74703018538751, 0.378561136892514, -0.155529948123188
-2.74703018538751, 0.370007371041474, -0.18663243994097
-2.74703018538751, 0.361448860442599, -0.21773362314668
-2.74703018538751, 0.348680130744882, -0.243313349924252
-2.74703018538751, 0.316546408507714, -0.244582150560233
-2.74703018538751, 0.284894730755762, -0.250803331681995
-2.74703018538751, 0.253242352832837, -0.257020955202435
-2.74703018538751, 0.221589288954309, -0.263235097668994
-2.74703018538751, 0.189935559241851, -0.269445834469777
-2.74703018538751, 0.158281175284697, -0.275653242667434
-2.74703018538751, 0.126626153030606, -0.281857398468702
-2.74703018538751, 0.0949705084273332, -0.288058378080318
-2.74703018538751, 0.0633142574226367, -0.294256257709021
-2.74703018538751, 0.0316574159642735, -0.300451113561547
-2.74703018538751, 2.04988125834969E-16, -0.306643021844633
-2.68314576247151, 0.423181167985457, -1.21129990998856E-11
-2.68314576247152, 0.414583261614608, -0.0311692042202956
-2.68314576247152, 0.405979456376717, -0.0623367834397841
-2.68314576247152, 0.397369446904356, -0.0935026556554277
-2.68314576247152, 0.388752932223931, -0.124666722946524
-2.68314576247152, 0.380129606174143, -0.155828906163182
-2.68314576247152, 0.371499162897777, -0.186989125025808
-2.68314576247152, 0.362861301848396, -0.218147280075505
-2.68314576247152, 0.349310637645769, -0.242851048656727
-2.68314576247152, 0.317123198165014, -0.244326092080138
-2.68314576247152, 0.285415526663839, -0.25065592247228
-2.68314576247152, 0.253706746914759, -0.256980213465003
-2.68314576247152, 0.221996884223955, -0.263299098942106
-2.68314576247152, 0.190285976968337, -0.269612710183592
-2.68314576247152, 0.158574043831939, -0.275921182391662
-2.68314576247152, 0.126861113673669, -0.282224648740058
-2.68314576247152, 0.0951472153524324, -0.288523242402518
-2.68314576247152, 0.0634323777271375, -0.294817096552784
-2.68314576247152, 0.0317166296566912, -0.301106344364597
-2.68314576247152, 1.76336289600617E-16, -0.307391119011696
-2.6192613395555, 0.425021748465475, -1.21129390769292E-11
-2.61926133955551, 0.416346351939771, -0.0312150061988377
-2.61926133955552, 0.407662422041547, -0.0624276452453831
-2.61926133955553, 0.398969553347982, -0.0936377973655496
-2.61926133955553, 0.390267340504995, -0.124845342517616
-2.61926133955553, 0.381555376416912, -0.156050166884976
-2.61926133955553, 0.372833254823986, -0.187252153620519
-2.61926133955553, 0.364100569569987, -0.218451185477429
-2.61926133955553, 0.349787527086251, -0.24230109105425
-2.61926133955553, 0.317559599450624, -0.24399174861591
-2.61926133955553, 0.285810570380952, -0.250444545746046
-2.61926133955553, 0.254059884921143, -0.256889154806326
-2.61926133955553, 0.222307572196968, -0.263325796337742
-2.61926133955553, 0.19055369687521, -0.269754683669432
-2.61926133955553, 0.158798290418707, -0.276176036856136
-2.61926133955553, 0.127041408460031, -0.282590071056647
-2.61926133955553, 0.0952830930943005, -0.288997004165504
-2.61926133955553, 0.0635233897458669, -0.295397053400455
-2.61926133955553, 0.0317623383774491, -0.301790437075148
-2.61926133955553, 1.75396286301716E-16, -0.308177369265694
-2.54537691663954, 0.427004068005256, -1.21130166899861E-11
-2.54537691663954, 0.418223810971261, -0.0312459730427743
-2.54537691663954, 0.409431492325428, -0.0624885510951091
-2.54537691663954, 0.400626572690944, -0.0937275863647945
-2.54537691663954, 0.391808517679996, -0.124962913262075
-2.54537691663954, 0.382976789860756, -0.156194376931887
-2.54537691663954, 0.374130852784891, -0.187421818951772
-2.54537691663954, 0.365270170191211, -0.218645080158769
-2.54537691663954, 0.350110557746215, -0.241543170465746
-2.54537691663954, 0.317855512535964, -0.243493894414957
-2.54537691663954, 0.28608047613661, -0.250108342383193
-2.54537691663954, 0.254302896187232, -0.256710550849905
-2.54537691663954, 0.222522851452604, -0.263300876119429
-2.54537691663954, 0.190740416882395, -0.269879675274407
-2.54537691663954, 0.158955672208818, -0.276447304394586
-2.54537691663954, 0.127168695060876, -0.283004119985429
-2.54537691663954, 0.0953795627008734, -0.289550478617799
-2.54537691663954, 0.0635883520365208, -0.29608673692567
-2.54537691663954, 0.0317951396330549, -0.302613251603917
-2.54537691663954, 2.02028789019813E-16, -0.309130379759584
-2.39566585934947, 0.430285199452415, -1.2112943263122E-11
-2.39566585934953, 0.421247270865341, -0.0312230689238391
-2.39566585934955, 0.412188704899955, -0.0624401659705508
-2.39566585934957, 0.403108709501194, -0.0936510319367819
-2.39566585934957, 0.39400648801921, -0.124855423161133
-2.39566585934957, 0.38488123720785, -0.156053085621988
-2.39566585934957, 0.37573201834093, -0.187243731215071
-2.39566585934957, 0.36655784078367, -0.218427042799413
-2.39566585934957, 0.349840066850329, -0.239543022134996
-2.39566585934957, 0.31760965126136, -0.242050089947155
-2.39566585934957, 0.28587071056066, -0.249064653538096
-2.39566585934957, 0.254126343848245, -0.256054620977848
-2.39566585934957, 0.222376753687207, -0.263020824454764
-2.39566585934957, 0.19062214074604, -0.269964096490574
-2.39566585934957, 0.158862703863114, -0.276885269925232
-2.39566585934957, 0.127098640114155, -0.283785177902166
-2.39566585934957, 0.0953301448784799, -0.290664653854791
-2.39566585934957, 0.063557411905701, -0.297524531493912
-2.39566585934957, 0.0317806333825599, -0.304365644796019
-2.39566585934957, 1.99718581305804E-16, -0.311188827992434
-2.2359548020596, 0.432202571507734, -1.21129104776163E-11
-2.2359548020596, 0.422830205276523, -0.0310427863977798
-2.2359548020596, 0.413425162709641, -0.0620756883180272
-2.2359548020596, 0.403986093431515, -0.0930982573608881
-2.2359548020596, 0.394511648060402, -0.12411004052467
-2.2359548020596, 0.38500047825103, -0.155110580033651
-2.2359548020596, 0.375451236741947, -0.186099413153715
-2.2359548020596, 0.365862577407119, -0.21707607200994
-2.2359548020596, 0.347803981203487, -0.236586277384065
-2.2359548020596, 0.315749258159488, -0.239715866086816
-2.2359548020596, 0.284218225937563, -0.247284864755909
-2.2359548020596, 0.252676165571108, -0.254807774851969
-2.2359548020596, 0.221123567542022, -0.262286365645827
-2.2359548020596, 0.189560914700752, -0.269722407699564
-2.2359548020596, 0.157988682551825, -0.277117672788134
-2.2359548020596, 0.126407339571676, -0.284473933822364
-2.2359548020596, 0.0948173475124046, -0.291792964783947
-2.2359548020596, 0.0632191617101377, -0.299076540667619
-2.2359548020596, 0.0316132313944755, -0.306326437430949
-2.2359548020596, 1.69608696922706E-16, -0.313544431951149
-2.07624374476963, 0.431827324317143, -1.21129149284247E-11
-2.07624374476963, 0.422065729026922, -0.0306682343902037
-2.07624374476963, 0.412259197951355, -0.0613221294148689
-2.07624374476963, 0.402406462330424, -0.0919612044910875
-2.07624374476963, 0.392506199625422, -0.122584955195636
-2.07624374476963, 0.38255707196376, -0.153192865208532
-2.07624374476963, 0.372557742629752, -0.183784411375184
-2.07624374476963, 0.362506876035542, -0.214359063486449
-2.07624374476963, 0.343503001876898, -0.232592615198679
-2.07624374476963, 0.311811323171735, -0.23632805252297
-2.07624374476963, 0.280711392646016, -0.244611972822829
-2.07624374476963, 0.249590493286625, -0.252816765020713
-2.07624374476963, 0.218449875747733, -0.260946401403198
-2.07624374476963, 0.187290690264438, -0.269004580532618
-2.07624374476963, 0.156113997397962, -0.276994758677095
-2.07624374476963, 0.124920778464075, -0.284920177344233
-2.07624374476963, 0.0937119453942703, -0.292783887682836
-2.07624374476963, 0.0624883485255896, -0.300588772713276
-2.07624374476963, 0.0312507833439003, -0.308337567615134
-2.07624374476963, 1.95332383595234E-16, -0.31603287757015
-1.91653268747982, 0.428413979087651, -1.2112929651372E-11
-1.91653268747976, 0.418264228307934, -0.0301001862747306
-1.91653268747971, 0.408062630801607, -0.0601828378410187
-1.91653268747968, 0.397808104194077, -0.0902474922167721
-1.91653268747967, 0.387499570584912, -0.12029366927873
-1.91653268747966, 0.377135950172311, -0.150320889958558
-1.91653268747966, 0.366716164485999, -0.180328666689522
-1.91653268747966, 0.356239131701132, -0.210316505932249
-1.91653268747966, 0.336679206930075, -0.227537587692805
-1.91653268747966, 0.305553230176748, -0.231835337173464
-1.91653268747966, 0.275135665339167, -0.240990080583966
-1.91653268747966, 0.244682071437975, -0.250024252742372
-1.91653268747966, 0.214194791624702, -0.258944091302662
-1.91653268747966, 0.183675965616699, -0.26775538834309
-1.91653268747966, 0.153127545099461, -0.276463544919163
-1.91653268747966, 0.122551331800226, -0.285073612024179
-1.91653268747966, 0.0919489855778181, -0.293590334386205
-1.91653268747966, 0.0613220398951501, -0.302018187280892
-1.91653268747966, 0.0306719337180749, -0.310361405040179
-1.91653268747966, 1.66101337215778E-16, -0.318624018436913
-1.75682163018974, 0.421537582097943, -1.21128741706718E-11
-1.75682163018969, 0.411063278646575, -0.0293638574888999
-1.75682163018969, 0.400534869022722, -0.0587083585206077
-1.75682163018969, 0.38995143545054, -0.0880330592599491
-1.75682163018969, 0.379312007295513, -0.117337490622858
-1.75682163018969, 0.368615614330471, -0.14662117713493
-1.75682163018969, 0.357861286760696, -0.175883636800738
-1.75682163018969, 0.347048055251323, -0.205124380979687
-1.75682163018969, 0.327286289318466, -0.221542959027027
-1.75682163018969, 0.29692910661307, -0.226366213582472
-1.75682163018969, 0.267454974756177, -0.236525949011831
-1.75682163018969, 0.23792295707355, -0.246516185941356
-1.75682163018969, 0.208337096782187, -0.256345825229454
-1.75682163018969, 0.178701052900682, -0.266023136544061
-1.75682163018969, 0.149018171112588, -0.275555824101907
-1.75682163018969, 0.119291506053924, -0.284951097896183
-1.75682163018969, 0.0895238610085396, -0.294215730351322
-1.75682163018969, 0.0597178269852045, -0.303356106264209
-1.75682163018969, 0.0298757978052313, -0.312378274482081
-1.75682163018969, 2.48725910353508E-16, -0.321287990405593
-1.59711057290149, 0.411133054833882, -1.21129352233097E-11
-1.59711057290054, 0.400425357244803, -0.0284847385230701
-1.59711057290001, 0.389663172741981, -0.0569489351295701
-1.59711057289978, 0.378845386493376, -0.0853920466363837
-1.59711057289972, 0.36797088453793, -0.113813522428509
-1.59711057289972, 0.357038539627188, -0.142212798830872
-1.59711057289972, 0.346047051812675, -0.170589237027005
-1.59711057289972, 0.334995016081394, -0.198942147607479
-1.59711057289972, 0.315341678865203, -0.214739338502261
-1.59711057289972, 0.285944616684863, -0.220033431464055
-1.59711057289972, 0.257680519223971, -0.231310451055575
-1.59711057289972, 0.229328298804889, -0.242364067981798
-1.59711057289972, 0.200894375039351, -0.253205808135703
-1.59711057289972, 0.172384571138349, -0.263846432283975
-1.59711057289972, 0.143804189069004, -0.274296019640479
-1.59711057289972, 0.115158068007124, -0.28456404550457
-1.59711057289972, 0.0864506568688302, -0.294659443900405
-1.59711057289972, 0.0576860338536706, -0.304590680906556
-1.59711057289972, 0.0288679797100249, -0.314365802294368
-1.59711057289972, 1.93758748995662E-16, -0.323992494019842
-1.43739951560976, 0.397270147162307, -1.21128775112758E-11
-1.43739951560975, 0.386413403825255, -0.0274784453613281
-1.43739951560975, 0.375500918976473, -0.0549348016810185
-1.43739951560975, 0.364532101213791, -0.0823687014757776
-1.43739951560974, 0.353506358748888, -0.109779772545014
-1.43739951560974, 0.342423099416695, -0.137167637916477
-1.43739951560974, 0.331281730689164, -0.164531915774012
-1.43739951560974, 0.320081659689, -0.191872219390582
-1.43739951560974, 0.300850669962038, -0.207272105900508
-1.43739951560974, 0.27258708794774, -0.212954142338074
-1.43739951560974, 0.245805296205528, -0.225430585685508
-1.43739951560974, 0.21889611603329, -0.237629880959517
-1.43739951560974, 0.191868797028765, -0.249565188135268
-1.43739951560974, 0.1647317943712, -0.261248990419984
-1.43739951560974, 0.137492854544873, -0.272693155887121
-1.43739951560974, 0.110159097005755, -0.283908993696159
-1.43739951560974, 0.0827370834474578, -0.294907309519141
-1.43739951560974, 0.0552328784946809, -0.305698459316189
-1.43739951560974, 0.0276521061690804, -0.316292400632366
-1.43739951560974, 1.68219224924333E-16, -0.326698743227204
-1.27768845832425, 0.379935717247887, -1.2112805143742E-11
-1.27768845832107, 0.369016989330104, -0.0263711337356079
-1.27768845831992, 0.358047174354854, -0.0527210572285999
-1.27768845831977, 0.347025860035116, -0.0790494794165889
-1.27768845831977, 0.33595267213172, -0.105356131209366
-1.27768845831977, 0.324826823082514, -0.131640551901218
-1.27768845831977, 0.313647304851243, -0.157902190258441
-1.27768845831977, 0.302413111164941, -0.184140485895759
-1.27768845831977, 0.283870502598842, -0.199327081995253
-1.27768845831977, 0.256871056579221, -0.205236595574687
-1.27768845831977, 0.231840534961349, -0.218952168692688
-1.27768845831977, 0.206636565611215, -0.232346373567452
-1.27768845831977, 0.181270646901581, -0.24543132999333
-1.27768845831977, 0.155753557118856, -0.258219012676543
-1.27768845831977, 0.130095389128755, -0.270721249262978
-1.27768845831977, 0.104305605623162, -0.282949712243157
-1.27768845831977, 0.0783930823047015, -0.294915921035521
-1.27768845831977, 0.052366158810842, -0.306631243974585
-1.27768845831977, 0.0262326713613688, -0.318106911835823
-1.27768845831977, 2.00594616183517E-16, -0.329354027427193
-1.11797740103018, 0.359274561763371, -1.2112902432504E-11
-1.11797740102987, 0.348392115586859, -0.0251898455702175
-1.1179774010298, 0.337459159985713, -0.0503578096861511
-1.1179774010298, 0.326473832088175, -0.0755029580089268
-1.1179774010298, 0.31543337794057, -0.100623950220977
-1.1179774010298, 0.30433458148159, -0.125719219827842
-1.1179774010298, 0.293174183997693, -0.150787149997772
-1.1179774010298, 0.28194814168933, -0.175825758402817
-1.1179774010298, 0.264371746422165, -0.191095283640715
-1.1179774010298, 0.238688535521762, -0.196908593839738
-1.1179774010298, 0.215681984318811, -0.211863202146579
-1.1179774010298, 0.192454121800731, -0.226471733438279
-1.1179774010298, 0.169016333950491, -0.240741042772587
-1.1179774010298, 0.145379910455454, -0.254678890264503
-1.1179774010298, 0.121556020860538, -0.268293855484794
-1.1179774010298, 0.0975556469186095, -0.281595279115651
-1.1179774010298, 0.0733895388016423, -0.294593191312682
-1.1179774010298, 0.0490681648973772, -0.307298245840108
-1.1179774010298, 0.0246017056108594, -0.319721634554214
-1.1179774010298, 1.81099502482577E-16, -0.331875031311213
-0.948266343742756, 0.333659227488997, -1.21128584206729E-11
-0.948266343739835, 0.322836336835225, -0.0237897878966189
-0.948266343739829, 0.311943952861001, -0.0475478363974838
-0.948266343739829, 0.300976519290883, -0.0712713312471172
-0.948266343739829, 0.289928200381418, -0.0949572629087493
-0.948266343739829, 0.27879297969542, -0.118602462255307
-0.948266343739829, 0.267563676820445, -0.142203123257649
-0.948266343739829, 0.256232697185857, -0.165755132143852
-0.948266343739829, 0.240248578677458, -0.181974347956278
-0.948266343739829, 0.215847458749024, -0.186898033479039
-0.948266343739829, 0.195315015715614, -0.203068794983102
-0.948266343739829, 0.174527106483421, -0.218909812619453
-0.948266343739829, 0.153490804896998, -0.234419463879326
-0.948266343739829, 0.132213883169166, -0.249597353108316
-0.948266343739829, 0.110704736223599, -0.26444432158635
-0.948266343739829, 0.0889722691188204, -0.278962457529737
-0.948266343739829, 0.0670258099549404, -0.293155063949371
-0.948266343739829, 0.044875014115463, -0.307026612868563
-0.948266343739829, 0.0225297479049295, -0.320582695344317
-0.94826634373983, 2.22628023274237E-16, -0.333829940225403
-0.894381920825271, 0.324556405382987, -1.21128923566816E-11
-0.894381920823841, 0.313735647956481, -0.0232829794267014
-0.894381920823841, 0.302834800263609, -0.0465285738202468
-0.894381920823841, 0.291847519922992, -0.0697334339361309
-0.89438192082384, 0.280767120287181, -0.0928939674710773
-0.894381920823841, 0.26958762018752, -0.116006833838171
-0.89438192082384, 0.25830896125354, -0.13907147261508
-0.89438192082384, 0.246938446387739, -0.162090974184767
-0.894381920823841, 0.231715673966813, -0.178969392182561
-0.894381920823841, 0.207643574218146, -0.183307618530149
-0.894381920823841, 0.187969055022184, -0.199802650446881
-0.894381920823841, 0.168035252044146, -0.215983390179808
-0.894381920823841, 0.147847269986688, -0.231845870264257
-0.89438192082384, 0.127411048495176, -0.247387235527242
-0.89438192082384, 0.106733307665591, -0.262605782686075
-0.89438192082384, 0.0858214489513399, -0.277501004832145
-0.89438192082384, 0.0646834801303649, -0.292073589727321
-0.89438192082384, 0.0433279187434826, -0.306325409096337
-0.89438192082384, 0.0217636842965468, -0.320259492638511
-0.89438192082384, 2.82818775209871E-16, -0.333879976268717
-0.830497497907874, 0.312962783785915, -1.21129768034166E-11
-0.830497497907852, 0.30212448061405, -0.0226302428819632
-0.830497497907852, 0.29119323457895, -0.045215734159036
-0.830497497907852, 0.280168471524187, -0.067755729484223
-0.830497497907852, 0.269058040260803, -0.0902536228372369
-0.830497497907852, 0.25787134934298, -0.112713697711983
-0.830497497907852, 0.246615235607803, -0.135139062755669
-0.830497497907852, 0.235293814850496, -0.157531529237812
-0.830497497907852, 0.221111115595505, -0.17532241548963
-0.830497497907852, 0.197302216884454, -0.178610977118259
-0.830497497907852, 0.178684487527686, -0.195432546195885
-0.830497497907852, 0.159808434464534, -0.211963713381523
-0.830497497907852, 0.14067678986178, -0.228198395272625
-0.830497497907852, 0.12129315604892, -0.244131365396696
-0.830497497907852, 0.101661982384577, -0.259758315300524
-0.830497497907852, 0.0817884975972641, -0.275075927035619
-0.830497497907852, 0.0616786598891197, -0.290081905147961
-0.830497497907852, 0.0413390899461084, -0.30477499829132
-0.830497497907852, 0.0207769772906938, -0.319155016791067
-0.830497497907852, 2.32203992711702E-16, -0.333222818343269
-0.766613074992426, 0.300305339629857, -1.21127809631824E-11
-0.766613074991863, 0.289462208145074, -0.0219223440408974
-0.766613074991863, 0.278550097028328, -0.0438104414246613
-0.766613074991863, 0.267574068794488, -0.0656665516711354
-0.766613074991863, 0.256537321538865, -0.0874920718991451
-0.766613074991863, 0.245440487923761, -0.109287098292894
-0.766613074991863, 0.234283093647445, -0.131051186324169
-0.766613074991863, 0.223061631658917, -0.152782308092535
-0.766613074991863, 0.210011266096327, -0.171572255338228
-0.766613074991863, 0.186259356160767, -0.173287866933235
-0.766613074991863, 0.168740066407902, -0.190353241116297
-0.766613074991863, 0.150969630621048, -0.207156925783188
-0.766613074991863, 0.13294871497206, -0.223691693751661
-0.766613074991863, 0.11467874100229, -0.239950839835263
-0.766613074991863, 0.0961618851828584, -0.255928244244348
-0.766613074991863, 0.0774010519258307, -0.271618444129986
-0.766613074991863, 0.0583998518488524, -0.287016683540436
-0.766613074991863, 0.0391625699417668, -0.302118955544903
-0.766613074991863, 0.0196941260785192, -0.316922034097321
-0.766613074991863, 2.3547228905249E-16, -0.331423515996562
-0.702728652079429, 0.286626553958706, -1.21130021363372E-11
-0.702728652075961, 0.275894907704683, -0.0211905715539785
-0.702728652075875, 0.265107902976875, -0.0423530167274331
-0.702728652075875, 0.25426424416943, -0.0634864874094496
-0.702728652075875, 0.243360544980884, -0.0845890421901644
-0.702728652075875, 0.232392995957101, -0.105658481643801
-0.702728652075875, 0.221355873892013, -0.126691556810397
-0.702728652075875, 0.210242796388911, -0.147684594311535
-0.702728652075875, 0.198492031203105, -0.167705683777744
-0.702728652075875, 0.174738950270437, -0.167705755795128
-0.702728652075875, 0.158114101108308, -0.184341216635181
-0.702728652075875, 0.141496001822447, -0.201312909399775
-0.702728652075875, 0.124638984803171, -0.218047313386392
-0.702728652075874, 0.107542873252058, -0.234537365374687
-0.702728652075874, 0.0902079948212166, -0.250776230187133
-0.702728652075874, 0.0726352028828127, -0.2667573281365
-0.702728652075875, 0.0548258682301472, -0.282474385846635
-0.702728652075874, 0.0367818777887478, -0.297921474092752
-0.702728652075875, 0.0185056256138328, -0.313093046207211
-0.702728652075875, 2.35789802676643E-16, -0.327983972894652
-0.638844229162319, 0.272149122739712, -1.2112772931283E-11
-0.638844229159886, 0.261594457492138, -0.020384842550567
-0.638844229159886, 0.250979616523045, -0.0407384134746543
-0.638844229159886, 0.24029911489356, -0.061057603988732
-0.638844229159886, 0.229547271739843, -0.0813391324207445
-0.638844229159886, 0.218717664574703, -0.10157924157766
-0.638844229159886, 0.207803424003086, -0.121773833694543
-0.638844229159886, 0.196797514991574, -0.141918614342986
-0.638844229159886, 0.185693212375462, -0.162009320073372
-0.638844229159886, 0.163737974968918, -0.163709686641763
-0.638844229159886, 0.146814919820101, -0.177113675257465
-0.638844229159886, 0.131394922503582, -0.194118361435268
-0.638844229159886, 0.115753243168255, -0.210919353476982
-0.638844229159886, 0.0998889579653205, -0.227510303941749
-0.638844229159886, 0.0838012274840115, -0.243884667391217
-0.638844229159886, 0.0674894665066367, -0.260035858659326
-0.638844229159886, 0.0509533571206194, -0.275957269081295
-0.638844229159886, 0.0341928598037026, -0.291642285355054
-0.638844229159886, 0.0172082257795314, -0.307084307620444
-0.638844229159886, 2.8691506651071E-16, -0.322276776179282
-0.574959806246426, 0.256820678648693, -1.21128962357451E-11
-0.574959806244476, 0.246475737929187, -0.0194452266526776
-0.574959806243926, 0.236057369625749, -0.038851208759724
-0.574959806243897, 0.225559472173665, -0.0582142815152551
-0.574959806243897, 0.214975610742602, -0.07753049793698
-0.574959806243897, 0.204299566332022, -0.0967959129408584
-0.574959806243898, 0.193525484292514, -0.116006670567966
-0.574959806243898, 0.182647887943465, -0.135159002634136
-0.574959806243897, 0.171661712567306, -0.154249255424765
-0.574959806243897, 0.152701786256204, -0.15957398196689
-0.574959806243898, 0.134834361200106, -0.168391631607262
-0.574959806243898, 0.120667259810463, -0.185256457767328
-0.574959806243897, 0.106296299199392, -0.201947914960784
-0.574959806243898, 0.0917225742092867, -0.218462625721232
-0.574959806243898, 0.0769464284630535, -0.23479647008485
-0.574959806243898, 0.0619674787329345, -0.250944530303068
-0.574959806243897, 0.0467846371955059, -0.266901027376505
-0.574959806243897, 0.0313964925415311, -0.282659620883659
-0.574959806243897, 0.0158019228755567, -0.298213958194821
-0.574959806243897, 2.20123003872169E-16, -0.313557588433868
-0.511075383327909, 0.24037985336841, -1.21127980266535E-11
-0.511075383327909, 0.230282428230271, -0.018317727736571
-0.511075383327909, 0.220099241828672, -0.0365879138403232
-0.511075383327909, 0.209825068635277, -0.0548070847098783
-0.511075383327909, 0.199454877046262, -0.0729717732564594
-0.511075383327909, 0.188983844903582, -0.0910785218866996
-0.511075383327909, 0.178407862770059, -0.109124164395814
-0.511075383327909, 0.167723767201915, -0.127106006043885
-0.511075383327909, 0.156928778985641, -0.145021493514038
-0.511075383327909, 0.141779539527346, -0.155288962538509
-0.511075383327909, 0.122152660449143, -0.157902470838382
-0.511075383327909, 0.109316237028795, -0.174416686932945
-0.511075383327909, 0.0962910470408942, -0.190782429848495
-0.511075383327909, 0.0830800795106822, -0.206998577674326
-0.511075383327909, 0.0696856535737559, -0.223063524518621
-0.511075383327909, 0.0561094576296146, -0.238975158806696
-0.511075383327909, 0.0423525767361514, -0.254730838429955
-0.511075383327909, 0.0284155162403509, -0.270327353692654
-0.511075383327909, 0.0142982021733964, -0.285760899706183
-0.511075383327909, 1.99510800943208E-16, -0.301027010862438
-0.44719096041192, 0.222447650890183, -1.2112968509769E-11
-0.44719096041192, 0.212668984716978, -0.0169639730214867
-0.44719096041192, 0.202798560427151, -0.0338747192483206
-0.44719096041192, 0.192833044809343, -0.0507296009338146
-0.44719096041192, 0.182769210684024, -0.0675259607053855
-0.44719096041192, 0.172604253227992, -0.0842613136775246
-0.44719096041192, 0.162336194163537, -0.100933605326976
-0.44719096041192, 0.151963178690702, -0.117540797851255
-0.44719096041192, 0.141484468032975, -0.134081502587728
-0.44719096041192, 0.130900495944092, -0.150555051867512
-0.44719096041192, 0.111480328965884, -0.150849458676647
-0.44719096041192, 0.0972792396807148, -0.161350881623817
-0.44719096041192, 0.0856948906705316, -0.17713690808698
-0.44719096041192, 0.0739400492773986, -0.192796396973279
-0.44719096041192, 0.0620183984207867, -0.208329272619704
-0.44719096041192, 0.0499330720049096, -0.223735146137419
-0.44719096041192, 0.0376866838276245, -0.239013305756642
-0.44719096041192, 0.0252813590988309, -0.254162692750143
-0.44719096041192, 0.0127187370950407, -0.269181901924691
-0.44719096041192, 8.72543765617508E-17, -0.284069138708797
-0.383306537496296, 0.20259862878201, -1.2112808527891E-11
-0.383306537496039, 0.193261478473955, -0.0153589871953783
-0.383306537495945, 0.183835605587053, -0.0306636838592705
-0.383306537495932, 0.174319130506863, -0.0459122075196481
-0.383306537495932, 0.164710227194703, -0.0611026554351892
-0.383306537495932, 0.15500777899629, -0.0762335214843894
-0.383306537495932, 0.145211222458416, -0.0913036299242862
-0.383306537495932, 0.135320400259419, -0.106312038132293
-0.383306537495932, 0.12533555569184, -0.121258059742292
-0.383306537495932, 0.115257460889941, -0.136141366165355
-0.383306537495931, 0.102616064604283, -0.146256028393292
-0.383306537495932, 0.0846415898568963, -0.146256444182894
-0.383306537495932, 0.0743977030244007, -0.160784774641359
-0.383306537495932, 0.0642029819327014, -0.17558837175397
-0.383306537495932, 0.0538579566059206, -0.190287335023217
-0.383306537495932, 0.0433665294106227, -0.204882164357584
-0.383306537495932, 0.0327321611083658, -0.219373176987622
-0.383306537495932, 0.0219579045525072, -0.233760487554139
-0.383306537495932, 0.0110464236302788, -0.248044001817456
-0.383306537495932, 5.64657258120327E-17, -0.262223418820026
-0.310439418771985, 0.177061502964454, -2.42257695924125E-11
-0.313540544964579, 0.168598543458626, -0.0147997512303465
-0.31666059669866, 0.16008393623475, -0.0295658554443783
-0.319799550191554, 0.151517746195637, -0.0442980852127656
-0.322957311804994, 0.142900228879695, -0.058996322347477
-0.326133722254428, 0.134231818973757, -0.0736605751925796
-0.329328575034703, 0.125513080029462, -0.0882909495339062
-0.332541387299084, 0.116745329733389, -0.102888061118427
-0.335771452703238, 0.107930495696059, -0.117452973606301
-0.339018067454078, 0.0990704985656634, -0.131986770871382
-0.342897075615238, 0.0884847026476952, -0.143272504169394
-0.348810080542965, 0.0723481386534238, -0.143950724073236
-0.351901431835957, 0.0639118548048808, -0.158767605640153
-0.355058619627277, 0.0552959034469371, -0.173466752860344
-0.358280292894766, 0.0465039715130233, -0.188047230708943
-0.361565282611189, 0.0375392492732337, -0.202507873392805
-0.364912595308206, 0.028404447898221, -0.216847280156627
-0.368321402743354, 0.0191018276579652, -0.231063784035059
-0.371791036580244, 0.00963321243947537, -0.245155433808015
-0.375320984631433, 2.51587705456531E-17, -0.259119972857468
-0.260164004963307, 0.15731308791963, -2.42261383885287E-11
-0.265538260243951, 0.149596896197111, -0.0145031501619151
-0.27093211881726, 0.14185255866523, -0.028983998530698
-0.276345543849762, 0.134080128208361, -0.043442479782702
-0.281777752168256, 0.126280729282686, -0.0578793779204027
-0.287227793534837, 0.11845572621079, -0.0722956855893251
-0.292694722188419, 0.110606476887576, -0.0866924052947798
-0.298177596642518, 0.102734333070609, -0.101070548859373
-0.303675479463861, 0.0948406406979714, -0.115431136880289
-0.3091874370425, 0.0869267402183367, -0.129775198211697
-0.315632083586264, 0.0776737133860145, -0.141226401775262
-0.325255491237859, 0.0638567183632622, -0.142692232123881
-0.330383202801416, 0.0564945065858116, -0.157465936674899
-0.335637849459948, 0.0489500452727525, -0.172102458818396
-0.341017233859637, 0.0412264893176383, -0.186599598532227
-0.346519495523038, 0.0333265099372053, -0.200954861978967
-0.352143097609303, 0.0252523136806451, -0.21516544427514
-0.357886808431579, 0.0170056689663524, -0.22922818811169
-0.363749692371482, 0.00858791912664817, -0.243139556943933
-0.369731097626284, 2.27499110466299E-17, -0.256895590515813
-0.222793740648085, 0.14134746997305, -2.42264546762873E-11
-0.229850812661092, 0.134290397960043, -0.0142732155030398
-0.236922469034328, 0.127218741586807, -0.0285319871768333
-0.244007804566966, 0.120133406054169, -0.0427771710725071
-0.251105916749624, 0.113035293871511, -0.0570096282035707
-0.258215905601802, 0.105925305019333, -0.0712302242326118
-0.265336873502243, 0.0988043371188921, -0.0854398291384312
-0.272467925014048, 0.0916732856070871, -0.0996393168901849
-0.279607992677854, 0.0845332179432809, -0.113829740047843
-0.286755113696737, 0.0773860969243978, -0.12801306166276
-0.29489351587127, 0.0692476947498649, -0.139652752785319
-0.306845858634144, 0.0572953519869914, -0.141410304805402
-0.313410181149226, 0.0507310294719091, -0.156146019891526
-0.320150134079098, 0.0439910765420375, -0.170722304973836
-0.327062742479632, 0.0370784681415028, -0.185135973993439
-0.334145473227697, 0.029995737393438, -0.199383500140595
-0.341396214443589, 0.0227449961775459, -0.213460988237633
-0.348813249821979, 0.0153279607991567, -0.227364127307193
-0.356395241191298, 0.00774596942983721, -0.241088151000389
-0.364141210621135, 2.04131373153546E-17, -0.254627788388342
-0.189630803094595, 0.126163192845263, -2.4225219177922E-11
-0.198178029036144, 0.119779449109291, -0.0140618188653661
-0.206732938603845, 0.113389966634147, -0.0281163626343355
-0.215294674911481, 0.106995385410169, -0.0421644272893627
-0.223862385763837, 0.100596341924085, -0.0562068164549971
-0.232435233581974, 0.0941934617460329, -0.0702443229048634
-0.241012285805494, 0.0877874413858081, -0.0842778256586946
-0.249591931568974, 0.0813794839649989, -0.0983088588547197
-0.258172436728218, 0.0749708846795238, -0.112339073750709
-0.266752067026671, 0.0685629388092188, -0.126370121420204
-0.276260321885565, 0.0614614227371524, -0.138226495120718
-0.289966722051279, 0.0512244000120031, -0.140183257575473
-0.297793962283108, 0.0453783984974073, -0.154883308025109
-0.305841073722599, 0.0393681797906797, -0.169397241159995
-0.314104056115486, 0.0331967315978073, -0.183720979375822
-0.322579423099187, 0.0268666578098596, -0.197850078500076
-0.331264173404201, 0.020380200012059, -0.211779690815102
-0.340155757620627, 0.0137392623051758, -0.225504513293903
-0.349252050015777, 0.00694543235435665, -0.239018738045598
-0.358551323615986, 1.81562295530214E-17, -0.25231600128557
-0.158155743523499, 0.110782734734235, -2.42303891621957E-11
-0.168112358951286, 0.105120574310141, -0.0138581715331168
-0.178070121810046, 0.0994577613612722, -0.0277152496440395
-0.188028106711438, 0.0937948221404768, -0.041572122366859
-0.197985165728668, 0.0881324094544971, -0.0554298761906559
-0.207940152443396, 0.0824711752522392, -0.06928959970282
-0.217891919073448, 0.0768117722582014, -0.0831523795929393
-0.22783932005167, 0.0711548519372363, -0.0970193056397366
-0.237781017635336, 0.0655011750412257, -0.110891635250294
-0.247714893103383, 0.0598519464513497, -0.124771387649772
-0.258447526951769, 0.0537484773494874, -0.136852405961784
-0.273529095838537, 0.0451718417343779, -0.139094902517077
-0.282575602593545, 0.0400272448685045, -0.153755236849822
-0.291883867688428, 0.0347337904191006, -0.168197093785399
-0.301448428788088, 0.029294584724645, -0.182415604893339
-0.311264381619448, 0.0237124167630918, -0.196405542096699
-0.321327343209548, 0.0179897790577497, -0.210161271903951
-0.331633411559867, 0.0121288906098215, -0.223676700428514
-0.342179126453818, 0.00613171918652194, -0.236945217089791
-0.352961436610837, 1.59872225710273E-17, -0.249959643143984
-0.127166531727438, 0.0946267259640186, -2.42225147369307E-11
-0.13850116964865, 0.0897559937399921, -0.0136614675345067
-0.149831080518077, 0.0848872928295036, -0.0273275814943229
-0.161155407004057, 0.0800209916459931, -0.0409991766248702
-0.172473356882668, 0.075157430624736, -0.0546770227464455
-0.183784099002963, 0.0702969669287697, -0.0683619323455204
-0.195086115839666, 0.0654402526706109, -0.0820553823376625
-0.206377817886269, 0.0605879708946251, -0.095758906012683
-0.217657616588478, 0.055740804235992, -0.109474037968808
-0.228923917777259, 0.0508994377426618, -0.123202306190251
-0.240836154983237, 0.045780498962022, -0.135483895912544
-0.256968190607922, 0.0388482240801532, -0.138263181999967
-0.267260831571272, 0.0344252598567701, -0.152868593541824
-0.277855126066642, 0.0298726687684516, -0.167216212497864
-0.288743530535922, 0.0251936924407205, -0.18130057852132
-0.299919084079848, 0.0203913221183421, -0.195115927898171
-0.311375366550614, 0.0154683166738119, -0.208656138549065
-0.323106453839682, 0.0104272218211217, -0.221914671514782
-0.335106870365572, 0.00527039053275683, -0.234884509771603
-0.347371549605688, 1.39144190239683E-17, -0.247558106010975
-0.0959547244668369, 0.0772245007049287, -2.42278218156011E-11
-0.108661122832337, 0.0732328906845494, -0.0134768652205177
-0.121359282406996, 0.0692438688122141, -0.0269622591880579
-0.134048204066547, 0.0652577489545529, -0.0404572032349088
-0.146726886525049, 0.061274845657268, -0.0539627164792735
-0.159394326097946, 0.0572954742195667, -0.0674798156189447
-0.172049516468173, 0.053319950767637, -0.0810095146959374
-0.184691448456793, 0.0493485923267006, -0.0945528248570978
-0.197318926150077, 0.0453817745831704, -0.108110940478937
-0.209930141805979, 0.0414200654242679, -0.121685678161233
-0.223053147973788, 0.0372975815063112, -0.134092243215912
-0.239903863551796, 0.0320040684889351, -0.137865099304018
-0.251521322276115, 0.0283545398560817, -0.152380902811504
-0.263477403498841, 0.0245986357642753, -0.166591414144051
-0.275761687414494, 0.0207396295092819, -0.180490985755474
-0.288364362371904, 0.0167806033402167, -0.194073790439251
-0.301276184323736, 0.0127244611981426, -0.207333753833018
-0.31448843343987, 0.00857394234561686, -0.220264488536693
-0.32799286641524, 0.00433163634879021, -0.2328592280372
-0.341781662600539, 1.19464035125989E-17, -0.245110758964054
-0.0640782733493176, 0.0581260538321191, -2.46926283287737E-11
-0.0781612808381627, 0.0551177883669438, -0.0133156142325832
-0.0922351340315873, 0.0521114783470663, -0.0266413417265757
-0.106299049956784, 0.0491072910229874, -0.0399780410077534
-0.120352234529938, 0.0461053960186256, -0.0533265601665741
-0.134393897611345, 0.0431059621153998, -0.0666877511606759
-0.148423245243892, 0.0401091589101642, -0.0800624624678623
-0.162439464637035, 0.0371151600227739, -0.0934515583052288
-0.176441407974186, 0.0341242106378606, -0.106856261763712
-0.190427750729789, 0.0311365936867858, -0.120277985549738
-0.204855526649137, 0.028054682378293, -0.132658284663978
-0.222050683601361, 0.0243816319401238, -0.138167646200428
-0.235116529546205, 0.0215906419360136, -0.15252581970477
-0.248552519265213, 0.0187205856718132, -0.16652227558232
-0.262344453005164, 0.0157744963509956, -0.180151933925366
-0.276478804254618, 0.012755263366133, -0.19340973136122
-0.290942698045426, 0.00966563693390145, -0.206290539852803
-0.305723869681181, 0.00650823691108034, -0.218789076806842
-0.320810621576743, 0.00328556201404335, -0.230899823403853
-0.33619177559539, 1.00920576276246E-17, -0.242616946959073
-0.0229401771392002, 0.0343049889376439, -1.77376446544586E-07
-0.0405080370227866, 0.0341255510029769, -0.0110529139761918
-0.0573411017818264, 0.0331933511057108, -0.0231616884446973
-0.0734892012737753, 0.0316325546040118, -0.0361127396642412
-0.0892439486045372, 0.0297380850781044, -0.049499519030203
-0.104943700837571, 0.0278036943236971, -0.0629453721083121
-0.12063571118014, 0.0258702574595879, -0.0764004040598407
-0.136318486383686, 0.0239379584712412, -0.0898663551790789
-0.151990515442852, 0.0220069835319638, -0.103344991631875
-0.167649180855118, 0.0200776551482896, -0.116839401886042
-0.183290345128137, 0.0181504831070501, -0.130354391110001
-0.20127012544967, 0.0159351665654892, -0.137644143997817
-0.216142811562995, 0.01410267990686, -0.152011797745287
-0.231422562156536, 0.0122200382040438, -0.165939121119679
-0.247089548634718, 0.0102896845689684, -0.179422659084896
-0.263124855259226, 0.00831394963900772, -0.192459254412709
-0.279510469585573, 0.00629505275530561, -0.205045911303247
-0.29622925311577, 0.00423510557870623, -0.21717966270689
-0.313264900067489, 0.00213611716986919, -0.22885744627319
-0.330601888590241, 8.36057601210897E-18, -0.240075989601662
-0.00080675629587279, 0.00906903620839194, -1.0110083413048E-05
-0.0176652751977694, 0.0094377584782571, -0.0129219887224168
-0.0344588436717732, 0.00960648387226238, -0.0259223954322747
-0.0511903859450926, 0.00959436911694659, -0.0390036436528906
-0.0678636972327886, 0.00942186308239953, -0.0521579338787888
-0.0844833902597876, 0.00911056453875865, -0.0653773875083658
-0.10105482490746, 0.00868306834171587, -0.0786540745839297
-0.117584019378216, 0.00816280277895945, -0.0919800325534695
-0.134077545595847, 0.0075738605633129, -0.105347276683927
-0.150542413170904, 0.00694082549973061, -0.118747804296561
-0.167970738829658, 0.00624936871467661, -0.129722889966436
-0.184120745571407, 0.00560668828049284, -0.143309399164039
-0.200521152257128, 0.00495404332123961, -0.156786577796104
-0.21731057749604, 0.00428591758820336, -0.169775187843032
-0.234466016538174, 0.00360322654213606, -0.182275645564822
-0.251965724058135, 0.00290683552519719, -0.194288686684287
-0.269789143104927, 0.00219756259001469, -0.205815252206672
-0.287916819754348, 0.00147618189468321, -0.216856404705569
-0.306330282929039, 0.00074342848533498, -0.227413322061483
-0.325012001585092, 6.76148352796887E-18, -0.23748717983553
