-4.62487887053075, 0.408214185984839, -2.8480273694953E-11
-4.62487887053075, 0.40050748122187, -0.0330046540838078
-4.62487887053075, 0.392800776458901, -0.0660093081391352
-4.62487887053075, 0.385094071695932, -0.0990139621944627
-4.62487887053075, 0.377387366932963, -0.13201861624979
-4.62487887053075, 0.369680662169994, -0.165023270305118
-4.62487887053075, 0.361973957407025, -0.198027924360445
-4.62487887053075, 0.354267252644056, -0.231032578415773
-4.62487887053075, 0.346560547881087, -0.2640372324711
-4.62487887053075, 0.331561648522673, -0.287850777276293
-4.62487887053075, 0.297988936337, -0.290809572960366
-4.62487887053075, 0.264879054521778, -0.298050858329513
-4.62487887053075, 0.231769172706556, -0.305292143698661
-4.62487887053075, 0.198659290891334, -0.312533429067808
-4.62487887053075, 0.165549409076112, -0.319774714436955
-4.62487887053075, 0.132439527260889, -0.327015999806103
-4.62487887053075, 0.0993296454456672, -0.33425728517525
-4.62487887053075, 0.0662197636304449, -0.341498570544398
-4.62487887053075, 0.0331098818152227, -0.348739855913545
-4.62487887053075, 1.95215988938465E-16, -0.355981141282692
-4.53238129312014, 0.410028760693838, -1.42400985153108E-11
-4.53238129312014, 0.402304512774429, -0.0331000259410805
-4.53238129312014, 0.394580374153564, -0.066200077374606
-4.53238129312014, 0.38685634814825, -0.0993001550873202
-4.53238129312014, 0.379132438076134, -0.132400259849004
-4.53238129312014, 0.371408647252531, -0.165500392439421
-4.53238129312014, 0.363684978994249, -0.198600553631938
-4.53238129312014, 0.355961436618095, -0.231700744199921
-4.53238129312014, 0.348238023440878, -0.26480096491674
-4.53238129312014, 0.332447906130013, -0.287735481364186
-4.53238129312014, 0.298796021409036, -0.29084811915029
-4.53238129312014, 0.265596434998617, -0.298132567277742
-4.53238129312014, 0.23239685570893, -0.305417047859541
-4.53238129312014, 0.199197283539359, -0.31270156089182
-4.53238129312014, 0.165997718489157, -0.319986106370743
-4.53238129312014, 0.132798160557402, -0.327270684292511
-4.53238129312014, 0.0995986097433512, -0.334555294653285
-4.53238129312014, 0.0663990660462625, -0.341839937449228
-4.53238129312014, 0.0331995294653931, -0.349124612676501
-4.53238129312014, 2.36286883737496E-16, -0.356409320331266
-4.43988371570953, 0.411843329279435, -1.42401567449438E-11
-4.43988371570953, 0.404107566696681, -0.0331993443034444
-4.43988371570953, 0.396372148562352, -0.066398768857093
-4.43988371570953, 0.388637083907532, -0.0995982757918514
-4.43988371570953, 0.380902381765764, -0.13279786721386
-4.43988371570952, 0.373168051180698, -0.165997545185859
-4.43988371570952, 0.365434101189423, -0.199197311798755
-4.43988371570952, 0.357700540829028, -0.232397169143454
-4.43988371570952, 0.349967379136601, -0.265597119310861
-4.43988371570952, 0.333337215620441, -0.287589321652625
-4.43988371570952, 0.299607877143588, -0.290889352229505
-4.43988371570952, 0.266318127591, -0.29822631748263
-4.43988371570952, 0.233028374355194, -0.305563266024261
-4.43988371570952, 0.199738617453175, -0.312900197931262
-4.43988371570952, 0.166448856901906, -0.320237113280506
-4.43988371570952, 0.133159092718309, -0.327574012148876
-4.43988371570952, 0.099869324919352, -0.334910894613244
-4.43988371570952, 0.0665795535220033, -0.342247760750484
-4.43988371570952, 0.0332897785432302, -0.349584610637467
-4.43988371570952, 1.80497750951686E-16, -0.356921444351066
-4.34738613829891, 0.413657970472513, -1.42401850861125E-11
-4.34738613829891, 0.405913536121204, -0.0332999057103037
-4.34738613829891, 0.398169663320163, -0.0665999420208195
-4.34738613829891, 0.390426362518277, -0.0999001113445395
-4.34738613829891, 0.382683644176079, -0.133200416030125
-4.34738613829891, 0.374941518712398, -0.1665008586056
-4.34738613829891, 0.367199996573509, -0.199801441480956
-4.34738613829891, 0.359459088205689, -0.233102167066182
-4.34738613829891, 0.351718804055215, -0.266403037771269
-4.34738613829891, 0.334208525733847, -0.287402251052652
-4.34738613829891, 0.300404883212776, -0.290917002580668
-4.34738613829891, 0.267026759846505, -0.298317061001516
-4.34738613829891, 0.233648586177745, -0.305716892576006
-4.34738613829891, 0.200270362665299, -0.313116499317996
-4.34738613829891, 0.166892089759177, -0.320515883243291
-4.34738613829891, 0.133513767902744, -0.327915046369173
-4.34738613829891, 0.100135397547304, -0.335313990711161
-4.34738613829891, 0.0667569791441627, -0.342712718284774
-4.34738613829891, 0.0333785131446266, -0.350111231105533
-4.34738613829891, 2.35577706068445E-16, -0.357509531188956
-4.25488856088829, 0.41548278583636, -1.42401352608021E-11
-4.25488856088829, 0.407729093895221, -0.0333990547084852
-4.25488856088829, 0.399975804811084, -0.066798202923465
-4.25488856088829, 0.39222290229496, -0.100197440872759
-4.25488856088829, 0.38447036108421, -0.133596762702684
-4.25488856088829, 0.376718154092758, -0.166996162132793
-4.25488856088829, 0.368966254244659, -0.200395632838987
-4.2548885608883, 0.36121463445792, -0.233795168523231
-4.25488856088829, 0.353463267650545, -0.267194762887489
-4.25488856088829, 0.335041831227119, -0.287164286679833
-4.25488856088829, 0.301168806445244, -0.290918668503272
-4.25488856088829, 0.267706201668475, -0.298393337064624
-4.25488856088829, 0.234243443180882, -0.305867317896591
-4.25488856088829, 0.200780533074303, -0.313340619836563
-4.25488856088829, 0.167317473348374, -0.320813251742527
-4.25488856088829, 0.133854265951737, -0.328285222483853
-4.25488856088829, 0.100390912901488, -0.335756540914622
-4.25488856088829, 0.0669274162147189, -0.343227215888918
-4.25488856088829, 0.0334637779085251, -0.350697256260821
-4.25488856088829, 2.35016082927186E-16, -0.358166670884414
-4.16239098347766, 0.417377159794492, -1.42401518675301E-11
-4.16239098347767, 0.40960358730142, -0.0334931887954378
-4.16239098347767, 0.401829611741931, -0.0669862840424794
-4.16239098347767, 0.394055170483278, -0.100479271243684
-4.16239098347768, 0.386280200900997, -0.13397213585168
-4.16239098347768, 0.378504640386439, -0.167464863250966
-4.16239098347768, 0.370728426320222, -0.200957438872274
-4.16239098347768, 0.362951496082967, -0.234449848146334
-4.16239098347768, 0.355173787055293, -0.267942076503878
-4.16239098347768, 0.335822429516107, -0.286865371951479
-4.16239098347768, 0.301886118366831, -0.290881216539517
-4.16239098347768, 0.268344515519778, -0.298443159540828
-4.16239098347768, 0.234802574301466, -0.30600360356911
-4.16239098347768, 0.20126030086031, -0.313562573343122
-4.16239098347768, 0.167717700860221, -0.321120093690843
-4.16239098347768, 0.1341747797737, -0.328676189483349
-4.16239098347768, 0.10063154337258, -0.336230885524249
-4.16239098347768, 0.0670879974286996, -0.343784206617151
-4.16239098347768, 0.0335441477138943, -0.351336177565666
-4.16239098347768, 1.78833293714977E-16, -0.358886823173402
-4.06989340606706, 0.41931822851246, -1.42402802366236E-11
-4.06989340606706, 0.411511543201968, -0.0335794478419545
-4.06989340606706, 0.403703268395472, -0.0671585262865624
-4.06989340606706, 0.395893292637912, -0.100737209660141
-4.06989340606706, 0.388081504564398, -0.134315471886695
-4.06989340606706, 0.380267792936409, -0.167893286347067
-4.06989340606706, 0.372452046428283, -0.201470626796798
-4.06989340606706, 0.364634153714358, -0.235047466991432
-4.06989340606706, 0.356814003468973, -0.268623780686508
-4.06989340606706, 0.336525694263374, -0.286495319190483
-4.06989340606706, 0.30253461449711, -0.290793621116384
-4.06989340606706, 0.26892206429088, -0.2984565226032
-4.06989340606706, 0.235308881214793, -0.306116654550077
-4.06989340606706, 0.201695079818117, -0.313774071790857
-4.06989340606707, 0.168080672807013, -0.321428829579475
-4.06989340606706, 0.134465672391447, -0.329080983282639
-4.06989340606706, 0.100850091737191, -0.336730588049282
-4.06989340606706, 0.067233944010017, -0.344377699028331
-4.06989340606706, 0.0336172423756962, -0.352022371368719
-4.06989340606706, 2.33581312445789E-16, -0.359664660219374
-3.97739582865645, 0.421266340289549, -1.42403162256698E-11
-3.97739582865645, 0.41341357101947, -0.0336554428189966
-3.97739582865645, 0.405557650478944, -0.067310150882883
-3.97739582865645, 0.397698406646865, -0.100964084773439
-3.97739582865645, 0.38983566783591, -0.134617203626474
-3.97739582865645, 0.381969262716631, -0.168269465046208
-3.97739582865645, 0.374099019708656, -0.201920827711576
-3.97739582865645, 0.366224767231614, -0.235571250301513
-3.97739582865645, 0.358346333705133, -0.269220691494955
-3.97739582865645, 0.337124846595496, -0.286043862992676
-3.97739582865645, 0.303090243696754, -0.290645334350895
-3.97739582865645, 0.269417584327976, -0.298423938002075
-3.97739582865645, 0.235743854213778, -0.306197924056302
-3.97739582865645, 0.202069083492701, -0.313967397763357
-3.97739582865645, 0.168393296757036, -0.321732465653699
-3.97739582865645, 0.134716517650047, -0.329493234475533
-3.97739582865645, 0.10103877229629, -0.337249810404406
-3.97739582865645, 0.0673600868203244, -0.345002299615863
-3.97739582865645, 0.0336804873467085, -0.352750808285448
-3.97739582865645, 1.49476974603711E-16, -0.360495442588707
-3.88489825124582, 0.423181167985457, -1.4240218281553E-11
-3.88489825124583, 0.41526965042642, -0.03371879547864
-3.88489825124583, 0.407353059563077, -0.0674364019278615
-3.88489825124583, 0.399431152480037, -0.101152764082292
-3.88489825124583, 0.391503688823332, -0.134867815759408
-3.88489825124583, 0.383570425323324, -0.168581503181745
-3.88489825124583, 0.375631118238335, -0.202293774556145
-3.88489825124583, 0.367685528001814, -0.236004560355198
-3.88489825124583, 0.359733412792107, -0.269713800638674
-3.88489825124583, 0.337592816659675, -0.285500357655174
-3.88489825124583, 0.303528740507892, -0.290425781516781
-3.88489825124583, 0.269809639851625, -0.298335977263457
-3.88489825124583, 0.236088847528143, -0.306239002157308
-3.88489825124583, 0.202366420601832, -0.314135039019671
-3.88489825124583, 0.16864240193852, -0.322024274000243
-3.88489825124583, 0.134916833133999, -0.329906893541572
-3.88489825124583, 0.101189761363079, -0.337783082779288
-3.88489825124583, 0.0674612338005663, -0.345653026849022
-3.88489825124583, 0.0337312976212708, -0.353516910886401
-3.88489825124583, 1.76336289600617E-16, -0.361374920027057
-3.79240067383517, 0.425021748465475, -1.42401419682312E-11
-3.79240067383518, 0.417039300399572, -0.0337671920017164
-3.7924006738352, 0.409049509466175, -0.067532650925947
-3.79240067383521, 0.40105205054723, -0.101296303405024
-3.79240067383521, 0.393046603816944, -0.135058053710593
-3.79240067383522, 0.385032843404644, -0.168817831621989
-3.79240067383522, 0.377010445538726, -0.202575558034771
-3.79240067383522, 0.368979086502577, -0.236331153594621
-3.79240067383522, 0.360938442730795, -0.270084538293626
-3.79240067383522, 0.337902393607754, -0.284853834376936
-3.79240067383522, 0.30382575232074, -0.290124176667752
-3.79240067383522, 0.27007672825452, -0.298183105340057
-3.79240067383522, 0.23632518288358, -0.306231461349225
-3.79240067383522, 0.202571189578353, -0.314269546472315
-3.79240067383522, 0.168814820304433, -0.322297662811335
-3.79240067383522, 0.135056155401067, -0.330316110470579
-3.79240067383522, 0.101295267072274, -0.338325191483452
-3.79240067383522, 0.0675322295135831, -0.34632520740298
-3.79240067383522, 0.0337671166757783, -0.35431645983415
-3.79240067383522, 1.47640710686087E-16, -0.362299250969256
-3.6899030964246, 0.426925000457689, -1.42402301876877E-11
-3.6899030964246, 0.418850346064434, -0.0338005977239871
-3.6899030964246, 0.410765438101054, -0.0675987512716379
-3.6899030964246, 0.402669852895946, -0.101394354496795
-3.6899030964246, 0.394563169194392, -0.13518729113307
-3.6899030964246, 0.386444961822721, -0.1689774612325
-3.6899030964246, 0.378314807071507, -0.202764758684423
-3.6899030964246, 0.370172281328693, -0.236549076925061
-3.6899030964246, 0.36201695957048, -0.270330315183099
-3.6899030964246, 0.338027274020267, -0.284003389998264
-3.6899030964246, 0.303959983581706, -0.289680605328789
-3.6899030964246, 0.270200629340379, -0.297926020886421
-3.6899030964246, 0.23643749246861, -0.306155927418259
-3.6899030964246, 0.202670688238684, -0.314370810978573
-3.6899030964246, 0.168900353583644, -0.322571152328636
-3.6899030964246, 0.135126611593293, -0.330757435584564
-3.68990309642461, 0.101349582493237, -0.338930145533761
-3.68990309642461, 0.0675693890035696, -0.347089766337541
-3.6899030964246, 0.0337861532758313, -0.355236782276168
-3.6899030964246, 1.74320747301547E-16, -0.36337167700204
-3.46865915289792, 0.430285199452416, -1.42401583338794E-11
-3.46865915289799, 0.42196701415304, -0.0337865721874668
-3.46865915289803, 0.413631015972341, -0.0675687626829963
-3.46865915289806, 0.405276569954819, -0.101346391252229
-3.46865915289806, 0.396903037257024, -0.135119293230263
-3.46865915289807, 0.388509780287235, -0.168887298675846
-3.46865915289807, 0.380096099291408, -0.202650220807965
-3.46865915289807, 0.371661193128156, -0.236407846954611
-3.46865915289807, 0.363204271856417, -0.270159964359207
-3.46865915289806, 0.337340811370465, -0.281611391764815
-3.46865915289806, 0.303395804750164, -0.288255623193121
-3.46865915289806, 0.269714722351053, -0.296991159147471
-3.46865915289806, 0.236025500228635, -0.305695251244064
-3.46865915289806, 0.202328463955408, -0.314369042749057
-3.46865915289806, 0.168623935960771, -0.323013677574005
-3.46865915289807, 0.134912235646735, -0.331630300245265
-3.46865915289807, 0.101193679508526, -0.340220055874406
-3.46865915289806, 0.0674685812534053, -0.348784090131283
-3.46865915289807, 0.0337372519203061, -0.357323549218996
-3.46865915289807, 1.44207430074546E-16, -0.365839579850712
-3.23741520937153, 0.432202571507734, -1.42401255483737E-11
-3.23741520937153, 0.423570628374633, -0.033616386329602
-3.23741520937153, 0.414910395563565, -0.0672254957093236
-3.23741520937153, 0.40622078063387, -0.100827020262284
-3.23741520937153, 0.397500691685649, -0.134420649162514
-3.23741520937153, 0.388749037380897, -0.16800606853937
-3.23741520937153, 0.379964726966995, -0.201582961367015
-3.23741520937153, 0.371146670302171, -0.235151007355075
-3.23741520937153, 0.362293777883221, -0.268709882839596
-3.23741520937153, 0.334843212413517, -0.278135384202942
-3.23741520937153, 0.301217321776166, -0.285922847105883
-3.23741520937153, 0.267807141864688, -0.295321330923233
-3.23741520937153, 0.234380586550044, -0.304661408296151
-3.23741520937153, 0.200938433422319, -0.313945484156633
-3.23741520937153, 0.167481447596201, -0.323175965878573
-3.23741520937153, 0.134010382215363, -0.332355263126826
-3.23741520937153, 0.10052597901297, -0.341485787709865
-3.23741520937153, 0.0670289688496297, -0.350569953457011
-3.23741520937153, 0.0335200722593149, -0.359610176110832
-3.23741520937153, 1.69608696922706E-16, -0.368608873234766
-3.00617126584499, 0.431827324317143, -1.4240124445165E-11
-3.00617126584499, 0.422825482081778, -0.0332545231734792
-3.00617126584499, 0.413784492366184, -0.0664984244461857
-3.00617126584499, 0.404703320207926, -0.099731371523895
-3.00617126584499, 0.395580888972251, -0.132953016566745
-3.00617126584499, 0.386416096870003, -0.166163000430799
-3.00617126584499, 0.377207842379356, -0.199360959450373
-3.00617126584499, 0.367955024595333, -0.232546525408393
-3.00617126584499, 0.358656543254389, -0.265719325417788
-3.00617126584499, 0.330054318770008, -0.273440344617051
-3.00617126584499, 0.296992785308313, -0.282484894920911
-3.00617126584499, 0.264100363509957, -0.292731077133651
-3.00617126584499, 0.231177348958618, -0.30287853071885
-3.00617126584499, 0.198225618755793, -0.312932341854155
-3.00617126584499, 0.165246893736583, -0.322897247689659
-3.00617126584499, 0.1322427562286, -0.332777677807428
-3.00617126584499, 0.0992146786338512, -0.342577787118492
-3.00617126584499, 0.0661640256370635, -0.352301492293751
-3.00617126584499, 0.0330920599124685, -0.361952503442846
-3.00617126584499, 1.39821232363976E-16, -0.371534337833255
-2.77492732231869, 0.428413979087651, -1.42401447221294E-11
-2.7749273223186, 0.419036286189199, -0.0327016523464175
-2.77492732231854, 0.409613092715471, -0.0653902223140763
-2.7749273223185, 0.400143491636215, -0.0980653784641913
-2.77492732231847, 0.390626576277323, -0.130726785172743
-2.77492732231846, 0.38106144033408, -0.163374102558132
-2.77492732231845, 0.371447177887229, -0.196006986393699
-2.77492732231845, 0.361782883421195, -0.228625088021822
-2.77492732231845, 0.352067636530461, -0.261228053049921
-2.77492732231845, 0.322717056721765, -0.267497506885335
-2.77492732231845, 0.290495282731116, -0.277897813769479
-2.77492732231845, 0.25839696406307, -0.289168799681416
-2.77492732231845, 0.226246860276062, -0.30029121839275
-2.77492732231845, 0.194048387653622, -0.311272845485337
-2.77492732231845, 0.161804672883969, -0.322120910950645
-2.77492732231845, 0.129518568383863, -0.332842170945908
-2.77492732231845, 0.0971927054015387, -0.34344295782174
-2.77492732231845, 0.0648295091243313, -0.353929235689527
-2.77492732231845, 0.0324312407394263, -0.364306641269578
-2.77492732231845, 1.66101337215778E-16, -0.374580532942975
-2.54368337879199, 0.421537582097943, -1.42400785547957E-11
-2.54368337879191, 0.411835434023152, -0.0319826957141708
-2.54368337879191, 0.402085394460687, -0.0639508239657336
-2.54368337879191, 0.392286688956172, -0.0959040688440127
-2.54368337879191, 0.382438484535693, -0.12784209241788
-2.54368337879192, 0.372539948460763, -0.159764552470859
-2.54368337879192, 0.362590248239829, -0.191671102422193
-2.54368337879192, 0.352588551642679, -0.223561391246417
-2.54368337879192, 0.342534026716717, -0.255435063394961
-2.54368337879191, 0.312785172024122, -0.260450414332313
-2.54368337879192, 0.281697078548687, -0.272321644346436
-2.54368337879192, 0.250677324864669, -0.284763318876739
-2.54368337879191, 0.219575869656093, -0.296999343488548
-2.54368337879192, 0.188398418818467, -0.309040435733033
-2.54368337879192, 0.157150167879168, -0.320896588780238
-2.54368337879191, 0.125835851173798, -0.332577160710126
-2.54368337879192, 0.094459821567541, -0.344090940303542
-2.54368337879192, 0.0630260861885094, -0.355446219799184
-2.54368337879192, 0.0315383320803486, -0.366650862954866
-2.54368337879191, 1.65459183506621E-16, -0.377712349698877
-2.31243943526795, 0.411133054833883, -1.42401488382419E-11
-2.31243943526665, 0.401182949860911, -0.0311242531444174
-2.31243943526588, 0.391184165314454, -0.0622329017914701
-2.31243943526551, 0.381135738295733, -0.0933255507377068
-2.31243943526539, 0.371036706413228, -0.124401799704921
-2.31243943526538, 0.360886106878842, -0.155461241750962
-2.31243943526538, 0.350682877632942, -0.18650343659567
-2.31243943526538, 0.340425812507867, -0.217527883025393
-2.31243943526538, 0.330113695289175, -0.248534074133071
-2.31243943526538, 0.300260301301831, -0.252451708460958
-2.31243943526538, 0.270612834169325, -0.265905797578568
-2.31243943526538, 0.24095984733841, -0.279632296138704
-2.31243943526538, 0.211185126675383, -0.293092726047365
-2.31243943526538, 0.18129739790563, -0.306300355770552
-2.31243943526538, 0.151304613228174, -0.319267674283741
-2.31243943526538, 0.12121404623764, -0.332006471238812
-2.31243943526538, 0.0910323730273306, -0.34452791208272
-2.31243943526538, 0.0607657521812016, -0.356842604629144
-2.31243943526538, 0.0304198663883712, -0.368960673888725
-2.31243943526538, 1.66003173380033E-16, -0.38089181623797
-2.08119549173886, 0.397270147162307, -1.42400892801122E-11
-2.08119549173885, 0.387141123794491, -0.0301448325225228
-2.08119549173885, 0.376961702771718, -0.0602726838183507
-2.08119549173884, 0.366731342796296, -0.090383276065777
-2.08119549173884, 0.35644950234802, -0.12047632812505
-2.08119549173884, 0.346115639688062, -0.150551555510736
-2.08119549173884, 0.335729212866288, -0.180608670343374
-2.08119549173884, 0.325289679728171, -0.210647381305927
-2.08119549173884, 0.314796516307569, -0.240667400340126
-2.08119549173884, 0.285126618090333, -0.243673082674574
-2.08119549173884, 0.257240322000794, -0.258807571592451
-2.08119549173884, 0.22924471584736, -0.273892085865798
-2.08119549173884, 0.201077398468251, -0.288653518594885
-2.08119549173884, 0.172750375536016, -0.303106142213994
-2.08119549173884, 0.144274713170778, -0.317263694290653
-2.08119549173884, 0.115660642716308, -0.331139409210428
-2.08119549173884, 0.0869176370011572, -0.344746061807993
-2.08119549173884, 0.0580544952703955, -0.358096004456157
-2.08119549173884, 0.0290794022542844, -0.37120121460644
-2.08119549173884, 1.40463649308705E-16, -0.384073334929948
-1.8499515482123, 0.379935717220981, -1.42399941306109E-11
-1.8499515482123, 0.369698187285413, -0.0290731800065484
-1.8499515482123, 0.359413845845623, -0.0581298320632157
-1.8499515482123, 0.349082301682051, -0.0871697339067938
-1.8499515482123, 0.338703207026493, -0.116192672973412
-1.8499515482123, 0.328275949960887, -0.145198344875623
-1.8499515482123, 0.31779962484268, -0.174186330244779
-1.8499515482123, 0.307273322589764, -0.203156204869712
-1.8499515482123, 0.296696134728795, -0.232107539256767
-1.8499515482123, 0.267427662581965, -0.234332750435922
-1.8499515482123, 0.241611588518843, -0.251169474402657
-1.8499515482123, 0.215554457768576, -0.267633576152178
-1.8499515482123, 0.189269555331131, -0.283731587062351
-1.8499515482123, 0.162771015100297, -0.299475500205154
-1.8499515482123, 0.136072277202282, -0.314877506183841
-1.8499515482123, 0.109186097452377, -0.329949958007134
-1.8499515482123, 0.0821245837775657, -0.344705329022462
-1.8499515482123, 0.0548992220847822, -0.3591561853909
-1.8499515482123, 0.0275209119700473, -0.373315160591846
-1.8499515482123, 1.72839040567888E-16, -0.387194938177645
-1.61870760468632, 0.359274561763371, -1.42401060062939E-11
-1.61870760468588, 0.349009771728534, -0.0279371864449867
-1.61870760468577, 0.338698062421369, -0.0558570886100864
-1.61870760468576, 0.328337798765042, -0.0837590097983587
-1.61870760468576, 0.31792664193134, -0.111641980492789
-1.61870760468576, 0.307461717090523, -0.139504815229729
-1.61870760468576, 0.296940139834744, -0.167346300655026
-1.61870760468576, 0.28635859221787, -0.195165058102905
-1.61870760468576, 0.275712955787121, -0.222959347221113
-1.61870760468576, 0.247181755419793, -0.224849234172793
-1.61870760468576, 0.223637822713316, -0.24305679943251
-1.61870760468576, 0.199798117020971, -0.260875369647202
-1.61870760468576, 0.175675278717201, -0.278308746673944
-1.61870760468576, 0.151282326185726, -0.295362153918649
-1.61870760468576, 0.12663253237811, -0.312042188817336
-1.61870760468576, 0.101739318301724, -0.32835674847136
-1.61870760468576, 0.0766161473293356, -0.344314944428597
-1.61870760468576, 0.0512764040679834, -0.359927019587572
-1.61870760468576, 0.0257333502663162, -0.37520421359609
-1.61870760468576, 2.64366229329463E-16, -0.390158678899579
-1.37746366116335, 0.334165450755548, -1.42400967639631E-11
-1.37746366115932, 0.323875636621519, -0.0266250354560941
-1.37746366115923, 0.31352059467395, -0.0532247692391143
-1.37746366115923, 0.303095388308729, -0.0797970805738365
-1.37746366115923, 0.292594586443672, -0.106339607531159
-1.37746366115923, 0.28201272857602, -0.132849921985052
-1.37746366115923, 0.27134356307195, -0.159325217568191
-1.37746366115923, 0.260579991184054, -0.18576227027718
-1.37746366115923, 0.24971496640685, -0.212157790918798
-1.37746366115923, 0.222490803218489, -0.21413323204968
-1.37746366115923, 0.201601929953911, -0.233581415463839
-1.37746366115923, 0.180393337089808, -0.252685071333167
-1.37746366115923, 0.158867420217404, -0.271430446503142
-1.37746366115923, 0.13703097363722, -0.289813149542477
-1.37746366115923, 0.114891921888747, -0.307830276824861
-1.37746366115923, 0.0924592238310694, -0.325480459811133
-1.37746366115923, 0.069742743580549, -0.342763895370089
-1.37746366115923, 0.0467531242410835, -0.359682332837783
-1.37746366115923, 0.0235016287670117, -0.376239049691618
-1.37746366115923, 2.50109946073239E-16, -0.392438781912004
-1.29496608375068, 0.324556405382987, -1.42400796718634E-11
-1.29496608374861, 0.314235809272482, -0.026112004885593
-1.29496608374861, 0.303838781718965, -0.052193672612327
-1.29496608374861, 0.293359435710753, -0.0782423713145678
-1.29496608374861, 0.282791515761884, -0.10425525956975
-1.29496608374861, 0.272128923211955, -0.130229483616121
-1.29496608374861, 0.261370143069948, -0.156164013952133
-1.29496608374861, 0.250519961690518, -0.182060439907627
-1.29496608374861, 0.239588022489502, -0.207922463701001
-1.29496608374861, 0.21314997959424, -0.210399864136055
-1.29496608374861, 0.193109173538423, -0.229885745459584
-1.29496608374861, 0.172875551700667, -0.249351993341787
-1.29496608374861, 0.152322704160127, -0.268480888154757
-1.29496608374861, 0.131454673364815, -0.287265437530376
-1.29496608374861, 0.110276741913859, -0.305699889870298
-1.29496608374861, 0.0887953615086783, -0.323779829374209
-1.29496608374861, 0.0670180699932703, -0.341502237708983
-1.29496608374861, 0.0449533813595589, -0.35886553605741
-1.29496608374861, 0.0226106631353196, -0.375869596991245
-1.29496608374861, 2.55063199594242E-16, -0.39251573080793
-1.20246850633803, 0.312962783785916, -1.42401917526583E-11
-1.202468506338, 0.302583602951235, -0.0254831451868001
-1.202468506338, 0.292114586650518, -0.0509295108324312
-1.202468506338, 0.281554490673892, -0.0763382225529843
-1.202468506338, 0.270909940374302, -0.101711668612682
-1.202468506338, 0.260189820335681, -0.127053281175047
-1.202468506338, 0.249400901740603, -0.152365682613288
-1.202468506338, 0.238547600130518, -0.177650545507807
-1.202468506338, 0.227631279200368, -0.202908264791845
-1.202468506338, 0.202218218740421, -0.206112585389815
-1.202468506338, 0.182997316921515, -0.225227649313979
-1.202468506338, 0.163895562318039, -0.245032343344767
-1.202468506338, 0.144479525903963, -0.264529013266715
-1.202468506338, 0.124750258752398, -0.283708642271477
-1.202468506338, 0.104709989773775, -0.302563066988753
-1.202468506338, 0.0843621059499583, -0.321085083354311
-1.202468506338, 0.063711110278514, -0.339268540302804
-1.202468506338, 0.042762578600894, -0.357108401084437
-1.202468506338, 0.021523060908276, -0.374600818974253
-1.202468506338, 2.59959568327331E-16, -0.391743163293561
-1.1099709289282, 0.300305339629857, -1.42399656298237E-11
-1.10997092892738, 0.289875667191649, -0.024793450578472
-1.10997092892738, 0.279378247179093, -0.049558298668734
-1.10997092892738, 0.268817787914224, -0.0742963299154632
-1.10997092892738, 0.258197585353519, -0.0990087721145765
-1.10997092892738, 0.247518226177245, -0.123695707811194
-1.10997092892738, 0.236779613460554, -0.148356926082047
-1.10997092892738, 0.225978742198993, -0.1729909395622
-1.10997092892738, 0.21511165273828, -0.197595812326016
-1.10997092892738, 0.190885489780882, -0.201703693701245
-1.10997092892738, 0.172242629726638, -0.219819118912161
-1.10997092892738, 0.154311403302176, -0.239867844754113
-1.10997092892738, 0.136078486545651, -0.259642590646676
-1.10997092892738, 0.117542460442761, -0.279133477514466
-1.10997092892738, 0.098702831228067, -0.298331052260345
-1.10997092892738, 0.0795600595341632, -0.31722636063564
-1.10997092892738, 0.0601155700032289, -0.335811025941655
-1.10997092892738, 0.0403717206123752, -0.354077348406644
-1.10997092892738, 0.0203318081152301, -0.372018350278177
-1.10997092892738, 2.63227864668119E-16, -0.389627868799249
-1.01747335152191, 0.286626553958706, -1.42402332193098E-11
-1.01747335151692, 0.276261883833062, -0.0240628272122774
-1.01747335151677, 0.265842447491862, -0.0481019908644365
-1.01747335151677, 0.25536709963389, -0.0721168424684605
-1.01747335151677, 0.244832551994124, -0.096105783159829
-1.01747335151677, 0.234235206063889, -0.120067047232067
-1.01747335151677, 0.223569721981651, -0.143998058078911
-1.01747335151677, 0.2128298452598, -0.16789577302186
-1.01747335151677, 0.202009046511274, -0.191756953615317
-1.01747335151677, 0.179281670902701, -0.197157804050893
-1.01747335151677, 0.160834242252771, -0.213395440101892
-1.01747335151677, 0.144111441541884, -0.233564307512465
-1.01747335151677, 0.127106537063453, -0.253495890688195
-1.01747335151677, 0.10981659691063, -0.273180710713411
-1.01747335151677, 0.09223924009177, -0.292609304513981
-1.01747335151677, 0.0743726712155639, -0.311772262494171
-1.01747335151677, 0.0562157013904691, -0.330660280472145
-1.01747335151677, 0.0377677693574366, -0.349264208573717
-1.01747335151677, 0.019028957012578, -0.367575102568077
-1.01747335151677, 2.63545378292272E-16, -0.385584275681209
-0.924975774109674, 0.272149122739712, -1.42399524799562E-11
-0.924975774106151, 0.261915760557915, -0.0232377590910523
-0.924975774106151, 0.25162243162348, -0.0464490164450275
-0.924975774106151, 0.241263730864673, -0.0696311719410517
-0.924975774106151, 0.23083406375858, -0.0927814845969099
-0.924975774106151, 0.220327140683648, -0.115896834304323
-0.924975774106151, 0.209736100742144, -0.138973761717872
-0.924975774106151, 0.199053934943788, -0.162008646215953
-0.924975774106151, 0.188273700930764, -0.184997795597107
-0.924975774106151, 0.167609971460485, -0.192460071724861
-0.924975774106151, 0.148787403222678, -0.205623054015055
-0.924975774106151, 0.133311602070458, -0.225752792966981
-0.924975774106151, 0.117578911188824, -0.245682391222017
-0.924975774106151, 0.101586128240351, -0.265403874616235
-0.924975774106151, 0.0853299689499931, -0.284908818848249
-0.924975774106151, 0.068807364500112, -0.304188565881317
-0.924975774106151, 0.0520154850357754, -0.323234232415467
-0.924975774106151, 0.0349517640011053, -0.342036720897899
-0.924975774106151, 0.0176139234832967, -0.360586732876809
-0.924975774106151, 2.59159490895081E-16, -0.378874785298968
-0.832478196699197, 0.256820678648693, -1.4240100064406E-11
-0.832478196696416, 0.246751858786309, -0.0222526419282414
-0.832478196695589, 0.236609039259688, -0.0444716501169402
-0.832478196695535, 0.226386082260286, -0.0666538989002505
-0.832478196695536, 0.216076479169651, -0.0887960088481108
-0.832478196695536, 0.205673834601947, -0.110894553979872
-0.832478196695536, 0.195172069428294, -0.132946165562211
-0.832478196695536, 0.184565417167736, -0.154947516610368
-0.832478196695536, 0.17384846168966, -0.176895346519149
-0.832478196695536, 0.156079521912933, -0.187598248394311
-0.832478196695535, 0.136108994492922, -0.196156457351351
-0.832478196695536, 0.121929838960969, -0.216043797082816
-0.832478196695535, 0.107518570008091, -0.235763597882348
-0.832478196695536, 0.0928747647432606, -0.255311325336512
-0.832478196695536, 0.077997079606088, -0.274681634810008
-0.832478196695535, 0.0628832786941099, -0.293868274293767
-0.832478196695535, 0.0475302322214002, -0.312864000867539
-0.832478196695536, 0.0319342712056696, -0.331660790161149
-0.832478196695536, 0.0160919560776391, -0.350250408582669
-0.832478196695536, 1.64611852640911E-16, -0.368624340249252
-0.739980619284921, 0.24037985336841, -1.42399880829748E-11
-0.73998061928492, 0.230513204012002, -0.0210450990897768
-0.739980619284921, 0.22055903466336, -0.0420489401251479
-0.73998061928492, 0.210511897298225, -0.0630084655637395
-0.739980619284921, 0.200366490399821, -0.0839205991590607
-0.739980619284921, 0.190117668919532, -0.104782245919672
-0.739980619284921, 0.179760852831657, -0.125590484503531
-0.739980619284921, 0.169292457948909, -0.146342810955947
-0.739980619284921, 0.158709196527033, -0.16703679186445
-0.739980619284921, 0.144910236259862, -0.182560696321198
-0.73998061928492, 0.122797139792233, -0.184646133680146
-0.73998061928492, 0.109988801769842, -0.204041722164458
-0.739980619284921, 0.096969481631411, -0.223296322694976
-0.739980619284921, 0.0837411451290253, -0.242407926306566
-0.739980619284921, 0.0703050032571512, -0.26137401108121
-0.739980619284921, 0.0566615455740004, -0.280191512069671
-0.739980619284921, 0.0428105606180363, -0.298856786812948
-0.73998061928492, 0.0287511523623834, -0.31736556453958
-0.739980619284921, 0.0144817262651198, -0.33571291342142
-0.739980619284921, 2.27266376558837E-16, -0.353893151910671
-0.647483041874305, 0.222447650890183, -1.42401928419343E-11
-0.647483041874306, 0.212853797913434, -0.0195685271723101
-0.647483041874306, 0.203165003739429, -0.039090228242571
-0.647483041874306, 0.193377591841999, -0.0585626666274872
-0.647483041874306, 0.183487969296509, -0.0779833919319041
-0.647483041874306, 0.173492889048438, -0.0973500516713975
-0.647483041874306, 0.163389933620921, -0.116660654225006
-0.647483041874306, 0.153176813833022, -0.13591321775813
-0.647483041874305, 0.1428521823236, -0.155106210963813
-0.647483041874306, 0.132416067126169, -0.174238813972603
-0.647483041874306, 0.112457351010659, -0.177341473725515
-0.647483041874306, 0.0974370935693221, -0.18943133753896
-0.647483041874306, 0.0858998852066354, -0.207920766989571
-0.647483041874306, 0.0741747190269263, -0.226291579259936
-0.647483041874305, 0.0622644913475122, -0.244542957238824
-0.647483041874306, 0.0501715265641357, -0.262673775692886
-0.647483041874305, 0.0378976012258409, -0.280682586664379
-0.647483041874306, 0.0254439679283895, -0.298567592091656
-0.647483041874306, 0.0128113615507868, -0.316326629396272
-0.647483041874306, 1.1500995217738E-16, -0.333957150789188
-0.554985464464217, 0.20259862878201, -1.42400093486048E-11
-0.554985464463849, 0.19339997020597, -0.0177902314252519
-0.554985464463711, 0.184108123043375, -0.0355319669801236
-0.55498546446369, 0.174720846076232, -0.0532233938333767
-0.55498546446369, 0.165235940043171, -0.0708626740254
-0.55498546446369, 0.155651865850206, -0.0884482581332117
-0.55498546446369, 0.145967668863605, -0.105978910661369
-0.55498546446369, 0.136182814357848, -0.123453579675751
-0.55498546446369, 0.126297179833281, -0.140871434334038
-0.55498546446369, 0.116311149335536, -0.158231927556458
-0.55498546446369, 0.104166923720141, -0.171941507686338
-0.554985464463691, 0.0841620625406679, -0.171981129180326
-0.55498546446369, 0.0742032736192214, -0.189357202278023
-0.55498546446369, 0.0640776738363198, -0.206636602462463
-0.55498546446369, 0.0537889931361069, -0.223819405281885
-0.55498546446369, 0.0433405201802891, -0.240905512975931
-0.55498546446369, 0.0327351160825704, -0.257894663140604
-0.554985464463691, 0.0219752416210981, -0.274786406749217
-0.554985464463691, 0.0110629722245672, -0.291580098924843
-0.55498546446369, 2.87101501964041E-17, -0.308274901727732
-0.476065033753913, 0.183820317966735, -2.84804868612077E-11
-0.479225085221185, 0.175196551649929, -0.0173236552493134
-0.48240887267249, 0.16650800993889, -0.0346105500985849
-0.485616522525094, 0.157754347841459, -0.0518601450322739
-0.488848080763853, 0.148935439865174, -0.0690720023706803
-0.492103515686175, 0.140051372526262, -0.0862458089474695
-0.495382717792306, 0.131102444649066, -0.103381375356808
-0.49868547681849, 0.122089230042435, -0.120478683803552
-0.502011224825914, 0.113013278608845, -0.137538308451812
-0.505359212427664, 0.103876635421836, -0.154561144505563
-0.509205219726181, 0.0933808987103817, -0.169202977879343
-0.515930535955219, 0.0750275408089359, -0.169701951183587
-0.519138955809862, 0.0662717773793865, -0.186950230564414
-0.522414455057279, 0.0573329545870545, -0.204091673975506
-0.525755877095145, 0.0482142287945116, -0.22112530186462
-0.529162240209118, 0.0389182790958062, -0.238049920878417
-0.532632732834916, 0.0294473202462307, -0.254864124729505
-0.536166704594215, 0.0198031271253227, -0.271566263448174
-0.539763661854168, 0.00998704685491413, -0.288154425930738
-0.543423267287364, 2.51587705456535E-17, -0.304626430880125
-0.4178284172102, 0.168704797987462, -2.84799621541944E-11
-0.423489855673117, 0.160576277415981, -0.0170740243385715
-0.429181245598489, 0.152404753448753, -0.0341175368457169
-0.434902363237993, 0.144190547336794, -0.0511305517511038
-0.440652995324844, 0.135933965282044, -0.0681130760395983
-0.446432953046031, 0.127635278376463, -0.0850650948214495
-0.452241252256784, 0.119295899625077, -0.101987432189167
-0.458076669483634, 0.110917585653758, -0.11888118436321
-0.463937988745164, 0.102502082331512, -0.135747463242844
-0.469824001256176, 0.0940511251952386, -0.152587395644766
-0.476459159025876, 0.0845245681586646, -0.167218116483207
-0.487723785421681, 0.0683511613490493, -0.167933344714634
-0.493235356533774, 0.0604378157462883, -0.185156678744173
-0.498875708047339, 0.0523395711731623, -0.202251900399454
-0.504642780695885, 0.0440593842616575, -0.21921719819059
-0.510534850832842, 0.0355997297709178, -0.236050488918007
-0.516550520430981, 0.0269626149457716, -0.252749410135422
-0.522688700104065, 0.0181496038937346, -0.269311280902067
-0.528948600895431, 0.00916182937470695, -0.285733077130402
-0.535329729263935, 2.27499110466304E-17, -0.302011404156485
-0.37142570380612, 0.155810487434386, -2.84806112153466E-11
-0.379088982878052, 0.148147208362454, -0.0168603977645795
-0.38678047169202, 0.140455719548486, -0.0336950790236299
-0.394499896329649, 0.132736294910857, -0.0505041711217253
-0.402246018588372, 0.124990172652134, -0.0672886820316666
-0.410017557595596, 0.11721863364491, -0.0840496785537256
-0.417813238488443, 0.109422952752063, -0.100788238067624
-0.425631792145194, 0.101604399095312, -0.117505447965262
-0.433471954905727, 0.0937642363347791, -0.134202405111004
-0.44133246827665, 0.0859037229638559, -0.150880215317449
-0.449983551400873, 0.0772526398396332, -0.1655978197952
-0.464142834280704, 0.0630933569598018, -0.166466249073235
-0.471564284830458, 0.0556719064100477, -0.183291098343036
-0.478997878122555, 0.0482383131179505, -0.200355704778262
-0.486608271605723, 0.0406279196347825, -0.217263734690792
-0.494392860155807, 0.0328433310846986, -0.234012406148394
-0.502349484020904, 0.0248867072196023, -0.250598604500508
-0.510476403589924, 0.0167597876505815, -0.267018836187945
-0.518772285847406, 0.00846390539309955, -0.283269197341759
-0.527236191240506, 2.0413137315355E-17, -0.299345332296352
-0.327772482404939, 0.142930365656465, -2.84813120738849E-11
-0.337348854925053, 0.135777973932333, -0.0166451101880341
-0.346947283302001, 0.128609109151461, -0.0332704183376852
-0.356566551321389, 0.121424679678864, -0.0498769527856528
-0.366205447105424, 0.114225590640641, -0.0664657485448733
-0.375862762887077, 0.107012744092645, -0.083037846930417
-0.385537294772011, 0.099787039198301, -0.0995942951617374
-0.395227842492836, 0.0925493724121402, -0.116136145976061
-0.404933064314303, 0.0853007458480706, -0.132664588802149
-0.41465038026561, 0.0780430864321571, -0.149181961727218
-0.425078442774467, 0.0702545853237864, -0.164061247418679
-0.441476552276575, 0.0580071813670228, -0.165074416772035
-0.450772447096353, 0.0510642725528835, -0.181424724762441
-0.459884160355247, 0.0442589250824621, -0.198471063338115
-0.469220010619622, 0.0372861743850137, -0.215327417273804
-0.478776076330545, 0.0301489493906325, -0.231990420157805
-0.488548985706525, 0.0228497684121738, -0.248456333972763
-0.498535882062043, 0.0153907650481197, -0.264720996446538
-0.508734402377063, 0.00777370418855865, -0.280779782325528
-0.519142653217077, 1.81562295530219E-17, -0.29662755085208
-0.283879076649001, 0.129187795904787, -2.84796110903945E-11
-0.295411273251439, 0.122629628857081, -0.0164185310751603
-0.30695672072501, 0.116063926260909, -0.032824733340876
-0.318514273626988, 0.109491339510363, -0.0492196520682785
-0.33008278891769, 0.102912518632966, -0.0656043357740447
-0.341661125738702, 0.0963281124157888, -0.0819798359378014
-0.353248144341045, 0.0897387690149856, -0.0983472072743486
-0.36484201369233, 0.083145529708006, -0.114708157838789
-0.376440335896639, 0.0765497581380957, -0.13106493271747
-0.388040705989169, 0.0699528219684554, -0.14741978522297
-0.400197722873593, 0.0630393300918963, -0.162514503170173
-0.418519912431619, 0.0526198077802602, -0.163654740060938
-0.429699163650398, 0.046262354860534, -0.17964081425586
-0.440534377535149, 0.0401005502101694, -0.196675684944092
-0.451640497892899, 0.0337846855861953, -0.2134780906288
-0.463011594694977, 0.0273181332965907, -0.230044286730592
-0.474642390465336, 0.0207038945535882, -0.246370142472548
-0.486528215784659, 0.0139446247777419, -0.26245108171456
-0.498664975299849, 0.00704265292776274, -0.278282032443616
-0.511049115193648, 1.59872225710277E-17, -0.293857370836117
-0.237941895049705, 0.113881951085232, -2.84829387940253E-11
-0.251548981770717, 0.108034699833992, -0.0161781885271029
-0.26515982070062, 0.102185836179702, -0.032352637364936
-0.278773692739442, 0.0963356691347394, -0.0485240609702416
-0.292389200811573, 0.0904847990518661, -0.0646938557551186
-0.306004753159707, 0.0846339099426635, -0.0808636069185282
-0.319618758289033, 0.0787836857059128, -0.0970348999708172
-0.333229624396665, 0.0729348103727811, -0.113209320056436
-0.34683572752824, 0.0670879817906028, -0.129388484665961
-0.360434592594577, 0.0612442635572359, -0.145574860025746
-0.37440490214408, 0.0552409278198814, -0.160899065320822
-0.39452320123018, 0.0465956717179741, -0.162160207931984
-0.40758222754479, 0.0409839335462638, -0.178081131311827
-0.420295758114823, 0.0355206621600013, -0.19509814231512
-0.433326677713642, 0.0299210020350064, -0.211828334819992
-0.446666052021481, 0.0241887924363258, -0.228268028863506
-0.460305725655085, 0.0183275379036096, -0.24441318116051
-0.474238268087886, 0.0123404314903507, -0.260259315878914
-0.488456924984294, 0.00623037567656053, -0.27580145911643
-0.50295557717022, 1.39144190239686E-17, -0.291034077527665
-0.188487086195942, 0.0962451590934154, -2.84754766820158E-11
-0.204344810147425, 0.0912635861878299, -0.0159309414216747
-0.220197854455741, 0.0862834833534653, -0.0318670029113094
-0.236045136591651, 0.081305190657934, -0.0478093595814379
-0.251885576163678, 0.0763290474972889, -0.0637591753110453
-0.267718250809821, 0.0713553436239284, -0.0797174712806532
-0.283541439678459, 0.0663846196291654, -0.0956860958140982
-0.29935310648625, 0.0614175151945802, -0.111667255020273
-0.315151207308952, 0.0564546724020798, -0.127663147449745
-0.330933692794962, 0.0514967350385309, -0.143675966368926
-0.346927083736893, 0.0464725434692669, -0.15916499364001
-0.368852430408686, 0.0395848770387034, -0.160549783187332
-0.383737519893002, 0.0349088492115609, -0.177000120525584
-0.398588052665286, 0.0302436770898704, -0.19396341156025
-0.413800576056115, 0.0254647886074379, -0.210570567121768
-0.429361833324625, 0.0205763482598305, -0.226818868001402
-0.445259547859108, 0.0155822126431422, -0.242705298872253
-0.461482359963044, 0.0104859503121402, -0.258226459908615
-0.47801975986866, 0.00529086282350075, -0.273378477023828
-0.494862039146791, 1.19464035125993E-17, -0.288156929202096
-0.134168836089324, 0.0753186701203155, -2.84518433187881E-11
-0.152498359682575, 0.0714033080882802, -0.0156977989218565
-0.170817980089386, 0.0674900614718467, -0.0314076788352247
-0.189126569860382, 0.0635791711050148, -0.0471310027494307
-0.207422992854726, 0.0596708796783632, -0.0628691263088133
-0.22570611352621, 0.0557654297554526, -0.0786234058087378
-0.243974791830725, 0.0518630648606389, -0.0943951938356966
-0.262227848599689, 0.0479640368756399, -0.110185882461794
-0.280463568395099, 0.0440687122344653, -0.125997502227234
-0.298679920883734, 0.0401775246357634, -0.141832447075087
-0.317044583420838, 0.0362546565883152, -0.157264226191783
-0.340540399949833, 0.0312357248369648, -0.159602658406551
-0.357478494567944, 0.0276175853787634, -0.176856640355576
-0.374837135509606, 0.0239096131925282, -0.193667943573296
-0.392595842995364, 0.0201161829555657, -0.210036541300941
-0.410735554536228, 0.0162413665983462, -0.225962327511728
-0.429238550283492, 0.0122889492504988, -0.241444982208504
-0.448088373506649, 0.00826244622749046, -0.256483845597627
-0.467269748169643, 0.00416512063713078, -0.27107779915742
-0.486768501123362, 1.00920576276249E-17, -0.285225155776891
-0.073886932293993, 0.0498745593346479, -3.01987634380467E-11
-0.0949361001125698, 0.0472810588123563, -0.0155239097357558
-0.115975452583059, 0.0446887676542834, -0.0310613195012765
-0.137004393370615, 0.0420977593357678, -0.0466130342023581
-0.158022149174168, 0.0395081291364301, -0.0621800894721961
-0.179027851362154, 0.0369199840817091, -0.0777636526145204
-0.200020627459377, 0.0343334316706231, -0.0933648882214795
-0.220999603257867, 0.0317485796156877, -0.108984957153992
-0.241963816626109, 0.0291655464626154, -0.124625136380125
-0.26291182845229, 0.0265845095265983, -0.140287334171268
-0.284141066662802, 0.0239688222528135, -0.155154036325855
-0.308264284189124, 0.0209965633115999, -0.16147810393196
-0.328169965824641, 0.0185439534904782, -0.178463108436393
-0.348525340143838, 0.0160359363382899, -0.194898225864513
-0.369302455913971, 0.0134759557696523, -0.21078862491204
-0.390475447960247, 0.0108671986727551, -0.22613944924655
-0.412020415412827, 0.00821260991073734, -0.240955608329594
-0.433915291422328, 0.00551490837424069, -0.255241591665189
-0.45613972903082, 0.00277660104342123, -0.269001313975529
-0.478674963099933, 8.36057601210923E-18, -0.282237957367324
-0.00385470882648398, 0.0144278215603132, -7.81506285540967E-06
-0.0285025998554315, 0.0145425042465991, -0.0147684290484267
-0.0530366801008658, 0.0144589587501906, -0.0297176876689782
-0.0774612278893916, 0.014192671132684, -0.0448431580257194
-0.101782200632543, 0.0137613261189541, -0.0601308810598401
-0.126007240199267, 0.0131846965972842, -0.075565463693687
-0.150145613505107, 0.0124844736756074, -0.0911301982420726
-0.174208104543549, 0.0116840388275302, -0.106807218409746
-0.198206843133439, 0.0108081833009156, -0.122577678280123
-0.22215506711328, 0.00988278297985841, -0.138421944082485
-0.246605278356019, 0.00891300477078203, -0.152725862736641
-0.271025616543307, 0.00794121114916532, -0.166228438918846
-0.294615170954535, 0.0070024781005439, -0.182599461241107
-0.318654907520444, 0.00604583030640714, -0.198301018825666
-0.343109600490282, 0.00507266955565804, -0.21334720864789
-0.367947247440471, 0.00408426936662663, -0.227751532580215
-0.393138727255338, 0.00308178859776579, -0.241526785108722
-0.418657479259625, 0.00206628421622468, -0.254684969034393
-0.444479157264721, 0.00103872506487793, -0.267237384298526
-0.470581425076504, 6.7614835279691E-18, -0.279194502744402
