-3.59092872097414, 0.408214185984839, -2.64827049178962E-11
-3.59092872097414, 0.400223693880208, -0.0318198642354314
-3.59092872097414, 0.392233201775577, -0.0636397284443802
-3.59092872097414, 0.384242709670947, -0.0954595926533289
-3.59092872097414, 0.376252217566316, -0.127279456862278
-3.59092872097414, 0.368261725461685, -0.159099321071226
-3.59092872097414, 0.360271233357054, -0.190919185280175
-3.59092872097414, 0.352280741252424, -0.222739049489124
-3.59092872097414, 0.344290249147793, -0.254558913698073
-3.59092872097414, 0.321701485273292, -0.267661395963926
-3.59092872097414, 0.289347490868458, -0.272170034750574
-3.59092872097414, 0.257197769660851, -0.278708165112022
-3.59092872097414, 0.225048048453245, -0.28524629547347
-3.59092872097414, 0.192898327245639, -0.291784425834918
-3.59092872097414, 0.160748606038032, -0.298322556196366
-3.59092872097414, 0.128598884830426, -0.304860686557814
-3.59092872097414, 0.0964491636228195, -0.311398816919262
-3.59092872097414, 0.0642994424152131, -0.31793694728071
-3.59092872097414, 0.0321497212076066, -0.324475077642158
-3.59092872097414, 1.95215988938465E-16, -0.331013208003606
-3.51911014655466, 0.410028760693838, -1.32413271430978E-11
-3.51911014655466, 0.402019338889089, -0.0319147719835156
-3.51911014655465, 0.394010033790441, -0.0638295732436013
-3.51911014655465, 0.386000849066644, -0.0957444047116543
-3.51911014655465, 0.377991788386491, -0.127659267305658
-3.51911014655465, 0.369982855416964, -0.159574161950815
-3.51911014655466, 0.361974053826408, -0.1914890895669
-3.51911014655466, 0.353965387283166, -0.223404051073687
-3.51911014655465, 0.345956859455583, -0.255319047390953
-3.51911014655466, 0.322596693319366, -0.26755418874015
-3.51911014655466, 0.290162337938672, -0.272209989071248
-3.51911014655466, 0.257922054803561, -0.278787804134167
-3.51911014655466, 0.225681777510807, -0.285365647833611
-3.51911014655466, 0.193441506060036, -0.291943520166252
-3.51911014655466, 0.161201240450535, -0.29852142112883
-3.51911014655466, 0.128960980681619, -0.305099350718081
-3.51911014655466, 0.0967207267526989, -0.311677308930719
-3.51911014655466, 0.0644804786631827, -0.318255295763462
-3.51911014655466, 0.0322402364124801, -0.324833311213024
-3.51911014655466, 1.80775732506238E-16, -0.331411355276121
-3.44729157213518, 0.411843329279435, -1.32413856893355E-11
-3.44729157213518, 0.403821182104022, -0.0320136878212664
-3.44729157213517, 0.395799402747499, -0.0640274678051489
-3.44729157213517, 0.387778001200905, -0.0960413424841302
-3.44729157213517, 0.379756987461183, -0.128055314353909
-3.44729157213517, 0.371736371533441, -0.160069385877573
-3.44729157213517, 0.363716163416525, -0.192083559543229
-3.44729157213517, 0.355696373109276, -0.224097837838979
-3.44729157213517, 0.347677010610537, -0.256112223252929
-3.44729157213517, 0.323496878324478, -0.267418278771572
-3.44729157213517, 0.290983821432871, -0.272254255767258
-3.44729157213517, 0.25865229767072, -0.278880236755903
-3.44729157213517, 0.226320770888841, -0.285506203010016
-3.44729157213517, 0.193989241100819, -0.292132154595484
-3.44729157213517, 0.161657708320143, -0.298758091578213
-3.44729157213517, 0.129326172560316, -0.305384014024105
-3.44729157213517, 0.0969946338348627, -0.312009921999061
-3.44729157213517, 0.0646630921573089, -0.318635815568977
-3.44729157213517, 0.0323315475411797, -0.325261694799753
-3.44729157213517, 1.80497750951686E-16, -0.331887559757288
-3.37547299771569, 0.413657970472513, -1.32414208071881E-11
-3.37547299771569, 0.405626029149066, -0.032113879458616
-3.37547299771569, 0.397594687445449, -0.0642279088956647
-3.37547299771569, 0.389563956930384, -0.0963420911688086
-3.37547299771569, 0.381533849173541, -0.12845642911866
-3.37547299771569, 0.373504375714034, -0.160570925708046
-3.37547299771569, 0.365475548114948, -0.192685583803938
-3.37547299771569, 0.357447377939366, -0.224800406273308
-3.37547299771569, 0.349419876750375, -0.256915395983128
-3.37547299771569, 0.324381809004598, -0.267244331443455
-3.37547299771569, 0.291793214895036, -0.272287911597395
-3.37547299771569, 0.259371908059794, -0.278971638035769
-3.37547299771569, 0.226950560010352, -0.285655164596748
-3.37547299771569, 0.194529171117349, -0.292338493006852
-3.37547299771569, 0.162107741733967, -0.299021624996197
-3.37547299771569, 0.129686272216197, -0.305704562294322
-3.37547299771569, 0.0972647629239783, -0.31238730662995
-3.37547299771569, 0.0648432142172475, -0.319069859731806
-3.37547299771569, 0.0324216264559424, -0.325752223328614
-3.37547299771569, 1.80066554837187E-16, -0.332434399149097
-3.30365442329621, 0.41548278583636, -1.32413508722737E-11
-3.30365442329621, 0.407440449441642, -0.0322126644692746
-3.30365442329621, 0.399398542414753, -0.0644254361180312
-3.30365442329621, 0.391357046193792, -0.0966383103211657
-3.30365442329621, 0.383315932364952, -0.128851279999342
-3.30365442329621, 0.375275170946084, -0.161064337663022
-3.30365442329621, 0.367234731962132, -0.19327747579424
-3.30365442329621, 0.359194585432923, -0.225490686895531
-3.30365442329621, 0.351154701378286, -0.257703963469428
-3.30365442329621, 0.325232379419689, -0.267023054411126
-3.30365442329621, 0.292573177256654, -0.27229954476167
-3.30365442329621, 0.260065534809996, -0.279051441215811
-3.30365442329621, 0.227557766492792, -0.285802732036063
-3.30365442329621, 0.195049874013348, -0.292553424800757
-3.30365442329621, 0.162541858915767, -0.299303527122324
-3.30365442329621, 0.130033722776732, -0.306053046606427
-3.30365442329621, 0.097525467205941, -0.312801990851872
-3.30365442329621, 0.0650170938130907, -0.319550367457466
-3.30365442329621, 0.0325086042078781, -0.326298184022014
-3.30365442329621, 1.79504931695928E-16, -0.333045448144323
-3.23183584887671, 0.417377159794492, -1.32413812939636E-11
-3.23183584887672, 0.409313478887766, -0.0323062901744844
-3.23183584887672, 0.401249365215795, -0.0646124723360493
-3.23183584887672, 0.393184749424601, -0.0969185292171925
-3.23183584887672, 0.385119562174986, -0.129224443477961
-3.23183584887672, 0.377053734140352, -0.16153019772792
-3.23183584887672, 0.368987195983715, -0.193835774618248
-3.23183584887672, 0.360919878368092, -0.226141156800124
-3.23183584887672, 0.352851711956499, -0.258446326924727
-3.23183584887672, 0.326035232964826, -0.266745102364371
-3.23183584887672, 0.293311480860289, -0.272276987110961
-3.23183584887672, 0.260722380677813, -0.279108522213926
-3.23183584887672, 0.228133003537897, -0.285938737832986
-3.23183584887672, 0.195543354512113, -0.292767655173279
-3.23183584887672, 0.162953437886593, -0.299595295604556
-3.23183584887673, 0.130363258131449, -0.306421680457978
-3.23183584887672, 0.0977728198559497, -0.313246831035546
-3.23183584887672, 0.065182127669363, -0.320070768639262
-3.23183584887673, 0.0325911861809571, -0.326893514571125
-3.23183584887673, 1.78833293714977E-16, -0.333715090133137
-3.16001727445724, 0.41931822851246, -1.32414962928099E-11
-3.16001727445724, 0.411219582975193, -0.0323918607606351
-3.16001727445724, 0.403119236005958, -0.0647832963023396
-3.16001727445724, 0.395017064173615, -0.0971742760380013
-3.16001727445724, 0.386912944194188, -0.129564768778505
-3.16001727445724, 0.378806752884195, -0.161954742933153
-3.16001727445724, 0.370698366975088, -0.194344167251368
-3.16001727445724, 0.36258766319832, -0.226733010482568
-3.16001727445724, 0.354474518285343, -0.259121241376174
-3.16001727445724, 0.326766422301008, -0.26640102028712
-3.16001727445724, 0.293986607567957, -0.272210163480989
-3.16001727445724, 0.261323400384412, -0.27913371553791
-3.16001727445724, 0.228659675409462, -0.286054830376618
-3.16001727445724, 0.195995444758012, -0.2929735550613
-3.16001727445724, 0.163330717786196, -0.299889937240656
-3.16001727445724, 0.130665504589638, -0.306804024406529
-3.16001727445724, 0.0979998156905405, -0.313715863960395
-3.16001727445724, 0.0653336616111017, -0.320625503303731
-3.16001727445724, 0.0326670528735218, -0.32753298983801
-3.16001727445724, 1.78070161214531E-16, -0.33443837096471
-3.08819870003776, 0.421266340289549, -1.32415337716082E-11
-3.08819870003776, 0.413119395267593, -0.0324670034900623
-3.08819870003776, 0.40496907879305, -0.0649331616485786
-3.08819870003776, 0.396815200363563, -0.0973984274910076
-3.08819870003776, 0.388657569991063, -0.129862751969199
-3.08819870003776, 0.380495997976373, -0.162326084885773
-3.08819870003776, 0.372330294368888, -0.19478837704467
-3.08819870003776, 0.364160269218005, -0.227249579249827
-3.08819870003776, 0.355985732573117, -0.259709642305186
-3.08819870003776, 0.327399737822636, -0.265981217622337
-3.08819870003776, 0.294575092351416, -0.27208946986673
-3.08819870003776, 0.26184783035815, -0.279118360251703
-3.08819870003776, 0.229119692601065, -0.28614318773307
-3.08819870003776, 0.196390704456207, -0.293164042694178
-3.08819870003776, 0.163660883398319, -0.300181017214054
-3.08819870003776, 0.130930249269708, -0.307194202862853
-3.08819870003776, 0.0981988229679728, -0.314203690984287
-3.08819870003776, 0.0654666253907109, -0.321209572922068
-3.08819870003776, 0.0327336774355206, -0.328211940019907
-3.08819870003776, 1.7723255021934E-16, -0.335210883621518
-3.01638012561827, 0.423181167985457, -1.32414447280642E-11
-3.01638012561827, 0.41497292355278, -0.0325293543449486
-3.01638012561827, 0.406759252721976, -0.0650573411090426
-3.01638012561827, 0.398539886517005, -0.0975838943804401
-3.01638012561827, 0.390314559250743, -0.13010893521764
-3.01638012561828, 0.382083001424879, -0.162632399755745
-3.01638012561828, 0.373844943323694, -0.195154224963309
-3.01638012561828, 0.365600119935895, -0.227674329231506
-3.01638012561828, 0.35734826166416, -0.260192649051225
-3.01638012561828, 0.327908724770155, -0.265475821246929
-3.01638012561828, 0.295053299958717, -0.271905273973791
-3.01638012561828, 0.262274770900279, -0.279053847607123
-3.01638012561828, 0.229494858465927, -0.286196111955854
-3.01638012561828, 0.196713611374964, -0.293332224079244
-3.01638012561828, 0.163931058697979, -0.300462345316519
-3.01638012561828, 0.13114723596815, -0.307586635596372
-3.01638012561828, 0.0983621809594572, -0.314705254359479
-3.01638012561828, 0.0655759314458812, -0.321818361046516
-3.01638012561828, 0.0327885252014022, -0.328926115098159
-3.01638012561828, 1.76336289600617E-16, -0.336028675955084
-2.94456155119875, 0.425021748465475, -1.32413730952678E-11
-2.94456155119877, 0.416739722983744, -0.0325766136629777
-2.94456155119878, 0.408449845240612, -0.0651512344904106
-2.94456155119878, 0.400151757299997, -0.0977237672187708
-2.94456155119879, 0.391845102117197, -0.130294113065161
-2.94456155119879, 0.383529520650774, -0.162862181064139
-2.94456155119879, 0.37520465467217, -0.195427877036397
-2.94456155119879, 0.366870146025828, -0.227991106494313
-2.94456155119879, 0.358525636311392, -0.260551775881179
-2.94456155119879, 0.328266829726763, -0.26487465740603
-2.94456155119879, 0.295397546019985, -0.271647745370108
-2.94456155119879, 0.262583290735413, -0.278931466809723
-2.94456155119879, 0.229766973032654, -0.286205885718863
-2.94456155119879, 0.196948654329656, -0.293471261547121
-2.94456155119879, 0.1641283862381, -0.300727855907387
-2.94456155119879, 0.131306237896553, -0.3079759265306
-2.94456155119879, 0.098482265881837, -0.315215733922144
-2.94456155119879, 0.0656565296259468, -0.322447537951044
-2.94456155119879, 0.0328290883695414, -0.329671598524102
-2.94456155119879, 2.03151861917345E-16, -0.336888175841319
-2.86274297677931, 0.426975874151248, -1.32414482848747E-11
-2.86274297677931, 0.418595290329644, -0.0326091816843231
-2.86274297677931, 0.410203654438474, -0.0652155175103309
-2.86274297677931, 0.401800491901532, -0.0978188915154805
-2.86274297677931, 0.393385333249811, -0.13041916783959
-2.86274297677931, 0.384957705807802, -0.163016223016282
-2.86274297677931, 0.376517137857753, -0.195609929802806
-2.86274297677931, 0.36806315781296, -0.228200160389275
-2.86274297677931, 0.359595293739426, -0.260786788237691
-2.86274297677931, 0.32845689996361, -0.264059624532927
-2.86274297677931, 0.295596195718103, -0.2712519893897
-2.86274297677931, 0.262763747988875, -0.27871009127787
-2.86274297677931, 0.229928172997932, -0.286154404289281
-2.86274297677931, 0.197089566935494, -0.293585352348372
-2.86274297677931, 0.164248031566707, -0.301003358097235
-2.86274297677931, 0.131403675716105, -0.308408842573956
-2.86274297677931, 0.0985565946167878, -0.315802229871344
-2.86274297677931, 0.0657068880134213, -0.323183943047428
-2.86274297677931, 0.0328546551956078, -0.33055440524872
-2.86274297677931, 1.74290193023144E-16, -0.33791403859108
-2.69319654073049, 0.430285199452415, -1.3241373945351E-11
-2.69319654073055, 0.421655749474714, -0.0325910808559693
-2.69319654073058, 0.413007275301933, -0.0651771276244206
-2.6931965407306, 0.404339076140702, -0.0977579283063615
-2.6931965407306, 0.395650446962008, -0.130333286634271
-2.69319654073061, 0.386940682676707, -0.162903000302332
-2.6931965407306, 0.378208982837181, -0.195466843341955
-2.6931965407306, 0.36945446706819, -0.228024556576808
-2.69319654073061, 0.3606762637685, -0.26057588901056
-2.6931965407306, 0.327972652621952, -0.262090315537426
-2.6931965407306, 0.295203437324451, -0.270016527852225
-2.6931965407306, 0.262427296781922, -0.277914048144745
-2.6931965407306, 0.229644498248424, -0.285783865546684
-2.6931965407306, 0.196855289734858, -0.2936269736779
-2.6931965407306, 0.164059944039622, -0.301444360097749
-2.6931965407306, 0.13125871342447, -0.309237017165531
-2.6931965407306, 0.0984518524139563, -0.317005936578514
-2.6931965407306, 0.065639613345449, -0.324752110441076
-2.6931965407306, 0.032822246461068, -0.33247653124695
-2.6931965407306, 1.99718581305804E-16, -0.340180191862775
-2.5136501046819, 0.432202571507734, -1.32413411598453E-11
-2.5136501046819, 0.423250298965315, -0.0324165114476143
-2.5136501046819, 0.414267851539076, -0.0648246744462267
-2.5136501046819, 0.4052540280623, -0.0972241245995551
-2.5136501046819, 0.39620762807882, -0.129614493911603
-2.5136501046819, 0.387127451871961, -0.161995410661379
-2.5136501046819, 0.378012300496706, -0.194366499263869
-2.5136501046819, 0.36886097581464, -0.22672738013247
-2.5136501046819, 0.35933231803696, -0.25862742509335
-2.5136501046819, 0.325802467034335, -0.259398944146363
-2.5136501046819, 0.293278044413037, -0.267950852826914
-2.5136501046819, 0.260739562238214, -0.276449111885462
-2.5136501046819, 0.228187657875067, -0.284895813674049
-2.5136501046819, 0.195622958450646, -0.293293052452211
-2.5136501046819, 0.163046081282793, -0.301642924256745
-2.5136501046819, 0.130457634268206, -0.309947526795989
-2.5136501046819, 0.0978582163191539, -0.318208959344943
-2.5136501046819, 0.0652484177795013, -0.326429322658514
-2.5136501046819, 0.0326288208471688, -0.334610718895248
-2.5136501046819, 1.69608696922706E-16, -0.342755251551768
-2.33410366863319, 0.431827324317143, -1.32413554655007E-11
-2.33410366863319, 0.422496621731305, -0.0320490655702233
-2.33410366863319, 0.413124274622776, -0.0640859773265735
-2.33410366863319, 0.403709149149748, -0.0961103431827411
-2.33410366863319, 0.394250064513848, -0.128121749646386
-2.33410366863319, 0.384745816100877, -0.160119780821599
-2.33410366863319, 0.375195204126306, -0.192104001573639
-2.33410366863319, 0.365597026882424, -0.224073980448349
-2.33410366863319, 0.354638341505392, -0.254261710644874
-2.33410366863319, 0.32144000762729, -0.255521895906627
-2.33410366863319, 0.289399130603723, -0.264880655856693
-2.33410366863319, 0.25733151803715, -0.274147384672205
-2.33410366863319, 0.225238808492622, -0.28332682412506
-2.33410366863319, 0.193122506084883, -0.292423379748385
-2.33410366863319, 0.160983997714938, -0.301441159655051
-2.33410366863319, 0.128824556210184, -0.310384012060786
-2.33410366863319, 0.0966453685051138, -0.319255551482967
-2.33410366863319, 0.0644475371735465, -0.328059188901348
-2.33410366863319, 0.0322320894993728, -0.336798156891244
-2.33410366863319, 1.67576807979605E-16, -0.345475528862407
-2.15455723258467, 0.428413979087651, -1.32413760561961E-11
-2.1545572325846, 0.418701915232801, -0.0314893140566583
-2.15455723258455, 0.408941600991603, -0.0629637058748641
-2.15455723258452, 0.399132054467291, -0.0944227882260148
-2.1545572325845, 0.389272294224367, -0.125866168835032
-2.15455723258449, 0.379361339306759, -0.157293450285801
-2.15455723258448, 0.369398209259651, -0.18870422991278
-2.15455723258448, 0.359381923675813, -0.220098099048773
-2.15455723258448, 0.347315689301818, -0.248735720189072
-2.15455723258448, 0.314635494237521, -0.250416649018137
-2.15455723258448, 0.283346121182186, -0.260754676060128
-2.15455723258448, 0.252011035267663, -0.270953302619048
-2.15455723258448, 0.220633274474265, -0.281019876783744
-2.15455723258448, 0.189215608520096, -0.29096121245064
-2.15455723258448, 0.157760567211121, -0.300783653910814
-2.15455723258448, 0.126270469749924, -0.310493131073064
-2.15455723258448, 0.0947474554286871, -0.32009520694691
-2.15455723258448, 0.0631934980248012, -0.32959512413374
-2.15455723258448, 0.0316104421630882, -0.338997839813261
-2.15455723258448, 1.66101337215778E-16, -0.348308068844273
-1.97501079653583, 0.421537582097943, -1.32413213747087E-11
-1.97501079653578, 0.41150087536181, -0.0307621474424727
-1.97501079653578, 0.401413572228582, -0.0615077407022314
-1.97501079653578, 0.391274836194435, -0.092236409145576
-1.97501079653578, 0.381083771768827, -0.122947767397035
-1.97501079653578, 0.370839488073261, -0.153641411922992
-1.97501079653578, 0.36054109167334, -0.184316942645195
-1.97501079653578, 0.350187690190179, -0.214973951986643
-1.97501079653578, 0.337323820241501, -0.242182685714797
-1.97501079653578, 0.305347126657628, -0.244243435903157
-1.97501079653578, 0.27508733117717, -0.255705839073904
-1.97501079653578, 0.244754612585429, -0.266973856544859
-1.97501079653578, 0.214354133916342, -0.278057775869647
-1.97501079653578, 0.183890576424485, -0.288967151908503
-1.97501079653578, 0.153368206745003, -0.299710889511887
-1.97501079653578, 0.122790912255341, -0.310297324768271
-1.97501079653578, 0.0921622735738897, -0.320734282797173
-1.97501079653578, 0.0614855884463637, -0.331029144170299
-1.97501079653578, 0.030763885359357, -0.341188907393322
-1.97501079653578, 1.65459183506621E-16, -0.351220225110515
-1.79546436048907, 0.411133054833882, -1.32413790554139E-11
-1.79546436048803, 0.400854636204664, -0.0298935566161763
-1.79546436048744, 0.390524998151869, -0.0597694529787428
-1.79546436048716, 0.380143111159231, -0.0896272328345023
-1.79546436048707, 0.369707946357705, -0.119466433903541
-1.79546436048707, 0.359218470751895, -0.149286586070659
-1.79546436048707, 0.348673519789477, -0.17908716608742
-1.79546436048707, 0.338071797869701, -0.208867596544912
-1.79546436048707, 0.324681393963144, -0.234745150544532
-1.79546436048707, 0.293581559271153, -0.237150783140726
-1.79546436048707, 0.264635025853625, -0.249853639867011
-1.79546436048707, 0.235578597270139, -0.262303089831603
-1.79546436048707, 0.206420307865953, -0.274512085937836
-1.79546436048707, 0.177167450174605, -0.286492750889428
-1.79546436048707, 0.147826667207894, -0.298256464826583
-1.79546436048707, 0.1184040277848, -0.309813946868029
-1.79546436048707, 0.0889051052149943, -0.321175324583029
-1.79546436048707, 0.0593350239060333, -0.332350207152399
-1.79546436048707, 0.029698522873734, -0.34334774463805
-1.79546436048707, 1.66003173380033E-16, -0.354176689082323
-1.61591792443838, 0.397270147162307, -1.32413065425443E-11
-1.61591792443837, 0.386825781096331, -0.0289007056167228
-1.61591792443837, 0.376328666254142, -0.0577822938864817
-1.61591792443837, 0.365778237706651, -0.0866444492541883
-1.61591792443836, 0.355173930239669, -0.115486852275353
-1.61591792443836, 0.34451517835977, -0.144309179577697
-1.61591792443836, 0.333801416304003, -0.173111103803211
-1.61591792443836, 0.323032078049327, -0.201892293555279
-1.61591792443836, 0.309392244730616, -0.226582248362677
-1.61591792443836, 0.279328357169901, -0.229300055934362
-1.61591792443836, 0.251982918289761, -0.243319768797985
-1.61591792443836, 0.224480837662979, -0.257029687114692
-1.61591792443836, 0.196833348080909, -0.270443982050954
-1.61591792443836, 0.169050743056231, -0.283576188800302
-1.61591792443836, 0.14114249080934, -0.296439248209665
-1.61591792443836, 0.113117315141486, -0.30904555937081
-1.61591792443836, 0.0849832696992195, -0.321407030286122
-1.61591792443836, 0.0567478275698881, -0.333535118086784
-1.61591792443836, 0.0284179172414859, -0.345440889605845
-1.61591792443836, 1.68219224924333E-16, -0.357135061272379
-1.43637148839469, 0.379935717247887, -1.32412327337229E-11
-1.4363714883912, 0.369403122399015, -0.0278111566491093
-1.43637148838987, 0.358821823514269, -0.0556038149916825
-1.43637148838966, 0.348191415214129, -0.0833777317521069
-1.43637148838966, 0.337511546436094, -0.111132652142555
-1.43637148838966, 0.326781520091025, -0.138868229675444
-1.43637148838966, 0.316000386273219, -0.166583980979946
-1.43637148838966, 0.305167191969013, -0.194279424793814
-1.43637148838966, 0.291519701469815, -0.217897044320557
-1.43637148838966, 0.262615757350968, -0.220849267551886
-1.43637148838966, 0.237150537838825, -0.236208433423756
-1.43637148838966, 0.211476035042546, -0.251215176234056
-1.43637148838966, 0.185605590015285, -0.265881595714478
-1.43637148838966, 0.159551808411225, -0.280219836652823
-1.43637148838966, 0.133326578092296, -0.294242068026489
-1.43637148838966, 0.106941117611945, -0.307960452199829
-1.43637148838966, 0.0804060106272866, -0.321387128919111
-1.43637148838966, 0.0537312518172922, -0.334534199411647
-1.43637148838966, 0.0269262703118828, -0.347413727100002
-1.43637148838966, 1.72839040567888E-16, -0.360037720389127
-1.25682505234138, 0.359274561763371, -1.3241343728431E-11
-1.25682505234103, 0.348742463751899, -0.0266524332365223
-1.25682505234095, 0.338161845639922, -0.0532856416364424
-1.25682505234095, 0.327530974798974, -0.0798988307600022
-1.25682505234095, 0.316847331325699, -0.106490878091169
-1.25682505234095, 0.306107889049388, -0.133060438973193
-1.25682505234095, 0.295309605065759, -0.159606139431897
-1.25682505234095, 0.284448855275754, -0.18612634327446
-1.25682505234095, 0.271034194336516, -0.208898342083405
-1.25682505234095, 0.243347069534817, -0.211876019211557
-1.25682505234095, 0.22003777122848, -0.228547449287148
-1.25682505234095, 0.196467837575551, -0.2448483401446
-1.25682505234095, 0.172649490885231, -0.260784087705651
-1.25682505234095, 0.14859509476469, -0.276361265967956
-1.25682505234095, 0.12431705514861, -0.291587570159654
-1.25682505234095, 0.0998277487611041, -0.306471735570084
-1.25682505234095, 0.075139437130297, -0.321023462043422
-1.25682505234095, 0.050264200037744, -0.335253324850029
-1.25682505234095, 0.0252138709720097, -0.349172685338232
-1.25682505234095, 2.08855078098206E-16, -0.362793589198703
-1.06727861629553, 0.333840208160623, -1.32413053650408E-11
-1.06727861629227, 0.32331943963067, -0.0252929978683335
-1.06727861629224, 0.312731418081976, -0.0505579151884552
-1.06727861629224, 0.302070897699407, -0.0757923256576748
-1.06727861629224, 0.291332269849236, -0.100993594491193
-1.06727861629224, 0.280509843189778, -0.12615898857307
-1.06727861629224, 0.269596902468516, -0.151285261072807
-1.06727861629224, 0.258586122890079, -0.176368810116321
-1.06727861629224, 0.245905924750862, -0.198994337730076
-1.06727861629224, 0.219420158572769, -0.201399060834172
-1.06727861629224, 0.198696378631538, -0.219313599639295
-1.06727861629224, 0.177680738245091, -0.236884845670111
-1.06727861629224, 0.156379664348368, -0.254108963111394
-1.06727861629224, 0.134800556981152, -0.270983458647178
-1.06727861629224, 0.112951716733687, -0.287507219700822
-1.06727861629224, 0.0908422155893105, -0.303680560084597
-1.06727861629224, 0.0684818008664267, -0.319505205071431
-1.06727861629224, 0.0458807664436632, -0.334984270598567
-1.06727861629224, 0.0230498289876813, -0.350122211796755
-1.06727861629224, 2.50285882230434E-16, -0.364924752750259
-1.00546004187437, 0.324556405382987, -1.32413230389106E-11
-1.00546004187276, 0.31401966196154, -0.0247869004518592
-1.00546004187276, 0.303404818415471, -0.0495404587797802
-1.00546004187276, 0.292705781831602, -0.0742577389284378
-1.00546004187276, 0.281916106001739, -0.0989355848037594
-1.00546004187276, 0.271029683312298, -0.123570903733489
-1.00546004187276, 0.260045606498184, -0.148162837459827
-1.00546004187276, 0.248969744533686, -0.172713571179827
-1.00546004187276, 0.236794047670604, -0.195642763242708
-1.00546004187276, 0.210632422005164, -0.197594640933832
-1.00546004187276, 0.190820314110519, -0.215839602542386
-1.00546004187276, 0.170714818041179, -0.233760738233651
-1.00546004187276, 0.150319950519699, -0.251351855240659
-1.00546004187276, 0.129640808638384, -0.268607906178611
-1.00546004187276, 0.108683522628852, -0.285525063074091
-1.00546004187276, 0.0874551599350891, -0.30210079488516
-1.00546004187276, 0.0659636470543879, -0.318333893364688
-1.00546004187276, 0.0442176589350956, -0.334224490569397
-1.00546004187276, 0.0222265038166595, -0.349774047604379
-1.00546004187276, 2.55063199594242E-16, -0.364985321352837
-0.9336414674533, 0.312962783785915, -1.32414074856456E-11
-0.933641467453276, 0.302385198245278, -0.0241464692346008
-0.933641467453276, 0.291716324521252, -0.0482527382483083
-0.933641467453276, 0.280955192799181, -0.0723179720626032
-0.933641467453276, 0.270108959990266, -0.0963449710161257
-0.933641467453276, 0.259186759139564, -0.120337536718457
-0.933641467453276, 0.248195400119739, -0.144298495445136
-0.933641467453276, 0.237139199767283, -0.168229607400622
-0.933641467453276, 0.225716885698351, -0.191656233718659
-0.933641467453276, 0.19980478381068, -0.192735416878176
-0.933641467453276, 0.181087348666486, -0.211298327215455
-0.933641467453276, 0.162080977509729, -0.229565278323391
-0.933641467453276, 0.142786999050655, -0.247528178827585
-0.933641467453276, 0.123207791530927, -0.265179747635588
-0.933641467453276, 0.103346769045148, -0.282513606749785
-0.933641467453276, 0.0832083340535007, -0.299524375491972
-0.933641467453276, 0.062797830533812, -0.316207733349423
-0.933641467453276, 0.0421214838892275, -0.332560464702871
-0.933641467453276, 0.0211863041123553, -0.348580503550624
-0.933641467453276, 2.59959568327331E-16, -0.364266940456564
-0.861822893034426, 0.300305339629857, -1.32412054819962E-11
-0.861822893033793, 0.289696950977624, -0.0234479522712917
-0.861822893033793, 0.279020199069777, -0.0468648614037765
-0.861822893033793, 0.268279948484986, -0.0702527137999683
-0.861822893033793, 0.257479460736631, -0.0936128100741497
-0.861822893033793, 0.246619335953376, -0.116945240903813
-0.861822893033793, 0.235699334411691, -0.140249707919246
-0.861822893033793, 0.224716208597616, -0.163524490658066
-0.861822893033793, 0.213665904411301, -0.186767452812952
-0.861822893033793, 0.18842763911009, -0.187556685905795
-0.861822893033793, 0.170701025913407, -0.206026299391085
-0.861822893033793, 0.15283682394251, -0.22455203346151
-0.861822893033793, 0.134693983989746, -0.242804965709852
-0.861822893033793, 0.116272505893686, -0.260776635474205
-0.861822893033793, 0.0975732547099764, -0.27845909178071
-0.861822893033793, 0.078597951796208, -0.295844979011022
-0.861822893033793, 0.0593491787614184, -0.312927593782938
-0.861822893033793, 0.0398303390940411, -0.329700962918044
-0.861822893033793, 0.0200456334004479, -0.346159889481119
-0.861822893033793, 2.63227864668119E-16, -0.362300009248041
-0.790004318618307, 0.286626553958705, -1.32414509870934E-11
-0.790004318614422, 0.276103249717552, -0.0227164680750101
-0.79000431861431, 0.265524858023777, -0.0454073359674389
-0.79000431861431, 0.254890166280449, -0.0680718711156029
-0.79000431861431, 0.244195837727955, -0.0907083265812155
-0.79000431861431, 0.233438183540695, -0.113314752243554
-0.79000431861431, 0.222611680778819, -0.13588828954761
-0.790004318614311, 0.211710013151105, -0.158425615486467
-0.79000431861431, 0.200726512168131, -0.180923175996498
-0.790004318614311, 0.177190557012798, -0.183329596399015
-0.790004318614311, 0.159645495216887, -0.199778969386001
-0.790004318614311, 0.142965466776957, -0.21844831691566
-0.790004318614311, 0.126022595121457, -0.236879448138992
-0.790004318614311, 0.10881528830189, -0.25506393496959
-0.790004318614311, 0.0913424977596675, -0.272993471247885
-0.790004318614311, 0.0736037459035863, -0.290659908375949
-0.790004318614311, 0.0555991340408956, -0.308055308184902
-0.790004318614311, 0.0373293523688411, -0.325171988790411
-0.790004318614311, 0.018795683857749, -0.342002571175134
-0.790004318614311, 2.35789802676643E-16, -0.358540027117975
-0.718185744197563, 0.272149122739712, -1.32411858524699E-11
-0.718185744194828, 0.261776829465467, -0.0219002466007202
-0.718185744194828, 0.251344408564447, -0.0437719132048337
-0.718185744194828, 0.240846412275049, -0.0656121788479652
-0.718185744194828, 0.230277201124277, -0.0874180683849844
-0.718185744194828, 0.21963041603038, -0.109186184941625
-0.718185744194828, 0.208899180385482, -0.130912790517099
-0.718185744194828, 0.198076460299819, -0.152593966637926
-0.718185744194828, 0.187155391124053, -0.174225766775026
-0.718185744194828, 0.165827896152219, -0.17896130522507
-0.718185744194828, 0.147932843396482, -0.192247468940632
-0.718185744194828, 0.13247885985273, -0.210912191585308
-0.718185744194828, 0.116783552444443, -0.229374437203198
-0.718185744194828, 0.10084480248342, -0.247626918599458
-0.718185744194828, 0.0846604992427754, -0.265662017191063
-0.718185744194828, 0.0682287765086998, -0.283471974201562
-0.718185744194828, 0.0515480320152387, -0.301048904128051
-0.718185744194828, 0.0346169460822357, -0.318384811163415
-0.718185744194828, 0.0174345003511474, -0.335471607386435
-0.718185744194828, 2.31403915279452E-16, -0.352301129384537
-0.646367169778188, 0.256820678648693, -1.32413434314532E-11
-0.646367169776014, 0.246632347365486, -0.020936409204273
-0.646367169775382, 0.23637017816144, -0.041836722892579
-0.646367169775345, 0.226028039752352, -0.0626975785633146
-0.646367169775345, 0.215599443844304, -0.0835153458840044
-0.646367169775345, 0.205078060502191, -0.104286367064536
-0.646367169775345, 0.194457896468724, -0.125007054021196
-0.646367169775345, 0.183733299271388, -0.14567387866944
-0.646367169775345, 0.172898992978476, -0.166283399801669
-0.646367169775345, 0.154521119611053, -0.174440414262779
-0.646367169775345, 0.135563483654291, -0.183118327886246
-0.646367169775345, 0.121387514538715, -0.201589147582144
-0.646367169775345, 0.106991815439141, -0.219889238262966
-0.646367169775345, 0.0923766820328887, -0.238014555510326
-0.646367169775345, 0.0775415751352, -0.255960268737554
-0.646367169775345, 0.0624851422720631, -0.273720691442087
-0.646367169775345, 0.047205229186219, -0.291289204738749
-0.646367169775345, 0.0316992494944915, -0.308658508116729
-0.646367169775345, 0.0159648851728597, -0.32582118689154
-0.646367169775345, 1.9236742825654E-16, -0.34276963373523
-0.574548595355862, 0.24037985336841, -1.32412313238985E-11
-0.574548595355862, 0.230413112054971, -0.0197664893835853
-0.574548595355862, 0.22035951280541, -0.039488939270165
-0.574548595355862, 0.210213695344157, -0.0591641043074964
-0.574548595355862, 0.19997046635836, -0.078788730111423
-0.574548595355862, 0.189624811560713, -0.0983595542598942
-0.574548595355862, 0.179172346816828, -0.117873535968646
-0.574548595355863, 0.168609666372333, -0.137328077767523
-0.574548595355862, 0.157933693882995, -0.156720678271349
-0.574548595355862, 0.143456960011006, -0.169756188126431
-0.574548595355862, 0.122528070147045, -0.172078682312429
-0.574548595355862, 0.109705914471918, -0.190124125081253
-0.574548595355862, 0.0966824171615432, -0.208024800649209
-0.574548595355862, 0.0834600296210647, -0.225779070666705
-0.574548595355862, 0.0700404894431789, -0.243384797047663
-0.574548595355862, 0.0564248565971356, -0.260839315654766
-0.574548595355862, 0.042613537330068, -0.27813940619043
-0.574548595355862, 0.028606304261773, -0.295281247795418
-0.574548595355862, 0.0144022895972583, -0.312260388326432
-0.574548595355862, 1.71755225327579E-16, -0.32907166678089
-0.502730020936379, 0.222447650890183, -1.32414251149246E-11
-0.502730020936379, 0.212773356312159, -0.0183476636608822
-0.502730020936379, 0.203005398215281, -0.0366456321615205
-0.502730020936379, 0.193140240755733, -0.0548913781708314
-0.502730020936379, 0.183174445774999, -0.0730823492289328
-0.502730020936379, 0.173104953480088, -0.0912161232072275
-0.502730020936379, 0.162929535552893, -0.109290670143118
-0.502730020936379, 0.15264608802111, -0.127303971515503
-0.502730020936379, 0.142253529826973, -0.145254543768841
-0.502730020936379, 0.131752070807806, -0.163141624739699
-0.502730020936379, 0.112014939437726, -0.164903055936054
-0.502730020936379, 0.0973782521548713, -0.176233630843645
-0.502730020936379, 0.0858193488224362, -0.193456214013736
-0.502730020936379, 0.0740800105253681, -0.210556320849011
-0.502730020936379, 0.0621635049825739, -0.227533443333774
-0.502730020936379, 0.0500725398168756, -0.244386763904807
-0.502730020936379, 0.0378092888751559, -0.261115142896769
-0.502730020936379, 0.0253754188741082, -0.277717093444096
-0.50273002093638, 0.0127720974095388, -0.294190769806715
-0.502730020936379, 1.1500995217738E-16, -0.310533944073986
-0.430911446517306, 0.20259862878201, -1.324123921012E-11
-0.430911446517018, 0.193339363230443, -0.0166507469687949
-0.430911446516912, 0.183988749236987, -0.033250365746639
-0.430911446516897, 0.174544701113405, -0.0497970038158057
-0.430911446516897, 0.165005185861104, -0.0662887900886107
-0.430911446516897, 0.155368848093836, -0.0827241778882708
-0.430911446516897, 0.14563490259586, -0.099101952039325
-0.430911446516897, 0.135802982448804, -0.115421097722274
-0.430911446516897, 0.125873128280612, -0.131680838327979
-0.430911446516897, 0.115845898071121, -0.147880712773369
-0.430911446516897, 0.103439265501887, -0.1598817644655
-0.430911446516897, 0.0843871721331626, -0.159882197757451
-0.430911446516897, 0.0742950315982683, -0.17592877563067
-0.430911446516897, 0.0641385644788015, -0.192047876437843
-0.430911446516897, 0.0538244656986853, -0.208066579027091
-0.430911446516897, 0.0433563098260798, -0.223985033341894
-0.430911446516897, 0.0327372387756375, -0.239803217699084
-0.430911446516897, 0.0219699917077841, -0.255520917715395
-0.430911446516897, 0.0110569208119175, -0.271137719574035
-0.430911446516897, 1.1197687704329E-16, -0.286653005831167
-0.356180659217583, 0.179440913174311, -2.64828054055562E-11
-0.359296493004338, 0.170937816709816, -0.0161185186301653
-0.362433132177204, 0.162377942439707, -0.0322029057106305
-0.365590608036026, 0.15376120494684, -0.0482528213344315
-0.368768877430332, 0.145087721988662, -0.0642680299996677
-0.371967826438941, 0.13635780445557, -0.0802484205292152
-0.375187278103605, 0.127571935265827, -0.0961939940450806
-0.378426871406409, 0.118731099635707, -0.1121050689311
-0.381685907754554, 0.109837204021837, -0.127982567846133
-0.384963660158718, 0.100892232374826, -0.143827488637853
-0.388813078562246, 0.090387186773056, -0.15686153414466
-0.395105037183435, 0.0732164598446812, -0.157644552529502
-0.398230385805521, 0.064687397437136, -0.173747379571459
-0.401422922367328, 0.0559749794426801, -0.189738479450878
-0.404681447863406, 0.0470824779418134, -0.205616748140672
-0.408004942372465, 0.0380126762951821, -0.221380854793073
-0.411392559636708, 0.0287678839365249, -0.237029239248997
-0.414843617685749, 0.0193499619599742, -0.252560080271459
-0.41835759421627, 0.00976033572894594, -0.267971277053062
-0.421934124714461, 2.51587705456532E-17, -0.283260432743664
-0.303336559742474, 0.161256209198202, -2.64828830100331E-11
-0.308803477549853, 0.153406975447636, -0.0158326520904841
-0.31429359054461, 0.145524438754895, -0.0316407163074223
-0.319806718162594, 0.137608858368475, -0.0474242429382661
-0.325342690184486, 0.129660478684081, -0.0631832690325208
-0.330900501162749, 0.121680743292602, -0.0789187450610015
-0.336479066087948, 0.113671210017474, -0.09463172221581
-0.342077305218976, 0.105633429118026, -0.110323263645734
-0.347694143840986, 0.0975689436370383, -0.125994443795556
-0.353328512009907, 0.0894792897675558, -0.141646347773712
-0.359815195709605, 0.0801659072696162, -0.154749132241363
-0.370146964390794, 0.0653318690980595, -0.156180712808083
-0.375392737182774, 0.057800148611786, -0.17224060398518
-0.380767908055115, 0.0500826423106506, -0.188168966054426
-0.386270525532921, 0.0421821520627549, -0.203963544529398
-0.391898976574754, 0.0341009938237672, -0.219621789761986
-0.397651975252442, 0.0258410138901164, -0.235140842854805
-0.403528545701845, 0.0174036133777527, -0.250517494027773
-0.409528013781297, 0.00878976019870679, -0.265748154594809
-0.415649999452757, 2.27499110466301E-17, -0.280828819704591
-0.263095286966998, 0.146270587224054, -2.6483766589004E-11
-0.27035308089133, 0.139012793299722, -0.0156020556448528
-0.27762993661317, 0.131735937577882, -0.0311863437400941
-0.284924848137954, 0.124441026053098, -0.0467537402493217
-0.292236812950443, 0.117129061240609, -0.0623051276976102
-0.299564831846756, 0.109801042344296, -0.0778413948200691
-0.306907908754915, 0.102457965436137, -0.0933634361857214
-0.314265050549025, 0.0951008236420264, -0.108872151832621
-0.321635266855973, 0.0877306073350788, -0.124368446910236
-0.329016933081181, 0.0803489411098707, -0.13985383927386
-0.337302255815034, 0.0720636183760181, -0.153091593992352
-0.350231961758917, 0.0591339124321344, -0.154664881591997
-0.357009216980549, 0.0523566572105031, -0.170693155507261
-0.363966330260151, 0.0453995439309006, -0.186566565028647
-0.371100610083035, 0.0382652641080172, -0.202281915553726
-0.378409817307715, 0.0309560568833366, -0.217835663656919
-0.385892146925641, 0.0234737272654105, -0.233223892958413
-0.393546203299805, 0.015819670891247, -0.248442265100552
-0.401370986250658, 0.00799488794039375, -0.263485983611182
-0.409365874191052, 2.04131373153547E-17, -0.278349741751161
-0.22665748953841, 0.13176757797939, -2.64823213215506E-11
-0.235543818372884, 0.12513056540703, -0.0153833833395069
-0.244442056565712, 0.118484657984772, -0.0307560387515354
-0.253351214129812, 0.111830595113197, -0.0461188392015781
-0.262270302582672, 0.105169115069157, -0.0614726600846741
-0.271198335653621, 0.0985009544775229, -0.0768183804719012
-0.280134327315267, 0.0918268497814675, -0.0921568825137357
-0.289076979946684, 0.0851477701468365, -0.107489336354132
-0.298024297828842, 0.078465206134304, -0.122817548630013
-0.306974196617122, 0.0717807144971354, -0.138143415748223
-0.316758016357311, 0.0644733847965476, -0.151566004506072
-0.33169327678944, 0.053318552119754, -0.153181600566881
-0.339844782119705, 0.0472303638061783, -0.169186058576921
-0.348223034639281, 0.0409728227740357, -0.18500705351221
-0.356824311431253, 0.0345487095918623, -0.200640504224918
-0.365645426246848, 0.0279604040020201, -0.216081945430659
-0.37468370280751, 0.0212099048608145, -0.231326493851735
-0.383936941894435, 0.0142988547186313, -0.24636879436388
-0.393403396757388, 0.00722855818657368, -0.261202972753135
-0.403081748929347, 1.81562295530216E-17, -0.275822581038996
-0.191393785738525, 0.116809722190682, -2.648399426179E-11
-0.201861936726, 0.110856660061828, -0.0151661560891863
-0.212334207085823, 0.104901255314918, -0.0303285485873122
-0.222809782793489, 0.0989439708720528, -0.0454879180825355
-0.233287889051393, 0.092985247347653, -0.0606449734206584
-0.243767088062857, 0.0870259023926069, -0.0758010310496248
-0.254245856300398, 0.0810668024114756, -0.0909574829087539
-0.264722670189256, 0.0751088138357056, -0.106115720868746
-0.275196006021969, 0.0691528031722092, -0.121277136608364
-0.285664111721895, 0.0631997667976261, -0.13644333340876
-0.296827231166388, 0.056851487747735, -0.150074454877076
-0.313380973961237, 0.0474376514894776, -0.151821064036353
-0.322886748774125, 0.0420318765716608, -0.167803523739833
-0.332664854531401, 0.0364712316072143, -0.183567062956492
-0.34271003404999, 0.0307587062680975, -0.199106782797547
-0.353017625507553, 0.0248969516545909, -0.214417395699272
-0.363583526626395, 0.0188883006633074, -0.229493181773487
-0.374404153489198, 0.0127347914079977, -0.244327931214138
-0.385476403720485, 0.00643818815763026, -0.258914888490252
-0.396797623667642, 1.59872225710274E-17, -0.273246696905001
-0.155974459210598, 0.100786356294897, -2.64829061450482E-11
-0.168031124696714, 0.0956053536456968, -0.0149500457325378
-0.180084930466271, 0.0904255798768263, -0.0299028299015626
-0.192134820037251, 0.0852474889808221, -0.0448593533184653
-0.204179737919691, 0.0800715345239129, -0.0598206180022455
-0.216218628770878, 0.07489817000905, -0.074787626163909
-0.228250395449486, 0.0697278669009298, -0.0897614123848127
-0.240273370157397, 0.0645613418874676, -0.104743571072652
-0.252285552468268, 0.0593994545939227, -0.119735979340228
-0.264284942624181, 0.0542430643583162, -0.134740517878081
-0.276816499910381, 0.0488579907180811, -0.148565803311319
-0.294653962007583, 0.0411928582246032, -0.150718357873495
-0.305574007690062, 0.0365002850023078, -0.166669109294431
-0.316811144470078, 0.0316714510686022, -0.182356794078984
-0.32835784703775, 0.0267095902073606, -0.197775878616238
-0.340207226305806, 0.0216176628042256, -0.212920486535376
-0.352352986297039, 0.0163983743729759, -0.227784344182765
-0.364789376779537, 0.0110541959091612, -0.242360718943011
-0.377511145697197, 0.00558738433171286, -0.256642356545059
-0.390513498405938, 1.39144190239684E-17, -0.270621424757723
-0.119545594842944, 0.0831482211802758, -2.65566173227693E-11
-0.133226898803308, 0.0788503526254603, -0.0147414065952595
-0.146900427903651, 0.074554926478656, -0.0294907364960261
-0.160564933734603, 0.0702623349173484, -0.0442492501731917
-0.174219166710209, 0.065972970488636, -0.059018206889058
-0.187861873355055, 0.0616872269614599, -0.0737988618325813
-0.201491797553727, 0.0574054989340945, -0.0885924674963011
-0.215107679826879, 0.0531281820615664, -0.103400272910922
-0.22870825700933, 0.0488556731567758, -0.118223523300681
-0.242292188320817, 0.0445883934147603, -0.133063534207729
-0.256269418409203, 0.0401975621128366, -0.147005398434657
-0.275037016630187, 0.0343018762573755, -0.150089707467481
-0.287495728439886, 0.0303880749212203, -0.165976840020872
-0.300314481393825, 0.0263611696355621, -0.181546115556437
-0.313482496757395, 0.0222245464507855, -0.196791798050196
-0.326989677330218, 0.0179813773189298, -0.211707929036691
-0.34082656298608, 0.0136346340604509, -0.226288258000334
-0.354984282620021, 0.00918710345964738, -0.240526172336497
-0.369454500815716, 0.00464140401866038, -0.254414625292747
-0.384229373144233, 1.1946403512599E-17, -0.267946074895882
-0.0815171584652776, 0.0633198828452034, -2.68164184240503E-11
-0.0968729483070691, 0.060039738862596, -0.0145556308783704
-0.112218513187653, 0.0567617790297668, -0.0291225267115657
-0.127553298215934, 0.0534861218767756, -0.0437012986595863
-0.142876315058609, 0.0502129785210947, -0.0582929939249279
-0.158186449778166, 0.0469425869104601, -0.0728988250355343
-0.173482576971802, 0.0436751874417039, -0.0875199938198115
-0.188763569474993, 0.0404110208879784, -0.102157700661291
-0.204028296222892, 0.0371503288555833, -0.116813142476096
-0.219275545379296, 0.033893370204353, -0.131487599017633
-0.234855909260888, 0.0305652550530275, -0.145367365719796
-0.254133635555148, 0.0264473478301521, -0.150283073855504
-0.268316527485877, 0.023417746090231, -0.166033198704908
-0.282897560260064, 0.0203030976477078, -0.181398506402982
-0.297861520302039, 0.0171066522682536, -0.196373942305934
-0.31319397128504, 0.0138314936897193, -0.210954434400741
-0.328881229512215, 0.0104805448809882, -0.225134808639434
-0.344910313590264, 0.00705657879216971, -0.238909689203435
-0.361268895989295, 0.00356222870187774, -0.252273410553243
-0.377945247882528, 1.00920576276247E-17, -0.265219931249283
-0.0312714065983847, 0.038044329951931, -3.28501996438302E-08
-0.0508792892965112, 0.0377706748643929, -0.0117715722508833
-0.0696261788218337, 0.0367055908154162, -0.0248306720058958
-0.0875398084187739, 0.0349611879507227, -0.0389477430815582
-0.104973749667197, 0.0328589636894517, -0.0536102949939161
-0.122344923721514, 0.0307186344673658, -0.0683420278499443
-0.139706412962611, 0.0285794985260957, -0.0830853521403674
-0.1570579122075, 0.0264415934677092, -0.0978406018713237
-0.174407300527344, 0.0243107681360826, -0.112599358379889
-0.191745812849797, 0.0221832275914165, -0.127371362654924
-0.209040730995573, 0.020039620715557, -0.142192043444777
-0.229220618099689, 0.0175503148654173, -0.149458869406555
-0.245615563197137, 0.0155302683229764, -0.16528451497611
-0.262454861808538, 0.0134554722968291, -0.180629242074206
-0.279716430141484, 0.0113286477651934, -0.195490052135294
-0.297379288222139, 0.00915237970309398, -0.209864237172491
-0.315423543324019, 0.00692911912412773, -0.223749226159418
-0.333830348443968, 0.0046611881967028, -0.237142433250219
-0.352581849028713, 0.00235078680794268, -0.250041116913668
-0.371661122620824, 8.36057601210902E-18, -0.262442250035803
-0.000919886366175515, 0.00986930273533295, -1.10519716832735E-05
-0.0199980452794515, 0.0103545693573781, -0.0139734034266429
-0.0389874779243678, 0.0106055276939102, -0.0280623496499877
-0.0578918356719535, 0.0106430381092999, -0.0422674471192151
-0.0767160882413712, 0.0104899241994313, -0.056577795631776
-0.0954664700867516, 0.010170793431622, -0.0709821107786069
-0.114150396696182, 0.00971182718000365, -0.0854687960433681
-0.132776343045149, 0.0091405449848533, -0.100026005389714
-0.151353688353923, 0.00848554827650242, -0.114641695797432
-0.169892537117216, 0.00777624844738355, -0.129303673878084
-0.189251225444676, 0.00700882602150559, -0.141840938837468
-0.207746811209068, 0.00627280458986127, -0.155894618719448
-0.226125199229848, 0.0055414469764802, -0.17075479357787
-0.244931164112846, 0.00479307418244408, -0.18506921067756
-0.264138393257734, 0.00402873330285559, -0.198839720455467
-0.283722151888874, 0.00324940864412597, -0.212068460467391
-0.303659182591702, 0.00245602572201149, -0.224757724064078
-0.323927594031828, 0.00164945568986103, -0.236909859211194
-0.344506708091152, 0.000830521421751402, -0.248527265003532
-0.365376997359119, 6.76148352796891E-18, -0.259612258327487
