-3.20676695119694, 0.408214185984839, -2.31787367077629E-11
-3.20676695119694, 0.399655907435051, -0.0298289295110922
-3.20676695119694, 0.391097628885262, -0.0596578589990057
-3.20676695119694, 0.382539350335474, -0.0894867884869191
-3.20676695119694, 0.373981071785686, -0.119315717974833
-3.20676695119694, 0.365422793235898, -0.149144647462746
-3.20676695119694, 0.35686451468611, -0.17897357695066
-3.20676695119694, 0.348306236136322, -0.208802506438573
-3.20676695119694, 0.33646008382706, -0.234267581133737
-3.20676695119694, 0.305521931153701, -0.235334779299067
-3.20676695119694, 0.274969738038331, -0.24077285450743
-3.20676695119694, 0.244417544922961, -0.246210929715793
-3.20676695119694, 0.213865351807591, -0.251649004924156
-3.20676695119694, 0.183313158692221, -0.257087080132519
-3.20676695119694, 0.152760965576851, -0.262525155340882
-3.20676695119694, 0.122208772461481, -0.267963230549245
-3.20676695119694, 0.0916565793461105, -0.273401305757608
-3.20676695119694, 0.0611043862307405, -0.278839380965971
-3.20676695119694, 0.0305521931153705, -0.284277456174334
-3.20676695119694, 1.95215988938465E-16, -0.289715531382697
-3.142631612173, 0.410028760693838, -1.15893430380311E-11
-3.142631612173, 0.401448755165441, -0.0299229798305054
-3.142631612173, 0.392868881477659, -0.0598459974543331
-3.142631612173, 0.384289144060961, -0.0897690541489373
-3.142631612173, 0.37570954734459, -0.119692151184453
-3.142631612173, 0.367130095757084, -0.149615289833489
-3.142631612173, 0.358550793728064, -0.179538471364863
-3.142631612173, 0.349971645687153, -0.209461697047394
-3.142631612173, 0.337465536248663, -0.234173746563644
-3.142631612173, 0.306440235360631, -0.235341945959566
-3.142631612173, 0.275796193461441, -0.240814049053912
-3.142631612173, 0.245152155644036, -0.24628617500676
-3.142631612173, 0.214508121907932, -0.25175832381564
-3.142631612173, 0.183864092252947, -0.257230495478028
-3.142631612173, 0.153220066678469, -0.262702689991478
-3.142631612173, 0.122576045184107, -0.268174907353502
-3.142631612173, 0.0919320277694707, -0.273647147561616
-3.142631612173, 0.0612880144341683, -0.279119410613331
-3.142631612173, 0.0306440051778086, -0.284591696506163
-3.142631612173, 1.80775732506238E-16, -0.290064005237625
-3.07849627314906, 0.411843329279435, -1.15894015842689E-11
-3.07849627314906, 0.403248129630889, -0.0300212142169529
-3.07849627314906, 0.394653345549466, -0.0600425474098723
-3.07849627314906, 0.386058989106316, -0.0900640030679324
-3.07849627314906, 0.377465072386738, -0.120085584619296
-3.07849627314906, 0.36887160747929, -0.150107295480739
-3.07849627314906, 0.360278606467106, -0.180129139087987
-3.07849627314906, 0.35168608143332, -0.210151118876765
-3.07849627314906, 0.338480973812657, -0.234054795103123
-3.07849627314906, 0.307368674815851, -0.235348468483093
-3.07849627314906, 0.276631816747629, -0.240861753892351
-3.07849627314906, 0.245894956563593, -0.24637502750592
-3.07849627314906, 0.215158094272709, -0.251888289373833
-3.07849627314906, 0.184421229884017, -0.25740153954611
-3.07849627314906, 0.153684363406449, -0.262914778072792
-3.07849627314906, 0.12294749484899, -0.268428005003907
-3.07849627314906, 0.0922106242206285, -0.273941220389487
-3.07849627314906, 0.0614737515303517, -0.27945442427956
-3.07849627314906, 0.0307368767871465, -0.284967616724157
-3.07849627314906, 1.80497750951686E-16, -0.290480797773307
-3.01436093412512, 0.413657970472513, -1.15894367021215E-11
-3.01436093412512, 0.405050670001121, -0.0301208269527235
-3.01436093412512, 0.39644404690624, -0.0602418474933318
-3.01436093412512, 0.387838115184424, -0.0903630655530364
-3.01436093412512, 0.37923288881336, -0.120484485117484
-3.01436093412512, 0.37062838176131, -0.150606110205329
-3.01436093412512, 0.362024608013859, -0.180727944774603
-3.01436093412512, 0.353421581556588, -0.210849992783338
-3.01436093412512, 0.339485869817467, -0.233902546393768
-3.01436093412512, 0.308288067538835, -0.235340609232171
-3.01436093412512, 0.2774593882282, -0.240903195931962
-3.01436093412512, 0.246630679960126, -0.246465622161336
-3.01436093412512, 0.215801942970656, -0.252027889234508
-3.01436093412512, 0.184973177508389, -0.257589998463428
-3.01436093412512, 0.154144383802636, -0.263151951163526
-3.01436093412512, 0.12331556209278, -0.268713748648415
-3.01436093412512, 0.0924867126182047, -0.274275392231709
-3.01436093412512, 0.061657835618294, -0.27983688322702
-3.01436093412512, 0.0308289313324314, -0.285398222947961
-3.01436093412512, 1.80066554837187E-16, -0.290959412708145
-2.95022559510118, 0.41548278583636, -1.15893667672071E-11
-2.95022559510118, 0.406862746594664, -0.0302190640280356
-2.95022559510118, 0.398243190584177, -0.0604382658795309
-2.95022559510118, 0.389624093995419, -0.0906575987724032
-2.95022559510118, 0.381005421685944, -0.120877052700861
-2.95022559510118, 0.372387137392606, -0.151096617296306
-2.95022559510118, 0.363769204853405, -0.18131628218612
-2.95022559510118, 0.35515158780306, -0.211536037009194
-2.95022559510118, 0.340461108495161, -0.2337088803584
-2.95022559510119, 0.309180809497143, -0.235307773294789
-2.95022559510118, 0.278263114757314, -0.240928543374335
-2.95022559510118, 0.247345331347632, -0.246548825866901
-2.95022559510118, 0.216427460314524, -0.252168626556977
-2.95022559510118, 0.185509502808943, -0.257787951210054
-2.95022559510118, 0.154591459813727, -0.26340680562218
-2.95022559510118, 0.123673332400501, -0.269025195573263
-2.95022559510118, 0.0927551216408908, -0.274643126843212
-2.95022559510118, 0.0618368286065204, -0.280260605211936
-2.95022559510118, 0.0309184543690153, -0.285877636459343
-2.95022559510118, 1.79504931695928E-16, -0.291494226365341
-2.88609025607723, 0.417377159794492, -1.15893965160008E-11
-2.88609025607724, 0.408732798910795, -0.0303118367056639
-2.88609025607724, 0.400087943801117, -0.0606235324831557
-2.88609025607724, 0.391442510530863, -0.0909350634465105
-2.88609025607725, 0.382796415196269, -0.121246405590074
-2.88609025607725, 0.3741495738974, -0.151557534894761
-2.88609025607724, 0.365501902725218, -0.181868427373409
-2.88609025607725, 0.356853317770686, -0.212179059038859
-2.88609025607724, 0.341394889233824, -0.233465609725165
-2.88609025607724, 0.310035859717637, -0.235238376544219
-2.88609025607724, 0.279033117245153, -0.240927169824839
-2.88609025607724, 0.248030179182371, -0.24661489791755
-2.88609025607724, 0.217027048506817, -0.252301577061327
-2.88609025607725, 0.186023728634756, -0.25798722341468
-2.88609025607724, 0.155020222242553, -0.263671853271817
-2.88609025607724, 0.124016532402225, -0.269355482854367
-2.88609025607724, 0.0930126621857892, -0.275038128383957
-2.88609025607725, 0.0620086146652618, -0.280719806082218
-2.88609025607725, 0.0310043929126598, -0.286400532170777
-2.88609025607725, 1.51077718099348E-16, -0.292080322871265
-2.82195491705331, 0.41931822851246, -1.15894900325983E-11
-2.82195491705331, 0.410635179022168, -0.0303961666782777
-2.82195491705331, 0.401950198165078, -0.0607917819000745
-2.82195491705331, 0.393263136536583, -0.0911868033187098
-2.8219549170533, 0.384573845021968, -0.121581187561115
-2.82195491705331, 0.375882174533366, -0.151974891160514
-2.82195491705331, 0.367187975907547, -0.182367870913851
-2.8219549170533, 0.358491099981282, -0.212760083618071
-2.82195491705331, 0.342262309912421, -0.233164433919631
-2.82195491705331, 0.31083047192317, -0.235123036688266
-2.82195491705331, 0.279748990443358, -0.240890513177216
-2.82195491705331, 0.248667142417591, -0.246656016917936
-2.82195491705331, 0.21758493462759, -0.25241958409909
-2.82195491705331, 0.186502375193963, -0.258181250661133
-2.82195491705331, 0.155419469838398, -0.263941052989247
-2.82195491705331, 0.124336225582851, -0.269699027227461
-2.82195491705331, 0.0932526494492806, -0.275455209519809
-2.82195491705331, 0.0621687484596439, -0.28120963601032
-2.82195491705331, 0.031084529635898, -0.286962342843027
-2.82195491705331, 1.78070161214531E-16, -0.292713366161959
-2.75781957802937, 0.421266340289549, -1.15895239285547E-11
-2.75781957802937, 0.412530569126388, -0.0304697115125466
-2.75781957802937, 0.403790974950208, -0.0609383279348474
-2.75781957802937, 0.395047327201772, -0.0914057841566886
-2.75781957802937, 0.386299396306965, -0.121872011620388
-2.75781957802937, 0.377546952758779, -0.152336941535807
-2.75781957802937, 0.368789766818935, -0.182800505918895
-2.75781957802937, 0.360027608749152, -0.213262636785604
-2.75781957802937, 0.343035754561569, -0.232797021493925
-2.75781957802937, 0.311539487137257, -0.2349528028496
-2.75781957802937, 0.280388168136868, -0.240810472836173
-2.75781957802937, 0.249236227723109, -0.246664845577525
-2.75781957802937, 0.218083679413946, -0.252515990912785
-2.75781957802937, 0.186930540027473, -0.258363978061557
-2.75781957802937, 0.155776820044508, -0.264208877433243
-2.75781957802937, 0.124622533431271, -0.270050758782423
-2.75781957802937, 0.0934676941539824, -0.275889691863674
-2.75781957802937, 0.0623123161788612, -0.281725746431576
-2.75781957802937, 0.0311564134721273, -0.287558992240708
-2.75781957802937, 1.49476974603711E-16, -0.293389499045649
-2.69368423900542, 0.423181167985457, -1.1589445677048E-11
-2.69368423900542, 0.414379033908972, -0.0305301345374425
-2.69368423900543, 0.40557075003937, -0.061058498486298
-2.69368423900543, 0.396755992725188, -0.0915849943399141
-2.69368423900543, 0.387934438116014, -0.122109525265679
-2.69368423900543, 0.379105761598811, -0.152631997061022
-2.69368423900543, 0.370269638977859, -0.183152314066811
-2.69368423900543, 0.361425745163687, -0.213670383694694
-2.69368423900543, 0.343687448464133, -0.232354695607108
-2.69368423900543, 0.312137614121627, -0.234718620536982
-2.69368423900543, 0.280927978111889, -0.240678922241199
-2.69368423900543, 0.249717358173023, -0.246634090322065
-2.69368423900543, 0.218505779016959, -0.252584246853531
-2.69368423900543, 0.187293272345238, -0.258529512578322
-2.69368423900543, 0.156079855324613, -0.264470011008246
-2.69368423900543, 0.124865553241145, -0.270405864106576
-2.69368423900543, 0.0936503913808907, -0.276337193836591
-2.69368423900543, 0.0624343950299094, -0.282264122161565
-2.69368423900543, 0.0312175894742597, -0.288186771044776
-2.69368423900543, 1.76336289600617E-16, -0.294105262449499
-2.62954889998145, 0.425021748465475, -1.15893856540916E-11
-2.62954889998147, 0.416140201332457, -0.0305751652780697
-2.62954889998148, 0.407249759345994, -0.0611477517972602
-2.62954889998148, 0.398349991038601, -0.0917176254511591
-2.62954889998149, 0.389440464445293, -0.122284653820907
-2.62954889998149, 0.380520746078285, -0.152848709686054
-2.62954889998149, 0.371590403282348, -0.18340966293343
-2.62954889998149, 0.362649003525427, -0.213967382994988
-2.62954889998149, 0.344189617180382, -0.231828514698361
-2.62954889998149, 0.312599564457701, -0.234411169924808
-2.62954889998149, 0.281345758457764, -0.24048756227919
-2.62954889998149, 0.250090483234312, -0.246556366253194
-2.62954889998149, 0.218833766869711, -0.252617783138139
-2.62954889998149, 0.187575662179639, -0.258672009423201
-2.62954889998149, 0.156316198812987, -0.264719246085634
-2.62954889998149, 0.125055425856313, -0.270759690336737
-2.62954889998149, 0.0937933797161073, -0.27679354183923
-2.62954889998149, 0.0625301002007929, -0.282820999594709
-2.62954889998149, 0.0312656224269057, -0.288842263505497
-2.62954889998149, 1.75396286301716E-16, -0.294857529912678
-2.55541356095755, 0.427003070397491, -1.15894633012128E-11
-2.55541356095755, 0.418014299429128, -0.030605106988606
-2.55541356095755, 0.409012961175275, -0.0612065172846161
-2.55541356095755, 0.399998481840548, -0.0918040647203169
-2.55541356095755, 0.39097029241524, -0.122397566778866
-2.55541356095755, 0.381927821033684, -0.15298685056154
-2.55541356095755, 0.372870496808411, -0.18357173976126
-2.55541356095755, 0.36379774907443, -0.214152057229104
-2.55541356095755, 0.344547338850789, -0.231103756093927
-2.55541356095755, 0.312930681408865, -0.233951697030898
-2.55541356095755, 0.281646942985038, -0.240180530972831
-2.55541356095755, 0.250360949725941, -0.246398022848132
-2.55541356095755, 0.219072772451917, -0.252604498902721
-2.55541356095755, 0.187782478103658, -0.258800286143722
-2.55541356095755, 0.156490129463467, -0.264985712388292
-2.55541356095755, 0.125195798893385, -0.271161103548841
-2.55541356095755, 0.0938995541224506, -0.277326786447237
-2.55541356095755, 0.0626014625734056, -0.283483087957506
-2.55541356095755, 0.0313015913730306, -0.289630335004028
-2.55541356095755, 2.29784966011482E-16, -0.295768856002617
-2.4050752133976, 0.430285199452415, -1.15893898402844E-11
-2.40507521339766, 0.421033341380581, -0.0305797953760512
-2.40507521339769, 0.411759993044955, -0.0611530899712929
-2.4050752133977, 0.402464312500003, -0.0917195972157165
-2.4050752133977, 0.39314545307319, -0.122279045792387
-2.4050752133977, 0.383802554966684, -0.152831151304537
-2.4050752133977, 0.374434605160617, -0.183375589159872
-2.4050752133977, 0.365040553751474, -0.21391200713121
-2.4050752133977, 0.344368310784047, -0.229189651778812
-2.4050752133977, 0.31277822485141, -0.232611619803568
-2.4050752133977, 0.281519950763591, -0.239217797432861
-2.4050752133977, 0.250256868790571, -0.245801166694958
-2.4050752133977, 0.218989153035415, -0.252362492758288
-2.4050752133977, 0.187716979632079, -0.258902540289841
-2.4050752133977, 0.156440523132622, -0.265422074219486
-2.4050752133977, 0.125159956564816, -0.271921859727992
-2.4050752133977, 0.0938754514888799, -0.278402662236059
-2.4050752133977, 0.0625871780545216, -0.284865247394049
-2.4050752133977, 0.0312953050581063, -0.291310381072455
-2.4050752133977, 1.71963005690175E-16, -0.29773882935305
-2.24473686583786, 0.432202571507734, -1.15893570547787E-11
-2.24473686583786, 0.42261035358021, -0.0303964479868662
-2.24473686583786, 0.412984141502877, -0.0607821473590803
-2.24473686583786, 0.403322504092768, -0.0911566010740218
-2.24473686583786, 0.393624011340701, -0.121519306890538
-2.24473686583786, 0.383887234462962, -0.1518697571682
-2.24473686583786, 0.374110745958666, -0.182207438655254
-2.24473686583786, 0.364293119672388, -0.212531832278851
-2.24473686583786, 0.342466751641313, -0.226360700979682
-2.24473686583786, 0.311056554584346, -0.230435841534964
-2.24473686583786, 0.279989888795026, -0.237564439270135
-2.24473686583786, 0.248913438309745, -0.244650260790869
-2.24473686583786, 0.217827634278124, -0.251694935454537
-2.24473686583786, 0.186732901238858, -0.258700093685539
-2.24473686583786, 0.155629657367675, -0.265667366911093
-2.24473686583786, 0.12451831474892, -0.272598387498958
-2.24473686583786, 0.0933992796369426, -0.279494788704462
-2.24473686583786, 0.0622729527207516, -0.286358204623457
-2.24473686583786, 0.0311397293895679, -0.293190270151439
-2.24473686583786, 1.69608696922706E-16, -0.299992620948371
-2.08439851827801, 0.431827324317143, -1.15893621222722E-11
-2.08439851827801, 0.421840448884845, -0.0300181531676828
-2.08439851827801, 0.411806914699312, -0.0600207427202399
-2.08439851827801, 0.401725380361873, -0.0900072370317001
-2.08439851827801, 0.391594448470447, -0.119977078231287
-2.08439851827801, 0.381412709311936, -0.149929696425014
-2.08439851827801, 0.371178754517687, -0.17986451401712
-2.08439851827801, 0.360891177048728, -0.209780945462587
-2.08439851827801, 0.338347334040674, -0.222539646057104
-2.08439851827801, 0.307308310809577, -0.227266424338804
-2.08439851827801, 0.276649654905946, -0.235068584091718
-2.08439851827801, 0.245972395901666, -0.242797278723572
-2.08439851827801, 0.215277629932962, -0.250456149131221
-2.08439851827801, 0.184566363687166, -0.258048589437661
-2.08439851827801, 0.153839526739548, -0.265577774285178
-2.08439851827801, 0.123097983264824, -0.2730466828452
-2.08439851827801, 0.0923425336297131, -0.280458122418582
-2.08439851827801, 0.0615739259911375, -0.287814747212753
-2.08439851827801, 0.0307928570377576, -0.295119077806802
-2.08439851827801, 1.39821232363976E-16, -0.3023735126092
-1.92406017071833, 0.428413979087651, -1.15893919511294E-11
-1.92406017071826, 0.418035648819452, -0.0294459225342771
-1.92406017071822, 0.407603601865474, -0.0588728570844564
-1.92406017071819, 0.397116706475184, -0.0882802897114156
-1.92406017071817, 0.386573831636962, -0.117667699371998
-1.92406017071816, 0.375973847111728, -0.147034557766065
-1.92406017071816, 0.365315623470536, -0.176380329178067
-1.92406017071816, 0.354598025765615, -0.205704472281556
-1.92406017071816, 0.331753311134234, -0.217703111783359
-1.92406017071816, 0.301293624630785, -0.223049538346147
-1.92406017071816, 0.271286941651475, -0.231673349335147
-1.92406017071816, 0.241248227895266, -0.240184927163418
-1.92406017071816, 0.211179543757697, -0.248590022563434
-1.92406017071816, 0.181082773892496, -0.256893978852808
-1.92406017071816, 0.150959633820913, -0.265101783031575
-1.92406017071816, 0.120811714466848, -0.273218100175213
-1.92406017071816, 0.0906404796202812, -0.281247315623321
-1.92406017071816, 0.0604472837672128, -0.28919356725347
-1.92406017071816, 0.0302333976540924, -0.297060772393145
-1.92406017071816, 1.66101337215778E-16, -0.304852660891405
-1.76372182315837, 0.421537582097944, -1.15893372696421E-11
-1.76372182315832, 0.410834969015211, -0.0287052875544064
-1.76372182315832, 0.400076439993002, -0.0573896648950479
-1.76372182315832, 0.389261036369516, -0.0860526459555727
-1.76372182315832, 0.378387748362886, -0.114693718476027
-1.76372182315832, 0.367455566664109, -0.143312363076184
-1.76372182315832, 0.35646348246711, -0.171908053108065
-1.76372182315832, 0.345410487501776, -0.20048025451531
-1.76372182315832, 0.322635279545749, -0.211967602965854
-1.76372182315832, 0.292964581668693, -0.217900805268996
-1.76372182315832, 0.263863476340056, -0.227474882523614
-1.76372182315832, 0.234710751428464, -0.236890624485165
-1.76372182315832, 0.205509985668493, -0.246156305270253
-1.76372182315832, 0.17626441804432, -0.255279613315356
-1.76372182315832, 0.146977010182954, -0.264267712938017
-1.76372182315832, 0.117650471083834, -0.273127308261596
-1.76372182315832, 0.0882872856308794, -0.281864697836031
-1.76372182315832, 0.0588897531153659, -0.290485819868615
-1.76372182315832, 0.0294599989887908, -0.298996300251643
-1.76372182315832, 1.65459183506621E-16, -0.307401492417591
-1.60338347560025, 0.411133054833882, -1.15893853154015E-11
-1.60338347559928, 0.400201534872137, -0.0278215954886582
-1.60338347559875, 0.38921385724836, -0.0556210600697243
-1.60338347559852, 0.378168863901951, -0.0833978021259698
-1.60338347559847, 0.367065397780276, -0.111151221802422
-1.60338347559847, 0.355902281212179, -0.138880702092157
-1.60338347559847, 0.344678145352083, -0.166585539305423
-1.60338347559847, 0.333391530968954, -0.194264982005934
-1.60338347559847, 0.311009988512252, -0.20545801762749
-1.60338347559847, 0.282326916475989, -0.211918639925581
-1.60338347559847, 0.254390309568742, -0.222552602190739
-1.60338347559847, 0.226374772710157, -0.232976869120089
-1.60338347559847, 0.198286039284571, -0.24320228532457
-1.60338347559847, 0.170129308189448, -0.253238967056765
-1.60338347559847, 0.141909313062161, -0.263096382119371
-1.60338347559847, 0.113630373652601, -0.272783424597138
-1.60338347559847, 0.0852964635493819, -0.282308474523223
-1.60338347559847, 0.0569112212553587, -0.291679469046665
-1.60338347559847, 0.0284780233355024, -0.300903946289399
-1.60338347559847, 1.66003173380033E-16, -0.309989103757248
-1.44304512803864, 0.397270147162307, -1.15893387917062E-11
-1.44304512803863, 0.386198455332836, -0.0268097425236874
-1.44304512803863, 0.375069507701275, -0.053595768188486
-1.44304512803862, 0.363882701376742, -0.0803576814836671
-1.44304512803862, 0.352637433019798, -0.107095081713997
-1.44304512803862, 0.341333098854212, -0.133807562936181
-1.44304512803862, 0.329969094683323, -0.160494713878345
-1.44304512803862, 0.318544815906542, -0.18715611786482
-1.44304512803862, 0.2968836251406, -0.198313527981764
-1.44304512803862, 0.269368444968241, -0.205202226070909
-1.44304512803862, 0.242861212855477, -0.216979510455515
-1.44304512803862, 0.216239172335336, -0.228494955516577
-1.44304512803862, 0.18951069466643, -0.239761173090919
-1.44304512803862, 0.162683421080893, -0.250790095675715
-1.44304512803862, 0.135764345062533, -0.261593040352825
-1.44304512803862, 0.108759886715883, -0.272180768239226
-1.44304512803862, 0.0816759586227118, -0.282563540858806
-1.44304512803862, 0.0545180200756418, -0.292751175567228
-1.44304512803862, 0.0272911317185981, -0.302753096373865
-1.44304512803862, 1.68219224924333E-16, -0.312578385243141
-1.28270678048327, 0.379935717247887, -1.15892612611846E-11
-1.28270678048004, 0.368815685288743, -0.0256952255083377
-1.28270678047891, 0.357643375542081, -0.0513677636422814
-1.28270678047878, 0.346418373568187, -0.0770173023089781
-1.28270678047878, 0.335140292646147, -0.102643554684485
-1.28270678047877, 0.323808298512622, -0.128246007809996
-1.28270678047878, 0.312421356785782, -0.153824069569003
-1.28270678047878, 0.300978435684393, -0.179377136503271
-1.28270678047878, 0.280310860882535, -0.190711896981912
-1.28270678047878, 0.254099801725644, -0.197839108297235
-1.28270678047878, 0.229285364605945, -0.210805733076216
-1.28270678047878, 0.204313274581178, -0.22346610976933
-1.28270678047877, 0.179194149233633, -0.235832229566121
-1.28270678047878, 0.153937905490957, -0.247915866923882
-1.28270678047878, 0.128553804454255, -0.259728583604176
-1.28270678047877, 0.103050504837765, -0.271281731544404
-1.28270678047877, 0.0774361079855133, -0.282586462464362
-1.28270678047878, 0.0517182126542566, -0.293653735595249
-1.28270678047878, 0.0259039432765753, -0.3044943392123
-1.28270678047878, 1.72839040567888E-16, -0.315118904497655
-1.12236843291931, 0.359274561763371, -1.15893490096664E-11
-1.122368432919, 0.348209311555435, -0.0245048401971199
-1.12236843291893, 0.337092569752836, -0.0489863635787342
-1.12236843291893, 0.325922404809198, -0.073443557320877
-1.12236843291893, 0.314695943449455, -0.0978749600177637
-1.12236843291893, 0.30340987495037, -0.122278883669237
-1.12236843291893, 0.29206081902939, -0.146653577836666
-1.12236843291893, 0.280644523200635, -0.170996850169542
-1.12236843291893, 0.261263270473089, -0.182835889120465
-1.12236843291893, 0.236411531537303, -0.189835404526733
-1.12236843291893, 0.213559622560031, -0.204002420812159
-1.12236843291893, 0.190504296743155, -0.217835966139521
-1.12236843291893, 0.167256420517479, -0.231343436250664
-1.12236843291893, 0.143826695852182, -0.244532992932393
-1.12236843291893, 0.120225639199093, -0.257413488936809
-1.12236843291893, 0.0964635243137298, -0.269994415649461
-1.12236843291893, 0.0725503551470403, -0.282285836198913
-1.12236843291893, 0.0484958365023163, -0.294298323543741
-1.12236843291893, 0.0243093680169778, -0.306042891167285
-1.12236843291893, 1.53343926866948E-16, -0.317530947211608
-0.95203008536202, 0.333665640286823, -1.15893258488773E-11
-0.952030085359086, 0.322684978878742, -0.0230924284571895
-0.952030085359082, 0.311633850262279, -0.0461512109132822
-0.952030085359081, 0.300506562718168, -0.0691733455726545
-0.952030085359081, 0.289297166480059, -0.0921556069426078
-0.952030085359081, 0.277999482022177, -0.115094593444891
-0.952030085359082, 0.266606139552179, -0.137986215624915
-0.952030085359082, 0.255109402237638, -0.160826081153409
-0.952030085359081, 0.237690654730965, -0.174111239221633
-0.952030085359082, 0.214161847165913, -0.180116271882901
-0.952030085359082, 0.19372072795616, -0.195478000541696
-0.952030085359082, 0.173041401294707, -0.210517542730595
-0.952030085359082, 0.152131110875955, -0.22523428268581
-0.952030085359082, 0.130997674939108, -0.23962876055651
-0.952030085359082, 0.109649411965311, -0.253702671321614
-0.952030085359082, 0.0880950375277311, -0.267458861492685
-0.952030085359082, 0.0663435838363896, -0.280901290951932
-0.952030085359082, 0.0444043205582109, -0.294034978855533
-0.952030085359082, 0.0222866426047392, -0.306865956278052
-0.952030085359082, 2.5038013871456E-16, -0.319401182846356
-0.897894746336579, 0.324556405382987, -1.15893451111499E-11
-0.897894746335142, 0.313587230700061, -0.0225808472272808
-0.897894746335142, 0.302537025633149, -0.0451221569979272
-0.897894746335143, 0.291399328043429, -0.0676203587520312
-0.897894746335143, 0.28016733347168, -0.0900716244166701
-0.897894746335143, 0.268835186120739, -0.112472513576739
-0.897894746335143, 0.257403298703649, -0.134822663504879
-0.897894746335143, 0.24587970665437, -0.157125674348833
-0.897894746335143, 0.229337186095035, -0.171234094908083
-0.897894746335144, 0.206148167352387, -0.176602311447607
-0.897894746335143, 0.186547666584357, -0.192287516346734
-0.897894746335143, 0.166704222030857, -0.207664223569377
-0.897894746335143, 0.146623303445498, -0.222729489558478
-0.897894746335143, 0.126311101050227, -0.237481447029341
-0.897894746335143, 0.10577446759669, -0.251919332079514
-0.897894746335143, 0.0850208238937761, -0.266043512625963
-0.897894746335143, 0.0640580861195229, -0.279855477278358
-0.897894746335143, 0.0428945793923921, -0.293357813285487
-0.897894746335143, 0.0215389338323793, -0.306554176952233
-0.897894746335143, 2.55063199594242E-16, -0.319449235758198
-0.833759407311225, 0.312962783785915, -1.1589423380579E-11
-0.833759407311204, 0.301988253045043, -0.0219228524396005
-0.833759407311204, 0.290920038169772, -0.043798553427533
-0.833759407311204, 0.279757786069003, -0.065626424383086
-0.833759407311204, 0.268509701544315, -0.0874101930506215
-0.833759407311204, 0.257185310958889, -0.109154394316016
-0.833759407311204, 0.245791457428218, -0.130862279770164
-0.833759407311204, 0.234332122276528, -0.152535670212048
-0.833759407311204, 0.21895218927457, -0.167744687907029
-0.833759407311204, 0.196040192776773, -0.171997991820946
-0.833759407311204, 0.177477185382573, -0.188012224362122
-0.833759407311204, 0.158670740594623, -0.20373985753807
-0.833759407311204, 0.139624130278281, -0.219175769107672
-0.833759407311204, 0.120341406797624, -0.234315696610276
-0.833759407311204, 0.100827372920874, -0.249156287419758
-0.833759407311204, 0.081087512716031, -0.263695156409609
-0.833759407311204, 0.0611279394343495, -0.277930907088477
-0.833759407311204, 0.0409553304714023, -0.291863141484272
-0.833759407311204, 0.0205768349764749, -0.305492468629493
-0.833759407311204, 2.04448417096073E-16, -0.318820481079936
-0.769624068287831, 0.300305339629857, -1.1589239276506E-11
-0.769624068287265, 0.289339613284163, -0.02121100375108
-0.769624068287265, 0.278304676893415, -0.042386091162883
-0.769624068287265, 0.267205689631254, -0.0635276734139392
-0.769624068287265, 0.256045816208567, -0.0846371837254993
-0.769624068287265, 0.244825703206537, -0.105714734361573
-0.769624068287265, 0.233544741156756, -0.126759781907232
-0.769624068287265, 0.222199311482591, -0.147770142555071
-0.769624068287265, 0.208063734943722, -0.1641568526763
-0.769624068287265, 0.18522752331355, -0.166773171881414
-0.769624068287265, 0.167746071653551, -0.183037953492675
-0.769624068287265, 0.150026614251375, -0.199043104971975
-0.769624068287265, 0.132070446145197, -0.214782223856437
-0.769624068287265, 0.113879560598888, -0.230249461407702
-0.769624068287265, 0.0954566443908823, -0.245439576188683
-0.769624068287265, 0.0768050421342143, -0.26034799901063
-0.769624068287265, 0.0579287281772123, -0.274970875055458
-0.769624068287265, 0.0388322886962631, -0.289305083573359
-0.769624068287265, 0.0195208413340221, -0.303348289965586
-0.769624068287265, 2.07716713436861E-16, -0.317098946994612
-0.705488729266895, 0.286626553958706, -1.15894487134996E-11
-0.705488729263406, 0.27578611508362, -0.0204795493183118
-0.705488729263326, 0.264890247534767, -0.0409296624777925
-0.705488729263326, 0.253937615194911, -0.0613494289797796
-0.705488729263326, 0.242924812530523, -0.0817368062090812
-0.705488729263326, 0.231847968266961, -0.102089457799089
-0.705488729263326, 0.22070126959556, -0.12240393331448
-0.705488729263327, 0.209478310537251, -0.14267637425304
-0.705488729263326, 0.196740833918605, -0.160457119349545
-0.705488729263326, 0.173686590568587, -0.160737432259201
-0.705488729263326, 0.157329979342719, -0.177150240240495
-0.705488729263326, 0.1407463792198, -0.193333650908255
-0.705488729263326, 0.123935729123424, -0.209281076523109
-0.705488729263326, 0.106898453534916, -0.224986144822196
-0.705488729263326, 0.0896354532495156, -0.240442752324018
-0.705488729263326, 0.0721481230865144, -0.255645087664626
-0.705488729263326, 0.0544383397286389, -0.270587677142318
-0.705488729263326, 0.0365084427135958, -0.285265428670024
-0.705488729263326, 0.0183612471262309, -0.299673643130579
-0.705488729263326, 2.63545378292272E-16, -0.313808065560087
-0.64135339024183, 0.272149122739712, -1.15892372694875E-11
-0.641353390239388, 0.261499263640025, -0.0196790669825871
-0.641353390239388, 0.250789280231592, -0.0393254754034889
-0.641353390239388, 0.240013677032119, -0.0589359675551207
-0.641353390239388, 0.229166759969003, -0.0785071024998911
-0.641353390239388, 0.218242086591913, -0.0980349371268677
-0.641353390239388, 0.207232801504955, -0.117515190830126
-0.641353390239388, 0.196131891562109, -0.136943375877169
-0.641353390239388, 0.18493271283678, -0.156315076523469
-0.641353390239388, 0.162740285450552, -0.156633989649404
-0.641353390239388, 0.146235564541354, -0.170077602041675
-0.641353390239388, 0.130835401528862, -0.186310698196593
-0.641353390239388, 0.115223431467789, -0.202340191650536
-0.641353390239388, 0.0993992596811038, -0.21816022976548
-0.641353390239388, 0.0833626010103854, -0.233764820936303
-0.641353390239388, 0.0671134164621145, -0.249147979826249
-0.641353390239388, 0.0506519324560041, -0.264303734744488
-0.641353390239388, 0.033978642253597, -0.279226152415077
-0.641353390239388, 0.0170943163768466, -0.29390935389615
-0.641353390239388, 2.59159490895081E-16, -0.308347541543579
-0.577218051217988, 0.256820678648693, -1.15893535179162E-11
-0.577218051216022, 0.246394102355781, -0.0187509391409674
-0.577218051215475, 0.235894404135489, -0.0374610286494793
-0.577218051215449, 0.225315507659882, -0.0561264501670867
-0.577218051215449, 0.214651018132402, -0.0747430977045424
-0.577218051215449, 0.203894785610648, -0.0933068843349967
-0.577218051215449, 0.193041039203259, -0.11181382382812
-0.577218051215449, 0.182084405327112, -0.13026003395764
-0.577218051215449, 0.171019940632834, -0.148641763764853
-0.577218051215449, 0.15183617626322, -0.152676980022998
-0.577218051215449, 0.134450276604294, -0.161556260365664
-0.577218051215449, 0.120289691169547, -0.177674069788732
-0.577218051215449, 0.105933333233973, -0.193617753708992
-0.577218051215449, 0.0913826508132699, -0.2093842889093
-0.577218051215449, 0.0766383772875793, -0.224969930906583
-0.577218051215449, 0.0617005566837622, -0.240370165056885
-0.577218051215449, 0.0465685705238083, -0.255579649465414
-0.577218051215449, 0.0312415216980114, -0.270592538032426
-0.577218051215449, 0.0157188033311856, -0.285403015719809
-0.577218051215449, 1.9236742825654E-16, -0.300005208790257
-0.51308271219151, 0.24037985336841, -1.1589262385175E-11
-0.51308271219151, 0.230214505200314, -0.0176432627832736
-0.51308271219151, 0.219964071322787, -0.0352372238597036
-0.51308271219151, 0.209623405053543, -0.0527782989472572
-0.51308271219151, 0.199187567631072, -0.0702629196590707
-0.51308271219151, 0.188651845871379, -0.0876875378632924
-0.51308271219151, 0.178012280474979, -0.105048935931186
-0.51308271219151, 0.167265837996236, -0.122344378802534
-0.51308271219151, 0.156409900253371, -0.139571305603473
-0.51308271219151, 0.140988546852692, -0.148577165032383
-0.51308271219151, 0.121948766238265, -0.15133165589578
-0.51308271219151, 0.109106485155176, -0.16713326841334
-0.51308271219151, 0.0960819404212243, -0.182784990542247
-0.51308271219151, 0.0828783580241751, -0.198285977416003
-0.51308271219151, 0.0694983132990426, -0.213634907251966
-0.51308271219151, 0.0559437713790702, -0.228829961914114
-0.51308271219151, 0.04221611604277, -0.243868804620715
-0.51308271219151, 0.0283161747631384, -0.258748546332826
-0.51308271219151, 0.014244222114372, -0.27346571983094
-0.51308271219151, 1.71755225327579E-16, -0.288016219592592
-0.448947373167571, 0.222447650890183, -1.1589431677151E-11
-0.448947373167571, 0.212615009927086, -0.0163198018048806
-0.448947373167571, 0.202691708415139, -0.0325846340558086
-0.448947373167571, 0.192674523097193, -0.0487918116363118
-0.448947373167571, 0.182560340809506, -0.0649386331668171
-0.448947373167571, 0.172346492906218, -0.0810225935774196
-0.448947373167571, 0.1620311315055, -0.0970416365939766
-0.448947373167571, 0.151612533661663, -0.112993727042048
-0.448947373167571, 0.141090134282622, -0.128877538980183
-0.448947373167571, 0.130272072924993, -0.144329962228127
-0.448947373167571, 0.11121905069978, -0.144329555983274
-0.448947373167571, 0.0972192683920214, -0.154456174521655
-0.448947373167571, 0.0856228813063488, -0.169573639655954
-0.448947373167571, 0.0738612011536067, -0.184562867356284
-0.448947373167571, 0.0619380952066562, -0.199424015288856
-0.448947373167571, 0.0498568859095378, -0.214156924963151
-0.448947373167571, 0.0376203810762132, -0.228761113607035
-0.448947373167571, 0.02523090678361, -0.243235751978888
-0.448947373167571, 0.0126903123755316, -0.25757966445056
-0.448947373167571, 1.42765527793009E-16, -0.271791289424255
-0.384812034143998, 0.20259862878201, -1.1589269355097E-11
-0.384812034143739, 0.193221523518821, -0.0147576273663871
-0.384812034143645, 0.183757147976743, -0.029459437515572
-0.384812034143633, 0.174203730060666, -0.0441035416612302
-0.384812034143633, 0.164559561345169, -0.0586880385854759
-0.384812034143633, 0.154823644545243, -0.0732114452348773
-0.384812034143633, 0.144995525574273, -0.0876726201476607
-0.384812034143633, 0.135075152716016, -0.102070665118409
-0.384812034143633, 0.125062869172093, -0.11640494846038
-0.384812034143633, 0.114959551646661, -0.130675218385551
-0.384812034143633, 0.102234215151755, -0.139934628724498
-0.384812034143633, 0.0847494062875823, -0.139935034477086
-0.384812034143632, 0.0744442756888067, -0.153770014851134
-0.384812034143632, 0.0642305140837865, -0.167961376928453
-0.384812034143633, 0.0538703360276316, -0.182046214369302
-0.384812034143633, 0.0433677929708241, -0.196025218129648
-0.384812034143633, 0.0327264893646218, -0.209898889675999
-0.384812034143633, 0.0219496184318717, -0.223667521762543
-0.384812034143633, 0.0110399820671836, -0.237331193411839
-0.384812034143633, 8.42213014276618E-17, -0.250889770857479
-0.311882914380911, 0.177145109904885, -2.31787926814057E-11
-0.314995029375274, 0.168652162008191, -0.0142057631236138
-0.31812575911651, 0.160108414550561, -0.0283769253766049
-0.321275069730009, 0.151513959975652, -0.0425132706541417
-0.324442858359198, 0.142869078978589, -0.0566146966739579
-0.327628957515752, 0.134174228634265, -0.0706812316575594
-0.330833152341533, 0.125429995289581, -0.0847130059904163
-0.334054956233702, 0.1166377068815, -0.0987106754161268
-0.337293666920027, 0.107799279907802, -0.112675348332868
-0.340548585153286, 0.0989166226110337, -0.126608153382755
-0.344456557730971, 0.0882517829299491, -0.137095172451859
-0.350236876431117, 0.0724773190571357, -0.13756931082904
-0.353339366865068, 0.0640106365427488, -0.151792708222915
-0.356506423062482, 0.0553677543487255, -0.165895389317816
-0.35973658186065, 0.0465526654395526, -0.179876654012528
-0.363028563769004, 0.037568861539263, -0.193735572642945
-0.366381265967491, 0.0284193522388512, -0.207470982104669
-0.369793751271965, 0.019106695109658, -0.221081455465295
-0.373265242304756, 0.00963301161186521, -0.234565284930822
-0.37679511676564, 2.51587705456533E-17, -0.247920459993033
-0.261520556405956, 0.157450384140375, -2.31790030413459E-11
-0.26691258854495, 0.149708668947144, -0.0139129244299654
-0.272323877129319, 0.141939305937306, -0.0278029365339986
-0.277754381315523, 0.134142353752766, -0.0416699737697308
-0.283203338388705, 0.126318907476242, -0.0555148330565088
-0.288669808865756, 0.118470315988909, -0.0693385408721243
-0.294152857980012, 0.110597921400218, -0.0831421336193736
-0.299651555466634, 0.102703059356036, -0.096926657074814
-0.305164975327753, 0.0947870593758419, -0.110693165837937
-0.310692195588999, 0.0868512452023011, -0.124442722807214
-0.317175200705926, 0.0775431443012423, -0.135144232940774
-0.326605113744139, 0.0640039629393902, -0.136343250880442
-0.331755810957505, 0.0566087490674114, -0.150533147039285
-0.337031086808105, 0.0490346689899346, -0.164582235127912
-0.342428469231594, 0.0412852720215049, -0.178488614684405
-0.347945824379348, 0.033363621876856, -0.192250102610476
-0.353581342341334, 0.025272317169579, -0.205864216235112
-0.359333517623461, 0.0170135194421464, -0.219328133484648
-0.365201138624251, 0.00858896827498475, -0.232638666233097
-0.371183274601046, 2.27499110466301E-17, -0.245792218440434
-0.224054035874906, 0.141517396561545, -2.31795923678036E-11
-0.231133872524655, 0.134437559911796, -0.0136866326984967
-0.238228032401488, 0.127343400034963, -0.0273584243027093
-0.245335627301234, 0.120235805135217, -0.0410162531893779
-0.252455771843885, 0.113115660592566, -0.0546610027077376
-0.259587583303152, 0.105983849133299, -0.0682935608642907
-0.266730181428692, 0.098841251007759, -0.0819148199894272
-0.273882688262989, 0.0916887441734622, -0.0955256764115508
-0.281044062321605, 0.0845273701148463, -0.109127204335752
-0.288212384171759, 0.0773590482646918, -0.122721412339478
-0.296393060036684, 0.0691783723997674, -0.133641559035944
-0.308124206056656, 0.0574472263797952, -0.135106905561841
-0.314722413686075, 0.0508490187503757, -0.149266432917443
-0.321492876619203, 0.0440785558172482, -0.163262384404122
-0.32843217717421, 0.0371392552622409, -0.17709196808059
-0.335537341687999, 0.0300340907484517, -0.190752072885366
-0.342805818817973, 0.022765613618478, -0.204239241401696
-0.350235452809039, 0.0153359796274115, -0.217549624168104
-0.357824464432815, 0.0077469680036356, -0.230678940791598
-0.365571432436451, 2.04131373153547E-17, -0.243622433763415
-0.190782432350341, 0.126354869935195, -2.3177903475049E-11
-0.199357123867935, 0.119950612736698, -0.0134790833070833
-0.207939382136063, 0.113540704090977, -0.0269506685981547
-0.216528370304988, 0.107125769023544, -0.0404155688275789
-0.225123256593248, 0.100706428774521, -0.0538746048409371
-0.233723221369365, 0.0942832955094642, -0.0673285885543506
-0.242327363995386, 0.0878570418959642, -0.0807784080647612
-0.25093412123729, 0.0814288354807159, -0.0942256216285721
-0.259541797501703, 0.0749999426668364, -0.107671919222785
-0.268148697100596, 0.0685716299281394, -0.121118990675996
-0.277703353480673, 0.0614354575333995, -0.132278370509252
-0.291175140010221, 0.0513736628109372, -0.133931533420811
-0.299047573335557, 0.0454939075229468, -0.14806198973597
-0.307135338071126, 0.0394533257222803, -0.162001720133641
-0.315433808419446, 0.0332553723200278, -0.175747177433874
-0.323938879468002, 0.0269031131892272, -0.189294481373627
-0.332646937666137, 0.0203992472150516, -0.202639381795344
-0.34155482694607, 0.0137461315983136, -0.215777208307718
-0.350659819396669, 0.00694580375860568, -0.228702821625791
-0.359959590271856, 1.81562295530216E-17, -0.241410565200737
-0.159183162172927, 0.110986831084998, -2.31829752270551E-11
-0.169172262622292, 0.105306196973244, -0.0132796461353607
-0.179162547080654, 0.0996248895354064, -0.0265581111509873
-0.189153147427868, 0.0939434024568694, -0.0398362672239926
-0.19914294386682, 0.0882623725474957, -0.0531152244199237
-0.209130818057049, 0.0825824357887738, -0.0663960947394448
-0.219115650236916, 0.0769042289703923, -0.079679988294393
-0.229096322793308, 0.0712283876602087, -0.0929680180583298
-0.239071545410005, 0.0655556456394453, -0.106261454203653
-0.249039266089534, 0.0598871698446949, -0.119562344336505
-0.259824131926803, 0.0537539972856218, -0.130964129952556
-0.274668808674222, 0.0453120782623029, -0.132898978636276
-0.28377261424109, 0.0401348965218583, -0.146995317347854
-0.29313220820089, 0.0348122522067163, -0.160868200966187
-0.302741307087561, 0.0293477186187792, -0.174513483963357
-0.312594204642411, 0.0237445408117876, -0.18792670709684
-0.322685735226184, 0.0180056563982646, -0.201103050807574
-0.333011233745475, 0.0121337183386896, -0.214037280465999
-0.343566496232345, 0.00613111735921595, -0.226723690036399
-0.354347748107262, 1.59872225710274E-17, -0.23915605201934
-0.128050701451696, 0.0948330722473653, -2.31754315502303E-11
-0.139423745092633, 0.0899458362780981, -0.0130876517442266
-0.150792297422568, 0.0850605303195973, -0.0261799275937988
-0.162155527918209, 0.0801775112651837, -0.0392776746247924
-0.173512656436289, 0.0752971143588213, -0.0523816864969768
-0.18486289872819, 0.0704196766086301, -0.0654927669165986
-0.196204798879628, 0.065545823651588, -0.0786123991503798
-0.207536814602031, 0.0606762182415213, -0.0917421432939856
-0.218857403531934, 0.0558115231644387, -0.104883559505035
-0.230165017943534, 0.0509524035106582, -0.118038201919896
-0.242137376124133, 0.0458076294831879, -0.129654499410832
-0.258042440454047, 0.0389728889387244, -0.132125657290334
-0.268405312003423, 0.0345197451559366, -0.146171432233303
-0.279062054268501, 0.0299403189480187, -0.159954261771501
-0.290004107463467, 0.0252382886349027, -0.173469673879721
-0.301223537645592, 0.0204170635985897, -0.186712949187552
-0.312712996033054, 0.0154798017651355, -0.199679062721272
-0.324465675556408, 0.0104294282753988, -0.212362623025176
-0.336475263777265, 0.00526865571687293, -0.224757808174424
-0.348735905942667, 1.39144190239684E-17, -0.236858312543142
-0.0966728459284915, 0.0774206130176189, -2.3183517540688E-11
-0.109425180648301, 0.0734145724712253, -0.0129083555531703
-0.122169648550081, 0.0694110032206914, -0.0258252442053913
-0.134905284567249, 0.0654102084337076, -0.0387516998063173
-0.1476311214527, 0.0614124919629569, -0.0516887540735829
-0.160346189537471, 0.0574181584219291, -0.0646374363921057
-0.173049516492313, 0.053427513259821, -0.0775987735853125
-0.18574012709369, 0.0494408628350452, -0.090573789682257
-0.198416883334668, 0.0454585646430744, -0.103563674606761
-0.211078039901111, 0.0414811669599177, -0.11657026838968
-0.224270633836294, 0.0373368226200254, -0.128322142448736
-0.240920248474027, 0.0321064838008148, -0.131785980627667
-0.252621326190292, 0.0284306869528037, -0.145744891711443
-0.26465092484017, 0.0246516879689238, -0.159393565912356
-0.276997445429933, 0.0207731305771828, -0.172727696792207
-0.289649981144059, 0.0167984410635249, -0.185742855444848
-0.302598278027452, 0.0127308406231885, -0.198434415299658
-0.315832692830664, 0.00857335860328011, -0.210797479623521
-0.329344142162043, 0.00432884847620775, -0.222826805594551
-0.343124063778072, 1.19464035125991E-17, -0.234516743118971
-0.0646039605964639, 0.0582958219278658, -2.36577986011473E-11
-0.0787429418868529, 0.0552755999218542, -0.0127529912173075
-0.0928731834125568, 0.0522572448133996, -0.0255161026845348
-0.106993932424826, 0.0492409173968542, -0.0382902028602489
-0.121104421956089, 0.0462267815038472, -0.0510761474394461
-0.135203891033776, 0.0432149996854176, -0.0638747976611083
-0.149291574336017, 0.0402057354216568, -0.0766870109651121
-0.163366691188446, 0.0371991554720964, -0.0895136530826659
-0.177428158231707, 0.0341954912526853, -0.102355946656725
-0.19147468564988, 0.0311950182804743, -0.11521532118082
-0.205981885444327, 0.0280961412705317, -0.126948857226908
-0.223024224733077, 0.0244557341509051, -0.132141515478312
-0.236186533578516, 0.0216441387460833, -0.145943584866366
-0.249705959454714, 0.018756259718498, -0.159379906147948
-0.263567053083015, 0.0157953971822389, -0.172447179430357
-0.277755181682422, 0.0127646768396652, -0.185142158722035
-0.292256506562152, 0.00966705476785054, -0.197461557981308
-0.307057938883082, 0.00650532686836243, -0.209401948908734
-0.322147089737295, 0.00328213953074973, -0.220959665289474
-0.337512221613478, 1.00920576276247E-17, -0.232130717014564
-0.0230376090085545, 0.0343784236958174, -1.69709998720791E-07
-0.0405839061535972, 0.0341832675322077, -0.0105418262880218
-0.0574715209290395, 0.0332699207767701, -0.0220754140739022
-0.0737286289447214, 0.0317413152295145, -0.0344239239725336
-0.0895888195732032, 0.0298555820596495, -0.0472335746500007
-0.10537505367969, 0.0279105357398584, -0.0601259177932599
-0.121153979149478, 0.0259663899284986, -0.0730273517719644
-0.136924128366688, 0.0240233254527926, -0.085939666418759
-0.152684033200979, 0.0220815232033505, -0.0988646664275352
-0.168431298132593, 0.0201412783358663, -0.111805305794579
-0.184161961330259, 0.018203078993699, -0.124766420880541
-0.202100947711596, 0.0159927887366028, -0.131623982076293
-0.217095378042104, 0.0141453017846809, -0.145441534837085
-0.23248079058135, 0.0122496413101138, -0.15881568481208
-0.248236077193782, 0.0103084080789295, -0.171745347589539
-0.264341276543093, 0.00832406155824743, -0.184229720675043
-0.280777553810966, 0.00629892241516278, -0.196268127849716
-0.297527155080453, 0.00423517813724171, -0.207859867101993
-0.314573351819885, 0.00213488987274388, -0.219004071723111
-0.331900379448883, 8.36057601210908E-18, -0.22969958324311
-0.000810334013909092, 0.00909434449273391, -9.67311204431998E-06
-0.0177521918064767, 0.00946715534226913, -0.012369278593778
-0.0346323053060013, 0.00963850318728119, -0.0248175132743256
-0.0514532689216254, 0.00962754741010466, -0.0373467560427542
-0.0682185617804441, 0.00945480680804297, -0.0499492435764366
-0.084932496701784, 0.00914201304047567, -0.0626171067669307
-0.101600151081098, 0.00871195058875207, -0.075342401568773
-0.118227277567087, 0.00818828621404681, -0.0881171310154324
-0.134820197400335, 0.00759539069245935, -0.1009332589466
-0.151385681205642, 0.00695815514586487, -0.113782717696258
-0.168904084814337, 0.0062630257563195, -0.124136978491049
-0.18512035718682, 0.00561770831808441, -0.137299851961367
-0.20162878167331, 0.00496076485046405, -0.150220320753945
-0.21850600076974, 0.00428914541054257, -0.162654479665251
-0.235728338722362, 0.00360379216078975, -0.174605330868602
-0.25327364289915, 0.00290558665071519, -0.186076063002411
-0.271121179020229, 0.00219535399012899, -0.197069933662884
-0.289251513260813, 0.00147386753745427, -0.20759018777889
-0.307646363883093, 0.000741854804161547, -0.217640062159445
-0.326288537284289, 6.76148352796895E-18, -0.227222665308239
