-2.74478900421063, 0.408214185984839, -2.8529012485734E-11
-2.74478900421063, 0.400513917786694, -0.0330333850293474
-2.74478900421063, 0.39281364958855, -0.0660667700301658
-2.74478900421063, 0.385113381390406, -0.0991001550309841
-2.74478900421063, 0.377413113192262, -0.132133540031802
-2.74478900421063, 0.369712844994118, -0.165166925032621
-2.74478900421063, 0.362012576795973, -0.198200310033439
-2.74478900421063, 0.354312308597829, -0.231233695034258
-2.74478900421063, 0.346612040399685, -0.264267080035076
-2.74478900421063, 0.331801540963911, -0.28834217539443
-2.74478900421063, 0.298198048748122, -0.291256505712798
-2.74478900421063, 0.265064932220553, -0.298515654706046
-2.74478900421063, 0.231931815692984, -0.305774803699294
-2.74478900421063, 0.198798699165415, -0.313033952692542
-2.74478900421063, 0.165665582637846, -0.32029310168579
-2.74478900421063, 0.132532466110277, -0.327552250679038
-2.74478900421063, 0.0993993495827076, -0.334811399672286
-2.74478900421063, 0.0662662330551385, -0.342070548665534
-2.74478900421063, 0.0331331165275696, -0.349329697658782
-2.74478900421063, 1.95215988938465E-16, -0.35658884665203
-2.68989322412642, 0.410028760693838, -1.42644500316694E-11
-2.68989322412642, 0.402310985605804, -0.0331287469223826
-2.68989322412642, 0.394593319649627, -0.0662575192548817
-2.68989322412642, 0.38687576613456, -0.0993863177811624
-2.68989322412642, 0.379158328370506, -0.132515143267842
-2.68989322412642, 0.371441009665024, -0.165643996491587
-2.68989322412642, 0.363723813327174, -0.198772878222643
-2.68989322412642, 0.35600674266601, -0.231901789231257
-2.68989322412642, 0.348289800990589, -0.265030730287676
-2.68989322412642, 0.332687769368585, -0.288226682604404
-2.68989322412642, 0.299005522942781, -0.291298588218233
-2.68989322412642, 0.265782658451255, -0.29860058787967
-2.68989322412642, 0.232559801113701, -0.305902620091374
-2.68989322412642, 0.199336950929493, -0.313204684849467
-2.68989322412642, 0.166114107897887, -0.320506782150095
-2.68989322412642, 0.132891272017952, -0.327808911989447
-2.68989322412642, 0.0996684432889425, -0.335111074363669
-2.68989322412642, 0.0664456217101118, -0.342413269268911
-2.68989322412642, 0.0332228072807133, -0.349715496701319
-2.68989322412642, 2.08531308121867E-16, -0.357017756657041
-2.63499744404221, 0.411843329279435, -1.42645057641022E-11
-2.63499744404221, 0.404114066824073, -0.0332280751557569
-2.63499744404221, 0.396385148291247, -0.066456230302559
-2.63499744404221, 0.388656582690882, -0.0996844675627497
-2.63499744404221, 0.380928379035282, -0.13291278903418
-2.63499744404221, 0.373200546346902, -0.166141196771053
-2.63499744404221, 0.36547309364163, -0.199369692855811
-2.63499744404221, 0.357746029935354, -0.232598279370895
-2.63499744404221, 0.350019364243961, -0.265826958398748
-2.63499744404221, 0.333576806884824, -0.288080273423035
-2.63499744404221, 0.299817134256352, -0.291339739129084
-2.63499744404221, 0.266504133981648, -0.298694362765878
-2.63499744404221, 0.233191130006466, -0.306048969641479
-2.63499744404221, 0.199878122347901, -0.313403559833032
-2.63499744404221, 0.166565111023008, -0.320758133417692
-2.63499744404221, 0.133252096048801, -0.328112690472621
-2.63499744404221, 0.0999390774423383, -0.335467231074972
-2.63499744404221, 0.066626055220678, -0.342821755301899
-2.63499744404221, 0.0333130294008792, -0.350176263230553
-2.63499744404221, 1.52742175336057E-16, -0.357530754938089
-2.580101663958, 0.413657970472513, -1.42645464437641E-11
-2.58010166395799, 0.405920061480327, -0.0333286458809197
-2.580101663958, 0.398182713181675, -0.0666574219404444
-2.580101663958, 0.39044593600076, -0.0999863305821437
-2.580101663958, 0.38270974037368, -0.133315374144074
-2.580101663958, 0.374974136694571, -0.166644555145072
-2.580101663958, 0.367239135385099, -0.199973875985391
-2.580101663958, 0.359504746866926, -0.233303339065286
-2.580101663958, 0.351770981561719, -0.266632946785011
-2.580101663958, 0.334447776567103, -0.287892883405429
-2.58010166395799, 0.300613825720098, -0.291367231944531
-2.58010166395799, 0.267212487443276, -0.298785080250431
-2.580101663958, 0.233811098627518, -0.306202701031671
-2.580101663958, 0.200409659733877, -0.313620096309468
-2.580101663958, 0.167008171214929, -0.321037268106923
-2.580101663958, 0.133606633516342, -0.328454218448668
-2.580101663958, 0.100205047091837, -0.33587094935755
-2.580101663958, 0.0668034123951322, -0.343287462856415
-2.58010166395799, 0.0334017298799469, -0.35070376096811
-2.580101663958, 2.07822130452816E-16, -0.358119845715479
-2.52520588387378, 0.41548278583636, -1.42645038476619E-11
-2.52520588387378, 0.407735644796358, -0.0334278041836234
-2.52520588387378, 0.399988906015751, -0.0668557015758436
-2.52520588387378, 0.392242553254384, -0.100283688422295
-2.52520588387378, 0.384496561319488, -0.133711758895348
-2.52520588387378, 0.37675090318881, -0.16713990674036
-2.52520588387378, 0.3690055518503, -0.200568125658648
-2.52520588387378, 0.361260480285836, -0.23399640937773
-2.52520588387378, 0.353515661477299, -0.267424751625121
-2.52520588387378, 0.335280651852773, -0.28765451287802
-2.52520588387378, 0.301377342727105, -0.291368640558561
-2.52520588387378, 0.267891570051033, -0.298861257559875
-2.52520588387378, 0.234405642940105, -0.306353184766108
-2.52520588387378, 0.200919563495472, -0.313844431046999
-2.52520588387378, 0.16743333372887, -0.321335005292294
-2.52520588387378, 0.133946955598741, -0.328824916403657
-2.52520588387378, 0.100460431132936, -0.336314173267224
-2.52520588387378, 0.06697376235931, -0.34380278476913
-2.52520588387378, 0.0334869513057137, -0.351290759795511
-2.52520588387378, 2.07260507311557E-16, -0.358778107232503
-2.47031010378956, 0.417377159794492, -1.42645073297038E-11
-2.47031010378956, 0.409610171217282, -0.0335219508259995
-2.47031010378957, 0.40184278023905, -0.0670438084170989
-2.47031010378957, 0.394074924375162, -0.100565558334854
-2.47031010378957, 0.386306541149127, -0.134087186091391
-2.47031010378957, 0.378537568100338, -0.167608677130315
-2.47031010378957, 0.370767942757448, -0.201130016941564
-2.47031010378957, 0.362997602649111, -0.234651191015079
-2.47031010378957, 0.355226485303981, -0.268172184840797
-2.47031010378957, 0.336060698629555, -0.287355087934963
-2.47031010378957, 0.302094126005838, -0.291330807719634
-2.47031010378957, 0.268529417307145, -0.298910887351716
-2.47031010378957, 0.234964368641835, -0.306489463492734
-2.47031010378957, 0.201398986182572, -0.314066560952124
-2.47031010378957, 0.167833275629971, -0.32164220464592
-2.47031010378957, 0.134267242482875, -0.32921641953566
-2.47031010378957, 0.100700892543806, -0.336789230514322
-2.47031010378957, 0.0671342316152888, -0.344360662474883
-2.47031010378957, 0.0335672654998458, -0.351930740310323
-2.47031010378957, 2.06588869330606E-16, -0.359499488913619
-2.41541432370536, 0.419318228512461, -1.42646256523288E-11
-2.41541432370536, 0.41151816903175, -0.033608226442799
-2.41541432370536, 0.403716522569217, -0.0672160847006943
-2.41541432370536, 0.395913177933727, -0.100823549204576
-2.41541432370536, 0.388108024023128, -0.134430593987453
-2.41541432370536, 0.380300949862143, -0.168037192536057
-2.41541432370536, 0.372491844388329, -0.201643318712573
-2.41541432370536, 0.364680596539241, -0.235248946379189
-2.41541432370536, 0.356867095252437, -0.268854049398091
-2.41541432370536, 0.336763274128601, -0.286984403032444
-2.41541432370536, 0.302741954193607, -0.291242684409946
-2.41541432370536, 0.269106377566433, -0.29892394310576
-2.41541432370536, 0.235470165086583, -0.306602423893611
-2.41541432370536, 0.201833331352176, -0.314278181809187
-2.41541432370536, 0.168195889158897, -0.321951272299708
-2.41541432370536, 0.134557850772097, -0.329621750933147
-2.41541432370536, 0.100919229427293, -0.337289673056048
-2.41541432370536, 0.0672800383599993, -0.344955094014957
-2.41541432370536, 0.0336402908057302, -0.35261806915642
-2.41541432370536, 2.33581312445789E-16, -0.360278653826981
-2.36051854362115, 0.421266340289549, -1.42646748485387E-11
-2.36051854362115, 0.413420247114354, -0.0336842416257538
-2.36051854362115, 0.405571007616799, -0.0673677508990884
-2.36051854362115, 0.397718450183129, -0.101050488562768
-2.36051854362115, 0.389862403529675, -0.134732413926986
-2.36051854362114, 0.38200269673191, -0.168413484762291
-2.36051854362115, 0.374139158614471, -0.202093659915416
-2.36051854362115, 0.366271618001991, -0.235772898233094
-2.36051854362115, 0.358399903719106, -0.269451158562059
-2.36051854362114, 0.337361585479264, -0.286532176426039
-2.36051854362114, 0.303296761436038, -0.291093699482773
-2.36051854362114, 0.269601174668161, -0.298890916207825
-2.36051854362114, 0.23590451207553, -0.306683501373514
-2.36051854362114, 0.202206803920191, -0.3144715606094
-2.36051854362114, 0.168508074985263, -0.32225520081236
-2.36051854362115, 0.134808349013128, -0.330034529118584
-2.36051854362114, 0.10110765226616, -0.337809652081672
-2.36051854362115, 0.0674060110067337, -0.345580676255228
-2.36051854362115, 0.0337034514972224, -0.353347708192852
-2.36051854362115, 2.04988125834969E-16, -0.361110854448148
-2.30562276353693, 0.423181167985457, -1.4264584988996E-11
-2.30562276353693, 0.415276384500369, -0.0337476177999059
-2.30562276353693, 0.407366535648504, -0.0674940504509834
-2.30562276353693, 0.399451379089067, -0.101239242914229
-2.30562276353693, 0.391530675027317, -0.134983129280344
-2.30562276353693, 0.38360418077165, -0.168725655986144
-2.30562276353693, 0.375671653153865, -0.202466771475658
-2.30562276353693, 0.367732853168494, -0.236206406481052
-2.30562276353693, 0.359787539562716, -0.269944501305065
-2.30562276353693, 0.337828547689894, -0.28598774355983
-2.30562276353693, 0.303734266511659, -0.29087325500088
-2.30562276353693, 0.269992359411884, -0.298802358033142
-2.30562276353693, 0.236248752613411, -0.30672426852724
-2.30562276353693, 0.202503503395551, -0.314639169962664
-2.30562276353693, 0.168756654995243, -0.32254724911635
-2.30562276353693, 0.135008249165347, -0.330448693108777
-2.30562276353693, 0.10125833332837, -0.338343687730004
-2.30562276353693, 0.0675069549068156, -0.346232418770087
-2.30562276353693, 0.0337541613231906, -0.354115072019082
-2.30562276353693, 1.48580713984988E-16, -0.361991833267048
-2.25072698345269, 0.425021748465475, -1.42645111761685E-11
-2.2507269834527, 0.41704609934539, -0.0337960408297666
-2.25072698345271, 0.40906311881237, -0.0675903542286959
-2.25072698345271, 0.4010724825156, -0.101382867130592
-2.25072698345272, 0.393073871365042, -0.135173484203498
-2.25072698345272, 0.385066960264446, -0.168962135503308
-2.25072698345272, 0.377051426202499, -0.202748742246865
-2.25072698345272, 0.369026946222522, -0.236533225402352
-2.25072698345272, 0.36099319749596, -0.27031550538035
-2.25072698345272, 0.338136933710671, -0.285340116233402
-2.25072698345272, 0.304030099853096, -0.290570541578062
-2.25072698345272, 0.270258414687108, -0.29864871335093
-2.25072698345272, 0.236484196414743, -0.306716280458608
-2.25072698345272, 0.202707518453934, -0.314773545821418
-2.25072698345272, 0.16892845339225, -0.322820812547938
-2.25072698345272, 0.135147081890328, -0.33085838181733
-2.25072698345272, 0.101363476568109, -0.338886556718601
-2.25072698345272, 0.0675777120100288, -0.346905639865957
-2.25072698345272, 0.0337898625543477, -0.354915933925959
-2.25072698345272, 2.03151861917345E-16, -0.362917742160468
-2.18583120336851, 0.427045765650544, -1.42645908534182E-11
-2.18583120336851, 0.418971340931775, -0.03383088512856
-2.18583120336851, 0.410886470910839, -0.0676592827675732
-2.18583120336851, 0.402790725910214, -0.101485085293964
-2.18583120336851, 0.394683678777011, -0.135308174504475
-2.18583120336851, 0.386564898282165, -0.169128449183255
-2.18583120336851, 0.378433954716894, -0.202945801709532
-2.18583120336851, 0.370290418472535, -0.236760123995048
-2.18583120336851, 0.362133860044464, -0.270571307467564
-2.18583120336851, 0.338259438629369, -0.284425883920668
-2.18583120336851, 0.304163556215837, -0.290091236491665
-2.18583120336851, 0.270382007019263, -0.298369672297416
-2.18583120336851, 0.236596558436079, -0.306632172171209
-2.18583120336851, 0.202807329518882, -0.314879238699176
-2.18583120336851, 0.169014462924416, -0.323111368680771
-2.18583120336851, 0.135218086227632, -0.33132906258252
-2.18583120336851, 0.101418324225513, -0.339532821521463
-2.18583120336851, 0.0676153042612126, -0.347723145972376
-2.18583120336851, 0.0338091530749395, -0.355900536536257
-2.18583120336851, 2.02003615216311E-16, -0.364065493169841
-2.05859175315789, 0.430285199452415, -1.42645220229752E-11
-2.05859175315793, 0.421974079729781, -0.0338155346366374
-2.05859175315796, 0.413645174408512, -0.0676267017775262
-2.05859175315797, 0.405297849989201, -0.101433321869074
-2.05859175315797, 0.39693146909297, -0.135235230920511
-2.05859175315797, 0.388545395585943, -0.169032259688064
-2.05859175315797, 0.380138931933829, -0.202824222211748
-2.05859175315797, 0.371711278773499, -0.236610906817133
-2.05859175315797, 0.363261647990487, -0.270392101487139
-2.05859175315798, 0.337569473859315, -0.282092138431027
-2.05859175315798, 0.303594275630689, -0.288696047006562
-2.05859175315798, 0.269891279255793, -0.29745237966483
-2.05859175315798, 0.236180104712294, -0.30617717442823
-2.05859175315797, 0.202461079252824, -0.314871578438977
-2.05859175315798, 0.16873452696873, -0.323536739489568
-2.05859175315797, 0.135000768906512, -0.332173805991921
-2.05859175315797, 0.101260123189166, -0.340783926947554
-2.05859175315798, 0.0675129051357466, -0.349368251920432
-2.05859175315798, 0.0337594273817436, -0.357927931011725
-2.05859175315797, 1.99718581305804E-16, -0.366464114836444
-1.92135230294745, 0.432202571507734, -1.42644720154375E-11
-1.92135230294744, 0.423577901374225, -0.0336454502445861
-1.92135230294744, 0.414924984086232, -0.0672836468821145
-1.92135230294744, 0.40624272961772, -0.100914283246214
-1.92135230294744, 0.397530048479974, -0.134537049735121
-1.92135230294744, 0.388785851742571, -0.168151633716719
-1.92135230294744, 0.380009051056706, -0.201757719418605
-1.92135230294744, 0.371198558680462, -0.235354987819334
-1.92135230294744, 0.362353287506326, -0.268943116539954
-1.92135230294744, 0.335065633033942, -0.278610196906255
-1.92135230294744, 0.301409487130731, -0.286356616657878
-1.92135230294744, 0.267978226690641, -0.29577743551482
-1.92135230294744, 0.234530514089637, -0.305139676177793
-1.92135230294744, 0.201067130860615, -0.314445751417379
-1.92135230294744, 0.167588845990286, -0.323698076464386
-1.92135230294744, 0.134096416426729, -0.332899068857619
-1.92135230294744, 0.100590587643162, -0.342051148295373
-1.92135230294744, 0.0670720941791534, -0.351156736511642
-1.92135230294744, 0.0335416601898613, -0.360218257167654
-1.92135230294744, 1.41853121307077E-16, -0.369238135758739
-1.78411285273691, 0.431827324317143, -1.42644734479623E-11
-1.78411285273691, 0.422832951062833, -0.0332837177088699
-1.78411285273691, 0.413799486806869, -0.0665568469585243
-1.78411285273691, 0.404725898787682, -0.099819056737596
-1.78411285273691, 0.395611112716583, -0.133070000567864
-1.78411285273691, 0.386454029063587, -0.166309320676062
-1.78411285273691, 0.37725354855344, -0.199536654785206
-1.78411285273691, 0.368008572523839, -0.232751636087827
-1.78411285273691, 0.358718002949828, -0.26595389312798
-1.78411285273691, 0.330268284099527, -0.273907142500114
-1.78411285273691, 0.297176335440571, -0.282909542554763
-1.78411285273691, 0.264264009907164, -0.293180015913851
-1.78411285273691, 0.231320948947344, -0.303351474354066
-1.78411285273691, 0.198349039219718, -0.31342902131963
-1.78411285273691, 0.165350010717786, -0.323417409722168
-1.78411285273691, 0.132325453703073, -0.333321083864314
-1.78411285273691, 0.0992768480421963, -0.343144212283555
-1.78411285273691, 0.0662055652757072, -0.352890724394197
-1.78411285273691, 0.033112874407076, -0.362564342288807
-1.78411285273691, 1.95332383595234E-16, -0.37216859449972
-1.64687340252652, 0.428413979087651, -1.42645062695777E-11
-1.64687340252647, 0.41904388270585, -0.0327310117287994
-1.64687340252643, 0.409628348136722, -0.0654489813370649
-1.64687340252641, 0.400166470041242, -0.0981535785934835
-1.64687340252639, 0.390657343434373, -0.130844469099804
-1.64687340252638, 0.381100063698222, -0.163521314218954
-1.64687340252638, 0.371493726597988, -0.196183770988006
-1.64687340252638, 0.361837428300057, -0.228831492032705
-1.64687340252638, 0.35213025020517, -0.261464124354278
-1.64687340252638, 0.322920199603302, -0.267954154610273
-1.64687340252638, 0.290667745556907, -0.278311090288896
-1.64687340252638, 0.258551068148481, -0.289608649674277
-1.64687340252638, 0.226382370053216, -0.300757230934383
-1.64687340252638, 0.1941650843808, -0.311764633651473
-1.64687340252638, 0.161902353336419, -0.322638109916595
-1.64687340252638, 0.129597043236915, -0.333384436501316
-1.64687340252638, 0.097251798118383, -0.344009964960461
-1.64687340252638, 0.0648690548827021, -0.354520677424001
-1.64687340252638, 0.0324510855781093, -0.36492222756842
-1.64687340252638, 1.38345761600149E-16, -0.375219989854369
-1.50963395231589, 0.421537582097944, -1.42644372554984E-11
-1.50963395231585, 0.411843036327573, -0.0320122579714696
-1.50963395231585, 0.402100660638715, -0.0640099920639116
-1.50963395231585, 0.392309682009448, -0.0959928875090934
-1.50963395231585, 0.382469268844539, -0.127960607550453
-1.50963395231585, 0.372578589782815, -0.159912811164154
-1.50963395231585, 0.362636813708585, -0.191849152980536
-1.50963395231585, 0.35264310976594, -0.223769283204082
-1.50963395231585, 0.342596647374916, -0.255672847535394
-1.50963395231585, 0.312975178900842, -0.260895030681379
-1.50963395231585, 0.281856083569741, -0.272722008402636
-1.50963395231585, 0.250819880434181, -0.285192727273694
-1.50963395231585, 0.219701617376499, -0.297457264348805
-1.50963395231585, 0.188507026612706, -0.309526365617018
-1.50963395231585, 0.157241327617642, -0.321410050891193
-1.50963395231585, 0.12590927654732, -0.333117703324804
-1.50963395231585, 0.0945152461656338, -0.344658135384802
-1.50963395231585, 0.0630632618640529, -0.356039661759405
-1.50963395231585, 0.031557027696657, -0.367270167519471
-1.50963395231585, 1.9321475912225E-16, -0.378357153022306
-1.37239450210684, 0.411133054833882, -1.42645182336324E-11
-1.37239450210607, 0.401190410209679, -0.031154072633755
-1.37239450210562, 0.391199144022166, -0.0622925859905246
-1.3723945021054, 0.381158294894294, -0.0934151461987028
-1.37239450210532, 0.37106690195338, -0.124521354332348
-1.37239450210532, 0.360924003895489, -0.155610805087092
-1.37239450210532, 0.350728541235092, -0.186683059159761
-1.37239450210532, 0.340479309614851, -0.217737617821373
-1.37239450210532, 0.330175094794536, -0.248773975641487
-1.37239450210532, 0.300434842721243, -0.252882675766997
-1.37239450210532, 0.270756091892895, -0.266292489738548
-1.37239450210532, 0.241088914284202, -0.280050528249228
-1.37239450210532, 0.211299496060914, -0.293541873206453
-1.37239450210532, 0.181396599138552, -0.306779820062957
-1.37239450210532, 0.151388208953027, -0.319776884041751
-1.37239450210532, 0.121281629688633, -0.332544880305539
-1.37239450210532, 0.0910835656264924, -0.345094999111567
-1.37239450210532, 0.0608002014100008, -0.35743787240499
-1.37239450210532, 0.0304372439292242, -0.369583648697843
-1.37239450210532, 2.21514324611291E-16, -0.381542047317714
-1.2351550518948, 0.397270147162307, -1.42644456231952E-11
-1.23515505189479, 0.387148287648659, -0.0301749958056239
-1.23515505189479, 0.376976084407039, -0.0603330575300109
-1.23515505189479, 0.366752996706439, -0.0904739081864859
-1.23515505189479, 0.356478483594621, -0.120597267482686
-1.23515505189479, 0.346152003901978, -0.15070285179315
-1.23515505189479, 0.335773016248794, -0.180790374111185
-1.23515505189478, 0.325340979052115, -0.210859544005508
-1.23515505189479, 0.314855368116772, -0.240910074021145
-1.23515505189479, 0.285283322187815, -0.244089063785812
-1.23515505189479, 0.257365688096531, -0.259180752813959
-1.23515505189479, 0.229358445132488, -0.274299125355744
-1.23515505189479, 0.201178827428897, -0.289093757284047
-1.23515505189479, 0.172838882832725, -0.303578936547899
-1.23515505189479, 0.144349717024842, -0.317768418057257
-1.23515505189479, 0.115721598830135, -0.331675454801201
-1.23515505189478, 0.0869640364977284, -0.345312841269823
-1.23515505189478, 0.0580858624791783, -0.358692950445142
-1.23515505189478, 0.0290952930550344, -0.371827780967868
-1.23515505189478, 1.95974800539962E-16, -0.384728997269294
-1.0979156016881, 0.379935717247887, -1.42643624993887E-11
-1.09791560168548, 0.369704887036052, -0.0291038015269054
-1.09791560168444, 0.359427288944652, -0.0581911187525733
-1.09791560168425, 0.349102532055979, -0.0872617299846989
-1.09791560168425, 0.338730268790366, -0.116315423279658
-1.09791560168425, 0.328309889024823, -0.145351895453865
-1.09791560168425, 0.317840488221594, -0.174370728458642
-1.09791560168425, 0.307321158323893, -0.203371499341905
-1.09791560168425, 0.296750991880555, -0.232353779887743
-1.09791560168425, 0.267564280591347, -0.234732786485064
-1.09791560168425, 0.241717289176609, -0.251530278624355
-1.09791560168425, 0.215651240431326, -0.26803015992788
-1.09791560168425, 0.189356628337462, -0.28416334619149
-1.09791560168425, 0.162847622840672, -0.299941823067576
-1.09791560168425, 0.136137700526997, -0.315377778636984
-1.09791560168425, 0.109239654258018, -0.330483567501025
-1.09791560168425, 0.0821656288344686, -0.345271668510479
-1.09791560168425, 0.054927146689438, -0.359754656747874
-1.09791560168425, 0.0275351432487707, -0.373945177673983
-1.09791560168425, 2.28350191799146E-16, -0.387855929493262
-0.960676151474052, 0.359274561763371, -1.42644697567743E-11
-0.960676151473791, 0.349015835867938, -0.0279683884393861
-0.960676151473724, 0.338710227762089, -0.0559195357381597
-0.960676151473722, 0.328356104559737, -0.0838527473292462
-0.960676151473722, 0.317951131548059, -0.111767057030904
-0.960676151473722, 0.307492437387812, -0.139661282888065
-0.960676151473722, 0.2969771411237, -0.167534215225816
-0.960676151473722, 0.286401931831368, -0.195384480342889
-0.960676151473722, 0.275762696853784, -0.223210343676881
-0.960676151473722, 0.247271720269971, -0.225162177725443
-0.960676151473722, 0.223722448169758, -0.243407281802168
-0.960676151473722, 0.199876548703933, -0.261262979185402
-0.960676151473722, 0.175746668337531, -0.278733030030708
-0.960676151473722, 0.151345837846035, -0.295822621688467
-0.960676151473722, 0.126687348132429, -0.312538321646202
-0.960676151473722, 0.101784643103149, -0.32888800327496
-0.960676151473722, 0.0766512130297094, -0.344880760744206
-0.960676151473722, 0.0513004737665331, -0.360526825098355
-0.960676151473722, 0.0257457195756954, -0.375837430760555
-0.960676151473722, 2.08855078098206E-16, -0.39082472969993
-0.813436701265663, 0.333390592689709, -1.42643988044329E-11
-0.813436701263192, 0.323104121744714, -0.0266159764055742
-0.81343670126319, 0.312751621886803, -0.0532063301021651
-0.81343670126319, 0.302327961278014, -0.0797688717401
-0.81343670126319, 0.291827776923258, -0.1063012551054
-0.81343670126319, 0.281245593296779, -0.132801038773218
-0.81343670126319, 0.270574883019563, -0.159265297016433
-0.81343670126319, 0.259808598781026, -0.185690815226942
-0.81343670126319, 0.248940194229325, -0.212074495310484
-0.813436701263191, 0.221819742715459, -0.214191260873305
-0.813436701263191, 0.200976478588628, -0.233629453876007
-0.813436701263191, 0.179843917266686, -0.252802811366207
-0.81343670126319, 0.158392892308303, -0.271619197863175
-0.81343670126319, 0.136629952736506, -0.290073933733655
-0.81343670126319, 0.114562797313949, -0.308163813890221
-0.81343670126319, 0.0922001823294509, -0.325887158676171
-0.81343670126319, 0.0695517941630308, -0.343243849220909
-0.81343670126319, 0.0466281244431818, -0.360235318920605
-0.81343670126319, 0.02344031147328, -0.376864533528742
-0.81343670126319, 2.5052839399875E-16, -0.393135925495594
-0.768540921180207, 0.324556405382987, -1.42644486728005E-11
-0.768540921178977, 0.314240705883996, -0.0261442231577337
-0.768540921178977, 0.303848614179587, -0.0522581764856364
-0.768540921178977, 0.29337424806914, -0.078339234898409
-0.768540921178977, 0.282811356495413, -0.10438456395617
-0.768540921178977, 0.272153841868926, -0.130391315642894
-0.768540921178977, 0.261400173940056, -0.156358462043745
-0.768540921178977, 0.250555120971851, -0.18228756542399
-0.768540921178977, 0.239628309833418, -0.2081823317041
-0.768540921178978, 0.213228970501773, -0.21075904363424
-0.768540921178977, 0.193162234631318, -0.230226203715135
-0.768540921178977, 0.172925749117793, -0.249730086017819
-0.768540921178977, 0.152369329123992, -0.268896469777093
-0.768540921178977, 0.131496988167641, -0.287718315823951
-0.768540921178977, 0.110313984747915, -0.306189825789769
-0.768540921178977, 0.0888267520197992, -0.324306537502558
-0.768540921178977, 0.0670428147734879, -0.342065387585188
-0.768540921178977, 0.0449706795709362, -0.359464754104593
-0.768540921178977, 0.0226197119877746, -0.376504469091592
-0.768540921178977, 2.27307623978613E-16, -0.393185805397562
-0.713645141094783, 0.312962783785915, -1.42645611480488E-11
-0.713645141094765, 0.302588097181191, -0.0255156498419227
-0.713645141094765, 0.292123609845525, -0.0509945971634636
-0.713645141094765, 0.281568071640595, -0.0764359669716053
-0.713645141094765, 0.270928095856144, -0.101842138593505
-0.713645141094765, 0.260212561054909, -0.127216535888603
-0.713645141094765, 0.249428237464211, -0.152561776562842
-0.713645141094765, 0.238579542161467, -0.177879530814785
-0.713645141094765, 0.227667844333268, -0.203170195528145
-0.713645141094764, 0.202286859683546, -0.206464441977935
-0.713645141094765, 0.183041388856174, -0.225565637746769
-0.713645141094765, 0.163937522587081, -0.245407755031955
-0.713645141094765, 0.144518746387646, -0.264941779891656
-0.713645141094765, 0.124786076640977, -0.284158654662706
-0.713645141094765, 0.104741710702449, -0.303050173513032
-0.713645141094765, 0.0843890078589778, -0.321609088532629
-0.713645141094765, 0.0637324474347916, -0.339829204179461
-0.713645141094765, 0.0427775861415326, -0.357705438940265
-0.713645141094765, 0.0215309593577427, -0.375233901859109
-0.713645141094765, 2.32203992711702E-16, -0.392411919011567
-0.658749361011036, 0.300305339629857, -1.42643350252142E-11
-0.658749361010552, 0.289879716051476, -0.0248261725407276
-0.658749361010552, 0.279386360253246, -0.0496237978845889
-0.658749361010552, 0.26882997696128, -0.0743946572261169
-0.658749361010552, 0.258213862803685, -0.0991399766413781
-0.658749361010552, 0.247538604236145, -0.12385983853226
-0.658749361010552, 0.23680410722816, -0.148554033693606
-0.658749361010552, 0.226007372666438, -0.173221080010865
-0.658749361010552, 0.215144442910287, -0.197859045939276
-0.658749361010552, 0.190944323830262, -0.202048024105993
-0.658749361010552, 0.172278017444358, -0.220154142337593
-0.658749361010552, 0.154345324774438, -0.24023990862812
-0.658749361010552, 0.136110403222154, -0.260051689134188
-0.658749361010552, 0.117571797670908, -0.2795795722375
-0.658749361010552, 0.0987289797613633, -0.298814069620145
-0.658749361010552, 0.0795823771633402, -0.317746189584331
-0.658749361010552, 0.060133383942202, -0.336367515629191
-0.658749361010552, 0.0403843298212966, -0.35467030660459
-0.658749361010552, 0.0203384866649516, -0.372647541471548
-0.658749361010552, 3.18739015899377E-16, -0.390293013438821
-0.603853580929394, 0.286626553958706, -1.42645986006186E-11
-0.603853580926434, 0.276265477882565, -0.0240955734469863
-0.603853580926339, 0.265849643978283, -0.0481675273305604
-0.603853580926339, 0.25537790850486, -0.072215215025281
-0.603853580926339, 0.244846984400508, -0.0962370410174746
-0.603853580926339, 0.234253275222736, -0.120231243644056
-0.603853580926339, 0.223591445419949, -0.144195252769115
-0.603853580926339, 0.212855242192589, -0.168126031860453
-0.603853580926339, 0.202038139302212, -0.192020349775309
-0.603853580926339, 0.179331666289196, -0.197494375004619
-0.603853580926339, 0.160861366910376, -0.213726497018207
-0.603853580926339, 0.144137647372643, -0.23393181759451
-0.603853580926339, 0.127131377475495, -0.253899893723902
-0.603853580926339, 0.10983959207851, -0.273621222824191
-0.603853580926339, 0.0922598768409881, -0.293086315484502
-0.603853580926339, 0.0743904030788771, -0.312285733097684
-0.603853580926339, 0.0562299489607951, -0.331210139734873
-0.603853580926339, 0.0377779209119238, -0.349850351065187
-0.603853580926339, 0.0190343725544156, -0.368197382747413
-0.603853580926339, 3.1905652952353E-16, -0.386242517389799
-0.548957800844217, 0.272149122739712, -1.42643189606203E-11
-0.548957800842127, 0.26191890901928, -0.0232702915325897
-0.548957800842127, 0.251628733399311, -0.0465141286928028
-0.548957800842127, 0.241273191914829, -0.0697289163764125
-0.548957800842127, 0.230846691190331, -0.0929119189109196
-0.548957800842127, 0.220342943381746, -0.116060022473297
-0.548957800842127, 0.209755088157788, -0.139169774088364
-0.548957800842127, 0.199076117321855, -0.162237559938684
-0.548957800842127, 0.188299087053705, -0.185259693755788
-0.548957800842127, 0.167652576722859, -0.19278862427585
-0.548957800842127, 0.148806759211631, -0.205948525479688
-0.548957800842127, 0.13333050903334, -0.226113868796862
-0.548957800842127, 0.117597010712344, -0.246079140070575
-0.548957800842127, 0.101603035514181, -0.265836350061754
-0.548957800842127, 0.0853452703544919, -0.285377056547302
-0.548957800842127, 0.0688206166807938, -0.304692581279845
-0.548957800842127, 0.0520262140582553, -0.32377401830729
-0.548957800842127, 0.0349594646214346, -0.342612244822433
-0.548957800842127, 0.0176180585493852, -0.361197934374831
-0.548957800842127, 3.14670642126339E-16, -0.379521573048743
-0.494062020760087, 0.256820678648693, -1.42644587547878E-11
-0.494062020758437, 0.246754569423483, -0.0222846549825279
-0.494062020757946, 0.236614458354075, -0.0445357326375393
-0.494062020757914, 0.226394207643213, -0.0667501127281298
-0.494062020757914, 0.216087308415495, -0.0889244216009929
-0.494062020757914, 0.20568736399438, -0.111055238653546
-0.494062020757914, 0.195188293505753, -0.133139200270757
-0.494062020757914, 0.184584328089968, -0.155172984201416
-0.494062020757914, 0.173870048624198, -0.177153334154367
-0.494062020757914, 0.156116863931399, -0.187918502633549
-0.494062020757914, 0.136121219992586, -0.196473931174945
-0.494062020757914, 0.121942031288712, -0.216395691319845
-0.494062020757914, 0.107530446117369, -0.236149997590223
-0.494062020757914, 0.0928860239368412, -0.255732305072159
-0.494062020757914, 0.0780074016783905, -0.275137257758346
-0.494062020757914, 0.0628923218742264, -0.294358591186223
-0.494062020757914, 0.0475376308750525, -0.313389048624435
-0.494062020757914, 0.0319396331282685, -0.332220589560728
-0.494062020757914, 0.0160948613309552, -0.350844961934156
-0.494062020757914, 2.20123003872169E-16, -0.369253629177398
-0.439166240673701, 0.240379853368411, -1.42643420597753E-11
-0.439166240673701, 0.230515478133647, -0.0210761925296698
-0.439166240673701, 0.220563569637991, -0.0421111911803234
-0.439166240673701, 0.210518678022103, -0.0631019428033524
-0.439166240673701, 0.200375499473052, -0.084045375348703
-0.439166240673701, 0.190128886142351, -0.104938397804684
-0.439166240673701, 0.179774253714485, -0.125778091777041
-0.439166240673701, 0.169308014030156, -0.146561955628373
-0.439166240673701, 0.158726874717958, -0.167287557767639
-0.439166240673701, 0.144945247857926, -0.182872350806666
-0.439166240673701, 0.122803036039704, -0.184952296904499
-0.439166240673701, 0.109995042991396, -0.204380691315741
-0.439166240673701, 0.0969758491288595, -0.223668193715863
-0.439166240673701, 0.0837474084229416, -0.242812787058523
-0.439166240673701, 0.0703109190741935, -0.261811941040818
-0.439166240673701, 0.0566668567613077, -0.280662581937443
-0.439166240673701, 0.0428149949685974, -0.299361058019138
-0.439166240673701, 0.0287544213463266, -0.317903088595737
-0.439166240673701, 0.0144835235774268, -0.336283731232942
-0.439166240673701, 1.99510800943208E-16, -0.354497292814914
-0.384270460589489, 0.222447650890183, -1.42645493819181E-11
-0.384270460589489, 0.212855630887428, -0.0195982106324211
-0.384270460589489, 0.203168642639221, -0.0391496617432016
-0.384270460589489, 0.193383006380178, -0.0586519192571112
-0.384270460589488, 0.183495125813635, -0.0781025351893919
-0.384270460589489, 0.173501749725299, -0.0974991588575697
-0.384270460589489, 0.163400456377376, -0.116839799713994
-0.384270460589489, 0.153188952450405, -0.13612247698035
-0.384270460589489, 0.142865884516666, -0.155345658530988
-0.384270460589488, 0.132431276382678, -0.174508523343593
-0.384270460589489, 0.112467778114518, -0.177644217775976
-0.384270460589488, 0.0974382374542313, -0.189752863446753
-0.384270460589488, 0.0859015457613031, -0.208273078253664
-0.384270460589489, 0.0741767265983698, -0.226674771496417
-0.384270460589489, 0.0622666673152417, -0.244957119324376
-0.384270460589489, 0.0501736830319142, -0.263118989788681
-0.384270460589489, 0.0378995406605463, -0.281158928193216
-0.384270460589488, 0.0254454827337779, -0.299075129662177
-0.384270460589489, 0.0128122335967671, -0.316865424663708
-0.384270460589489, 1.1500995217738E-16, -0.334527258387956
-0.329374680505589, 0.20259862878201, -1.42643509954144E-11
-0.32937468050537, 0.193401357519887, -0.0178179311164941
-0.329374680505288, 0.184110857586777, -0.03558742827649
-0.329374680505276, 0.174724884265874, -0.0533066797243539
-0.329374680505276, 0.165241234553605, -0.0709738484426902
-0.329374680505276, 0.155658365172207, -0.088587385136856
-0.329374680505276, 0.145975317612091, -0.106146054026918
-0.329374680505276, 0.136191553288702, -0.123648802507132
-0.329374680505276, 0.126306945928409, -0.141094798665447
-0.329374680505276, 0.116321875539225, -0.158483493639109
-0.329374680505276, 0.104184616324584, -0.17223503516527
-0.329374680505276, 0.0841589989419567, -0.172280138455513
-0.329374680505276, 0.0742010432429645, -0.189684313937612
-0.329374680505276, 0.0640761617156945, -0.206991914241543
-0.329374680505276, 0.0537880773417068, -0.224203009369714
-0.329374680505276, 0.0433400719512004, -0.241317496177507
-0.329374680505276, 0.0327349999217302, -0.258335107023033
-0.329374680505276, 0.0219753153314881, -0.275255387767014
-0.329374680505276, 0.0110630869260986, -0.292077688489097
-0.329374680505276, 2.8710150196404E-17, -0.308801166440343
-0.258897488313082, 0.173605649910647, -2.85286755137151E-11
-0.261915275922744, 0.165370121024804, -0.0171809655940795
-0.26495133340171, 0.157084733747363, -0.0343347194270455
-0.268005571017233, 0.148749732958595, -0.0514611888315878
-0.271077900700597, 0.140365358997627, -0.0685603006607998
-0.27416823875665, 0.131931840268156, -0.0856319767593021
-0.277276365884619, 0.123449775241012, -0.102676351398291
-0.280401644395501, 0.11492090416663, -0.119694212328645
-0.283543377329012, 0.106347129046507, -0.13668646093044
-0.286700871704973, 0.0977303410204505, -0.153654013220778
-0.290365274255463, 0.0877302028539028, -0.168283090325801
-0.296682830227847, 0.0704896208686345, -0.170382391954088
-0.299667384977144, 0.0623447843100838, -0.187612204413941
-0.302722891405701, 0.0540063209364175, -0.204736639283298
-0.30584852910293, 0.0454764696446168, -0.221753822709526
-0.309043663612852, 0.0367569618623574, -0.23866162416173
-0.312307842088674, 0.0278490334066608, -0.255457649295359
-0.315640785661666, 0.0187534453092019, -0.272139202718005
-0.319042386538812, 0.00947049173679074, -0.288703264281266
-0.322512707999655, 2.51587705506422E-17, -0.305146467198831
-0.212038733622611, 0.151718613498055, -2.8529830509081E-11
-0.217194539382888, 0.144316064930321, -0.0168494532391522
-0.222367808726468, 0.13688844268263, -0.0336825114885089
-0.227557762795853, 0.129436865014804, -0.0504998355975226
-0.232763563993417, 0.121962534523956, -0.0673021657122115
-0.237984371906106, 0.1144666578495, -0.0840902317561829
-0.243219352010328, 0.106950433174942, -0.100864781572728
-0.248467671141348, 0.0994150567327836, -0.117626566294164
-0.253728498248171, 0.0918617217206799, -0.134376342831234
-0.25900099552254, 0.0842916310381607, -0.151114881849378
-0.265065256571488, 0.0755847500908384, -0.16567366755102
-0.275071170068885, 0.061218564847848, -0.169157807939394
-0.279927203625358, 0.0542464200620199, -0.186277576261181
-0.284919228166597, 0.0470790235704551, -0.203277175701943
-0.290046481562765, 0.0397174696159723, -0.22015310892375
-0.295308563695923, 0.0321623326757575, -0.236901499695978
-0.300705427814692, 0.0244136798740744, -0.253518069197535
-0.306237367257617, 0.0164710900444519, -0.269998081936554
-0.311905013138616, 0.00833365705284901, -0.286336311332462
-0.31770932724114, 2.27499110503466E-17, -0.302526976286899
-0.178390826168285, 0.134515120311727, -2.85287043024436E-11
-0.185073230326088, 0.127832716153924, -0.01659830468922
-0.191766666654414, 0.121139279825598, -0.0331877157625309
-0.198470265929462, 0.114435680550551, -0.0497689186706538
-0.205183159348492, 0.10772278713152, -0.0663425997283556
-0.211904479630289, 0.101001466849724, -0.0829094488697562
-0.218633360601443, 0.0942725858785694, -0.0994701586304677
-0.225368854610806, 0.0875370918692065, -0.116025491766521
-0.23210937035046, 0.0807965761295522, -0.132576735550349
-0.238853055168054, 0.0740528913119584, -0.149125398338461
-0.246460155880781, 0.0664457905992309, -0.163732290257436
-0.258645331342859, 0.0542606151371528, -0.167843855112299
-0.264771607763418, 0.0481343387166022, -0.184865690883361
-0.271085266730424, 0.0418206797496389, -0.201750024267822
-0.277585780490813, 0.0353201659893571, -0.218491945268178
-0.284273108736901, 0.0286328377434704, -0.2350860513849
-0.291147683596876, 0.0217582628838197, -0.251526408967142
-0.298210390622765, 0.0146955558584084, -0.267806488558461
-0.305462558053386, 0.00744338842844988, -0.283919106429279
-0.312905946482713, 2.04131373179387E-17, -0.299856353098118
-0.149362047051552, 0.118559963038487, -2.85296748521279E-11
-0.157351680834819, 0.112592673187318, -0.0163712862216207
-0.165345260131126, 0.106622436515237, -0.0327395720720414
-0.173341984956839, 0.100649850513235, -0.0491054638771296
-0.181341194918808, 0.0946754084151011, -0.06546946278794
-0.189341799298781, 0.0886999248554157, -0.0818324020684857
-0.197342346076003, 0.0827244843180157, -0.0981953858951468
-0.205341383282753, 0.0767501712471308, -0.114559518558702
-0.213337458622835, 0.0707780703323206, -0.13092590367808
-0.221329091819902, 0.0648092871609327, -0.147295667127634
-0.230135918501623, 0.0582316530785171, -0.162013779129365
-0.243873111757533, 0.0479716316403359, -0.166557382880242
-0.251080471094106, 0.0425886061613844, -0.183484570909692
-0.258521867208637, 0.0370307835230568, -0.200253254109693
-0.266196927130087, 0.0312984422896116, -0.216857052482867
-0.274105847756716, 0.0253914354018841, -0.233288983864575
-0.282249370675294, 0.0193092089842881, -0.249541411654254
-0.29062875408681, 0.0130508233129166, -0.265605972541857
-0.299245745865027, 0.0066149729375416, -0.281473496168092
-0.308102565724429, 1.81562295546677E-17, -0.297133932050694
-0.12252919257774, 0.102800866839141, -2.85328737801796E-11
-0.131714299427645, 0.0975774504208004, -0.0161556761864683
-0.140897068363444, 0.0923553635350522, -0.0323131182263218
-0.150076478635542, 0.0871351866650948, -0.0484730857096048
-0.159251511827034, 0.0819174989675639, -0.0646363423053906
-0.168421146963925, 0.0767028810532684, -0.0808036471843941
-0.177584358820893, 0.0714919159506782, -0.0969757648998868
-0.186739801724643, 0.0662853689216555, -0.113153713719062
-0.195885604455302, 0.0610843040976002, -0.129338875225846
-0.205019853242917, 0.0558898098074297, -0.145532668968434
-0.214848335762028, 0.05030051642232, -0.160391936783668
-0.229720628523594, 0.0418428926343145, -0.165383497672461
-0.237941010066188, 0.0371680993394452, -0.182212538325045
-0.246439985200849, 0.0323348745351172, -0.198857420283921
-0.255217110233248, 0.0273434705428694, -0.215310155504888
-0.264272542135618, 0.0221937980952283, -0.231562053941301
-0.273606998493971, 0.016885449113056, -0.247603660553415
-0.283221712893587, 0.011417722077071, -0.263424675242936
-0.293118394865562, 0.00578964480558057, -0.279013874841758
-0.303299184966332, 1.59872225719612E-17, -0.294359022980994
-0.0967915698032814, 0.0866765503288461, -2.85741406935496E-11
-0.107105491461995, 0.0822444413432412, -0.0159489785321196
-0.117412537779643, 0.0778152868362456, -0.0319032215662802
-0.127711609560432, 0.073389559155402, -0.0478635641710075
-0.13800137055776, 0.0689678325139692, -0.0638310194971751
-0.148280482699843, 0.0645506819095263, -0.0798065979649583
-0.158547605816872, 0.0601386832412166, -0.0957913068837539
-0.168801397371928, 0.0557324134253812, -0.111786150065089
-0.17904051219896, 0.0513324505081536, -0.127792127432075
-0.189263602247453, 0.0469393737751834, -0.143810234623182
-0.200027660629617, 0.0423138315754464, -0.158808397881788
-0.2156738742783, 0.0355903246110093, -0.164425249429434
-0.224901254657208, 0.0316251252577261, -0.181143776947734
-0.234450671423616, 0.0275215400979645, -0.197646669117217
-0.244321226455028, 0.0232799550738462, -0.21392416938255
-0.254512587306121, 0.018900513044118, -0.229965744252877
-0.265024927936574, 0.0143831392546517, -0.245760015273379
-0.275858864336203, 0.00972756900167452, -0.261294681064413
-0.28701538987606, 0.0049333754127618, -0.276556440390544
-0.298495804208441, 1.39144190244186E-17, -0.291530909948155
-0.071541365609632, 0.0697869186065565, -2.85048843214957E-11
-0.0829386656086255, 0.0662065510175177, -0.0157535711291679
-0.0943258291725402, 0.062629367705775, -0.0315151934966058
-0.105701961475702, 0.0590556497734177, -0.0472855654104412
-0.117066165938482, 0.0554856788735257, -0.0630653828361292
-0.128417545677294, 0.0519197367546638, -0.078855336242268
-0.139755166395322, 0.0483581169184546, -0.0946561516495896
-0.151077628715173, 0.0448012589677395, -0.110468904462986
-0.162383403744588, 0.041249643191384, -0.126294767098026
-0.173670961106332, 0.0377037503447472, -0.142134910298646
-0.185351379966879, 0.0340344433055017, -0.157229672860015
-0.201400132668018, 0.028992860297181, -0.163826575827486
-0.211671642413729, 0.0257661504108669, -0.180408480009646
-0.222307507181264, 0.0224249814060648, -0.196736056011521
-0.23330578809864, 0.0189699623633825, -0.212797656915317
-0.244664996001689, 0.0154015610914353, -0.22858083633229
-0.256384011546181, 0.0117201292229617, -0.244072284807414
-0.268461999515322, 0.00792592913441476, -0.259257764295293
-0.280898318639985, 0.00401916227519077, -0.274122045944795
-0.29369242345075, 1.19464035127682E-17, -0.288648849961311
-0.0464244351780784, 0.0517927655646467, -2.85825600345958E-11
-0.058867432480754, 0.0491348220040431, -0.0155763697149089
-0.0713004305775752, 0.0464790143697092, -0.0311610900208536
-0.0837227553632322, 0.0438254866570042, -0.0467547056238836
-0.0961337370851411, 0.0411743819315034, -0.0623577561139734
-0.108532596770781, 0.0385258665892083, -0.0779708835247367
-0.120918370784012, 0.03588014647204, -0.0935948686761756
-0.133290084327681, 0.0332374298060197, -0.109230497654896
-0.145646761583437, 0.0305979250353057, -0.124878555687271
-0.157987298937891, 0.0279618679023024, -0.140539926137952
-0.170620692075046, 0.0252632539654294, -0.15563486215328
-0.186650737069181, 0.0218390826157188, -0.16379735387241
-0.198040233662608, 0.0194061769103944, -0.18019414339487
-0.209834187839108, 0.0168868751863043, -0.196289170322353
-0.22202877569024, 0.0142819942669654, -0.212068917632394
-0.234620414166801, 0.0115922995260517, -0.227519137013736
-0.247605677486427, 0.00881852274353144, -0.242624816146249
-0.260981189413367, 0.00596138511574175, -0.25737012806383
-0.274743514255658, 0.00302162053943646, -0.271738396214083
-0.288889042693224, 1.00920576276659E-17, -0.285712071623226
-0.0156222815326324, 0.0301031969284374, -6.35057931880345E-07
-0.0312859113183193, 0.0301772671737424, -0.0135792542367034
-0.0457870539741035, 0.0292344449294627, -0.028367822814713
-0.0595073598308793, 0.0276706399428498, -0.0438399236299679
-0.0730787852828518, 0.0259984836227739, -0.0594327384205481
-0.0866415006611564, 0.0243274004842364, -0.075033250941594
-0.100193792319631, 0.0226576016683745, -0.0906429547158181
-0.113733881640016, 0.0209893063217395, -0.10626339477097
-0.127259156126459, 0.0193228363340313, -0.121896865343329
-0.141081784974891, 0.0178667027828407, -0.137287933712041
-0.154305242070395, 0.0160455419947854, -0.153139094735406
-0.170249929513804, 0.0140258766539612, -0.163345775505848
-0.182958311936972, 0.0124600572003826, -0.179659353391484
-0.19611564908624, 0.0108389213406325, -0.19560750779536
-0.209714888281625, 0.0091633380463195, -0.211174777875762
-0.223748952303783, 0.00743417931258482, -0.22634518548443
-0.238210646794086, 0.00565233156748215, -0.241102217401734
-0.253092559208221, 0.00381870812206074, -0.255428814721399
-0.268386953715426, 0.00193426211999327, -0.269307375824155
-0.284085661935806, 8.3605760121128E-18, -0.28271977368352
-0.000678590631903064, 0.00816240996389297, -1.19058990413479E-05
-0.00812910377423066, 0.00843007531988248, -0.00787707756027191
-0.0155539053471477, 0.00862255923179442, -0.0157687214122345
-0.0229540877520235, 0.00874479475807351, -0.0236848569137749
-0.0303308802563516, 0.00880188928452665, -0.0316235323843097
-0.0376856442988609, 0.00879910955841804, -0.0395828297397536
-0.0450198623970163, 0.00874186661307091, -0.0475608623958046
-0.0523351310415336, 0.00863570078828991, -0.0555557774264819
-0.0596331502692702, 0.00848626686903831, -0.0635657540569056
-0.0669157134812875, 0.00829931942390301, -0.0715890022901766
-0.0741846958070459, 0.00808069840496672, -0.0796237597832055
-0.0814420437965791, 0.00783631495741297, -0.0876682900199506
-0.0886897596890055, 0.00757213765443805, -0.0957208743041179
-0.0959298931399446, 0.00729417871343137, -0.103779811852527
-0.103164530000722, 0.00700848047261924, -0.111843416511116
-0.110395578706804, 0.00672075132504985, -0.119910164417365
-0.117623386088332, 0.00643312479598803, -0.127979824890613
-0.124847551794368, 0.00614564318535397, -0.136052750526457
-0.132067675257148, 0.00585832243351646, -0.144129297894142
-0.139283351742763, 0.00557117864663382, -0.152209818913475
