-2.74110095577284, 0.408214185984839, -2.36766162231561E-11
-2.74110095577284, 0.399750662432664, -0.0301321714695611
-2.74110095577284, 0.391287138880489, -0.0602643429154455
-2.74110095577284, 0.382823615328315, -0.0903965143613299
-2.74110095577284, 0.37436009177614, -0.120528685807214
-2.74110095577284, 0.365896568223965, -0.150660857253099
-2.74110095577284, 0.357433044671791, -0.180793028698983
-2.74110095577284, 0.348969521119616, -0.210925200144868
-2.74110095577284, 0.339173172205492, -0.23929860458304
-2.74110095577284, 0.307933422838604, -0.239947100195558
-2.74110095577284, 0.277140080554744, -0.245546123141698
-2.74110095577284, 0.246346738270883, -0.251145146087838
-2.74110095577284, 0.215553395987023, -0.256744169033979
-2.74110095577284, 0.184760053703163, -0.262343191980119
-2.74110095577284, 0.153966711419302, -0.267942214926259
-2.74110095577284, 0.123173369135442, -0.273541237872399
-2.74110095577284, 0.0923800268515816, -0.27914026081854
-2.74110095577284, 0.0615866845677212, -0.28473928376468
-2.74110095577284, 0.0307933422838607, -0.29033830671082
-2.74110095577284, 1.95215988938465E-16, -0.29593732965696
-2.68627893665739, 0.410028760693838, -1.18382578644158E-11
-2.68627893665739, 0.401543983117793, -0.0302263472455011
-2.68627893665739, 0.393059334832645, -0.0604527307734824
-2.68627893665739, 0.384574820136464, -0.0906791517980968
-2.68627893665739, 0.376090443326316, -0.120905611525236
-2.68627893665739, 0.36760620869837, -0.151132111163998
-2.68627893665739, 0.359122120549925, -0.181358651919441
-2.68627893665739, 0.350638183178282, -0.211585234996623
-2.68627893665739, 0.340176772055235, -0.239202754367058
-2.68627893665739, 0.308850304896457, -0.239956434814273
-2.68627893665739, 0.2779652549699, -0.245590013492315
-2.68627893665739, 0.247080209363837, -0.251223615856879
-2.68627893665739, 0.216195168077719, -0.256857241905392
-2.68627893665739, 0.185310131111369, -0.262490891635212
-2.68627893665739, 0.154425098464132, -0.268124565043786
-2.68627893665739, 0.123540070135588, -0.273758262128516
-2.68627893665739, 0.0926550461253212, -0.279391982886804
-2.68627893665739, 0.0617700264329124, -0.285025727316055
-2.68627893665739, 0.0308850110579446, -0.290659495413669
-2.68627893665739, 1.2526458127498E-16, -0.296293287177051
-2.63145691754193, 0.411843329279435, -1.18382964057754E-11
-2.63145691754193, 0.403343773832658, -0.0303246881546332
-2.63145691754193, 0.394844625908886, -0.0606494905284393
-2.63145691754193, 0.386345897217593, -0.0909744104358823
-2.63145691754193, 0.377847599480899, -0.121299451134489
-2.63145691754193, 0.369349744425101, -0.151624615866866
-2.63145691754193, 0.360852343770906, -0.18194990789557
-2.63145691754193, 0.352355409239019, -0.212275330483159
-2.63145691754193, 0.341189876005925, -0.239081248767649
-2.63145691754193, 0.309776534827421, -0.239961529742493
-2.63145691754193, 0.278798891309825, -0.245637334212565
-2.63145691754193, 0.247821245552204, -0.251313126456993
-2.63145691754193, 0.216843597564113, -0.256988906528027
-2.63145691754193, 0.1858659473552, -0.2626646744779
-2.63145691754193, 0.15488829493499, -0.268340430358867
-2.63145691754193, 0.123910640313068, -0.274016174223172
-2.63145691754193, 0.092932983499022, -0.279691906123058
-2.63145691754193, 0.0619553245024376, -0.285367626110769
-2.63145691754193, 0.0309776633329016, -0.29104333423855
-2.63145691754193, 2.08253326567315E-16, -0.296719030558643
-2.57663489842647, 0.413657970472513, -1.18383213717093E-11
-2.57663489842647, 0.405146704718234, -0.0304243876567021
-2.57663489842647, 0.396636103243056, -0.0608489611656327
-2.57663489842647, 0.388126179621265, -0.0912737242609126
-2.57663489842647, 0.37961694741144, -0.12169868072098
-2.57663489842647, 0.371108420159317, -0.152123834370192
-2.57663489842647, 0.362600611429036, -0.182549188967123
-2.57663489842647, 0.354093534784737, -0.212974748270346
-2.57663489842647, 0.34219183317985, -0.238925729832216
-2.57663489842647, 0.310693082451309, -0.239951400120263
-2.57663489842647, 0.279623909135921, -0.245677784633105
-2.57663489842647, 0.248554705157788, -0.251404002793785
-2.57663489842647, 0.217485470767167, -0.257130055974794
-2.57663489842647, 0.18641620623028, -0.26285594554568
-2.57663489842647, 0.155346911791259, -0.268581672880062
-2.57663489842647, 0.124277587705412, -0.274307239349498
-2.57663489842647, 0.0932082342280522, -0.280032646325548
-2.57663489842647, 0.0621388516144896, -0.28575789517977
-2.57663489842647, 0.0310694401200353, -0.291482987283723
-2.57663489842647, 2.07822130452816E-16, -0.297207924008966
-2.52181287931102, 0.41548278583636, -1.18383065249037E-11
-2.52181287931102, 0.406959178523782, -0.0305227052211318
-2.52181287931102, 0.398436045397641, -0.0610455428421742
-2.52181287931102, 0.389913363588036, -0.0915685064860664
-2.52181287931102, 0.381391099114107, -0.122091586681699
-2.52181287931102, 0.372869216805296, -0.152614773586228
-2.52181287931102, 0.364347681493172, -0.183138057349192
-2.52181287931102, 0.355826458005717, -0.213661428132971
-2.52181287931102, 0.343163253506584, -0.238727905474438
-2.52181287931102, 0.311582072708633, -0.239915194234844
-2.52181287931102, 0.280424274375298, -0.245701299636732
-2.52181287931102, 0.24926638213908, -0.251486899496121
-2.52181287931102, 0.218108397102543, -0.257271999854438
-2.52181287931102, 0.186950320502816, -0.263056606728126
-2.52181287931102, 0.155792153384, -0.268840726169469
-2.52181287931102, 0.124633896888849, -0.274624364212428
-2.52181287931102, 0.0934755521601196, -0.280407526890968
-2.52181287931102, 0.062317120340565, -0.286190220239053
-2.52181287931102, 0.0311586025729403, -0.291972450290646
-2.52181287931102, 1.79504931695928E-16, -0.297754223079711
-2.46699086019555, 0.417377159794491, -1.18382814280453E-11
-2.46699086019555, 0.408829731652466, -0.0306156113621142
-2.46699086019556, 0.400281819712681, -0.0612310876690025
-2.46699086019556, 0.391733342577177, -0.0918464062450223
-2.46699086019556, 0.383184218875847, -0.122461544302924
-2.46699086019556, 0.374634367244114, -0.153076479035669
-2.46699086019556, 0.36608370630802, -0.183691187669811
-2.46699086019556, 0.357532154693607, -0.214305647431901
-2.46699086019556, 0.344091902778854, -0.238479411139282
-2.46699086019556, 0.312432046034218, -0.239841074620527
-2.46699086019556, 0.281189734633002, -0.245697025063459
-2.46699086019556, 0.249947216086556, -0.251551870946515
-2.46699086019556, 0.218704493508562, -0.257405629231739
-2.46699086019556, 0.187461570586492, -0.263258316773673
-2.46699086019556, 0.156218450155286, -0.269109950586576
-2.46699086019556, 0.12497513549031, -0.274960547602178
-2.46699086019556, 0.0937316298669275, -0.28081012475221
-2.46699086019556, 0.062487936560505, -0.286658698968403
-2.46699086019556, 0.0312440588464075, -0.292506287182487
-2.46699086019556, 1.23322142483719E-16, -0.298352906326193
-2.4121688410801, 0.41931822851246, -1.1838393103113E-11
-2.4121688410801, 0.410732734177521, -0.0307001425032218
-2.4121688410801, 0.402145347328787, -0.0613997560001058
-2.4121688410801, 0.393555923079525, -0.0920988002960694
-2.4121688410801, 0.384964316806297, -0.12279723424317
-2.4121688410801, 0.37637038392696, -0.15349501654611
-2.4121688410801, 0.367773979781829, -0.184192106186749
-2.4121688410801, 0.359174959711222, -0.214888462146949
-2.4121688410801, 0.344952693612276, -0.238171763528477
-2.4121688410801, 0.313220066585068, -0.239719408647026
-2.4121688410801, 0.281899717973106, -0.245656175830676
-2.4121688410801, 0.250578981166224, -0.251590897146183
-2.4121688410801, 0.219257863189849, -0.257523610399577
-2.4121688410801, 0.187936372852551, -0.263454353059185
-2.4121688410801, 0.156614516190732, -0.269383163118313
-2.4121688410801, 0.125292300689711, -0.275310078295772
-2.4121688410801, 0.0939697338348071, -0.281235136310372
-2.4121688410801, 0.062646823111341, -0.287158374880924
-2.4121688410801, 0.0313235760046321, -0.293079831726239
-2.4121688410801, 1.78070161214531E-16, -0.298999544565128
-2.35734682196465, 0.421266340289549, -1.18384228165552E-11
-2.35734682196465, 0.41262886012378, -0.0307739513488386
-2.35734682196465, 0.403987633176296, -0.0615468519953363
-2.35734682196465, 0.395342435852653, -0.0923186401479996
-2.35734682196465, 0.386693045454318, -0.123089250811475
-2.35734682196465, 0.378039239395134, -0.153858618591737
-2.35734682196464, 0.369380794852186, -0.184626678937692
-2.35734682196465, 0.36071748900256, -0.215393367298247
-2.35734682196465, 0.34571786936438, -0.237796463398913
-2.35734682196465, 0.313920825931334, -0.239540994676088
-2.35734682196465, 0.282531528181878, -0.245570429815021
-2.35734682196465, 0.251141572375976, -0.251596445268024
-2.35734682196465, 0.219750972364052, -0.257619114011473
-2.35734682196465, 0.188359746488976, -0.263638508160075
-2.35734682196465, 0.156967905747285, -0.269654701237509
-2.35734682196465, 0.125575465023561, -0.275667766021267
-2.35734682196465, 0.0941824392023877, -0.281677775288847
-2.35734682196465, 0.062788843168348, -0.287684801817741
-2.35734682196464, 0.0313946918060245, -0.293688918385445
-2.35734682196465, 1.7723255021934E-16, -0.299690197769453
-2.30252480284918, 0.423181167985457, -1.18383542816201E-11
-2.30252480284918, 0.414478164592066, -0.0308346967656526
-2.30252480284919, 0.405769133452671, -0.0616676945381376
-2.30252480284919, 0.397053758972657, -0.0924989065388371
-2.30252480284919, 0.388331730278022, -0.123328229276736
-2.30252480284919, 0.379602730896751, -0.154155579056341
-2.30252480284919, 0.370866444844471, -0.184980870427725
-2.30252480284919, 0.362122561584082, -0.215803998716268
-2.30252480284919, 0.346359504818202, -0.237344641187558
-2.30252480284919, 0.314508872643023, -0.239296524904518
-2.30252480284919, 0.283062354101848, -0.245431438288994
-2.30252480284919, 0.251614793787669, -0.25156102722456
-2.30252480284919, 0.220166216710033, -0.257685419305818
-2.30252480284919, 0.18871665764953, -0.263804740225603
-2.30252480284919, 0.157266134481187, -0.269919118967069
-2.30252480284919, 0.125814674147235, -0.276028682746824
-2.30252480284919, 0.094362303589908, -0.282133558781474
-2.30252480284919, 0.0629090497514381, -0.288233874287627
-2.30252480284919, 0.031454939574058, -0.294329756481889
-2.30252480284919, 1.76336289600617E-16, -0.300421332580868
-2.2477027837337, 0.425021748465475, -1.18383011192201E-11
-2.24770278373371, 0.416240263322672, -0.0308801033481298
-2.24770278373372, 0.407450059122907, -0.061757731990261
-2.24770278373373, 0.398650717137517, -0.0926327589079001
-2.24770278373373, 0.389841818427329, -0.123505057800109
-2.24770278373373, 0.381022942416396, -0.154374508079041
-2.24770278373373, 0.372193669364382, -0.185240986193722
-2.24770278373373, 0.363353579644245, -0.216104368165738
-2.24770278373373, 0.346849666719197, -0.236807156963234
-2.24770278373373, 0.314958747788165, -0.238976419823663
-2.24770278373373, 0.283469386560758, -0.245230675830649
-2.24770278373373, 0.251978469080351, -0.25147706142182
-2.24770278373373, 0.220486023915476, -0.257715786895836
-2.24770278373373, 0.188992109292054, -0.263947056669712
-2.24770278373373, 0.157496755744024, -0.270171080641433
-2.24770278373373, 0.126000015399605, -0.276388064434649
-2.24770278373373, 0.094501927292968, -0.282598216258983
-2.24770278373373, 0.063002533835934, -0.288801743653305
-2.24770278373373, 0.0315018723902166, -0.294998855146816
-2.24770278373373, 2.03151861917345E-16, -0.301189755396099
-2.18288076461828, 0.427046163865599, -1.18383586608669E-11
-2.18288076461828, 0.418156012839029, -0.0309109357079131
-2.18288076461828, 0.409253453194543, -0.0618182969093241
-2.18288076461828, 0.400337924747618, -0.0927219255927718
-2.18288076461828, 0.391408872274798, -0.123621646447382
-2.18288076461828, 0.382465737557131, -0.154517294473519
-2.18288076461828, 0.373507963370743, -0.185408701137514
-2.18288076461828, 0.364534992698965, -0.216295697104141
-2.18288076461828, 0.347195526804525, -0.236048268137654
-2.18288076461828, 0.315277510382177, -0.238486607469476
-2.18288076461828, 0.283759729441096, -0.244901459240139
-2.18288076461828, 0.252239537476478, -0.251304445325399
-2.18288076461828, 0.220717009804637, -0.257695909670984
-2.18288076461828, 0.189192220801343, -0.264076196404217
-2.18288076461828, 0.157665235903406, -0.270445651447402
-2.18288076461828, 0.126136133808116, -0.27680461802967
-2.18288076461828, 0.094604987485936, -0.283153440530431
-2.18288076461828, 0.0630718695724898, -0.289492463387315
-2.18288076461828, 0.0315368523799486, -0.295822031094142
-2.18288076461828, 1.74247798833006E-16, -0.302142489782787
-2.05582571682955, 0.430285199452415, -1.18383184531467E-11
-2.05582571682959, 0.421137165895444, -0.0308864095568584
-2.05582571682962, 0.41196805655688, -0.0617665782964981
-2.05582571682963, 0.40277705387818, -0.0926402331643605
-2.05582571682963, 0.3935633356326, -0.123507116515729
-2.05582571682963, 0.384326069930752, -0.154366958997515
-2.05582571682963, 0.375064279873484, -0.185219454206025
-2.05582571682963, 0.365776944542948, -0.216064267076885
-2.05582571682963, 0.34696841301954, -0.234111623728885
-2.05582571682963, 0.315076606618455, -0.237109922028789
-2.05582571682963, 0.283589643629858, -0.243909084245352
-2.05582571682963, 0.252097588604109, -0.250684596284302
-2.05582571682963, 0.220600625422018, -0.257437255512117
-2.05582571682963, 0.189098941598005, -0.264167858431041
-2.05582571682963, 0.157592722949958, -0.270877201831452
-2.05582571682963, 0.126082153661388, -0.277566082778627
-2.05582571682963, 0.0945674163425384, -0.284235298600627
-2.05582571682963, 0.0630486920918748, -0.290885646876973
-2.05582571682963, 0.031526160557705, -0.297517925428127
-2.05582571682963, 1.71963005690175E-16, -0.304132932305726
-1.91877066904099, 0.432202571507734, -1.18382734892033E-11
-1.91877066904099, 0.422717036979277, -0.0307045589967967
-1.91877066904099, 0.413198148299791, -0.06139879391999
-1.91877066904099, 0.403644513717459, -0.0920822317420383
-1.91877066904099, 0.39405474256399, -0.122754394532839
-1.91877066904099, 0.384427445301741, -0.153414799273199
-1.91877066904099, 0.374761233576017, -0.184062957656581
-1.91877066904099, 0.365054720272134, -0.214698375892954
-1.91877066904099, 0.345002919456965, -0.231221919929903
-1.91877066904099, 0.31328935131223, -0.234859414113202
-1.91877066904099, 0.282001688836469, -0.242196130155173
-1.91877066904099, 0.250703662993497, -0.249488510923481
-1.91877066904099, 0.219395732471359, -0.256738251495885
-1.91877066904099, 0.188078348875454, -0.263947048119527
-1.91877066904099, 0.156751956993913, -0.271116598140258
-1.91877066904099, 0.125416995090469, -0.278248599933684
-1.91877066904099, 0.0940738951854004, -0.285344752846721
-1.91877066904099, 0.062723083340334, -0.292406757145653
-1.91877066904099, 0.0313649799440331, -0.299436313971013
-1.91877066904099, 1.69608696922706E-16, -0.306435125298761
-1.78171562125235, 0.431827324317143, -1.18382808706904E-11
-1.78171562125235, 0.421949745233632, -0.0303280866405007
-1.78171562125235, 0.412026343175697, -0.0606412106558596
-1.78171562125235, 0.402055812149097, -0.0909388656016519
-1.78171562125235, 0.392036791141036, -0.121220519943239
-1.78171562125235, 0.381967905367515, -0.151485630185622
-1.78171562125235, 0.371847781298751, -0.181733645562835
-1.78171562125235, 0.361675046633476, -0.211964007802882
-1.78171562125235, 0.340797231800533, -0.22731880780545
-1.78171562125235, 0.309451467999073, -0.231586883095064
-1.78171562125235, 0.278582699983594, -0.239616716978501
-1.78171562125235, 0.247694227708066, -0.247570419633316
-1.78171562125235, 0.216787219055884, -0.255451787397676
-1.78171562125235, 0.185862747382819, -0.263264357252548
-1.78171562125235, 0.154921803011994, -0.271011436055579
-1.78171562125235, 0.123965304416722, -0.278696126166244
-1.78171562125235, 0.0929941037844573, -0.286321349410096
-1.78171562125235, 0.062008996718754, -0.293889867482044
-1.78171562125235, 0.0310107258811125, -0.301404301784268
-1.78171562125235, 1.95332383595234E-16, -0.308867147900191
-1.64466057346385, 0.428413979087651, -1.18382924156937E-11
-1.64466057346379, 0.418146521559892, -0.0297578778730882
-1.64466057346375, 0.407826252578606, -0.0594974823353327
-1.64466057346373, 0.39745206583989, -0.0892183202393279
-1.64466057346371, 0.387022854824662, -0.118919894307467
-1.64466057346371, 0.376537514029838, -0.148601699524871
-1.64466057346371, 0.365994938702965, -0.178263223856772
-1.64466057346371, 0.355394019880186, -0.207903948705579
-1.64466057346371, 0.334094093085269, -0.222378402371688
-1.64466057346371, 0.303321831828811, -0.227239581320269
-1.64466057346371, 0.273119356222003, -0.23611434452969
-1.64466057346371, 0.242882987016859, -0.244872943427572
-1.64466057346371, 0.212614916181779, -0.253521357823111
-1.64466057346371, 0.182317146835603, -0.262065142249069
-1.64466057346371, 0.151991504274104, -0.270509478607456
-1.64466057346371, 0.121639677385574, -0.278859213633484
-1.64466057346371, 0.0912632211444504, -0.287118901850388
-1.64466057346371, 0.0608635732197858, -0.295292839987787
-1.64466057346371, 0.0304420827034519, -0.303385094601583
-1.64466057346371, 1.93856912831407E-16, -0.311399537237269
-1.50760552567511, 0.421537582097944, -1.1838233289035E-11
-1.50760552567506, 0.410945688683876, -0.0290192991250844
-1.50760552567506, 0.400298754724951, -0.0580184493755594
-1.50760552567506, 0.389595841267626, -0.0869969854089597
-1.50760552567506, 0.378835957391979, -0.115954416147015
-1.50760552567506, 0.368018112618277, -0.14489024375138
-1.50760552567506, 0.357141316934552, -0.173803963484459
-1.50760552567506, 0.346204580826799, -0.202695063576947
-1.50760552567507, 0.324845609369359, -0.216519704429656
-1.50760552567506, 0.294853520934349, -0.22193910841888
-1.50760552567506, 0.265574453933503, -0.231790089657853
-1.50760552567506, 0.236240843710551, -0.241477461681882
-1.50760552567506, 0.206856485681607, -0.251009794880789
-1.50760552567506, 0.177424814363571, -0.260395052514643
-1.50760552567506, 0.147948970387592, -0.26964065405973
-1.50760552567506, 0.118431823798581, -0.2787535426524
-1.50760552567506, 0.0888760078775206, -0.287740240689719
-1.50760552567506, 0.0592839576875712, -0.29660689734701
-1.50760552567506, 0.0296579240549655, -0.305359338136159
-1.50760552567506, 1.65459183506621E-16, -0.314003106303812
-1.37055047788795, 0.411133054833882, -1.18383215581687E-11
-1.37055047788713, 0.400310062317111, -0.0281377577268459
-1.37055047788667, 0.389431719005723, -0.0562541623787278
-1.37055047788647, 0.378496887670507, -0.0843486460839445
-1.37055047788642, 0.367504432021963, -0.112420633130084
-1.37055047788642, 0.356453198941882, -0.140469532770317
-1.37055047788642, 0.345341852769524, -0.168494673140133
-1.37055047788642, 0.334168960315692, -0.196495333187374
-1.37055047788642, 0.313068864960155, -0.209870339369668
-1.37055047788642, 0.284052207335269, -0.215790518420392
-1.37055047788642, 0.255959096560456, -0.226728675179799
-1.37055047788642, 0.227782757722578, -0.237450641706835
-1.37055047788642, 0.199529245454779, -0.247967587401518
-1.37055047788642, 0.171204050664741, -0.258289935492538
-1.37055047788642, 0.142812172843159, -0.26842744464816
-1.37055047788642, 0.114358174539562, -0.278389285239419
-1.37055047788642, 0.0858462515413495, -0.288184100395588
-1.37055047788642, 0.0572802477999894, -0.297820078305183
-1.37055047788642, 0.0286637287612766, -0.307304997834744
-1.37055047788642, 2.21514324611291E-16, -0.316646288001367
-1.23349543009779, 0.397270147162307, -1.18382360905591E-11
-1.23349543009779, 0.38630267093934, -0.0271284917815866
-1.23349543009778, 0.3752786687643, -0.0542340626009247
-1.23349543009778, 0.364197543103696, -0.0813163306075109
-1.23349543009778, 0.35305869600662, -0.108374908995861
-1.23349543009778, 0.341861529115322, -0.135409405946485
-1.23349543009778, 0.330605443680274, -0.162419424549455
-1.23349543009778, 0.319289840575275, -0.189404562733253
-1.23349543009778, 0.298769607464092, -0.202572418346369
-1.23349543009778, 0.270905369827305, -0.208901331719327
-1.23349543009778, 0.244266612816042, -0.221009589445685
-1.23349543009778, 0.217507148374329, -0.232848723705837
-1.23349543009778, 0.190635761613216, -0.24443161245737
-1.23349543009778, 0.163660476834259, -0.255770454535129
-1.23349543009778, 0.13658864159922, -0.266876832589139
-1.23349543009778, 0.109427004578658, -0.277761771156982
-1.23349543009778, 0.0821817831133036, -0.288435792673053
-1.23349543009778, 0.0548587205217379, -0.298908972225904
-1.23349543009778, 0.0274631416465351, -0.309190988673591
-1.23349543009778, 1.95974800539962E-16, -0.319291175712455
-1.09644038231298, 0.379935717247887, -1.1838151955762E-11
-1.09644038231024, 0.368913284569326, -0.0260173113327667
-1.09644038230926, 0.357839146686903, -0.0520126566088619
-1.09644038230914, 0.346712889995213, -0.0779857337624526
-1.09644038230914, 0.335534133963536, -0.103936265273063
-1.09644038230914, 0.324302066712766, -0.129863763219283
-1.09644038230914, 0.313015666369459, -0.15576765559655
-1.09644038230914, 0.301673913309598, -0.181647359975952
-1.09644038230914, 0.282003712708558, -0.194807539014518
-1.09644038230914, 0.25542532070552, -0.20136872927318
-1.09644038230914, 0.230507028975025, -0.214690237184537
-1.09644038230914, 0.205423647950499, -0.227698259036512
-1.09644038230914, 0.180186215006376, -0.240404857855392
-1.09644038230914, 0.154805056721886, -0.252821912633629
-1.09644038230914, 0.129289828764127, -0.26496111969803
-1.09644038230914, 0.103649570534298, -0.276833990388499
-1.09644038230914, 0.0778927494383087, -0.288451857193296
-1.09644038230914, 0.0520273139241069, -0.299825878851427
-1.09644038230914, 0.0260607239989036, -0.310967058177572
-1.09644038230914, 1.72839040567888E-16, -0.321886253996779
-0.959385334520825, 0.359274561763371, -1.18382508338875E-11
-0.959385334520556, 0.348297951053262, -0.0248311299281068
-0.959385334520497, 0.337270319879916, -0.0496396431360871
-0.959385334520496, 0.32618977003846, -0.0744245653334106
-0.959385334520496, 0.315053485808605, -0.099184494446583
-0.959385334520496, 0.303858201959171, -0.123917801874106
-0.959385334520495, 0.292600597851908, -0.148622802938525
-0.959385334520495, 0.281276521371401, -0.173297408581653
-0.959385334520495, 0.262742204090712, -0.186762389063492
-0.959385334520495, 0.237503009527483, -0.193208988257645
-0.959385334520495, 0.214576444362084, -0.207749624089849
-0.959385334520495, 0.191437992926932, -0.221950699492976
-0.959385334520495, 0.168098777283221, -0.235819365393843
-0.959385334520495, 0.144569785898063, -0.24936360435326
-0.959385334520495, 0.120861853362936, -0.262592149242176
-0.959385334520495, 0.0969855917125656, -0.27551443161341
-0.959385334520495, 0.0729513591623519, -0.288140510165647
-0.959385334520496, 0.0487692237446929, -0.300481005418825
-0.959385334520495, 0.0244489638476392, -0.31254701973898
-0.959385334520496, 2.08855078098206E-16, -0.324350096637107
-0.812330286734322, 0.3333880215825, -1.18382048689832E-11
-0.812330286731853, 0.322484303497064, -0.0234091918094576
-0.812330286731853, 0.311510270650353, -0.0467854968748935
-0.812330286731853, 0.300460247831164, -0.0701259777328172
-0.812330286731853, 0.289328368548076, -0.0934275258787261
-0.812330286731853, 0.278108483485598, -0.116686826668852
-0.812330286731853, 0.266793252443997, -0.139899888053381
-0.812330286731853, 0.255375025240722, -0.163062456619975
-0.812330286731853, 0.238652496308668, -0.177759032560633
-0.812330286731854, 0.214727781334061, -0.183242077965542
-0.812330286731854, 0.194268139431803, -0.198998684426116
-0.812330286731854, 0.173561875420968, -0.214429773689007
-0.812330286731853, 0.152616109515659, -0.229534178680436
-0.812330286731853, 0.131438600265194, -0.244311921974538
-0.812330286731854, 0.110037669796598, -0.258764220766694
-0.812330286731854, 0.0884220962161966, -0.272893490613026
-0.812330286731854, 0.0666010299710746, -0.286703310739165
-0.812330286731854, 0.0445839061047259, -0.300198374701706
-0.812330286731853, 0.0223803304546959, -0.313384441891605
-0.812330286731854, 2.22774202758429E-16, -0.326268255728052
-0.767508267617624, 0.324556405382987, -1.18382462808119E-11
-0.767508267616396, 0.313659211227467, -0.0229150915928918
-0.767508267616396, 0.302681433663917, -0.0457916928541422
-0.767508267616396, 0.291616667673216, -0.0686263409845546
-0.767508267616396, 0.280458165114153, -0.0914153227350663
-0.767508267616396, 0.269200004455315, -0.114155243764361
-0.767508267616396, 0.257842367410155, -0.136845641221709
-0.767508267616396, 0.246392937532893, -0.159489863903626
-0.767508267616396, 0.230469547408287, -0.174911440048654
-0.767508267616396, 0.206867797055546, -0.179796850036262
-0.767508267616397, 0.18723125676959, -0.195866819374263
-0.767508267616396, 0.167343970589079, -0.211625422644987
-0.767508267616396, 0.147211246404868, -0.22706923150462
-0.767508267616397, 0.126839166915609, -0.2421959125646
-0.767508267616397, 0.106234533101145, -0.257004260319497
-0.767508267616397, 0.0854047673571222, -0.271494233003619
-0.767508267616397, 0.0643578394759464, -0.285666945783422
-0.767508267616397, 0.0431021752142294, -0.299524653876396
-0.767508267616397, 0.0216465504468322, -0.313070724460883
-0.767508267616397, 2.55063199594242E-16, -0.326309581471351
-0.712686248500958, 0.312962783785915, -1.18383628960487E-11
-0.71268624850094, 0.302054319277144, -0.0222595521043604
-0.712686248500939, 0.291052519149238, -0.0444731182461323
-0.71268624850094, 0.279956920873557, -0.0666399884154563
-0.71268624850094, 0.268775560437083, -0.0887637202267118
-0.71268624850094, 0.257517906109609, -0.110848733125737
-0.71268624850094, 0.246190799909602, -0.132898207459756
-0.712686248500939, 0.234798290412636, -0.154913961100157
-0.71268624850094, 0.219980169572154, -0.171347121733509
-0.71268624850094, 0.196648322683582, -0.175147242796556
-0.71268624850094, 0.17805858454714, -0.191545188501907
-0.71268624850094, 0.159218282726832, -0.207654623547447
-0.71268624850094, 0.140130442202236, -0.223469967459502
-0.71268624850094, 0.120798911563619, -0.238986499638562
-0.71268624850094, 0.101228336053785, -0.254200414661077
-0.71268624850094, 0.0814240889293339, -0.269108886948943
-0.71268624850094, 0.0613922202038668, -0.283710096989175
-0.71268624850094, 0.0411393904288995, -0.298003246710177
-0.71268624850094, 0.0206727775887956, -0.311988572102753
-0.71268624850094, 2.59959568327331E-16, -0.325667323945128
-0.657864229385966, 0.300305339629857, -1.18381533803767E-11
-0.657864229385483, 0.289399062164205, -0.0215495394553564
-0.657864229385483, 0.278423678318497, -0.0430639718033838
-0.657864229385483, 0.267384300890598, -0.0645456341937502
-0.657864229385483, 0.256284111153581, -0.0859959427323514
-0.657864229385483, 0.245123748967264, -0.107415001540805
-0.657864229385483, 0.233902671236203, -0.128802316998463
-0.657864229385483, 0.222617311628744, -0.150155780226299
-0.657864229385483, 0.208991155277941, -0.167681981308277
-0.657864229385483, 0.185725476279065, -0.169874281826175
-0.657864229385483, 0.16822546292304, -0.186519678288613
-0.657864229385483, 0.150481137642946, -0.202904376863382
-0.657864229385483, 0.132493503562649, -0.219021579376392
-0.657864229385483, 0.114264289945318, -0.234865027433849
-0.657864229385483, 0.0957959495867609, -0.250429060583914
-0.657864229385483, 0.0770916269209602, -0.265708684686612
-0.657864229385483, 0.0581551324875129, -0.280699618038657
-0.657864229385483, 0.0389909219857995, -0.295398318708529
-0.657864229385483, 0.0196040243837763, -0.30980203560202
-0.657864229385483, 2.63227864668119E-16, -0.323908818980991
-0.603042210273076, 0.286626553958705, -1.18383844571145E-11
-0.603042210270097, 0.275838869468295, -0.0208178875860446
-0.603042210270026, 0.264995784075041, -0.0416069732313714
-0.603042210270026, 0.254095981043812, -0.0623663768513269
-0.603042210270026, 0.243136063586215, -0.0830941048583575
-0.603042210270026, 0.232112190321968, -0.103787887782448
-0.603042210270026, 0.221018590404335, -0.124444372885851
-0.603042210270026, 0.20984886850122, -0.14505979135957
-0.603042210270026, 0.19757475962555, -0.163903069525544
-0.603042210270026, 0.174127821614233, -0.163903239419459
-0.603042210270026, 0.157708797084539, -0.180571578221023
-0.603042210270026, 0.141108301861617, -0.197129761093264
-0.603042210270026, 0.124275055496967, -0.21345126296808
-0.603042210270026, 0.107209201812575, -0.229529379015189
-0.603042210270026, 0.0899113752420519, -0.245357654458459
-0.603042210270026, 0.0723827199610575, -0.260929910175347
-0.603042210270026, 0.054624881562253, -0.276240289072171
-0.603042210270026, 0.0366399887389858, -0.291283303887121
-0.603042210270026, 0.0184306670755813, -0.306053851305622
-0.603042210270026, 2.35789802676643E-16, -0.320547264081593
-0.548220191156657, 0.272149122739712, -1.18381385903735E-11
-0.548220191154569, 0.261545420746493, -0.0200148707179069
-0.548220191154569, 0.250881562814568, -0.039997753714997
-0.548220191154569, 0.240152057797655, -0.0599454633603007
-0.548220191154569, 0.229351217286221, -0.0798546358569494
-0.548220191154569, 0.218472607357631, -0.0997214180140062
-0.548220191154569, 0.207509365023122, -0.119541617322477
-0.548220191154569, 0.196454464322627, -0.139310839778027
-0.548220191154569, 0.185301221507655, -0.159024742021436
-0.548220191154569, 0.163216811631234, -0.159997761787974
-0.548220191154569, 0.146516025082149, -0.173424092685265
-0.548220191154569, 0.131106079393153, -0.190024098899059
-0.548220191154569, 0.115479571577583, -0.206420400444165
-0.548220191154569, 0.0996358580731072, -0.222606904915148
-0.548220191154569, 0.0835743939294191, -0.238577353076158
-0.548220191154569, 0.0672948865917477, -0.254325468935244
-0.548220191154569, 0.0507973034207869, -0.269844979725348
-0.548220191154569, 0.0340818936534451, -0.285129622722754
-0.548220191154569, 0.0171491882949144, -0.300173173437444
-0.548220191154569, 2.03648339663823E-16, -0.314969472348231
-0.493398172041282, 0.256820678648693, -1.18382649776518E-11
-0.493398172039605, 0.246433676299069, -0.0190812518102684
-0.493398172039135, 0.235973395870971, -0.0381224288410883
-0.493398172039112, 0.225433747957957, -0.0571197868033559
-0.493398172039112, 0.214808317311666, -0.0760692962396283
-0.493398172039112, 0.204090919556576, -0.094966938279333
-0.493398172039112, 0.193275742225727, -0.113808789012625
-0.493398172039112, 0.182357360798233, -0.132591020516399
-0.493398172039112, 0.171330772113965, -0.15130992781835
-0.493398172039112, 0.152249393932226, -0.155955801205957
-0.493398172039112, 0.134636711944023, -0.164806284279452
-0.493398172039112, 0.120472815297842, -0.181279372700012
-0.493398172039112, 0.106109243010756, -0.197578652427254
-0.493398172039112, 0.0915472771276837, -0.213700928314031
-0.493398172039112, 0.0767874678584262, -0.22964227381371
-0.493398172039112, 0.0618296584565938, -0.245397979072323
-0.493398172039112, 0.0466730099135522, -0.260962490781339
-0.493398172039112, 0.0313163837464619, -0.276329724173437
-0.493398172039112, 0.0157589320385873, -0.291493605386313
-0.493398172039112, 2.20123003872169E-16, -0.306447983471382
-0.438576152923655, 0.240379853368411, -1.18381467578438E-11
-0.438576152923655, 0.230247415478551, -0.0179641312695986
-0.438576152923655, 0.22002955545421, -0.0358798083477128
-0.438576152923655, 0.209721087668281, -0.0537434998813428
-0.438576152923655, 0.199317027640788, -0.0715516857556432
-0.438576152923655, 0.188812608631611, -0.0893008607544693
-0.438576152923655, 0.178203798019992, -0.106987830985166
-0.438576152923655, 0.167487499106242, -0.124609879927466
-0.438576152923655, 0.156661015037373, -0.142164449057198
-0.438576152923655, 0.141365581525672, -0.151767940390387
-0.438576152923655, 0.12204822321024, -0.154455068114421
-0.438576152923655, 0.109208652921395, -0.170595631402794
-0.438576152923655, 0.096183672139669, -0.186586949271981
-0.438576152923655, 0.0829763956158241, -0.202428042141658
-0.438576152923655, 0.0695892784018034, -0.218117450203776
-0.438576152923655, 0.0560241556898595, -0.233653212898623
-0.438576152923655, 0.0422822709823287, -0.249032845396234
-0.438576152923655, 0.0283643004843335, -0.264253303346119
-0.438576152923655, 0.0142703551032747, -0.279310956137738
-0.438576152923655, 1.71755225327579E-16, -0.294201524223893
-0.383754133808198, 0.222447650890183, -1.18383270177532E-11
-0.383754133808198, 0.212641139501074, -0.0166262513394968
-0.383754133808198, 0.202743426641454, -0.0331983695106058
-0.383754133808198, 0.192751235414343, -0.0497136914928432
-0.383754133808198, 0.182661397072268, -0.0661695363305663
-0.383754133808198, 0.172471176724281, -0.0825634076802162
-0.383754133808198, 0.162178663314168, -0.0988932491936677
-0.383754133808198, 0.151782069854323, -0.115157023350676
-0.383754133808198, 0.141280747539043, -0.131353372731925
-0.383754133808198, 0.130647205920103, -0.147429563142519
-0.383754133808198, 0.111344335766845, -0.147429104952821
-0.383754133808198, 0.0972489930794001, -0.157733160978676
-0.383754133808198, 0.0856583416414415, -0.173168634198152
-0.383754133808198, 0.073899876187945, -0.188476659637114
-0.383754133808198, 0.0619773773528584, -0.203657281361988
-0.383754133808198, 0.0498940790294327, -0.218710228795626
-0.383754133808198, 0.0376526979434899, -0.233634907853107
-0.383754133808198, 0.025255465895677, -0.248430377830872
-0.383754133808198, 0.0127041336138699, -0.263095351696632
-0.383754133808198, 1.42765527793009E-16, -0.277628154874406
-0.328932114693054, 0.20259862878201, -1.1838167114169E-11
-0.328932114692833, 0.193240839827664, -0.0150437029572256
-0.328932114692752, 0.183795069176449, -0.0300323181828999
-0.328932114692741, 0.174259492609659, -0.0449639591583756
-0.328932114692741, 0.164632344740743, -0.059836723071819
-0.328932114692741, 0.154912570671429, -0.0746491148874687
-0.328932114692741, 0.145099663629101, -0.0893999757974594
-0.328932114692741, 0.135193521130657, -0.104088385389144
-0.328932114692741, 0.125194438468102, -0.118713684861418
-0.328932114692741, 0.11510324229558, -0.133275584588892
-0.328932114692741, 0.102415716826386, -0.142939809370714
-0.328932114692741, 0.084698999058911, -0.14294022003904
-0.328932114692741, 0.0744222533562875, -0.157103911976805
-0.328932114692741, 0.0642176485170762, -0.171586496075976
-0.328932114692741, 0.0538647374064717, -0.185963445743522
-0.328932114692741, 0.0433675010933079, -0.20023535871305
-0.328932114692741, 0.032729476311882, -0.214402646625275
-0.328932114692741, 0.0219537902186844, -0.228465515463227
-0.328932114692741, 0.0110431798280198, -0.242423959909889
-0.328932114692741, 5.64657258120328E-17, -0.25627776485249
-0.258476102211977, 0.173573012242126, -2.3676356213468E-11
-0.261530519454863, 0.165237521251086, -0.014432890976339
-0.264602023467361, 0.156855400542219, -0.0288351176943905
-0.267690493449327, 0.148426979778575, -0.0432066624356834
-0.270795810722051, 0.139952582833824, -0.057547507091528
-0.273917861241112, 0.131432520934679, -0.0718576284179255
-0.277056380335404, 0.122867516367406, -0.0861372865638268
-0.280210730027224, 0.114259310170303, -0.100387448901216
-0.283380231217457, 0.105609755601815, -0.114609184028331
-0.286564209795937, 0.0969206923055673, -0.128803575885548
-0.29039132837062, 0.0864765028369547, -0.139695483911828
-0.296113088275738, 0.0708618456537932, -0.140714106739247
-0.299133620652212, 0.0626188263115998, -0.155206972950952
-0.302220688898024, 0.0541942308796488, -0.169580922142032
-0.305372981837599, 0.0455916375502204, -0.183834792924755
-0.308589371902618, 0.0368141234522091, -0.197967184215731
-0.311868908474812, 0.0278642828186245, -0.211976448222572
-0.315210807697174, 0.0187442547917281, -0.225860657915337
-0.3186144472781, 0.00945573760252098, -0.239617587343346
-0.322079362303309, 2.51587705456533E-17, -0.25324468642569
-0.211648117195806, 0.151666530701831, -2.36772682411961E-11
-0.216852304547394, 0.144194517321784, -0.0141182859447453
-0.222072611235877, 0.136699360289747, -0.0282183417121661
-0.22730829244313, 0.129182128992854, -0.0423009336970459
-0.23255855350581, 0.121643964384481, -0.0563668998406668
-0.237822601667318, 0.114086004680359, -0.0704170820563516
-0.243099647456315, 0.106509383379346, -0.0844523299339161
-0.248388904151982, 0.0989152300311845, -0.0984734993228376
-0.253689587622863, 0.091304670467887, -0.112481451951525
-0.259000894275554, 0.0836788584643419, -0.126477081842236
-0.265268091470356, 0.0746806079919292, -0.137542720786305
-0.274412629443149, 0.0615511594400417, -0.139653692032321
-0.279333625052055, 0.0544857441218024, -0.154079314709193
-0.28438272728325, 0.0472363972247897, -0.16836876703846
-0.289558011976289, 0.0398058813998466, -0.182519346391525
-0.294857889392083, 0.0321964791458457, -0.196528033105314
-0.300281090639064, 0.0244100122985741, -0.210391468618779
-0.305826649948268, 0.0164478674796384, -0.224105912008325
-0.311493895101657, 0.00831100983918332, -0.237667208033898
-0.317282435630707, 2.27499110466301E-17, -0.251070739730685
-0.178033154929412, 0.134452354028692, -2.36763409819867E-11
-0.184766594629399, 0.127718914328706, -0.0138857928098274
-0.191510081518652, 0.120975427439452, -0.0277618293732347
-0.198262811473302, 0.114222697484802, -0.0416288746809931
-0.205023980398494, 0.10746152855961, -0.0554876936093406
-0.211792786190513, 0.100692722767592, -0.0693390549812862
-0.218568428076089, 0.0939170808820152, -0.0831837302146556
-0.225350014488399, 0.0871354944697052, -0.0970225845700903
-0.232136052877934, 0.0803494560801705, -0.110857071651283
-0.238924844158255, 0.0735606647998497, -0.124688858528833
-0.246742764185008, 0.0657427447730962, -0.135936801307299
-0.257938903888732, 0.0545466050693721, -0.138567432733419
-0.264153472191869, 0.0483320367662356, -0.152928656900325
-0.270544268289101, 0.0419412406690034, -0.167134357895146
-0.277108915408244, 0.0353765935498603, -0.181180616601576
-0.283845465449773, 0.0286400435083316, -0.195063134345772
-0.290752377743713, 0.0217331312143918, -0.208777200003408
-0.297828494298267, 0.0146570146598375, -0.222317640297384
-0.305073020759444, 0.00741248819866005, -0.23567877349161
-0.312485508958104, 2.04131373153548E-17, -0.248854357750116
-0.149040336043201, 0.118491046697288, -2.3677305744172E-11
-0.157080037461833, 0.112486362379678, -0.0136790996230078
-0.165123265058672, 0.106479044433544, -0.0273549699353948
-0.173169292035997, 0.100469635688857, -0.0410282743020288
-0.181217522763739, 0.0944585810092169, -0.054699557240184
-0.189266940643191, 0.0884466396708713, -0.068369753947171
-0.197316228849787, 0.0824347951824613, -0.0820400702612529
-0.205364070622774, 0.0764240310049678, -0.0957117121282385
-0.213409148837691, 0.0704153308710178, -0.109385884876212
-0.221450105738055, 0.0644097088604428, -0.123063832444979
-0.23047281460425, 0.0576708369036269, -0.134513874338037
-0.243146476119736, 0.0482051450095993, -0.137537891460878
-0.250464413579065, 0.0427395310506734, -0.151833931583729
-0.258001419475658, 0.0371102994719838, -0.16595155196535
-0.265754507264813, 0.0313196808611114, -0.179885694095925
-0.273721171410174, 0.0253695465505955, -0.193630876447109
-0.281899357161965, 0.0192614311899346, -0.207181152940312
-0.290287427634932, 0.012996557334383, -0.220530059684175
-0.298884132488578, 0.00657585883702658, -0.233670559171433
-0.307688582285502, 1.81562295530216E-17, -0.246594988109604
-0.122247119603604, 0.102729521898185, -2.36798330805474E-11
-0.131479528461529, 0.0974792056201749, -0.0134857733193529
-0.140709824747578, 0.0922300907264056, -0.02697346784739
-0.14993709312527, 0.0869826977534028, -0.040463903934138
-0.159160420756121, 0.0817375458171222, -0.0539579055591267
-0.168378891957576, 0.0764951556508955, -0.067456292546891
-0.177591584979779, 0.0712560514384275, -0.0809598916840144
-0.186797269595181, 0.0660209327895188, -0.0944698271262494
-0.195994252172954, 0.0607907628436536, -0.107987600358367
-0.205180810574767, 0.0555665209520563, -0.121514750626493
-0.215233971005272, 0.0498494570020098, -0.133170805604157
-0.229006182636148, 0.0420174309270682, -0.136641009789915
-0.23735930036101, 0.0372671527886245, -0.15086488853332
-0.245971272541992, 0.0323696684567028, -0.164882985225242
-0.254838178204954, 0.0273272077236228, -0.178689144707611
-0.263956588453321, 0.0221417205454327, -0.192276774979669
-0.273323526928297, 0.0168148995275279, -0.205638799735348
-0.282936428187409, 0.0113482035940723, -0.218767604359704
-0.292793093674776, 0.00574288302696975, -0.231654976867021
-0.302891655612899, 1.59872225710275E-17, -0.24429205803404
-0.0965534551063669, 0.0866065227453938, -2.37146424073469E-11
-0.10691166463691, 0.0821553823301172, -0.0133036701067461
-0.117263825760752, 0.0777068410423669, -0.0266129162438188
-0.127608943721262, 0.0732613263499819, -0.039928648403773
-0.13794583323469, 0.0688193475943104, -0.0532519485240898
-0.148273306959873, 0.0643814150008134, -0.0665838959868719
-0.158590175191819, 0.0599480398107392, -0.0799255672642347
-0.168895245558713, 0.0555197344113267, -0.0932780355558996
-0.179187322726125, 0.051097012462912, -0.106642370422339
-0.189465208107842, 0.0466803890231904, -0.120019637411175
-0.200467452472597, 0.0419524932989047, -0.131860075068078
-0.215017257686902, 0.0357001360905642, -0.135973594988645
-0.224399060086433, 0.0316685783483155, -0.150108930230671
-0.234077004383819, 0.0275097622062143, -0.16400573028919
-0.244045757324255, 0.0232259794759805, -0.177656832389264
-0.254300448747007, 0.0188193229680765, -0.19105466902106
-0.264836624924994, 0.0142917065426679, -0.204191217546707
-0.275650200045663, 0.00964488595931232, -0.217057948139279
-0.2867374025482, 0.00488048193698763, -0.229645767443662
-0.298094728940297, 1.39144190239685E-17, -0.241944973355535
-0.0713521034131781, 0.0697224067783997, -2.3657793935792E-11
-0.0827922264565207, 0.0661285866839372, -0.0131354392326203
-0.0942235575365297, 0.0625375285120851, -0.0262792853081624
-0.105645312853661, 0.0589494784869912, -0.0394322742853711
-0.117056706918259, 0.055364683363739, -0.0525951403588937
-0.128456954784509, 0.0517833897265674, -0.0657686113395052
-0.13984522742697, 0.0482058580069667, -0.0789534616639193
-0.151220279339551, 0.0446324794703804, -0.0921508468694169
-0.162580760880609, 0.0410636780955751, -0.10536200921496
-0.173925323234793, 0.0374998776017443, -0.118588192285118
-0.18586013852891, 0.0337506540256347, -0.130554711088136
-0.200868989837008, 0.0290357474445176, -0.13567018656687
-0.211314575885361, 0.0257543529265752, -0.149685796897939
-0.222090584089638, 0.0223691590194905, -0.163423826786403
-0.233189636943924, 0.0188824833057668, -0.176876322192536
-0.244604755902627, 0.01529651803782, -0.190035018576748
-0.256329324210651, 0.0116133418145715, -0.202891301600624
-0.268357029432643, 0.00783493763541209, -0.215436148320926
-0.280681811186334, 0.00396320931933817, -0.22766008062411
-0.293297802267694, 1.19464035125991E-17, -0.239553117457135
-0.0462893499984828, 0.0517387048396324, -2.37450374380153E-11
-0.0587776974349154, 0.0490710740555199, -0.0129879544807992
-0.071257497827839, 0.0464052690018728, -0.0259845001485298
-0.0837281682085533, 0.0437414142063967, -0.0389902040626659
-0.0961891302874642, 0.0410796331972949, -0.0520056287280915
-0.108639700541479, 0.0384200719816555, -0.0650314505184598
-0.121079042155548, 0.0357629093111988, -0.0780684863397778
-0.133506310040808, 0.0331083257050109, -0.0911175564835672
-0.14592065758306, 0.0304565020080045, -0.104179481099125
-0.158321108654429, 0.0278076467304551, -0.117255201347158
-0.171223375736397, 0.0250515987402872, -0.129238287010338
-0.186345706369074, 0.0218213238837781, -0.135922143568801
-0.197923551837807, 0.0193481850522954, -0.149763348960932
-0.209861441613271, 0.0167981373038267, -0.163280973708529
-0.222149191107873, 0.014173356163959, -0.176466725973268
-0.234776952147262, 0.0114759452971843, -0.189312192201279
-0.247735180771613, 0.00870794338485443, -0.201808787350292
-0.26101459415978, 0.00587133332659437, -0.213947701751875
-0.27460612570088, 0.00296805183744398, -0.225719854454133
-0.288500875595092, 1.00920576276247E-17, -0.237115850147165
-0.0155990749145593, 0.0300812772469956, -5.27042139139566E-07
-0.0309847607357213, 0.0301753817712464, -0.0110496928434997
-0.0454223030242236, 0.0292395976265486, -0.0232805136102702
-0.0591954596332184, 0.0276620381978583, -0.0361998790373306
-0.0728488263921399, 0.0259797857626376, -0.0492339338609027
-0.0864947917776242, 0.0242984452620044, -0.0622758601835123
-0.100131897898089, 0.0226181963251466, -0.0753271878375864
-0.113758620528799, 0.0209392267543788, -0.0883895113423593
-0.127373276295997, 0.0192622813772153, -0.101464675235142
-0.141259726084161, 0.0178166078517309, -0.1142775336492
-0.154537326796939, 0.015923065010131, -0.127640526041213
-0.170118059101674, 0.0139950931606545, -0.13570262222631
-0.183041175329416, 0.0124028160228997, -0.149470818451909
-0.196356400923011, 0.0107622264837284, -0.162854357186746
-0.210049436867215, 0.00907508634692406, -0.175845145697457
-0.224106318405186, 0.00734311623177573, -0.188435258529775
-0.238513406259311, 0.00556799665477294, -0.200616868364195
-0.253257367717436, 0.00375137036000106, -0.212382179120915
-0.268325150266308, 0.00189484556780546, -0.223723363639007
-0.28370394892249, 8.36057601210908E-18, -0.234632506458515
-0.000677538902102058, 0.00815497017221973, -9.8808473752432E-06
-0.00809178261102227, 0.00842740011519977, -0.00651167939271474
-0.0154849760415858, 0.00862362405765813, -0.0130401436753892
-0.0228578392140091, 0.00874855297020232, -0.019593311626404
-0.0302112442207034, 0.00880731326449944, -0.0261692357175062
-0.0375462099043177, 0.00880522932745094, -0.0327659876459849
-0.0448638936481935, 0.00874780559570854, -0.0393816606948274
-0.0521655823001481, 0.00864070839020391, -0.0460143714582304
-0.0594526818264409, 0.00848974764500545, -0.0526622604930029
-0.0667267045922858, 0.00830085868673245, -0.0593234908102356
-0.0739892583150447, 0.00808008406330069, -0.0659962478493202
-0.0812420324867795, 0.00783355555488717, -0.0726787370724904
-0.0884867786023787, 0.00756747659427997, -0.0793691757332665
-0.0957253098445684, 0.00728810415109079, -0.0860658025056023
-0.102959468666655, 0.007001731936237, -0.0927668573837105
-0.110190818934298, 0.00671396640704209, -0.0994708831359975
-0.117419460590946, 0.00642630667847119, -0.106177833569571
-0.124645062945782, 0.00613876789720625, -0.112888066213313
-0.131867292300098, 0.00585136334259964, -0.119601934934946
-0.139085812631359, 0.00556410638647919, -0.126319791446986
