-3.94019149025163, 0.408214185984839, -2.16383577722468E-11
-3.94019149025163, 0.399338061771818, -0.0288807851678333
-3.94019149025163, 0.390461937558797, -0.0577615703140282
-3.94019149025164, 0.381585813345777, -0.0866423554602231
-3.94019149025164, 0.372709689132756, -0.115523140606418
-3.94019149025163, 0.363833564919736, -0.144403925752613
-3.94019149025163, 0.354957440706715, -0.173284710898808
-3.94019149025163, 0.346081316493694, -0.202165496045003
-3.94019149025163, 0.328082617534082, -0.218698884536673
-3.94019149025163, 0.298053239365212, -0.220936188455226
-3.94019149025163, 0.268247915428691, -0.225888763214347
-3.94019149025163, 0.23844259149217, -0.230841337973468
-3.94019149025163, 0.208637267555649, -0.235793912732588
-3.94019149025163, 0.178831943619127, -0.240746487491709
-3.94019149025164, 0.149026619682606, -0.24569906225083
-3.94019149025163, 0.119221295746085, -0.25065163700995
-3.94019149025164, 0.0894159718095639, -0.255604211769071
-3.94019149025163, 0.0596106478730428, -0.260556786528192
-3.94019149025164, 0.0298053239365216, -0.265509361287312
-3.94019149025163, 1.95215988938465E-16, -0.270461936046433
-3.8613876604466, 0.410028760693838, -1.08191595343084E-11
-3.8613876604466, 0.401129330873651, -0.02897436737147
-3.8613876604466, 0.392230041497616, -0.0579487778710389
-3.8613876604466, 0.383330897455271, -0.0869232330057378
-3.8613876604466, 0.374431903634162, -0.115897734278262
-3.8613876604466, 0.365533064921789, -0.144872283191457
-3.8613876604466, 0.356634386206573, -0.173846881245165
-3.8613876604466, 0.347735872376938, -0.202821529939229
-3.8613876604466, 0.329093998769017, -0.218611287325078
-3.8613876604466, 0.298976973355188, -0.220945994205141
-3.8613876604466, 0.269079260725717, -0.225930028182535
-3.8613876604466, 0.239181551495746, -0.230914082553053
-3.8613876604466, 0.209283845664966, -0.235898157314531
-3.8613876604466, 0.179386143233167, -0.240882252464787
-3.8613876604466, 0.14948844419988, -0.245866368001687
-3.8613876604466, 0.119590748564787, -0.250850503923067
-3.8613876604466, 0.08969305632757, -0.255834660226765
-3.8613876604466, 0.0597953674879117, -0.260818836910619
-3.8613876604466, 0.0298976820454945, -0.265803033972467
-3.8613876604466, 2.08531308121867E-16, -0.270787251410147
-3.78258383064157, 0.411843329279435, -1.0819200889473E-11
-3.78258383064157, 0.402927296807966, -0.0290722550902349
-3.78258383064157, 0.394011707046822, -0.058144645953153
-3.78258383064157, 0.385096573321561, -0.0872171767108321
-3.78258383064157, 0.376181908977364, -0.116289851410557
-3.78258383064157, 0.367267727359256, -0.145362674100106
-3.78258383064157, 0.358354041807479, -0.174435648842862
-3.78258383064157, 0.349440865662275, -0.203508779702205
-3.78258383064157, 0.330116394954653, -0.218500239857419
-3.78258383064157, 0.299911887566556, -0.220956580189029
-3.78258383064157, 0.269920706646695, -0.22597860349181
-3.78258383064157, 0.239929523965841, -0.231000616278208
-3.78258383064157, 0.209938339531304, -0.236022618591784
-3.78258383064157, 0.179947153350416, -0.241044610476095
-3.78258383064157, 0.149955965430444, -0.246066591974712
-3.78258383064157, 0.119964775778692, -0.251088563131196
-3.78258383064157, 0.0899735844024664, -0.25611052398911
-3.78258383064157, 0.0599823913090723, -0.261132474592017
-3.78258383064157, 0.0299911965058152, -0.266154414983479
-3.78258383064157, 2.36008902182944E-16, -0.27117634520706
-3.70378000083654, 0.413657970472513, -1.08192202935976E-11
-3.70378000083654, 0.404728511200998, -0.0291715932660374
-3.70378000083654, 0.395799773493775, -0.0583434074325988
-3.70378000083654, 0.386871772812442, -0.087515447147502
-3.70378000083654, 0.377944524589585, -0.116687717142525
-3.70378000083654, 0.369018044259473, -0.14586022214398
-3.70378000083654, 0.360092347270163, -0.175032966833111
-3.70378000083654, 0.351167449069717, -0.204205955891159
-3.70378000083654, 0.331130062173195, -0.218358110825001
-3.70378000083654, 0.300839616726978, -0.220955265631832
-3.70378000083654, 0.270755761113948, -0.226022684034431
-3.70378000083654, 0.240671881412427, -0.231089959457265
-3.70378000083654, 0.210587977818275, -0.236157093044417
-3.70378000083654, 0.18050405053079, -0.241224085939393
-3.70378000083654, 0.150420099737627, -0.246290939287658
-3.70378000083654, 0.120336125633451, -0.251357654233497
-3.70378000083654, 0.0902521284129328, -0.256424231921196
-3.70378000083654, 0.0601681082707393, -0.261490673495038
-3.70378000083654, 0.0300840654015391, -0.266556980099309
-3.70378000083654, 1.80066554837187E-16, -0.271623152878292
-3.6249761710315, 0.41548278583636, -1.08191781079797E-11
-3.6249761710315, 0.406539238159779, -0.0292695785001085
-3.6249761710315, 0.397596204141194, -0.0585393139325551
-3.6249761710315, 0.388653656637685, -0.0878091980138435
-3.6249761710315, 0.37971155650072, -0.117079218801356
-3.62497617103151, 0.370769863676192, -0.146349364021674
-3.6249761710315, 0.3618285381079, -0.175619621408236
-3.62497617103151, 0.352887539737366, -0.204889978701933
-3.6249761710315, 0.33211676910737, -0.218177313086383
-3.62497617103151, 0.301743420049176, -0.220932236873459
-3.62497617103151, 0.271569399354983, -0.226053149173606
-3.62497617103151, 0.241395304926553, -0.231173627255805
-3.62497617103151, 0.211221137650223, -0.236293676154806
-3.62497617103151, 0.181046898436521, -0.241413300901252
-3.6249761710315, 0.150872588095712, -0.246532506542797
-3.62497617103151, 0.120698207499652, -0.251651298116646
-3.6249761710315, 0.090523757520195, -0.256769680660003
-3.62497617103151, 0.0603492390291975, -0.261887659210071
-3.62497617103151, 0.0301746528985143, -0.267005238804055
-3.62497617103151, 2.35016082927186E-16, -0.272122424479159
-3.54617234122646, 0.417377159794492, -1.08191792926671E-11
-3.54617234122646, 0.408407600410119, -0.02936191450117
-3.54617234122647, 0.399437511388211, -0.0587236672287638
-3.54617234122647, 0.39046679999191, -0.0880852299072804
-3.54617234122647, 0.38149537352606, -0.117446574113885
-3.54617234122647, 0.372523139292947, -0.146807671434141
-3.54617234122647, 0.363550004586852, -0.176168493479795
-3.54617234122647, 0.35457587670206, -0.205529011862593
-3.54617234122647, 0.333066131571962, -0.217950207582289
-3.54617234122647, 0.302613611429442, -0.220876680819349
-3.54617234122647, 0.272352951887277, -0.226060067044616
-3.54617234122647, 0.242092129725903, -0.23124250506312
-3.54617234122647, 0.211831147528732, -0.236424009005409
-3.54617234122647, 0.181570007957865, -0.241604592988573
-3.54617234122647, 0.151308713241493, -0.246784271203984
-3.54617234122647, 0.121047265880271, -0.251963057796356
-3.54617234122647, 0.0907856683748546, -0.257140966910403
-3.54617234122647, 0.0605239232259004, -0.262318012690839
-3.54617234122647, 0.0302620329340638, -0.26749420928238
-3.54617234122647, 2.06588869330606E-16, -0.272669570829738
-3.46736851142144, 0.41931822851246, -1.08192728092646E-11
-3.46736851142144, 0.41030789254676, -0.0294455709541317
-3.46736851142144, 0.401295493764972, -0.0588905110036799
-3.46736851142144, 0.392280867088372, -0.088334769992362
-3.46736851142144, 0.383263847825789, -0.11777829648668
-3.46736851142144, 0.374244271257786, -0.147221039145723
-3.46736851142144, 0.365221972598608, -0.176662946845227
-3.46736851142144, 0.356196787062499, -0.206103968460928
-3.46736851142144, 0.33395382968573, -0.217669057969243
-3.46736851142144, 0.303428030161281, -0.220779975246017
-3.46736851142144, 0.273086529286541, -0.226035553820538
-3.46736851142144, 0.24274472363334, -0.231289376840215
-3.46736851142144, 0.212402619259333, -0.236541475782032
-3.46736851142144, 0.18206022237796, -0.241791882096098
-3.46736851142144, 0.151717537817187, -0.247040627472252
-3.46736851142144, 0.121374571296377, -0.252287743446011
-3.46736851142144, 0.091031328534891, -0.257533261552892
-3.46736851142144, 0.0606878152520914, -0.262777213328411
-3.46736851142144, 0.0303440371673406, -0.268019630308085
-3.46736851142144, 1.78070161214531E-16, -0.273260544027431
-3.38856468161641, 0.421266340289549, -1.08193105741545E-11
-3.38856468161641, 0.412200824417999, -0.0295182212371113
-3.38856468161641, 0.40313122784403, -0.0590351903972759
-3.38856468161641, 0.394057295855267, -0.0885508303223912
-3.38856468161641, 0.384978775056163, -0.118065059556648
-3.38856468161641, 0.375895411940816, -0.147577797004848
-3.38856468161641, 0.366806952797133, -0.177088962242652
-3.38856468161641, 0.357713143913025, -0.206598474845724
-3.38856468161641, 0.334752678351752, -0.217326055076844
-3.38856468161641, 0.304161965642735, -0.22063393038927
-3.38856468161641, 0.273747955997758, -0.225972182514217
-3.38856468161641, 0.243333429492082, -0.231307501025749
-3.38856468161641, 0.212918398601263, -0.236639946634874
-3.38856468161641, 0.182502875929189, -0.241969580030532
-3.38856468161641, 0.152086870480738, -0.247296462532241
-3.38856468161641, 0.121670393638972, -0.252620655042456
-3.38856468161641, 0.0912534567869527, -0.257942218463631
-3.38856468161641, 0.0608360713077429, -0.26326121369822
-3.38856468161641, 0.0304182485844047, -0.268577701648678
-3.38856468161641, 1.7723255021934E-16, -0.273891743217459
-3.30976085181136, 0.423181167985457, -1.08192501237935E-11
-3.30976085181137, 0.414046493201715, -0.0295775433904257
-3.30976085181137, 0.404905256300929, -0.0591530630770822
-3.30976085181137, 0.39575710022193, -0.0887264431273885
-3.30976085181137, 0.386601667159531, -0.118297569999103
-3.30976085181137, 0.377438598783289, -0.14786633183411
-3.30976085181137, 0.368267537168207, -0.177432615449942
-3.30976085181137, 0.359088123818491, -0.206996309487093
-3.30976085181137, 0.335435363018979, -0.216913116712793
-3.30976085181137, 0.304790606239218, -0.220430261238743
-3.30976085181137, 0.274314976438855, -0.225862502607269
-3.30976085181137, 0.24383852785687, -0.231290177021137
-3.30976085181137, 0.21336128404032, -0.23671339052894
-3.30976085181137, 0.182883268205056, -0.242132249239832
-3.30976085181137, 0.152404495462435, -0.247546860703585
-3.30976085181137, 0.121924986437057, -0.252957331488512
-3.30976085181137, 0.0914447617535245, -0.258363768162927
-3.30976085181137, 0.060963842036437, -0.263766277295143
-3.30976085181137, 0.0304822479103954, -0.269164965453475
-3.30976085181137, 2.31847440831875E-16, -0.274559939206236
-3.2309570220063, 0.425021748465475, -1.08191994618879E-11
-3.23095702200631, 0.415804568150538, -0.0296212836371884
-3.23095702200632, 0.40657789941031, -0.0592396207831727
-3.23095702200633, 0.39734126674921, -0.0888548516981939
-3.23095702200634, 0.388094193036662, -0.118466821862187
-3.23095702200634, 0.378836200115518, -0.148075380005981
-3.23095702200634, 0.369566810629974, -0.17768037225137
-3.23095702200634, 0.360285546123449, -0.207281648186657
-3.23095702200634, 0.335974593729383, -0.2164219134546
-3.23095702200634, 0.305289172765208, -0.220160437724003
-3.23095702200634, 0.274765369847439, -0.225698904216181
-3.23095702200634, 0.244240345369295, -0.23123062004959
-3.23095702200634, 0.213714126224658, -0.236755760218583
-3.23095702200634, 0.183186750932831, -0.242274497609772
-3.23095702200634, 0.152658246013535, -0.247787007278085
-3.23095702200634, 0.122128646409484, -0.253293462752988
-3.23095702200634, 0.0915979870633912, -0.258794037563947
-3.23095702200634, 0.0610663029179708, -0.264288905240428
-3.23095702200634, 0.0305336289159361, -0.269778239311896
-3.23095702200634, 1.75396286301716E-16, -0.275262213307819
-3.14215319220131, 0.426955721841019, -1.08192597038369E-11
-3.14215319220131, 0.417630421418142, -0.0296491263649514
-3.14215319220131, 0.408291825515042, -0.0592940653940991
-3.14215319220131, 0.398939306111815, -0.0889346192983183
-3.14215319220131, 0.389572239402314, -0.118570576816083
-3.14215319220131, 0.380189999201865, -0.148201734130804
-3.14215319220131, 0.370791960261219, -0.177827884357247
-3.14215319220131, 0.361377497618599, -0.207448819596168
-3.14215319220131, 0.33637626618696, -0.215763831092886
-3.14215319220131, 0.305664194272007, -0.219765938531669
-3.14215319220131, 0.275105457010616, -0.225440046841154
-3.14215319220131, 0.244544870049272, -0.231104158747799
-3.14215319220131, 0.21398247760022, -0.236758558875801
-3.14215319220131, 0.183418345969699, -0.242403527751239
-3.14215319220131, 0.152852524399527, -0.24803934905144
-3.14215319220131, 0.1222850695446, -0.253666305076852
-3.14215319220131, 0.0917160360151965, -0.259284678499552
-3.14215319220131, 0.0611454781820474, -0.264894752029705
-3.14215319220131, 0.0305734501842401, -0.270496808414285
-3.14215319220131, 1.74302309221415E-16, -0.276091131521458
-2.9551436176886, 0.430285199452415, -1.08191949339868E-11
-2.95514361768867, 0.420685287845541, -0.0296201184462641
-2.95514361768871, 0.411062490822055, -0.0592328191443103
-2.95514361768872, 0.401415882385263, -0.0888377669009826
-2.95514361768873, 0.39174453169673, -0.11843464101966
-2.95514361768873, 0.382047478795061, -0.148023102110586
-2.95514361768873, 0.372323589465161, -0.177602758283314
-2.95514361768873, 0.362571713452723, -0.207173197563199
-2.95514361768873, 0.336338670486285, -0.213958419205522
-2.95514361768873, 0.305652455737479, -0.218560859854743
-2.95514361768873, 0.275103474997634, -0.22458329949359
-2.95514361768873, 0.244550498142122, -0.230585433371473
-2.95514361768873, 0.213993670506408, -0.236567932260966
-2.95514361768873, 0.183433136118499, -0.242531467139363
-2.95514361768873, 0.152869037742585, -0.248476709179709
-2.95514361768873, 0.12230151692437, -0.254404329742086
-2.95514361768873, 0.0917307140356956, -0.260315000365628
-2.95514361768873, 0.0611567683193982, -0.266209392761043
-2.95514361768873, 0.0305798179342461, -0.272088178803663
-2.95514361768873, 1.71963005690175E-16, -0.277952030526983
-2.75813404317615, 0.432202571507734, -1.08191671920754E-11
-2.75813404317615, 0.422252946784175, -0.0294315919874851
-2.75813404317615, 0.412267179956449, -0.0588509408700478
-2.75813404317615, 0.402243704960358, -0.0882574633733552
-2.75813404317614, 0.392180957251559, -0.11765056994162
-2.75813404317614, 0.38207737387524, -0.14702966448399
-2.75813404317614, 0.371931393543414, -0.176394144111144
-2.75813404317614, 0.361741456719505, -0.20574339887484
-2.75813404317614, 0.334634915241255, -0.211317470982669
-2.75813404317615, 0.304129858591037, -0.216609297499657
-2.75813404317614, 0.27374933553948, -0.223108331429296
-2.75813404317614, 0.24336067998321, -0.229569232765019
-2.75813404317614, 0.21296424521698, -0.235993436642682
-2.75813404317615, 0.182560379239887, -0.242382378992486
-2.75813404317615, 0.152149424951026, -0.248737496492546
-2.75813404317615, 0.121731720364792, -0.25506022652355
-2.75813404317615, 0.091307598817561, -0.261352007130261
-2.75813404317615, 0.0608773891768143, -0.267614276987294
-2.75813404317615, 0.0304414160509103, -0.273848475369347
-2.75813404317615, 1.97364272538335E-16, -0.280056042125556
-2.56112446866356, 0.431827324317143, -1.0819187446693E-11
-2.56112446866356, 0.421474607901166, -0.0290470626858548
-2.56112446866356, 0.411072440406358, -0.0580764575201399
-2.56112446866356, 0.400619364564362, -0.0870875499648125
-2.56112446866356, 0.390113856041536, -0.116079701215509
-2.56112446866356, 0.379554389014547, -0.145052243107519
-2.56112446866356, 0.368939437795404, -0.174004502463734
-2.56112446866356, 0.358267478412413, -0.202935796545171
-2.56112446866356, 0.330782163401069, -0.207750345796188
-2.56112446866356, 0.300653229273029, -0.213750465919977
-2.56112446866356, 0.27064805116437, -0.220863811774334
-2.56112446866356, 0.240627415414956, -0.22791163983513
-2.56112446866356, 0.210592215387081, -0.234897134015203
-2.56112446866356, 0.18054326889554, -0.241823267886194
-2.56112446866356, 0.150481334243935, -0.248692826240851
-2.56112446866356, 0.120407122946693, -0.255508424678684
-2.56112446866356, 0.0903212884393183, -0.262272532281149
-2.56112446866356, 0.0602244445445307, -0.268987485548654
-2.56112446866356, 0.0301171672004443, -0.275655504580868
-2.56112446866356, 1.95332383595234E-16, -0.282278707113626
-2.36411489415119, 0.428413979087651, -1.08191867607763E-11
-2.3641148941511, 0.417664900179174, -0.0284681020275894
-2.36411489415104, 0.406859098748595, -0.0569147217165308
-2.36411489415101, 0.395995360781316, -0.0853392656837835
-2.36411489415099, 0.385072473203314, -0.113741132086804
-2.36411489415098, 0.374089223925916, -0.142119710433523
-2.36411489415098, 0.363044401896024, -0.170474381388668
-2.36411489415098, 0.351936789223022, -0.198804517868217
-2.36411489415098, 0.324524637539078, -0.203235243764643
-2.36411489415098, 0.294985886616166, -0.209928427537314
-2.36411489415098, 0.265589803685269, -0.217792597880992
-2.36411489415098, 0.236167028235892, -0.22555631224655
-2.36411489415098, 0.206719246391321, -0.233224640713505
-2.36411489415098, 0.177248006923229, -0.240802298414452
-2.36411489415098, 0.147754713680804, -0.248293692246197
-2.36411489415098, 0.118240679542985, -0.255702946567872
-2.36411489415098, 0.0887071087177616, -0.263033942967404
-2.36411489415098, 0.05915512028407, -0.270290345895542
-2.36411489415098, 0.0295857577668053, -0.27747562900665
-2.36411489415098, 1.38345761600149E-16, -0.28459309889287
-2.16710531963846, 0.421537582097944, -1.08191419667096E-11
-2.1671053196384, 0.410465077020861, -0.0277209436428094
-2.1671053196384, 0.399333768799447, -0.0554183271063
-2.1671053196384, 0.388142634891648, -0.0830915918638122
-2.1671053196384, 0.37689060450104, -0.110740151669091
-2.1671053196384, 0.365576607426181, -0.138363411866984
-2.1671053196384, 0.354199574100306, -0.16596076921597
-2.1671053196384, 0.342758435635355, -0.19353161171783
-2.1671053196384, 0.315807784107107, -0.197880989405956
-2.1671053196384, 0.287076491151514, -0.20524186623873
-2.1671053196384, 0.25853267915975, -0.213976867348989
-2.1671053196384, 0.229945667544817, -0.222569447523801
-2.1671053196384, 0.201318412231809, -0.231026985931151
-2.1671053196384, 0.172653594470452, -0.239356340258972
-2.1671053196384, 0.14395366243266, -0.247563904752861
-2.1671053196384, 0.115220863770993, -0.255655662766975
-2.1671053196384, 0.0864572577277265, -0.263637238251159
-2.1671053196384, 0.0576647563249336, -0.271513933482543
-2.1671053196384, 0.0288451221454123, -0.279290774402861
-2.1671053196384, 1.09948032275363E-16, -0.286972542983901
-1.97009574512801, 0.411133054833882, -1.08192069384145E-11
-1.97009574512679, 0.399839232747421, -0.0268308526454172
-1.97009574512614, 0.388486610221841, -0.0536368784126175
-1.97009574512587, 0.377073961748907, -0.0804174029664495
-1.97009574512582, 0.365600063082583, -0.107171742323218
-1.97009574512582, 0.354063653322754, -0.133899186220792
-1.97009574512582, 0.342463256927764, -0.160598920125905
-1.97009574512582, 0.330797331218241, -0.187270087020566
-1.97009574512582, 0.304647151839872, -0.19180391719856
-1.97009574512582, 0.276931173595812, -0.199770615253586
-1.97009574512582, 0.249487661169459, -0.209481199460131
-1.97009574512582, 0.221977687722039, -0.219001891380016
-1.97009574512582, 0.194406051377172, -0.228342525650867
-1.97009574512582, 0.166777104164624, -0.237512266649607
-1.97009574512582, 0.139094807277482, -0.246519684062376
-1.97009574512582, 0.111362777267103, -0.255372820913992
-1.97009574512582, 0.0835843438210149, -0.264079249366152
-1.97009574512582, 0.0557625511313733, -0.272646137251945
-1.97009574512582, 0.0279002288855644, -0.281080286942705
-1.97009574512582, 1.66003173380033E-16, -0.289388189702319
-1.77308617061325, 0.397270147162307, -1.08191509749087E-11
-1.77308617061325, 0.385850721332074, -0.0258116746008235
-1.77308617061324, 0.374371670001698, -0.0515968874949786
-1.77308617061324, 0.362832375519764, -0.0773551967988012
-1.77308617061324, 0.351232219669514, -0.103086154638469
-1.77308617061324, 0.339570583685283, -0.128789307070363
-1.77308617061324, 0.327846848273871, -0.154464193985926
-1.77308617061324, 0.316060399123151, -0.180110351566247
-1.77308617061324, 0.291050439653512, -0.18513422699619
-1.77308617061324, 0.264539827112387, -0.19359042917773
-1.77308617061324, 0.238450615648246, -0.20436044986598
-1.77308617061324, 0.212263892155254, -0.214891172976974
-1.77308617061324, 0.185986780759034, -0.225194336331072
-1.77308617061324, 0.159625801608225, -0.2352809967752
-1.77308617061324, 0.133186896130962, -0.245161615778826
-1.77308617061324, 0.106675515730976, -0.254846111460736
-1.77308617061324, 0.0800966763994798, -0.264343917147757
-1.77308617061324, 0.053455003587432, -0.273664037565252
-1.77308617061324, 0.0267547836340998, -0.282815098042859
-1.77308617061324, 1.68219224924333E-16, -0.291805395574236
-1.57607659610618, 0.379935717247887, -1.08190631184113E-11
-1.57607659610214, 0.368490092613507, -0.0246879455006741
-1.57607659610079, 0.356990349911766, -0.0493507289683473
-1.57607659610065, 0.345436074595627, -0.0739880073117356
-1.57607659610065, 0.33382685832402, -0.0985994530056591
-1.57607659610065, 0.322161795476394, -0.123184473937221
-1.57607659610065, 0.310439813905938, -0.147742407082726
-1.57607659610065, 0.298659844379956, -0.172272577012433
-1.57607659610065, 0.27506874168768, -0.178037774489648
-1.57607659610065, 0.249909717033293, -0.186761558506235
-1.57607659610065, 0.225429375497726, -0.198644383505743
-1.57607659610065, 0.200813494045937, -0.210243853909537
-1.57607659610065, 0.176071389305914, -0.22157161982178
-1.57607659610065, 0.15121171849198, -0.232639029129544
-1.57607659610065, 0.12624253950284, -0.243457138242352
-1.57607659610065, 0.101171357494762, -0.25403673013482
-1.57607659610065, 0.0760051707652819, -0.264388333421297
-1.57607659610065, 0.0507505297478515, -0.274522237075481
-1.57607659610065, 0.0254135569494549, -0.284448522001483
-1.57607659610065, 2.00594616183517E-16, -0.29417707980138
-1.37906702158855, 0.359274561763371, -1.08191440571595E-11
-1.37906702158815, 0.347913527212159, -0.0234860947287245
-1.37906702158807, 0.336499503535616, -0.0469464824792933
-1.37906702158807, 0.325030447679999, -0.0703800152754925
-1.37906702158807, 0.313503299353975, -0.0937850256490275
-1.37906702158807, 0.301914602051028, -0.117159621022325
-1.37906702158807, 0.290260770219389, -0.140501809500466
-1.37906702158807, 0.278537220686787, -0.163809058830161
-1.37906702158807, 0.256676169468909, -0.170685183220143
-1.37906702158807, 0.232933384395294, -0.179260772019537
-1.37906702158807, 0.210325666112022, -0.19228190579254
-1.37906702158807, 0.187540203346113, -0.204989474231152
-1.37906702158807, 0.164586982361053, -0.21739148389949
-1.37906702158807, 0.14147574666969, -0.229496512716004
-1.37906702158807, 0.118215978746268, -0.241313651816799
-1.37906702158807, 0.0948168710687314, -0.252852456619689
-1.37906702158807, 0.0712873109763643, -0.264122894400588
-1.37906702158807, 0.0476358709587211, -0.275135293565758
-1.37906702158807, 0.0238707988043174, -0.285900297436715
-1.37906702158807, 2.36610653713834E-16, -0.296428825640234
-1.17205744707907, 0.333969247334666, -1.08191385126072E-11
-1.17205744707551, 0.322732006868966, -0.0220744509642327
-1.17205744707549, 0.311423176120778, -0.0441123098391978
-1.17205744707549, 0.300036931802046, -0.0661102691516401
-1.17205744707549, 0.288567106528131, -0.0880647623114782
-1.17205744707549, 0.277007317577339, -0.10997201692883
-1.17205744707549, 0.265349980466352, -0.131827516158048
-1.17205744707549, 0.253587132526111, -0.153626407751873
-1.17205744707549, 0.234168512494276, -0.162631753872251
-1.17205744707549, 0.211799637691458, -0.170121727825818
-1.17205744707549, 0.191480739465482, -0.184288162963747
-1.17205744707549, 0.170949435572173, -0.198144981116507
-1.17205744707549, 0.150213081447567, -0.211693036921395
-1.17205744707549, 0.12927943069537, -0.224934217242135
-1.17205744707549, 0.108156565886654, -0.237871426049351
-1.17205744707549, 0.0868528100656608, -0.250508565872838
-1.17205744707549, 0.0653766581558997, -0.262850493345537
-1.17205744707549, 0.0437367260769884, -0.274902954941504
-1.17205744707549, 0.0219416408766737, -0.286672547890395
-1.17205744707549, 2.22460554238453E-16, -0.298166635430671
-1.10325361727222, 0.324556405382987, -1.08191452053863E-11
-1.10325361727046, 0.313346897346875, -0.0215399618565727
-1.10325361727046, 0.302054995030201, -0.0430368492843707
-1.10325361727046, 0.290674059457388, -0.0644867267278874
-1.10325361727046, 0.279197112088759, -0.0858853775746397
-1.10325361727046, 0.267618579366911, -0.107229241194328
-1.10325361727046, 0.255939683686449, -0.128518351656312
-1.10325361727046, 0.244169581512286, -0.149757178197649
-1.10325361727046, 0.225816384808737, -0.159854408184308
-1.10325361727046, 0.203820752232701, -0.166629279579717
-1.10325361727046, 0.184342004517862, -0.181127234788638
-1.10325361727046, 0.164644760463811, -0.195326921099556
-1.10325361727046, 0.144734851495603, -0.209226857270444
-1.10325361727046, 0.124618664703748, -0.222826563199601
-1.10325361727046, 0.104303083097473, -0.236126570749614
-1.10325361727046, 0.0837954003764399, -0.249128432080416
-1.10325361727046, 0.0631032546255149, -0.261834697228432
-1.10325361727046, 0.0422345594425474, -0.274248878613474
-1.10325361727046, 0.0211974060235944, -0.286375419563525
-1.10325361727046, 2.27307623978613E-16, -0.298219630681753
-1.02444978746545, 0.312962783785915, -1.08192337921098E-11
-1.02444978746543, 0.301767715971498, -0.0208749951310824
-1.02444978746543, 0.290477955997263, -0.0416989307697016
-1.02444978746543, 0.279093532504272, -0.0624712630929711
-1.02444978746543, 0.267623200500182, -0.0831962884373312
-1.02444978746543, 0.256076650737718, -0.103878950504146
-1.02444978746543, 0.244460716445712, -0.124522726148559
-1.02444978746543, 0.232779131610501, -0.145129424075453
-1.02444978746543, 0.21575414511933, -0.156596849089918
-1.02444978746543, 0.194063291305695, -0.162181737366064
-1.02444978746543, 0.175591710447488, -0.177010289787791
-1.02444978746543, 0.156899245351185, -0.191559414884564
-1.02444978746542, 0.137989811998595, -0.205825410463375
-1.02444978746543, 0.11886796985293, -0.219805416706171
-1.02444978746543, 0.099538884172207, -0.233497450348974
-1.02444978746543, 0.080008257889436, -0.246900441664457
-1.02444978746543, 0.0602822791087476, -0.260014241026848
-1.02444978746543, 0.0403675624957018, -0.272839613117388
-1.02444978746543, 0.0202710601927002, -0.285378234894064
-1.02444978746543, 2.59959568327331E-16, -0.297632661088617
-0.945645957661087, 0.300305339629857, -1.08190615887875E-11
-0.945645957660392, 0.289141256843301, -0.0201580740677751
-0.945645957660392, 0.277907731416901, -0.0402775402632442
-0.945645957660392, 0.266610068977553, -0.0603610646087805
-0.945645957660392, 0.2552513750938, -0.0804101308136162
-0.945645957660392, 0.24383232270308, -0.100424872446943
-0.945645957660392, 0.232352059485156, -0.120404579651036
-0.945645957660392, 0.220806827452155, -0.140346808844999
-0.945645957660392, 0.205177318848069, -0.153247500690714
-0.945645957660392, 0.183599397147743, -0.157123004729343
-0.945645957660392, 0.166182450499635, -0.17221028475469
-0.945645957660392, 0.148547652178498, -0.187042338303948
-0.945645957660393, 0.130697109153673, -0.201614020241232
-0.945645957660393, 0.112633533665795, -0.215920767461871
-0.945645957660393, 0.0943602292143739, -0.229958641088144
-0.945645957660393, 0.0758810495040336, -0.243724376338282
-0.945645957660393, 0.0572003659537654, -0.257215411100554
-0.945645957660393, 0.0383230448957899, -0.27042989483198
-0.945645957660393, 0.0192543684450893, -0.2833667244475
-0.945645957660393, 2.63227864668119E-16, -0.296025534817324
-0.866842127859745, 0.286626553958706, -1.08192501614779E-11
-0.866842127855446, 0.275610120480278, -0.0194278990438423
-0.86684212785536, 0.264538253447365, -0.0388242603201683
-0.86684212785536, 0.253409555931323, -0.0581880698901021
-0.86684212785536, 0.242220601301273, -0.0775171225180555
-0.86684212785536, 0.230967420151873, -0.0968088518951775
-0.86684212785536, 0.219644080841109, -0.116059482845815
-0.866842127855359, 0.208244153984865, -0.135264855993534
-0.86684212785536, 0.194145300328979, -0.149793527143399
-0.866842127855359, 0.172401909995265, -0.151274125615124
-0.86684212785536, 0.156086225356067, -0.166525223108996
-0.86684212785536, 0.139561001489544, -0.181549015024574
-0.866842127855359, 0.122827022491429, -0.196339928568635
-0.86684212785536, 0.105885508370295, -0.210892664337445
-0.86684212785536, 0.0887381156217677, -0.225202228779193
-0.86684212785536, 0.0713869191649804, -0.239263976867529
-0.86684212785536, 0.0538344211692401, -0.253073626742433
-0.86684212785536, 0.0360835146035238, -0.266627305247796
-0.86684212785536, 0.0181374936456217, -0.279921550119775
-0.86684212785536, 2.63545378292272E-16, -0.292953355152558
-0.788038298053328, 0.272149122739712, -1.08190478017294E-11
-0.788038298050327, 0.261345320903062, -0.0186358583191058
-0.788038298050328, 0.250481593668889, -0.0372368451177105
-0.788038298050327, 0.239552441906899, -0.0557994644551123
-0.788038298050327, 0.228552163084274, -0.074320019600898
-0.788038298050327, 0.21747430234375, -0.0927942712935888
-0.788038298050327, 0.206312043648414, -0.11121764827604
-0.788038298050327, 0.195058438142995, -0.129585365954395
-0.788038298050327, 0.182781393550861, -0.146224820447861
-0.788038298050327, 0.161240323070249, -0.14622484872321
-0.788038298050327, 0.145307507028845, -0.159699279547176
-0.788038298050327, 0.129942038174418, -0.174796084463634
-0.788038298050327, 0.114380165403321, -0.189690350635893
-0.788038298050327, 0.0986222252421697, -0.204377016876239
-0.788038298050327, 0.0826686868950747, -0.218850964173003
-0.788038298050327, 0.0665202478588337, -0.233107136117445
-0.788038298050327, 0.0501778524965156, -0.247140542200014
-0.788038298050327, 0.0336426855717473, -0.260946283226071
-0.788038298050327, 0.0169161786667521, -0.27451956432809
-0.788038298050327, 2.31403915279452E-16, -0.287855720620214
-0.709234468248414, 0.256820678648693, -1.08191635130704E-11
-0.709234468245981, 0.246262235418266, -0.0177251950665133
-0.709234468245322, 0.235631300901789, -0.035407004738483
-0.709234468245294, 0.224921853974798, -0.0530413692105885
-0.709234468245294, 0.214127582218178, -0.0706239354244976
-0.709234468245294, 0.203242463323966, -0.0881503996633455
-0.709234468245294, 0.192260877947997, -0.105616579763002
-0.709234468245294, 0.181177634934526, -0.123018426305617
-0.709234468245294, 0.169988003210412, -0.140352051372135
-0.709234468245295, 0.15053803171005, -0.142530541130006
-0.709234468245294, 0.133826932680621, -0.151489927935981
-0.709234468245294, 0.119679324137891, -0.166506705034364
-0.709234468245294, 0.105348705635001, -0.181348938201859
-0.709234468245294, 0.0908370101256742, -0.196014175383486
-0.709234468245294, 0.0761455040485066, -0.210499277364823
-0.709234468245294, 0.0612748275132669, -0.22480036425394
-0.709234468245294, 0.046224999481826, -0.238912795442183
-0.709234468245294, 0.0309958300914149, -0.252831499380564
-0.709234468245294, 0.0155874076439396, -0.266551494887908
-0.709234468245294, 1.9236742825654E-16, -0.280067793418525
-0.630430638440262, 0.24037985336841, -1.08190604543078E-11
-0.630430638440262, 0.230105056884675, -0.0166471078369169
-0.630430638440262, 0.21974641799532, -0.0332421694280754
-0.630430638440262, 0.209298929408078, -0.0497814342111487
-0.630430638440262, 0.198757814075873, -0.066261184495075
-0.630430638440262, 0.188118546787898, -0.0826777426186696
-0.630430638440262, 0.177377419100947, -0.0990278280158539
-0.630430638440262, 0.16653161079859, -0.115308658200474
-0.630430638440261, 0.155578774019718, -0.131517680167025
-0.630430638440262, 0.139810657357575, -0.138703187334479
-0.630430638440262, 0.121610069215022, -0.1416682219872
-0.630430638440262, 0.108760419027563, -0.156418832376582
-0.630430638440262, 0.0957389023535892, -0.171017947748838
-0.630430638440262, 0.0825490677242663, -0.185465174382769
-0.630430638440262, 0.0691938398440152, -0.199759651004864
-0.630430638440262, 0.0556755618927783, -0.213900032843262
-0.630430638440262, 0.0419960263195754, -0.2278844732524
-0.630430638440262, 0.0281565017168673, -0.241710595208274
-0.630430638440262, 0.0141577403146338, -0.255375468080851
-0.630430638440262, 1.99510800943208E-16, -0.268875555245567
-0.551626808635229, 0.222447650890183, -1.08192162151672E-11
-0.551626808635229, 0.212528405663249, -0.0153685911375756
-0.551626808635229, 0.20252042184127, -0.0306795415601179
-0.551626808635229, 0.192420659030831, -0.0459301042432482
-0.551626808635229, 0.182226193064902, -0.0611175220343756
-0.551626808635229, 0.171934578481411, -0.0762392749480528
-0.551626808635229, 0.161544176824137, -0.0912933191563986
-0.551626808635229, 0.151053528379141, -0.106277676114593
-0.551626808635229, 0.140462261544607, -0.121191080289259
-0.551626808635229, 0.129110511176897, -0.134738143392551
-0.551626808635229, 0.110818821439804, -0.134737881454393
-0.551626808635229, 0.0971121530355099, -0.144323356713923
-0.551626808635229, 0.0854979470274637, -0.158454619766415
-0.551626808635229, 0.0737268434631663, -0.172455463611066
-0.551626808635229, 0.06180296165113, -0.186326428570104
-0.551626808635229, 0.0497298811475222, -0.200067732433682
-0.551626808635229, 0.0375106740390607, -0.213679264804785
-0.551626808635229, 0.0251479398136562, -0.227160568086627
-0.551626808635229, 0.0126438143868138, -0.240510836788765
-0.551626808635229, 1.42765527793009E-16, -0.2537288835963
-0.472822978830645, 0.20259862878201, -1.08190798873389E-11
-0.472822978830326, 0.1931578418296, -0.0138698338838652
-0.472822978830211, 0.18363225306931, -0.0276815632752676
-0.472822978830196, 0.174020263639179, -0.0414333023095
-0.472822978830196, 0.164320353644285, -0.0551231663200799
-0.472822978830196, 0.1545317119653, -0.0687497251359572
-0.472822978830196, 0.144654058813888, -0.0823118992540152
-0.472822978830196, 0.134687503524272, -0.0958088756393304
-0.472822978830196, 0.124632541425965, -0.109240120551466
-0.472822978830196, 0.114490208740027, -0.122605513197949
-0.472822978830196, 0.101673218170405, -0.130634984840439
-0.472822978830196, 0.0848952084470155, -0.130635373802638
-0.472822978830196, 0.0745106411211153, -0.14346389074336
-0.472822978830196, 0.0642673176283005, -0.156751974727833
-0.472822978830196, 0.0538839362080666, -0.169930916436447
-0.472822978830196, 0.0433647569545954, -0.18300172395399
-0.472822978830196, 0.0327135835935138, -0.19596520323625
-0.472822978830196, 0.0219338027568835, -0.208821940144132
-0.472822978830196, 0.0110284054227708, -0.221572297616113
-0.472822978830196, 8.42213014276617E-17, -0.234216415103841
-0.396588158786159, 0.181162570468865, -2.16384120204025E-11
-0.399775768265868, 0.172463598459408, -0.0133928732423319
-0.402983325372657, 0.163710189464894, -0.0267454468212302
-0.406210821216119, 0.154902367747199, -0.0400573767849256
-0.409458174666248, 0.146040354709749, -0.0533284488869966
-0.412725236630207, 0.137124557226227, -0.0665585963323539
-0.416011793457518, 0.128155558347832, -0.0797478946167933
-0.41931748603736, 0.119134338086392, -0.092896732952539
-0.422641636670243, 0.11006274588078, -0.106006204040318
-0.425983524350908, 0.100942749351121, -0.119077526488905
-0.430004252496129, 0.0899702002306759, -0.128349041375044
-0.435606369962036, 0.0746820467288683, -0.128650647265257
-0.438912751065659, 0.0656589474891085, -0.141463756347557
-0.442179519761914, 0.056743950331839, -0.154694384499468
-0.445505309377685, 0.0476678853492574, -0.167800218783896
-0.448888601882873, 0.0384348952387136, -0.180781127625984
-0.452328059130785, 0.0290486317965448, -0.193636752410264
-0.45582250990242, 0.019512291274163, -0.206366480022202
-0.459370942856903, 0.00982863361629303, -0.218969430012354
-0.462972500104567, 2.51587705456535E-17, -0.23144443542678
-0.341744618221859, 0.164155181503067, -2.16382348525122E-11
-0.347367446455, 0.156082096321205, -0.0131336525643783
-0.35301317080361, 0.147976137595488, -0.0262372003612511
-0.358681502559456, 0.139837719844386, -0.0393108347756899
-0.364371946121983, 0.131667554636051, -0.0523550288646335
-0.370083954380784, 0.123466427494908, -0.0653703365273922
-0.375816911924852, 0.115235222009301, -0.07835741402301
-0.381569943138446, 0.10697519536159, -0.0913172896694404
-0.387341930507948, 0.0986879520437217, -0.104251333117903
-0.393131554201433, 0.0903753870300974, -0.117161225854968
-0.399896547458801, 0.0806624161625991, -0.126718508778417
-0.409270721290847, 0.0672032634519338, -0.127228451571513
-0.414861903538425, 0.059175614610385, -0.1401111927583
-0.420421576079639, 0.0511932064436309, -0.153326708812063
-0.426094918752821, 0.04304759417034, -0.166393503276455
-0.431879046218686, 0.0347429204726003, -0.179310750242003
-0.437771413360584, 0.0262828395512288, -0.192077354101818
-0.443769791560419, 0.0176705511880763, -0.204691914022191
-0.449872254963078, 0.00890882046714129, -0.217152702286994
-0.456077164996627, 2.27499110466303E-17, -0.229457630204626
-0.299235351129398, 0.149946478759288, -2.16390157331001E-11
-0.306740325351354, 0.142441504537332, -0.0129225266797895
-0.314264832980462, 0.134916996908224, -0.0258223154941502
-0.321807913654117, 0.127373916234569, -0.0387003921839514
-0.32936861212949, 0.119813217759197, -0.0515577899590569
-0.336945978062142, 0.112235851826544, -0.0643955491147984
-0.344539065763551, 0.104642764125135, -0.0772147166237152
-0.35214693395296, 0.0970348959357265, -0.090016345748793
-0.35976864549904, 0.089413184389647, -0.102801495668683
-0.367403041658052, 0.0817787882306343, -0.115571500994671
-0.376051439091539, 0.0731303907971475, -0.125413872364395
-0.387867128420695, 0.0613147014679916, -0.126061982088074
-0.395217593099881, 0.0539642367888059, -0.138758596758448
-0.402475214658873, 0.0467066152298132, -0.151960418495083
-0.40988982348733, 0.0392920064013567, -0.164986611752217
-0.417457085483385, 0.031724744405302, -0.177836038432147
-0.425173137527444, 0.0240086923612429, -0.190507262149973
-0.433034554325507, 0.0161472755631799, -0.202998506277754
-0.441038324635493, 0.00814350525319368, -0.215307620456371
-0.449181829888686, 2.04131373153549E-17, -0.227432042685207
-0.26016675886025, 0.136021409908907, -2.16385371167867E-11
-0.269408813361452, 0.129118713299149, -0.0127204514249423
-0.278663946265572, 0.122206248704634, -0.0254260803059204
-0.287931226329212, 0.11528471165152, -0.0381179096389866
-0.297209724256653, 0.108354796211283, -0.050796964803546
-0.306498514004493, 0.101417194026311, -0.0634642753743933
-0.315796672168249, 0.0944725947680391, -0.0761208742915071
-0.325103203484809, 0.0875217417776059, -0.0887678828751318
-0.334416437281826, 0.0805658828451372, -0.101407202265751
-0.343734404462792, 0.073606488647502, -0.114041088143391
-0.353977794505075, 0.0659559155300097, -0.124195976831727
-0.367722395561835, 0.0556903613607886, -0.124955621536825
-0.37669658184004, 0.0489877299069441, -0.137460138603186
-0.385507331118609, 0.042407166119239, -0.150648422003115
-0.394513816281815, 0.035680411305814, -0.163629113150029
-0.403709865190565, 0.0288120753078662, -0.176401081851502
-0.413089908443613, 0.021806317794342, -0.188962885123517
-0.422648936299867, 0.0146668804357582, -0.201312717789202
-0.432382462090102, 0.00739711423122978, -0.213448366423438
-0.442286494780746, 1.81562295530218E-17, -0.225367168044601
-0.221796893654258, 0.121467481458449, -2.16381079056359E-11
-0.232753926102659, 0.115236400631353, -0.0125179876862525
-0.243716840728028, 0.109001974708739, -0.0250291592601382
-0.254684827370178, 0.102764664415138, -0.0375344480362913
-0.265657102030064, 0.0965249155976714, -0.050034753241126
-0.276632869969865, 0.0902831802104295, -0.0625310015030484
-0.287610712171415, 0.0840402652252736, -0.0750248390155321
-0.298589111840754, 0.0777970332175235, -0.087518028555513
-0.309566552084877, 0.071554346818824, -0.100012332786938
-0.32054151258737, 0.0653130706076544, -0.112509518318014
-0.332285739017548, 0.0586343257483347, -0.122989862760659
-0.347709955303833, 0.0498628322963384, -0.123848549812798
-0.358248788121449, 0.0438695745945783, -0.136292524490777
-0.368614286040707, 0.0379748895462185, -0.14945994175701
-0.379211135904209, 0.031948638522228, -0.162381371790256
-0.390030767257219, 0.0257956953966626, -0.175056128949646
-0.401065368905924, 0.0195205022646098, -0.187483213661505
-0.412307834711672, 0.0131271002680961, -0.199661252868117
-0.423751710365945, 0.00661915986426735, -0.211588438680546
-0.435391159672806, 1.59872225710276E-17, -0.223262482814324
-0.182656128165596, 0.105642486290268, -2.16442457962371E-11
-0.195367871951568, 0.100179982722683, -0.0123159364985429
-0.20807903867313, 0.0947177271318079, -0.0246325861214578
-0.220788664296706, 0.0892561337831391, -0.036951119929956
-0.233495787627518, 0.083795615722281, -0.0492727117142208
-0.246199444662885, 0.0783365872014539, -0.0615985325438975
-0.258898674596419, 0.0728794610993643, -0.0739297565936975
-0.271592359423562, 0.0674247178460756, -0.0862677335570925
-0.284278769629249, 0.0619731006505744, -0.0986145823176421
-0.296956031870722, 0.056525414527631, -0.110972554382299
-0.310225606306327, 0.0508231994015825, -0.121754100644712
-0.327221503377903, 0.0435197050934105, -0.122707101092347
-0.339274498934795, 0.0383402794899572, -0.135376326219457
-0.351283460973188, 0.0331797760152015, -0.148500709451225
-0.363555928292382, 0.0279060387811216, -0.161333105949016
-0.376080256048072, 0.0225240718221467, -0.173873932609127
-0.388845770530985, 0.0170384618555648, -0.186123295854603
-0.401842698021665, 0.0114534088541167, -0.198080914716989
-0.415062101799015, 0.00577275311475195, -0.209746051444801
-0.428495824564866, 1.39144190239686E-17, -0.221117443974684
-0.141717686448153, 0.0879228691629103, -2.16621432756888E-11
-0.15626369529601, 0.0833533607150025, -0.0121223968417506
-0.170804292568494, 0.0787855522687685, -0.0242519243511751
-0.185338890506831, 0.0742196284637683, -0.0363893492113315
-0.199866298250858, 0.0696559633988791, -0.0485362278211013
-0.214385314882209, 0.0650949343326798, -0.0606941240541708
-0.228894736119858, 0.0605369195801, -0.072864599080804
-0.243393353924195, 0.0559822986367982, -0.0850492110679415
-0.257879956005039, 0.0514314523337143, -0.0972495147852385
-0.272353325357235, 0.0468847629829589, -0.109467061218643
-0.287268605245482, 0.0421992510899633, -0.120458505329437
-0.305818272370908, 0.0363720264868383, -0.121522731348251
-0.319322041912986, 0.0321299289020965, -0.134903790123135
-0.333132972043324, 0.0277913393574229, -0.147935899728774
-0.347234293759308, 0.0233615256963824, -0.160621779090999
-0.361610607031894, 0.0188453257108085, -0.172963922477518
-0.376247787321621, 0.014247176508025, -0.184964494477597
-0.391132890418641, 0.009571144404564, -0.196625231263616
-0.406254069640702, 0.00482095093773445, -0.207947355471917
-0.421600489456925, 1.19464035125992E-17, -0.218931487989426
-0.0981978717968646, 0.0676089910718415, -2.16733423470811E-11
-0.114685293862172, 0.0640871195931735, -0.0119533877634143
-0.131164813841041, 0.0605669360759549, -0.0239181757935283
-0.147635752589552, 0.0570485855918407, -0.0358953049675964
-0.164097441947539, 0.0535322108662504, -0.0478857145313523
-0.180549271427526, 0.0500179423051637, -0.0598902791802654
-0.196990227104183, 0.0465059964927552, -0.071910402560841
-0.213419174320566, 0.0429966158026309, -0.0839476845266194
-0.229834967116281, 0.0394900450229208, -0.0960037169272437
-0.246236455491731, 0.0359865298045684, -0.1080800889371
-0.263003916345556, 0.0324048393549118, -0.119078774977843
-0.282514606412766, 0.0282371688358541, -0.121922824706827
-0.298018853325606, 0.024925312999067, -0.135179806548767
-0.313852943110124, 0.0215429995614736, -0.1480227377973
-0.329995435776072, 0.0180948083106146, -0.160457796161657
-0.346426740965678, 0.0145849239347952, -0.172490879383159
-0.363128973575982, 0.0110171668635378, -0.184127459729419
-0.380085813060984, 0.00739502332199261, -0.195372457936018
-0.397282390408448, 0.00372166947377759, -0.206230144533876
-0.414705154348985, 1.00920576276248E-17, -0.216704029776967
-0.0403886985625251, 0.041395113400871, -3.25176899296231E-10
-0.0611359827698123, 0.0411262440825138, -0.00901697441706433
-0.0811496336687646, 0.0399089578851359, -0.0194937296302909
-0.100409460251894, 0.0378700007157452, -0.0311927167578499
-0.119369534797883, 0.035539173557876, -0.0433244666135967
-0.138316887919134, 0.0332046408751807, -0.0554753946538812
-0.157255404082078, 0.0308711970077858, -0.0676402955738064
-0.17618444171687, 0.0285389210045045, -0.0798201561261937
-0.195104024506061, 0.0262078099473728, -0.0920149327513086
-0.214013515262942, 0.0238779423451507, -0.104225579217614
-0.232911358489211, 0.0215495098531898, -0.116454521660997
-0.25407944640947, 0.018941357001244, -0.121283586936895
-0.272218005125428, 0.0167064771281339, -0.134627549962535
-0.290714514319161, 0.0144274936230387, -0.147463102588931
-0.309540799121065, 0.0121078779552184, -0.159802426077305
-0.328671403921736, 0.00975076654967844, -0.171657163008525
-0.348083351070292, 0.00735899051832187, -0.183038227880293
-0.367755897300392, 0.00493510567107676, -0.193955644381808
-0.387670346296701, 0.00248141560987196, -0.204418429935899
-0.407809819241045, 8.36057601210916E-18, -0.214434461613061
-0.00325378050010541, 0.0130546872451608, -5.93760956722755E-06
-0.0243374460963358, 0.0136929124006933, -0.011027825038278
-0.0452047779123294, 0.0137120342354231, -0.0224726019324167
-0.0658884911703368, 0.013254516905891, -0.0342379854269586
-0.0864536113423807, 0.0125131660477306, -0.0461959071771498
-0.106981643478671, 0.011696892054813, -0.0582127126870358
-0.127502033989735, 0.0108802946572711, -0.0702425409323093
-0.148013117126611, 0.0100640676414494, -0.0822882566280758
-0.168512935666421, 0.00924828889393167, -0.0943531625638569
-0.1889995232058, 0.00843303666663352, -0.106440556346805
-0.210236202305628, 0.00758793496761845, -0.11604382936108
-0.230544637222613, 0.00677977222276248, -0.127997511299309
-0.25089888961981, 0.00596978619652688, -0.140305378076399
-0.271571995188925, 0.00514711158957728, -0.152069064804967
-0.292535614374318, 0.00431287615778381, -0.163306147535974
-0.313764496162173, 0.00346808474877592, -0.174032958542159
-0.335236088993649, 0.00261363478997849, -0.184264595354929
-0.356930160962546, 0.00175033139906644, -0.194014951455044
-0.378828458933859, 0.000878900949262692, -0.203296881340617
-0.400914484133104, 6.76148352796906E-18, -0.212122151959188
