-2.97312843776324, 0.408214185984839, -3.16250914345062E-11
-2.97312843776324, 0.400885241618611, -0.0348524440084249
-2.97312843776324, 0.393556297252383, -0.0697048879852247
-2.97312843776324, 0.386227352886155, -0.104557331962025
-2.97312843776324, 0.378898408519927, -0.139409775938824
-2.97312843776324, 0.371569464153699, -0.174262219915624
-2.97312843776324, 0.364240519787471, -0.209114663892424
-2.97312843776324, 0.356911575421243, -0.243967107869224
-2.97312843776324, 0.349582631055015, -0.278819551846024
-2.97312843776324, 0.342253686688787, -0.313671995822823
-2.97312843776324, 0.311478678175206, -0.319643310583059
-2.97312843776324, 0.276869936155739, -0.328048145650399
-2.97312843776324, 0.242261194136271, -0.33645298071774
-2.97312843776324, 0.207652452116804, -0.34485781578508
-2.97312843776324, 0.173043710097337, -0.35326265085242
-2.97312843776324, 0.13843496807787, -0.36166748591976
-2.97312843776324, 0.103826226058402, -0.370072320987101
-2.97312843776324, 0.0692174840389351, -0.378477156054441
-2.97312843776324, 0.0346087420194677, -0.386881991121781
-2.97312843776324, 1.95215988938465E-16, -0.395286826189122
-2.91366586900798, 0.410028760693838, -1.58124828121657E-11
-2.91366586900798, 0.402684105645519, -0.0349485148615236
-2.91366586900798, 0.395339550242338, -0.0698970506487178
-2.91366586900798, 0.387995097363693, -0.104845607982392
-2.91366586900798, 0.380650749890372, -0.139794187460934
-2.91366586900798, 0.373306510700174, -0.174742789696963
-2.91366586900798, 0.365962382672557, -0.209691415295198
-2.91366586900798, 0.358618368686977, -0.244640064860354
-2.91366586900798, 0.351274471622895, -0.279588738997151
-2.91366586900798, 0.343930694359768, -0.314537438310305
-2.91366586900798, 0.312272399623731, -0.31967875683585
-2.91366586900798, 0.277575428386893, -0.328132326185586
-2.91366586900798, 0.242878466638933, -0.336585934482008
-2.91366586900798, 0.208181514378647, -0.345039581720334
-2.91366586900798, 0.173484571605252, -0.353493267895675
-2.91366586900798, 0.138787638317354, -0.361946993003295
-2.91366586900798, 0.104090714513916, -0.370400757038367
-2.91366586900798, 0.0693938001939029, -0.378854559996067
-2.91366586900798, 0.0346968953562766, -0.387308401871569
-2.91366586900798, 2.08531308121867E-16, -0.39576228266005
-2.85420330025272, 0.411843329279435, -1.58125506266442E-11
-2.85420330025272, 0.404488745932041, -0.0350484890373979
-2.85420330025271, 0.397134476577053, -0.0700970439503835
-2.85420330025272, 0.38978052905182, -0.1051456664069
-2.85420330025271, 0.382426911192184, -0.140194358066239
-2.85420330025271, 0.375073630846221, -0.175243120529407
-2.85420330025271, 0.367720695855161, -0.210291955430026
-2.85420330025271, 0.360368114060234, -0.245340864401715
-2.85420330025271, 0.353015893302673, -0.280389849078092
-2.85420330025271, 0.345664041423706, -0.315438911092778
-2.85420330025271, 0.313067461366181, -0.319713921784927
-2.85420330025271, 0.278282207316023, -0.328227004654848
-2.85420330025271, 0.243496948352051, -0.336740067446576
-2.85420330025271, 0.208711684497845, -0.345253110256466
-2.85420330025271, 0.17392641577708, -0.35376613318085
-2.85420330025271, 0.139141142213279, -0.362279136316095
-2.85420330025271, 0.104355863830056, -0.370792119758548
-2.85420330025271, 0.0695705806510259, -0.379305083604554
-2.85420330025271, 0.0347852926998027, -0.387818027950462
-2.85420330025271, 1.80497750951686E-16, -0.396330952892615
-2.79474073149745, 0.413657970472513, -1.58125931515043E-11
-2.79474073149745, 0.406296175953647, -0.0351496922892777
-2.79474073149745, 0.398934893362443, -0.0702994917920022
-2.79474073149745, 0.391574131755681, -0.105449400416655
-2.79474073149745, 0.384213900216797, -0.140599419928603
-2.79474073149745, 0.376854207772138, -0.175749552365844
-2.79474073149745, 0.369495063480265, -0.210899799612551
-2.79474073149745, 0.362136476399737, -0.246050163552899
-2.79474073149745, 0.354778455589118, -0.281200646071059
-2.79474073149745, 0.347421010106966, -0.316351249051206
-2.79474073149745, 0.313842835904076, -0.319730351004839
-2.79474073149745, 0.278971672542975, -0.328315154583995
-2.79474073149745, 0.244100442009851, -0.336899685332877
-2.79474073149745, 0.209229144926712, -0.345483945776811
-2.79474073149745, 0.174357781931576, -0.354067938437189
-2.79474073149745, 0.139486353635972, -0.362651665841919
-2.79474073149745, 0.104614860667455, -0.371235130514964
-2.79474073149745, 0.0697433036535832, -0.379818334980289
-2.79474073149745, 0.0348716832219129, -0.388401281761857
-2.79474073149745, 2.07822130452816E-16, -0.396983973383632
-2.73527816274218, 0.41548278583636, -1.5812543322048E-11
-2.73527816274218, 0.408113209627403, -0.0352494949148291
-2.73527816274218, 0.400744001592598, -0.070499066784449
-2.73527816274218, 0.393375148098876, -0.10574871277123
-2.73527816274218, 0.386006627855618, -0.14099842842647
-2.73527816274218, 0.378638417375342, -0.17624820886599
-2.73527816274218, 0.371270493184937, -0.211498049136856
-2.73527816274218, 0.363902831803993, -0.246747944321059
-2.73527816274218, 0.356535409752096, -0.281997889500595
-2.73527816274219, 0.349168203548836, -0.317247879757455
-2.73527816274218, 0.314578920966961, -0.319714035328665
-2.73527816274218, 0.279626503099091, -0.328383869511605
-2.73527816274218, 0.244673879838024, -0.337052875845068
-2.73527816274218, 0.209721053946768, -0.345721065415815
-2.73527816274218, 0.174768028314, -0.354388449279437
-2.73527816274218, 0.139814805601653, -0.363055038547756
-2.73527816274218, 0.104861388611904, -0.371720844297808
-2.73527816274218, 0.0699077801469289, -0.380385877606634
-2.73527816274218, 0.0349539830089023, -0.389050149551272
-2.73527816274218, 2.07260507311557E-16, -0.397713671208759
-2.67581559398691, 0.417377159794491, -1.58125469223449E-11
-2.67581559398691, 0.409989620912542, -0.0353444746770973
-2.67581559398691, 0.402601717288799, -0.0706888731124448
-2.67581559398692, 0.395213394640674, -0.106033183993658
-2.67581559398692, 0.387824598686665, -0.141377395987331
-2.67581559398692, 0.380435275164282, -0.176721497669115
-2.67581559398692, 0.373045369800111, -0.212065477666914
-2.67581559398692, 0.365654828320739, -0.247409324608636
-2.67581559398692, 0.358263596452754, -0.282753027122186
-2.67581559398692, 0.350871619922741, -0.31809657383547
-2.67581559398692, 0.315260261856148, -0.319650274804867
-2.67581559398692, 0.280233078872193, -0.328419770328507
-2.67581559398692, 0.245205443603244, -0.337187460284203
-2.67581559398692, 0.210177363925393, -0.345953375701912
-2.67581559398692, 0.175148848208741, -0.354717547487968
-2.67581559398692, 0.140119903837684, -0.363480006795327
-2.67581559398692, 0.105090538821752, -0.372240784620487
-2.67581559398692, 0.0700607611704743, -0.380999911959945
-2.67581559398692, 0.0350305788933805, -0.389757419810199
-2.67581559398692, 1.78833293714977E-16, -0.398513339167745
-2.61635302523165, 0.41931822851246, -1.58126886616855E-11
-2.61635302523165, 0.41190002265155, -0.0354318126203264
-2.61635302523165, 0.404480372559748, -0.0708633229554805
-2.61635302523166, 0.397059181662069, -0.10629451097177
-2.61635302523165, 0.389636353411465, -0.141725356485963
-2.61635302523166, 0.382211791411629, -0.177155838595267
-2.61635302523166, 0.37478539917882, -0.212585936814358
-2.61635302523166, 0.367357080229301, -0.248015630657914
-2.61635302523166, 0.359926738079333, -0.283444899640611
-2.61635302523166, 0.351889346234878, -0.318128697675108
-2.61635302523166, 0.315863540311915, -0.319526499463392
-2.61635302523166, 0.280770806314913, -0.328411491412754
-2.61635302523166, 0.245677226439358, -0.337293145820264
-2.61635302523166, 0.210582818656933, -0.346171531585914
-2.61635302523166, 0.175487602297786, -0.355046717266101
-2.61635302523165, 0.140391593575705, -0.363918772205266
-2.61635302523165, 0.105294810737789, -0.372787765233352
-2.61635302523165, 0.0701972720311339, -0.381653765180301
-2.61635302523165, 0.0350989957028386, -0.390516840876057
-2.61635302523165, 2.0582573683016E-16, -0.399377061150563
-2.55689045647639, 0.421266340289549, -1.58127231609796E-11
-2.55689045647639, 0.413804992029925, -0.0355090967653678
-2.55689045647639, 0.406340778575109, -0.0710175918371165
-2.55689045647639, 0.398873550874125, -0.106525454476826
-2.55689045647639, 0.391403160021439, -0.142032653236551
-2.55689045647639, 0.383929457522765, -0.177539154713454
-2.55689045647639, 0.376452294642968, -0.213044926650224
-2.55689045647639, 0.368971522646912, -0.248549936789549
-2.55689045647639, 0.361486992799462, -0.284054152874119
-2.55689045647639, 0.352433152071961, -0.317627414330962
-2.55689045647639, 0.316363714128598, -0.319330630077559
-2.55689045647639, 0.281217579142695, -0.328348207660329
-2.55689045647639, 0.246070013532998, -0.33736021920064
-2.55689045647639, 0.210921053174515, -0.346366797091657
-2.55689045647639, 0.175770736832074, -0.355368072986499
-2.55689045647639, 0.140619095274064, -0.364364180585686
-2.55689045647639, 0.105466164656168, -0.373355252208857
-2.55689045647639, 0.07031198113407, -0.382341420175651
-2.55689045647639, 0.0351565808634531, -0.391322816805708
-2.55689045647639, 2.04988125834969E-16, -0.400299574418665
-2.49742788772112, 0.423181167985457, -1.58126163162899E-11
-2.49742788772112, 0.415664471309974, -0.0355739294594724
-2.49742788772112, 0.408143160415467, -0.0711468848552044
-2.49742788772112, 0.400617024798277, -0.106718823116242
-2.49742788772113, 0.393085854347635, -0.142289699290677
-2.49742788772112, 0.385549439917198, -0.177859463870825
-2.49742788772113, 0.378007571790213, -0.213428070045935
-2.49742788772113, 0.370460040249929, -0.248995471005253
-2.49742788772113, 0.362906635579591, -0.284561619938026
-2.49742788772113, 0.352834955220892, -0.31702391260953
-2.49742788772113, 0.316735449750258, -0.319050569126504
-2.49742788772112, 0.28155104933702, -0.328219172798772
-2.49742788772112, 0.246364401173431, -0.337379129362588
-2.49742788772113, 0.211175558120022, -0.346530672368692
-2.49742788772113, 0.175984589535521, -0.355674031070434
-2.49742788772112, 0.140791550932054, -0.364809438317566
-2.49742788772113, 0.105596507493194, -0.373937124443364
-2.49742788772113, 0.070399524402515, -0.383057319781109
-2.49742788772113, 0.0352006668435926, -0.392170254664078
-2.49742788772113, 1.76336289600617E-16, -0.40127615942555
-2.43796531896583, 0.425021748465475, -1.58125353224429E-11
-2.43796531896584, 0.417437931187879, -0.0356239788993046
-2.43796531896584, 0.409847433770528, -0.0712465375906105
-2.43796531896585, 0.402249974394981, -0.106867618930696
-2.43796531896585, 0.394645274862747, -0.142487148784256
-2.43796531896586, 0.387033052968627, -0.178105071792628
-2.43796531896586, 0.379413027866492, -0.213721326209061
-2.43796531896586, 0.371784918746941, -0.24933585010139
-2.43796531896586, 0.364148443998861, -0.284948585259732
-2.43796531896586, 0.353066478272144, -0.316305985336961
-2.43796531896586, 0.316953247601096, -0.318673997241415
-2.43796531896586, 0.281748764379713, -0.328013526736804
-2.43796531896586, 0.246540904830756, -0.337340314964184
-2.43796531896586, 0.211329775740675, -0.346654735613619
-2.43796531896586, 0.176115472550568, -0.355957165363785
-2.43796531896586, 0.140898102409881, -0.365247977784732
-2.43796531896586, 0.105677768218031, -0.37452754756111
-2.43796531896586, 0.0704545724342983, -0.383796249483656
-2.43796531896586, 0.0352286171678065, -0.393054458425661
-2.43796531896586, 2.03151861917345E-16, -0.402302550439336
-2.3685027502106, 0.427023018590357, -1.58126280268191E-11
-2.3685027502106, 0.419346500523683, -0.0356606667901622
-2.3685027502106, 0.411660497532381, -0.0713192955989973
-2.3685027502106, 0.403964634889534, -0.106975811386896
-2.3685027502106, 0.396258545167424, -0.142630105269098
-2.3685027502106, 0.388541852828573, -0.17828210591002
-2.3685027502106, 0.3808141850826, -0.213931729201796
-2.3685027502106, 0.373075169206063, -0.249578890689926
-2.3685027502106, 0.365324432544954, -0.285223505561517
-2.3685027502106, 0.353083101560035, -0.315305702395308
-2.36850275021059, 0.316978305346145, -0.31809483306587
-2.36850275021059, 0.28177753759339, -0.327661370183431
-2.36850275021059, 0.246571600758012, -0.337208855748722
-2.36850275021059, 0.211360669252442, -0.34673790468471
-2.3685027502106, 0.176144921058018, -0.356249130911436
-2.3685027502106, 0.14092452813506, -0.365743149940707
-2.36850275021059, 0.105699666606457, -0.375220576125956
-2.36850275021059, 0.070470510023259, -0.384682024482577
-2.3685027502106, 0.0352372310890865, -0.394128110222673
-2.3685027502106, 1.74261781656276E-16, -0.403559449200219
-2.22984632832234, 0.430285199452415, -1.58125669359008E-11
-2.22984632832238, 0.422381344064009, -0.0356503760594047
-2.22984632832241, 0.414461257255585, -0.0712971579003003
-2.22984632832243, 0.406524386503586, -0.106940202335352
-2.22984632832243, 0.398570175926949, -0.14257938114669
-2.22984632832243, 0.390598069508552, -0.178214566536498
-2.22984632832243, 0.382607488911528, -0.213845601455281
-2.22984632832243, 0.374597738746763, -0.24947234058604
-2.22984632832243, 0.366568131270818, -0.285094607883917
-2.22984632832243, 0.352120454908137, -0.312705533500157
-2.22984632832243, 0.316128851174161, -0.316406313367505
-2.22984632832243, 0.281042838213904, -0.326525212518092
-2.22984632832243, 0.245945943214442, -0.336606303559979
-2.22984632832243, 0.210838613346658, -0.346650995398382
-2.22984632832243, 0.175721297742757, -0.356660696130765
-2.22984632832243, 0.140594421880228, -0.366636820338873
-2.22984632832243, 0.105458426433711, -0.376580778016379
-2.22984632832243, 0.0703137416671454, -0.386493981879818
-2.22984632832243, 0.0351607940541989, -0.39637784548683
-2.22984632832243, 1.71963005690175E-16, -0.406233785004668
-2.08118990643427, 0.432202571507734, -1.58125118847688E-11
-2.08118990643427, 0.423997203768901, -0.0354864734325048
-2.08118990643427, 0.415766015394311, -0.0709669665079842
-2.08118990643427, 0.407508051302373, -0.106441237120469
-2.08118990643427, 0.399222356777515, -0.141909040942972
-2.08118990643427, 0.390907977483677, -0.177370131364404
-2.08118990643427, 0.382563959479321, -0.21282425940988
-2.08118990643427, 0.374189349233637, -0.248271173661912
-2.08118990643427, 0.365783193644157, -0.283710620181718
-2.08118990643427, 0.34921499594994, -0.30884572422471
-2.08118990643427, 0.313527336475667, -0.313629574677744
-2.08118990643427, 0.27876864542582, -0.324513086997871
-2.08118990643427, 0.243988116558183, -0.335326610670836
-2.08118990643427, 0.209186811476545, -0.346073083775843
-2.08118990643427, 0.174365774114478, -0.356755448260492
-2.08118990643427, 0.139526031472241, -0.36737664968803
-2.08118990643427, 0.104668594419416, -0.377939636996633
-2.08118990643427, 0.0697944584756517, -0.388447362296248
-2.08118990643427, 0.0349046046019774, -0.398902780691397
-2.08118990643427, 1.97364272538335E-16, -0.409308850129256
-1.93253348454611, 0.431827324317143, -1.58124975134843E-11
-1.93253348454611, 0.423263663153038, -0.0351328144174476
-1.93253348454611, 0.414664145611175, -0.0702568638374419
-1.93253348454611, 0.406027862260938, -0.105371885816635
-1.93253348454611, 0.397353868427551, -0.140477617087485
-1.93253348454611, 0.388641193595178, -0.17557376826713
-1.93253348454611, 0.379888865304709, -0.210660051526551
-1.93253348454611, 0.371095911515699, -0.245736175600651
-1.93253348454611, 0.362261360621911, -0.280801845701856
-1.93253348454611, 0.343873500098211, -0.303632097741247
-1.93253348454611, 0.308724639279187, -0.309587043030827
-1.93253348454611, 0.274563449422999, -0.321447161435669
-1.93253348454611, 0.240361529353505, -0.333189312119566
-1.93253348454611, 0.2061214600299, -0.344819752733261
-1.93253348454611, 0.171845606022759, -0.356344296905266
-1.93253348454611, 0.137536128115606, -0.36776837258473
-1.93253348454611, 0.103195034525712, -0.379097060037633
-1.93253348454611, 0.0688241821488322, -0.390335140591577
-1.93253348454611, 0.0344252939107969, -0.401487134970811
-1.93253348454611, 1.67576807979605E-16, -0.412557330124848
-1.7838770626581, 0.428413979087651, -1.58125457439638E-11
-1.78387706265805, 0.419482052302086, -0.0345905898239668
-1.78387706265801, 0.410508272056485, -0.0691703451929552
-1.78387706265798, 0.401491829460709, -0.10373900108185
-1.78387706265796, 0.392431915870294, -0.138296289262781
-1.78387706265795, 0.383327722894876, -0.172841938257722
-1.78387706265795, 0.37417844240855, -0.207375673274116
-1.78387706265795, 0.364983266561556, -0.241897216141829
-1.78387706265795, 0.355741380972126, -0.276406285318318
-1.78387706265795, 0.33582801864639, -0.297033098701593
-1.78387706265795, 0.301482980103285, -0.304253191095256
-1.78387706265795, 0.268220417591353, -0.317287267617152
-1.78387706265795, 0.234889455914622, -0.330145421530383
-1.78387706265795, 0.201494704709835, -0.342837030596568
-1.78387706265795, 0.168040397738152, -0.355370797029531
-1.78387706265795, 0.134530371774632, -0.36775485459049
-1.78387706265795, 0.100968176106236, -0.37999681459204
-1.78387706265795, 0.0673570675926875, -0.39210384533799
-1.78387706265795, 0.0337000701903859, -0.404082719977196
-1.78387706265795, 1.66101337215778E-16, -0.415939871100293
-1.63522064076983, 0.421537582097943, -1.5812466043251E-11
-1.63522064076978, 0.412281563708683, -0.0338852096681916
-1.63522064076978, 0.402981263126688, -0.0677583058647934
-1.63522064076978, 0.393635995267264, -0.101619016625968
-1.63522064076978, 0.384245006436703, -0.135467075464212
-1.63522064076978, 0.374807544858298, -0.169302206184764
-1.63522064076978, 0.365322858927238, -0.203124129226077
-1.63522064076978, 0.355790197219967, -0.236932561599697
-1.63522064076978, 0.346208808504633, -0.270727216832078
-1.63522064076978, 0.325035275360792, -0.289207807644844
-1.63522064076978, 0.291782272380225, -0.297838629896553
-1.63522064076978, 0.259726996666681, -0.312202999792494
-1.63522064076978, 0.227564986386664, -0.326326782947129
-1.63522064076978, 0.195303779570286, -0.340222530941582
-1.63522064076978, 0.162950250694754, -0.353901956957495
-1.63522064076978, 0.130510658510075, -0.367376046458397
-1.63522064076978, 0.0979907486897183, -0.380655130031479
-1.63522064076978, 0.0653958082382551, -0.393748965231718
-1.63522064076978, 0.0327307140613773, -0.406666811044838
-1.63522064076978, 1.65459183506621E-16, -0.419417487642522
-1.48656421888328, 0.411133054833882, -1.58125431023181E-11
-1.48656421888247, 0.401620639271526, -0.0330444489273232
-1.48656421888198, 0.392062961485704, -0.066075834634805
-1.48656421888173, 0.382459148038477, -0.099093835880493
-1.48656421888164, 0.372808325849112, -0.132098127457207
-1.48656421888162, 0.363109622101811, -0.165088380490686
-1.48656421888162, 0.353362110113142, -0.19806424070108
-1.48656421888162, 0.343564703479338, -0.231025318798446
-1.48656421888162, 0.333716300920659, -0.263971191997347
-1.48656421888162, 0.311496075634084, -0.280326178068464
-1.48656421888162, 0.279645278814387, -0.290548481792503
-1.48656421888162, 0.249107948221658, -0.306356164855928
-1.48656421888162, 0.218413953474389, -0.321857486689886
-1.48656421888162, 0.187574471510958, -0.337067345548365
-1.48656421888162, 0.156599721145634, -0.351999831700968
-1.48656421888162, 0.125499063804091, -0.366668310624529
-1.48656421888162, 0.094281106445216, -0.381085494196667
-1.48656421888162, 0.0629537968353657, -0.395263506953531
-1.48656421888162, 0.0315244833060215, -0.409213961298284
-1.48656421888162, 1.66003173380033E-16, -0.422948015222394
-1.33790779699347, 0.397270147162307, -1.58124687433527E-11
-1.33790779699347, 0.387561173572755, -0.032088810169464
-1.33790779699347, 0.377804994619852, -0.0641632996118696
-1.33790779699346, 0.368001104153993, -0.0962232376646291
-1.33790779699346, 0.358148995869539, -0.12826839102522
-1.33790779699346, 0.348248163306906, -0.160298523736011
-1.33790779699346, 0.338298099857435, -0.192313397147015
-1.33790779699346, 0.328298298767807, -0.224312769882909
-1.33790779699346, 0.318248253145633, -0.256296397809135
-1.33790779699346, 0.295192870385768, -0.270578262715973
-1.33790779699346, 0.265084314727979, -0.282604210268055
-1.33790779699346, 0.236373215038731, -0.29991354655049
-1.33790779699346, 0.207445470985531, -0.316858381571981
-1.33790779699346, 0.178315811159359, -0.333453742290314
-1.33790779699346, 0.148997900269455, -0.349714262283194
-1.33790779699346, 0.119504439945636, -0.365654191219568
-1.33790779699346, 0.089847246053277, -0.381287419157414
-1.33790779699346, 0.0600373527065532, -0.396627488061236
-1.33790779699346, 0.0300850538569812, -0.411687637340819
-1.33790779699346, 1.95974800539962E-16, -0.426480821543768
-1.18925137510946, 0.379935717247887, -1.58123721525638E-11
-1.1892513751067, 0.370090651862711, -0.0310487331753152
-1.18925137510554, 0.36020137087564, -0.0620834126437958
-1.1892513751053, 0.350267502829016, -0.0931038484326565
-1.1892513751053, 0.340288711447984, -0.124109862219696
-1.1892513751053, 0.330264486845601, -0.155101217187307
-1.1892513751053, 0.320193992885895, -0.186077567934375
-1.1892513751053, 0.310076382284194, -0.217038561173704
-1.1892513751053, 0.299910808198992, -0.247983839366876
-1.1892513751053, 0.276178573056711, -0.260206622700079
-1.1892513751053, 0.248162200506932, -0.27421391843974
-1.1892513751053, 0.221566117577023, -0.293017559427366
-1.1892513751053, 0.19468981997465, -0.31141850152008
-1.1892513751053, 0.167549587092025, -0.329427922553999
-1.1892513751053, 0.140161089819749, -0.347057531209478
-1.1892513751053, 0.112539381892092, -0.36431949714726
-1.1892513751053, 0.0846988980923034, -0.381226387787181
-1.1892513751053, 0.0566534593871033, -0.397791111260741
-1.1892513751053, 0.0284162833861792, -0.41402686605124
-1.1892513751053, 1.72839040567888E-16, -0.429947096852503
-1.04059495321749, 0.359274561763371, -1.58124924273438E-11
-1.04059495321722, 0.349364500201503, -0.0299524742697875
-1.04059495321714, 0.339409736632737, -0.0598901212036085
-1.04059495321714, 0.329408762232966, -0.0898123624095874
-1.04059495321714, 0.319359478166792, -0.119718413202824
-1.04059495321714, 0.309259217514917, -0.149607285603252
-1.04059495321714, 0.299105295664518, -0.179477969658381
-1.04059495321714, 0.288894784458849, -0.209329358119462
-1.04059495321714, 0.278623928761527, -0.239160036524604
-1.04059495321714, 0.25441098585081, -0.249460627778363
-1.04059495321714, 0.228821814611885, -0.265501479420379
-1.04059495321714, 0.204615851331457, -0.285735301038866
-1.04059495321714, 0.180072044107336, -0.305557986638083
-1.04059495321714, 0.155203852042049, -0.324972173757732
-1.04059495321714, 0.130025376295897, -0.343982257299741
-1.04059495321714, 0.104551239196735, -0.362594314181772
-1.04059495321714, 0.0787964238710144, -0.380816033658294
-1.04059495321714, 0.0527761177851414, -0.398656623175701
-1.04059495321714, 0.026505579196553, -0.416126683634378
-1.04059495321714, 2.08855078098206E-16, -0.433238079232636
-0.881938531331684, 0.33353728376157, -1.58124322432001E-11
-0.881938531328985, 0.323549947570135, -0.0286587639258418
-0.881938531328973, 0.313499081715648, -0.0572953083431795
-0.881938531328973, 0.303379878862947, -0.0859077749987281
-0.881938531328973, 0.29318723207514, -0.114494159777132
-0.881938531328973, 0.282915991121589, -0.143052398039103
-0.881938531328973, 0.27256013838199, -0.171580061277435
-0.881938531328973, 0.26211294619714, -0.200074399542782
-0.881938531328973, 0.251567729085831, -0.228532604238915
-0.881938531328974, 0.227443657543286, -0.237500320009243
-0.881938531328974, 0.204706687838634, -0.255356249826397
-0.881938531328973, 0.183357570195181, -0.276926249788894
-0.881938531328974, 0.161643017289165, -0.298128316789078
-0.881938531328974, 0.139567926795389, -0.318954735901543
-0.881938531328973, 0.117138728932131, -0.339399306791675
-0.881938531328973, 0.0943632979958065, -0.359457455479263
-0.881938531328973, 0.0712508312057041, -0.379126315755998
-0.881938531328973, 0.0478117165921134, -0.398404762724993
-0.881938531328973, 0.0240573564879655, -0.417293430507385
-0.881938531328973, 2.78204939857552E-16, -0.435794674399773
-0.83247596257504, 0.324556405382987, -1.58124773147277E-11
-0.832475962573708, 0.3145216182936, -0.0281954543116829
-0.832475962573708, 0.304412786911382, -0.0563644506387037
-0.832475962573708, 0.294224318609291, -0.0845047337734456
-0.832475962573708, 0.283950224976261, -0.112613866152171
-0.832475962573708, 0.273584521530943, -0.140689337548048
-0.832475962573708, 0.263124967531192, -0.168729983946124
-0.832475962573708, 0.252574987452102, -0.196736740108622
-0.832475962573708, 0.241943471073726, -0.224712646854515
-0.832475962573708, 0.218155453424533, -0.23363118131377
-0.832475962573708, 0.196296297145868, -0.251798274031405
-0.832475962573708, 0.175899611955686, -0.273698861499371
-0.832475962573708, 0.155139817953417, -0.295255552282574
-0.832475962573708, 0.134018804966645, -0.316458445008278
-0.832475962573708, 0.112540014405052, -0.337298810155882
-0.832475962573708, 0.0907083794927587, -0.357769247344109
-0.832475962573708, 0.0685302661791379, -0.377863787605928
-0.832475962573708, 0.0460133781527825, -0.397577976865379
-0.832475962573708, 0.0231666289023414, -0.416908936376959
-0.832475962573708, 2.27307623978613E-16, -0.435855385207491
-0.773013393818464, 0.312962783785915, -1.58126005017238E-11
-0.773013393818443, 0.302845870459959, -0.0275853033656662
-0.773013393818443, 0.292641276433371, -0.0551382864559831
-0.773013393818443, 0.282347434157639, -0.0826580594207442
-0.773013393818443, 0.271970265268161, -0.110146518280882
-0.773013393818443, 0.26151827666347, -0.137606615663149
-0.773013393818443, 0.250998170203882, -0.165040693799499
-0.773013393818443, 0.240414415671491, -0.192450279094483
-0.773013393818443, 0.229768723442368, -0.219835867749669
-0.773013393818444, 0.206558058491747, -0.228870298203132
-0.773013393818444, 0.18562746872388, -0.247013060401765
-0.773013393818444, 0.166407068234035, -0.269236016784512
-0.773013393818444, 0.146833923240611, -0.291148915188057
-0.773013393818443, 0.126906665701552, -0.312740261353839
-0.773013393818444, 0.106625263790024, -0.333999288927954
-0.773013393818444, 0.0859910667588106, -0.354916056616127
-0.773013393818444, 0.0650067845029483, -0.375481582563386
-0.773013393818444, 0.0436764499888544, -0.395687957107201
-0.773013393818444, 0.0220053604873651, -0.41552843649024
-0.773013393818444, 2.32203992711702E-16, -0.43499751459201
-0.713550825063703, 0.300305339629857, -1.58123419937344E-11
-0.713550825063178, 0.290111979163004, -0.0269096239300895
-0.713550825063178, 0.279851867293263, -0.0537938720384066
-0.713550825063178, 0.269529499221379, -0.0806542774891159
-0.713550825063178, 0.25914820141649, -0.107491962425606
-0.713550825063178, 0.248708553728499, -0.13430700367057
-0.713550825063178, 0.238210605035777, -0.161099269678268
-0.713550825063178, 0.227651714935686, -0.187867584722034
-0.713550825063179, 0.217028040904445, -0.214610249571656
-0.713550825063178, 0.194597148326674, -0.223974616842774
-0.713550825063178, 0.174339419958002, -0.241443090290267
-0.713550825063178, 0.156327210335288, -0.263883638372367
-0.713550825063178, 0.137980678787615, -0.286051679114367
-0.713550825063179, 0.119295981279865, -0.307935422132191
-0.713550825063179, 0.100270254582344, -0.329523321449466
-0.713550825063179, 0.0809016804006136, -0.350804143049558
-0.713550825063179, 0.0611895026459236, -0.371767074862155
-0.713550825063179, 0.0411340467605028, -0.392401817829163
-0.713550825063179, 0.0207367194696945, -0.412698680046248
-0.713550825063179, 2.3547228905249E-16, -0.432648659694531
-0.654088256311222, 0.286626553958706, -1.58126450029562E-11
-0.65408825630803, 0.276471664238481, -0.0261805801001237
-0.654088256307914, 0.266262577280916, -0.0523400737001326
-0.654088256307914, 0.255998241087379, -0.078477937706303
-0.654088256307914, 0.245675445129838, -0.104592768312784
-0.654088256307914, 0.23529071101135, -0.13068302979469
-0.654088256307914, 0.224838965717457, -0.156746517429409
-0.654088256307914, 0.214314067678032, -0.18278054900866
-0.654088256307914, 0.203709677927274, -0.208782300703978
-0.654088256307914, 0.182430692979654, -0.218926850083084
-0.654088256307913, 0.162428164237567, -0.234789624200979
-0.654088256307913, 0.145655987650695, -0.257311324447132
-0.654088256307913, 0.128574916172348, -0.279599640395934
-0.654088256307914, 0.111179846959157, -0.301643747346744
-0.654088256307914, 0.0934661909611741, -0.323432664762848
-0.654088256307913, 0.0754299259925841, -0.344955278386721
-0.654088256307913, 0.0570676249669017, -0.366200396193698
-0.654088256307913, 0.038376495724777, -0.387156791103996
-0.654088256307913, 0.0193544274505509, -0.407813238231771
-0.654088256307913, 2.35789802676643E-16, -0.428158592933493
-0.594625687554913, 0.272149122739712, -1.58123229129222E-11
-0.594625687552649, 0.262099604941482, -0.0253415361086482
-0.594625687552649, 0.25199049083969, -0.0506593562172542
-0.594625687552649, 0.241816449998513, -0.0759511538222188
-0.594625687552649, 0.231571964063736, -0.101214498082386
-0.594625687552649, 0.221250861619109, -0.126446636280563
-0.594625687552649, 0.210846330382274, -0.151644484812431
-0.594625687552649, 0.200351423718815, -0.176804823559164
-0.594625687552649, 0.189759137024212, -0.201924318851428
-0.594625687552649, 0.170293861762496, -0.213710496755745
-0.594625687552649, 0.149913153029166, -0.226677906876755
-0.594625687552649, 0.134414886919628, -0.249105143171633
-0.594625687552649, 0.118638422492457, -0.271337549133301
-0.594625687552649, 0.102578872497655, -0.293366326077579
-0.594625687552649, 0.0862310949485943, -0.31518204886344
-0.594625687552649, 0.0695900855943025, -0.33677491275069
-0.594625687552649, 0.0526510035104501, -0.358134730712718
-0.594625687552649, 0.035409200934429, -0.379250930708782
-0.594625687552649, 0.0178602546294099, -0.400112556917926
-0.594625687552649, 2.31403915279452E-16, -0.42070827365819
-0.535163118799738, 0.256820678648693, -1.58124869870774E-11
-0.535163118797966, 0.246910326591446, -0.0243224241379524
-0.535163118797423, 0.236925956251598, -0.0486145556344908
-0.535163118797384, 0.226861442139838, -0.0728735902593752
-0.535163118797384, 0.216710275700649, -0.0970964922749757
-0.535163118797384, 0.206466002319243, -0.121280154696055
-0.535163118797384, 0.196122452631246, -0.145421526445897
-0.535163118797384, 0.185673738581988, -0.169517565575891
-0.535163118797384, 0.175114281523945, -0.193565282780015
-0.535163118797384, 0.158439990738788, -0.208311924650578
-0.535163118797384, 0.136809293456692, -0.216710163008467
-0.535163118797384, 0.122631372355854, -0.238818423524604
-0.535163118797384, 0.10820467082295, -0.26076514965523
-0.535163118797384, 0.0935276330669466, -0.282545251052836
-0.535163118797384, 0.0785976746136594, -0.304152755445065
-0.535163118797384, 0.0634111794953392, -0.325580725298496
-0.535163118797384, 0.0479634855940859, -0.346821152063281
-0.535163118797384, 0.0322492096895153, -0.367865106224639
-0.535163118797384, 0.0162631048310875, -0.38870330111937
-0.535163118797384, 2.75634155103427E-16, -0.409326024935327
-0.475700550042119, 0.240379853368411, -1.58123565197253E-11
-0.475700550042119, 0.230646472306179, -0.0230547972997114
-0.475700550042119, 0.220824925563629, -0.0460721706456477
-0.475700550042119, 0.210909669686916, -0.0690493292283161
-0.475700550042119, 0.200895281108006, -0.0919834536383896
-0.475700550042119, 0.190776463952176, -0.114871694947832
-0.475700550042119, 0.18054839996794, -0.13771132198911
-0.475700550042119, 0.170207279123728, -0.160499981162131
-0.475700550042119, 0.159749556592027, -0.183235366027976
-0.475700550042119, 0.147140908196487, -0.202718150351665
-0.475700550042119, 0.12312360370762, -0.204478139420978
-0.475700550042119, 0.110337970662448, -0.225990579421392
-0.475700550042119, 0.0973286028790144, -0.247368459710422
-0.475700550042119, 0.0840967202801134, -0.268609330610459
-0.475700550042119, 0.0706427219166473, -0.289710212270671
-0.475700550042119, 0.0569662142656502, -0.31066755939063
-0.475700550042119, 0.0430660255491325, -0.33147722040837
-0.475700550042119, 0.0289402156512923, -0.352134376918439
-0.475700550042119, 0.0145860494570306, -0.372633509582662
-0.475700550042119, 1.99510800943208E-16, -0.392968291311097
-0.416237981286854, 0.222447650890183, -1.58125981177121E-11
-0.416237981286854, 0.212961645600674, -0.0214863781998701
-0.416237981286854, 0.203379257292696, -0.0429299510860669
-0.416237981286854, 0.193696627858732, -0.0643284423888475
-0.416237981286854, 0.183909975684951, -0.0856795545940159
-0.416237981286854, 0.174015815316284, -0.106981063560618
-0.416237981286854, 0.164011486206188, -0.12823105003359
-0.416237981286854, 0.153894461878592, -0.149427612960544
-0.416237981286854, 0.14366304033224, -0.170569194097902
-0.416237981286854, 0.13331699529054, -0.191654918709307
-0.416237981286854, 0.113100747179971, -0.196922611114565
-0.416237981286854, 0.0974877153948688, -0.210256276847058
-0.416237981286854, 0.0859826991562305, -0.230732605684017
-0.416237981286854, 0.0742799080009913, -0.251096549025548
-0.416237981286854, 0.0623816742725114, -0.271346921091145
-0.416237981286854, 0.0502897370038279, -0.291482229233333
-0.416237981286854, 0.0380052627166918, -0.311500656536856
-0.416237981286854, 0.0255288652425783, -0.331400031248439
-0.416237981286854, 0.0128606090103273, -0.351177808478843
-0.416237981286854, 1.42765527793009E-16, -0.370831055102969
-0.356775412531928, 0.20259862878201, -1.58123762197569E-11
-0.356775412531692, 0.193482099456841, -0.0195792797619243
-0.356775412531603, 0.184270167008417, -0.039113852996261
-0.356775412531589, 0.174960388676705, -0.0586019833505436
-0.356775412531589, 0.165550349538718, -0.0780419027418706
-0.356775412531589, 0.156038265661015, -0.0974320842698334
-0.356775412531589, 0.146422954303397, -0.116771289797642
-0.356775412531589, 0.136703652153851, -0.136058441744474
-0.356775412531589, 0.126880011490731, -0.155292659713213
-0.356775412531589, 0.116952173865558, -0.174473307304454
-0.356775412531589, 0.10530897117036, -0.190926543607496
-0.356775412531589, 0.0839692336818522, -0.191348207377377
-0.356775412531589, 0.0740604613777317, -0.210538652901889
-0.356775412531589, 0.063978324452994, -0.229638587755648
-0.356775412531589, 0.0537261229082136, -0.248647784733299
-0.356775412531589, 0.0433067214070782, -0.267565851868321
-0.356775412531589, 0.0327225609096622, -0.286392240472343
-0.356775412531589, 0.0219756825341513, -0.305126221850278
-0.356775412531589, 0.0110677413225027, -0.323766874768915
-0.356775412531589, 5.64657258120326E-17, -0.342313098549648
-0.285039991441199, 0.17548150771322, -3.16250703788044E-11
-0.288064975587201, 0.167226339511901, -0.0189564295287016
-0.291109724431068, 0.15891723353853, -0.0378861102966986
-0.2941741792805, 0.150554349964133, -0.056788910282966
-0.297258283013899, 0.142137844673296, -0.0756646962634242
-0.300361980067996, 0.133667869297928, -0.0945133337772364
-0.303485146883348, 0.125144761031201, -0.1133347847843
-0.306627220721817, 0.116570055582972, -0.132129634735858
-0.309787487847062, 0.107945700736526, -0.150898700326605
-0.312965238434138, 0.0992736336009568, -0.169642813581681
-0.316516395237387, 0.0895825425719941, -0.186754788336047
-0.323290397892121, 0.071096319632635, -0.189287077705398
-0.326296729457388, 0.062892054240728, -0.208268447484255
-0.329375355892764, 0.0544904964719078, -0.227151674177529
-0.332525639770245, 0.0458933858645068, -0.24593480245149
-0.33574713219565, 0.0371019474488954, -0.264615622113676
-0.33903956959949, 0.0281169005051997, -0.283191662710066
-0.342402867240687, 0.0189384762916031, -0.301660154814661
-0.345837117318449, 0.00956642319704741, -0.320018005220577
-0.349342591442495, 2.51587705506419E-17, -0.338261781528892
-0.236367603212438, 0.154735767979596, -3.16256436766875E-11
-0.241588154594626, 0.147240259623805, -0.0186255356068079
-0.246828740936598, 0.139715985684176, -0.037233836631421
-0.252089029669829, 0.132163423652445, -0.055825112088316
-0.257368082786661, 0.124583920291386, -0.0744000977411851
-0.262664961132593, 0.116978824010367, -0.0929595418540588
-0.267978728207758, 0.109349479407321, -0.111504200539522
-0.273308450042607, 0.101697227447219, -0.130034837329951
-0.278653195067389, 0.0940234056494864, -0.148552222762123
-0.284012033974074, 0.0863293482862267, -0.167057133968596
-0.289980692740832, 0.0777597301781202, -0.18395730176704
-0.30077384275327, 0.0622632547714105, -0.187847421682423
-0.305709066702779, 0.0551774108359652, -0.206709444859067
-0.310782931275888, 0.0478925109242098, -0.225458513260263
-0.315995007424822, 0.0404091710499108, -0.244091156437185
-0.321345243694592, 0.0327274650906357, -0.262603522684743
-0.326833960524835, 0.0248469329689982, -0.280991358100952
-0.332461839653239, 0.0167665958668951, -0.299249950260663
-0.338229923688505, 0.00848495683863747, -0.317374089673391
-0.344139616675168, 2.27499110503463E-17, -0.335358016426504
-0.200759012329301, 0.138177629575709, -3.16254313637309E-11
-0.207583843121654, 0.131352798783356, -0.0183659459376265
-0.214422735053438, 0.124513906851572, -0.0367214279432172
-0.221274736302011, 0.117661905602999, -0.0550671295766225
-0.228138896630995, 0.110797745274015, -0.0734037383549366
-0.235014267283271, 0.103922374621739, -0.0917319454913182
-0.241899900869736, 0.0970367410352737, -0.110052445604746
-0.248794850719373, 0.0901417911856374, -0.128365936818503
-0.25569772876215, 0.0832389131428598, -0.146673453750599
-0.262606438087028, 0.0763302038179823, -0.164976571620897
-0.270178739015135, 0.0687579028898747, -0.181845774650429
-0.283391964503691, 0.0555446774013185, -0.18629440058215
-0.289659155851672, 0.049277486053346, -0.205053445643
-0.296118301187693, 0.0428183407173718, -0.223681807406233
-0.302769339212481, 0.0361673026927002, -0.242174626470859
-0.309612729862354, 0.0293239120430448, -0.260526540073291
-0.316649443966532, 0.0222871979392179, -0.278731645502654
-0.323880947659442, 0.0150556942468256, -0.296783429733956
-0.331309199020241, 0.00762744288674354, -0.314674713426061
-0.338936641907935, 2.04131373179385E-17, -0.332397570035229
-0.169569700920977, 0.122610622227957, -3.16245331967636E-11
-0.177796634323144, 0.11646609826995, -0.018126088295529
-0.186030088968019, 0.110316703732579, -0.0362475645680126
-0.194269158217811, 0.104163115764589, -0.0543650666697147
-0.202512934427265, 0.0980060122671796, -0.0724792294196088
-0.210760607723546, 0.0918459981173793, -0.0905906296163939
-0.219010770430897, 0.0856841246786777, -0.108700264543836
-0.22726166797475, 0.0795217024060102, -0.126809378328316
-0.235511545792958, 0.0733600417450328, -0.144919215122985
-0.243758649212961, 0.0672004532238687, -0.163031018838586
-0.252612685702435, 0.060587559126499, -0.179956120200772
-0.267582383003028, 0.0494070062751308, -0.184755444956168
-0.27499955587094, 0.0438672754714844, -0.203417713095446
-0.282658069623555, 0.0381472922243754, -0.221927495574016
-0.290558167937353, 0.0322468745369683, -0.240278422033202
-0.298700720745037, 0.0261653726747933, -0.258463493364471
-0.307087204985304, 0.0199016835433406, -0.276475029357506
-0.315719681182965, 0.0134542681798728, -0.294304588623134
-0.324600775282354, 0.00682116532167723, -0.311942885254535
-0.333733667140858, 1.81562295546675E-17, -0.329379704542546
-0.140331479783173, 0.107025739931355, -3.16344221094474E-11
-0.149866225343877, 0.101603489834504, -0.0178938071152334
-0.159400382632724, 0.0961815742780053, -0.0357880356456987
-0.16893277407857, 0.0907606629268439, -0.0536835096400904
-0.178462224359605, 0.0853414241668465, -0.0715810573366098
-0.187987556187772, 0.0799245275020131, -0.089481503283515
-0.197507592148319, 0.0745106425083915, -0.107385671791259
-0.207021120102128, 0.0691004585091942, -0.125294413328179
-0.216526262482908, 0.0636950432449242, -0.143209056616048
-0.226020744172686, 0.0582956905370639, -0.161131177404243
-0.235996405216079, 0.0526226991903819, -0.178154731777585
-0.252278351832765, 0.0433634288661586, -0.183322695021038
-0.260788111650932, 0.0385240709929523, -0.201887538958676
-0.269587482728436, 0.0335200160474527, -0.220272832654957
-0.278676811425287, 0.0283510670605306, -0.238470480034076
-0.288057126051205, 0.0230166392496791, -0.256471631225691
-0.297730102805968, 0.0175157793881679, -0.274266615910342
-0.307698026093516, 0.0118471883737453, -0.291844852307508
-0.317963756310593, 0.00600923954670156, -0.309194759970763
-0.328530692373983, 1.59872225719611E-17, -0.326303654886411
-0.11189795153045, 0.0908558157661992, -3.16346244758668E-11
-0.122691180339747, 0.0862177384206182, -0.0176672129905028
-0.133477550325962, 0.081582608455522, -0.0353393880608001
-0.144256334386664, 0.0769507383221114, -0.0530170444206736
-0.155026714269287, 0.0723224796407185, -0.0707007684387001
-0.165787050553625, 0.0676985369046736, -0.088391735775609
-0.176535669715072, 0.0630796292626861, -0.106091137584689
-0.187270897820879, 0.0584664760388525, -0.123800164508751
-0.19799105744407, 0.0538597980588116, -0.141520001648637
-0.208694467997573, 0.0492603175061626, -0.159251829131306
-0.219724762220526, 0.0445203681680648, -0.176377922737689
-0.236926332997358, 0.0371284915444813, -0.182112121866148
-0.246537709809385, 0.0329982808504121, -0.200569745562218
-0.256487028150315, 0.0287228495762005, -0.218813989790105
-0.266774366613258, 0.0243021639487365, -0.236834770634989
-0.277400473015758, 0.0197359026151019, -0.254621139342364
-0.288366708817616, 0.0150234805273982, -0.272161205977979
-0.299674987361888, 0.0101640754818895, -0.289442046849598
-0.311327713722974, 0.00515665396754235, -0.306449612726951
-0.323327717607332, 1.39144190244183E-17, -0.323168627430138
-0.0836181817792793, 0.0736682978174912, -3.15738471700104E-11
-0.0956415056076959, 0.0698912700169084, -0.0174493435727978
-0.10765420568973, 0.0661175795784399, -0.0349067233114037
-0.119655194552169, 0.0623475681228068, -0.0523729512420614
-0.131643381789035, 0.0585815781920341, -0.0698488352236169
-0.143617675540348, 0.0548199527849099, -0.0873351811424384
-0.155576981926421, 0.0510630355346961, -0.104832792098442
-0.167520104862517, 0.0473112021815264, -0.122342544004977
-0.179445314675911, 0.0435649960877909, -0.139865707269455
-0.191350724665377, 0.0398250099450843, -0.157403652313509
-0.203441232823843, 0.036026876742536, -0.17458746245411
-0.221145160967824, 0.0304653340498825, -0.181293702329512
-0.231916111632025, 0.0270817289272092, -0.199619225063621
-0.243073558691125, 0.0235767091567083, -0.217688887412051
-0.254616706153019, 0.0199505247927207, -0.235490362474709
-0.266545321401631, 0.0162032489096647, -0.253010390506726
-0.278859653045283, 0.0123348034092916, -0.270234702684965
-0.291560341736697, 0.00834498703584543, -0.287147938575414
-0.304648326677594, 0.00423350474686858, -0.303733565715582
-0.318124742840897, 1.19464035127681E-17, -0.319973798551495
-0.0451483892146369, 0.0522639400441723, -3.82402211747864E-11
-0.0611698787859771, 0.0509380589694641, -0.0153734872865449
-0.0764203908716762, 0.049128998212013, -0.0314655652742756
-0.0909468536552258, 0.0468943260633186, -0.0481635501952657
-0.104873333713005, 0.0443266121953653, -0.0653195661294536
-0.118398142968387, 0.0415479285113584, -0.082762497104845
-0.13176731884154, 0.0386963277497547, -0.100313633602476
-0.145114758093458, 0.0358451867145835, -0.117881386039412
-0.158444650746092, 0.0329977938013032, -0.135463064578831
-0.171755606474016, 0.0301544459967588, -0.153059738367021
-0.185046186348807, 0.0273154506698618, -0.170672509964605
-0.203231797937295, 0.0234308296222572, -0.178958025205233
-0.215393793622271, 0.0208329107021897, -0.197403086425669
-0.22800327231853, 0.0181394051192478, -0.215531216839064
-0.241057466795891, 0.0153509039803381, -0.233327133424886
-0.254553982199255, 0.0124679188494779, -0.250774598642925
-0.268490682181422, 0.00949090607091864, -0.26785635605714
-0.28286556834642, 0.00642029252120558, -0.284554071715152
-0.297676643230131, 0.00325650487783191, -0.300848274379007
-0.312921768074641, 1.00920576276657E-17, -0.316718313139144
-0.0170590809985116, 0.0314603178362802, -7.03976124422079E-07
-0.035313807153305, 0.0324733969480435, -0.0135552633084387
-0.0512147813319613, 0.0316042560335289, -0.0297068575485951
-0.0658362338348449, 0.0298027242566088, -0.0470593848702608
-0.080450164173893, 0.0280021192971289, -0.0644183434876769
-0.0950553727607278, 0.0262025889582286, -0.0817847547116345
-0.109650558527547, 0.0244044134906808, -0.0991597226296643
-0.124247615766585, 0.0226156088563178, -0.116534094238962
-0.138836156004766, 0.0208325189460449, -0.133916200375721
-0.153390182791383, 0.0190428658374413, -0.151326533983037
-0.16788356615923, 0.0172343877051034, -0.168785429953422
-0.185502238447732, 0.0150584907487091, -0.179787845442519
-0.199094978952127, 0.013383708168164, -0.197968668910551
-0.213181284126495, 0.0116481127212675, -0.215763977495653
-0.227755090706803, 0.00985245147215881, -0.233156171276579
-0.242810353592974, 0.00799746924696798, -0.250126906773954
-0.258340928453911, 0.00608392309823239, -0.26665707366068
-0.274340440115099, 0.00411259852106422, -0.282726775722431
-0.290802145954314, 0.00208432628437612, -0.298315329788371
-0.307718793308502, 8.36057601211263E-18, -0.313401282988863
-0.000743706747115352, 0.00862303238929625, -1.31979591880271E-05
-0.0162140317203236, 0.00892133819241761, -0.0167857129662663
-0.0316165981148605, 0.0090433048555297, -0.0336226970125129
-0.0469626815270441, 0.00900647464580118, -0.0505116008592881
-0.0622643331791219, 0.00882926555679921, -0.0674399051788886
-0.0775342174649926, 0.00853079716447636, -0.0843951796878538
-0.09278545052981, 0.00813071098071261, -0.101365146885927
-0.108031426772088, 0.00764898893751695, -0.118337731433219
-0.12328562135153, 0.00710577419004676, -0.135301077666435
-0.138561423908032, 0.00652119547862582, -0.152243593317521
-0.153880487746262, 0.00591485938074449, -0.169145483643676
-0.169475806862978, 0.00529425241724999, -0.185771389721975
-0.184429146631099, 0.00469919267778961, -0.202997837274849
-0.199879636971279, 0.00408434910593813, -0.219778988659718
-0.215822012693797, 0.00344993122880555, -0.236092799469567
-0.232245421883139, 0.00279637089800419, -0.25192145118975
-0.249138569802352, 0.00212411758124036, -0.267246943340663
-0.266489667707507, 0.0014336404034, -0.282051100003027
-0.284286394734142, 0.00072542966503088, -0.296315553548147
-0.30251581854241, 6.76148352796881E-18, -0.31002178509126
