-3.95416252873079, 0.408214185984839, -2.21946905298864E-11
-3.95416252873079, 0.399457347548263, -0.0292249703531382
-3.95416252873079, 0.390700509111688, -0.0584499406840818
-3.95416252873079, 0.381943670675112, -0.0876749110150253
-3.95416252873079, 0.373186832238537, -0.116899881345969
-3.95416252873079, 0.364429993801961, -0.146124851676912
-3.95416252873079, 0.355673155365386, -0.175349822007856
-3.95416252873079, 0.34691631692881, -0.204574792338799
-3.95416252873079, 0.331103661872234, -0.224319839362933
-3.95416252873079, 0.30075022335341, -0.226154986053268
-3.95416252873079, 0.270675201018069, -0.231280816891051
-3.95416252873079, 0.240600178682728, -0.236406647728833
-3.95416252873079, 0.210525156347387, -0.241532478566616
-3.95416252873079, 0.180450134012046, -0.246658309404398
-3.95416252873079, 0.150375111676705, -0.25178414024218
-3.95416252873079, 0.120300089341364, -0.256909971079963
-3.95416252873079, 0.0902250670060232, -0.262035801917745
-3.95416252873079, 0.0601500446706823, -0.267161632755528
-3.95416252873079, 0.0300750223353414, -0.27228746359331
-3.95416252873079, 1.95215988938465E-16, -0.277413294431093
-3.87507927815617, 0.410028760693838, -1.10973073042418E-11
-3.87507927815617, 0.401249210144432, -0.0293187284322667
-3.87507927815617, 0.392469796802237, -0.0586374979420108
-3.87507927815617, 0.383690525381833, -0.0879563099469294
-3.87507927815617, 0.374911400596101, -0.117275165859293
-3.87507927815617, 0.366132427157623, -0.14659406709237
-3.87507927815617, 0.357353609779967, -0.175913015056142
-3.87507927815617, 0.348574953176699, -0.205232011160589
-3.87507927815617, 0.332112933663816, -0.22422999022603
-3.87507927815617, 0.301672039465688, -0.226163882459982
-3.87507927815617, 0.271504819160435, -0.231322095641362
-3.87507927815617, 0.241337602491373, -0.236480330089056
-3.87507927815617, 0.211170389458134, -0.241638585800795
-3.87507927815617, 0.181003180060517, -0.246796862774277
-3.87507927815617, 0.150835974298004, -0.251955161007258
-3.87507927815617, 0.120668772170253, -0.25711348049746
-3.87507927815617, 0.0905015736769194, -0.262271821242609
-3.87507927815617, 0.0603343788176616, -0.267430183240429
-3.87507927815617, 0.0301671875921363, -0.272588566488644
-3.87507927815617, 1.80775732506238E-16, -0.277746970984977
-3.79599602758156, 0.411843329279435, -1.10973410531787E-11
-3.79599602758156, 0.403047706920767, -0.0294167448365896
-3.79599602758156, 0.394252517060262, -0.0588336189893324
-3.79599602758156, 0.385457772545336, -0.0882506263341437
-3.79599602758156, 0.3766634862409, -0.11766777067734
-3.79599602758156, 0.367869671013051, -0.147085055821264
-3.79599602758156, 0.359076339722846, -0.176502485585119
-3.79599602758156, 0.35028350523134, -0.205920063788105
-3.79599602758156, 0.333132864419313, -0.224116089064812
-3.79599602758156, 0.302604679572258, -0.226173064137503
-3.79599602758156, 0.272344219998655, -0.231370413055068
-3.79599602758156, 0.242083758541004, -0.23656775100329
-3.79599602758156, 0.211823295207185, -0.241765078028003
-3.79599602758156, 0.181562830005117, -0.246962394175032
-3.79599602758156, 0.151302362942639, -0.252159699490215
-3.79599602758156, 0.121041894027632, -0.257356994019384
-3.79599602758156, 0.0907814232679818, -0.26255427780837
-3.79599602758156, 0.0605209506715708, -0.267751550903006
-3.79599602758156, 0.0302604762462824, -0.272948813349121
-3.79599602758156, 2.08253326567315E-16, -0.278146065192547
-3.71691277700694, 0.413657970472513, -1.10973589272668E-11
-3.71691277700694, 0.404849421850769, -0.029516183671255
-3.71691277700694, 0.396041578169641, -0.0590325777447605
-3.71691277700694, 0.38723445433221, -0.0885491865891841
-3.71691277700694, 0.378428065216275, -0.118066014646824
-3.71691277700694, 0.369622425697204, -0.147583066368128
-3.71691277700694, 0.360817550665472, -0.177100346152938
-3.71691277700694, 0.35201345501155, -0.206617858401091
-3.71691277700694, 0.334143422559801, -0.223970306431673
-3.71691277700694, 0.303529480805187, -0.226169471832093
-3.71691277700694, 0.273176646199944, -0.23141361713553
-3.71691277700694, 0.242823785818041, -0.236657613268153
-3.71691277700694, 0.212470899869199, -0.241901461433714
-3.71691277700694, 0.182117988569632, -0.247145162834845
-3.71691277700694, 0.151765052121323, -0.252388718676634
-3.71691277700694, 0.121412090734311, -0.257632130162778
-3.71691277700694, 0.0910591046186333, -0.262875398496974
-3.71691277700694, 0.0607060939843299, -0.26811852488292
-3.71691277700694, 0.0303530590414394, -0.273361510524312
-3.71691277700694, 2.07822130452816E-16, -0.278604356624849
-3.63782952643233, 0.41548278583636, -1.10973436782688E-11
-3.63782952643233, 0.406660658424045, -0.0296142608099402
-3.63782952643232, 0.397839033239268, -0.0592286712145839
-3.63782952643232, 0.389017884422647, -0.0888432235203667
-3.63782952643233, 0.380197174348724, -0.11845790653792
-3.63782952643233, 0.371376864408648, -0.148072708734742
-3.63782952643233, 0.362556915992685, -0.177687618581312
-3.63782952643232, 0.353737290488446, -0.207302624557011
-3.63782952643233, 0.33512605086581, -0.22378486266008
-3.63782952643232, 0.30442938605766, -0.226143012169965
-3.63782952643232, 0.273986791265919, -0.231442332388124
-3.63782952643232, 0.24354411756241, -0.236741199502162
-3.63782952643232, 0.213101365888968, -0.242039618809708
-3.63782952643232, 0.182658537238478, -0.247337595599504
-3.63782952643232, 0.152215632480637, -0.252635135181732
-3.63782952643233, 0.121772652555983, -0.257932242854245
-3.63782952643232, 0.0913295984050549, -0.263228923914893
-3.63782952643232, 0.0608864709683897, -0.268525183661528
-3.63782952643233, 0.0304432711865257, -0.273821027392004
-3.63782952643233, 1.79504931695928E-16, -0.279116460404171
-3.5587462758577, 0.417377159794492, -1.10973323963723E-11
-3.5587462758577, 0.408529656723131, -0.0297067594193534
-3.5587462758577, 0.399681637377926, -0.0594133650972791
-3.55874627585771, 0.39083301237793, -0.0891197904664247
-3.55874627585771, 0.381983692379655, -0.118826008822572
-3.55874627585771, 0.37313358803958, -0.148531993461618
-3.55874627585771, 0.364282610005736, -0.178237717707824
-3.55874627585771, 0.355430668926154, -0.207943154885453
-3.55874627585771, 0.336069839992698, -0.223551920832223
-3.55874627585771, 0.305294208957275, -0.226082595939428
-3.55874627585771, 0.274765538859487, -0.23144637799188
-3.55874627585771, 0.244236694714192, -0.236809170448136
-3.55874627585771, 0.213707679242526, -0.242170988177759
-3.55874627585771, 0.183178495364426, -0.24753184601541
-3.55874627585771, 0.152649145462723, -0.252891758890067
-3.55874627585771, 0.122119632234555, -0.2582507416755
-3.55874627585771, 0.0915899583770597, -0.263608809245481
-3.55874627585771, 0.0610601265873766, -0.268965976473779
-3.55874627585771, 0.0305301395626439, -0.274322258234166
-3.55874627585771, 2.06588869330606E-16, -0.279677669400413
-3.47966302528309, 0.41931822851246, -1.10974307011929E-11
-3.47966302528309, 0.410430732379263, -0.0297906691584394
-3.47966302528309, 0.401541222948663, -0.0595807379828354
-3.47966302528309, 0.39264954111717, -0.0893701593566971
-3.47966302528309, 0.383755528130653, -0.119158884981471
-3.47966302528309, 0.374859025228624, -0.148946866580156
-3.47966302528309, 0.36595987358056, -0.178734056110419
-3.47966302528309, 0.357057914355933, -0.208520405529928
-3.47966302528309, 0.336950258170357, -0.223263541105523
-3.47966302528309, 0.306101577413769, -0.225979329076725
-3.47966302528309, 0.275492813189267, -0.231417627303491
-3.47966302528309, 0.244883722777712, -0.236854093140057
-3.47966302528309, 0.214274312493208, -0.242288759714108
-3.4796630252831, 0.183664589200069, -0.247721660055721
-3.4796630252831, 0.153054558035458, -0.253152827501535
-3.47966302528309, 0.122444225166793, -0.258582295205235
-3.47966302528309, 0.0918335967614949, -0.264010096320505
-3.4796630252831, 0.0612226789869836, -0.269436264001031
-3.4796630252831, 0.0306114780106788, -0.274860831400499
-3.47966302528309, 2.33581312445789E-16, -0.280283831672594
-3.40057977470848, 0.421266340289549, -1.10974599699204E-11
-3.40057977470848, 0.412324584816825, -0.0298636575565392
-3.40057977470848, 0.403378845676384, -0.0597261234250049
-3.40057977470848, 0.394428877361495, -0.0895873251376146
-3.40057977470848, 0.38547443555183, -0.119447186253706
-3.40057977470848, 0.376515275888016, -0.14930563046443
-3.40057977470848, 0.367551153793843, -0.179162582184599
-3.40057977470848, 0.358581824693101, -0.209017965829026
-3.40057977470848, 0.337739965524269, -0.222911725216934
-3.40057977470848, 0.30682662136618, -0.225824749659128
-3.40057977470848, 0.276146299652217, -0.231348412249887
-3.40057977470848, 0.245465424838584, -0.236869012598406
-3.40057977470848, 0.214784009779817, -0.242386614611731
-3.40057977470848, 0.184102068515515, -0.247901281984188
-3.40057977470848, 0.153419610563373, -0.253413079222865
-3.40057977470848, 0.122736648195247, -0.258922070339417
-3.40057977470848, 0.092053193682991, -0.264428319345501
-3.40057977470848, 0.0613692592984611, -0.269931890252771
-3.40057977470848, 0.0306848573135124, -0.275432847072882
-3.40057977470848, 2.04988125834969E-16, -0.28093125381749
-3.32149652413385, 0.423181167985457, -1.10973914349853E-11
-3.32149652413386, 0.414171298953163, -0.0299233971758163
-3.32149652413386, 0.405155023022885, -0.059844867997312
-3.32149652413386, 0.396131995856197, -0.0897643036957664
-3.32149652413386, 0.387101872590883, -0.119681597224449
-3.32149652413386, 0.37806430774004, -0.149596643595249
-3.32149652413386, 0.36901895622852, -0.179509336441996
-3.32149652413386, 0.359965472270824, -0.209419571730707
-3.32149652413386, 0.338411482352689, -0.22248817658412
-3.32149652413386, 0.307444358766203, -0.225610297431757
-3.32149652413386, 0.276703594543412, -0.231231040278142
-3.32149652413386, 0.24596195424512, -0.236847015736446
-3.32149652413386, 0.215219461914068, -0.242458335453781
-3.32149652413386, 0.18447614365225, -0.248065110702933
-3.32149652413386, 0.153732015290606, -0.253667454629802
-3.32149652413386, 0.122987099058136, -0.259265479211975
-3.32149652413386, 0.0922414171838394, -0.264859296427038
-3.32149652413386, 0.0614949918967179, -0.270449018252577
-3.32149652413386, 0.0307478454257715, -0.276034756666178
-3.32149652413386, 1.76336289600617E-16, -0.281616623645429
-3.2424132735592, 0.425021748465475, -1.10973382725853E-11
-3.24241327355922, 0.415930528487447, -0.0299676279432135
-3.24241327355923, 0.406830043470754, -0.0599324508027845
-3.24241327355924, 0.397719834673434, -0.0898943187997547
-3.24241327355924, 0.388599442177721, -0.119853086000145
-3.24241327355924, 0.379468404831804, -0.149808610491226
-3.24241327355925, 0.370326262300846, -0.179760747636315
-3.24241327355925, 0.361172552853081, -0.209709357327096
-3.24241327355925, 0.338937345025739, -0.221984345078176
-3.24241327355925, 0.307929829569096, -0.225327159706831
-3.24241327355925, 0.277142320133365, -0.231057654694411
-3.24241327355925, 0.246353503476282, -0.236781102664663
-3.24241327355925, 0.21556340675318, -0.242497687855812
-3.24241327355925, 0.18477207320196, -0.248207591515687
-3.24241327355925, 0.153979530620521, -0.253910997754919
-3.24241327355925, 0.123185816658576, -0.259608088853896
-3.24241327355925, 0.0923909689658387, -0.265299047093005
-3.24241327355925, 0.0615950251920213, -0.270984054752632
-3.24241327355925, 0.0307980229868375, -0.276663294113164
-3.24241327355925, 2.03151861917345E-16, -0.282336947454989
-3.15333002298463, 0.426954989304733, -1.1097398601924E-11
-3.15333002298463, 0.417757105027858, -0.0299960975016
-3.15333002298463, 0.408546237740128, -0.0599882083429843
-3.15333002298463, 0.399321781498278, -0.0899761474755872
-3.15333002298463, 0.390083134786233, -0.119959715346306
-3.15333002298463, 0.38082969352675, -0.149938720642523
-3.15333002298463, 0.371560854591526, -0.179912968869696
-3.15333002298463, 0.36227601511245, -0.209882264591644
-3.15333002298463, 0.339320980876808, -0.221309642915587
-3.15333002298463, 0.308287124481457, -0.224914441955421
-3.15333002298463, 0.277466632142272, -0.230785064586068
-3.15333002298463, 0.246644154735064, -0.236645255013336
-3.15333002298463, 0.215819755813145, -0.242495309171591
-3.15333002298463, 0.184993490004666, -0.248335524682314
-3.15333002298463, 0.154165415307802, -0.254166198516561
-3.15333002298463, 0.123335593406836, -0.259987626941443
-3.15333002298463, 0.0925040831263168, -0.265800106759287
-3.15333002298463, 0.0616709430306969, -0.271603934814844
-3.15333002298463, 0.030836231432974, -0.277399407993848
-3.15333002298463, 2.02058324941092E-16, -0.28318682442258
-2.96562189654797, 0.430285199452415, -1.10973556065118E-11
-2.96562189654804, 0.420815871489245, -0.0299686720917133
-2.96562189654807, 0.411324182359726, -0.0599302787180386
-2.96562189654809, 0.401809238006079, -0.0898845035368666
-2.96562189654809, 0.39227013955608, -0.11983104502843
-2.96562189654809, 0.382705965842897, -0.149769585302327
-2.96562189654809, 0.37311562806272, -0.17969975882586
-2.96562189654809, 0.363498014197274, -0.209621176479804
-2.96562189654809, 0.33923449410408, -0.219457535323854
-2.96562189654809, 0.30822704132879, -0.223656655697109
-2.96562189654809, 0.277421742211271, -0.229887490963469
-2.96562189654809, 0.246612164392767, -0.236097135002231
-2.96562189654809, 0.215798460441361, -0.24228629234102
-2.96562189654809, 0.184980793334383, -0.248455665361116
-2.96562189654809, 0.154159312847755, -0.254605959039163
-2.96562189654809, 0.123334171377185, -0.260737877766899
-2.96562189654809, 0.092505520044114, -0.266852126135465
-2.96562189654809, 0.0616735087447174, -0.272949408927007
-2.96562189654809, 0.0308382861989939, -0.279030431106869
-2.96562189654809, 1.99718581305804E-16, -0.285095897816335
-2.76791377011156, 0.432202571507734, -1.10973106425685E-11
-2.76791377011155, 0.422386995940483, -0.0297821206075783
-2.76791377011155, 0.412536084221976, -0.0595525717172944
-2.76791377011155, 0.402648321353725, -0.0893108034525628
-2.76791377011155, 0.392722193719059, -0.119056260078309
-2.76791377011155, 0.382756189145535, -0.148788379768159
-2.76791377011155, 0.372748796974184, -0.178506594361255
-2.76791377011155, 0.362698508135226, -0.208210329121735
-2.76791377011155, 0.337459311901045, -0.216748710245047
-2.76791377011155, 0.306633209362492, -0.221625390358424
-2.76791377011155, 0.276004615642926, -0.228349187245747
-2.76791377011155, 0.24536731659878, -0.23503320667436
-2.76791377011155, 0.214721692380497, -0.241678952304358
-2.76791377011155, 0.184068117392589, -0.248287928681325
-2.76791377011155, 0.153406960507549, -0.254861641183922
-2.76791377011155, 0.122738585300072, -0.261401595973
-2.76791377011155, 0.0920633502724541, -0.267909299948282
-2.76791377011155, 0.061381609082617, -0.274386260709899
-2.76791377011155, 0.0306937107728763, -0.280833986524937
-2.76791377011155, 1.69608696922706E-16, -0.287253986298631
-2.57020564367501, 0.431827324317143, -1.10973285618018E-11
-2.57020564367501, 0.421611759885796, -0.0293999565961508
-2.57020564367501, 0.411347790425085, -0.0587830490447179
-2.57020564367501, 0.40103399955543, -0.0881486904483353
-2.57020564367501, 0.390668913455683, -0.117496265352263
-2.57020564367501, 0.38025104897258, -0.146825146122244
-2.57020564367501, 0.369778924492379, -0.176134696460864
-2.57020564367501, 0.359251059963658, -0.205424271137009
-2.57020564367501, 0.333510312766418, -0.213089905638424
-2.57020564367501, 0.303059479910943, -0.218655939536435
-2.57020564367501, 0.272817852442083, -0.226015215198616
-2.57020564367501, 0.242559676783098, -0.233306156877549
-2.57020564367501, 0.212285915946852, -0.240532109356737
-2.57020564367501, 0.181997453075809, -0.247696194264399
-2.57020564367501, 0.151695105417259, -0.254801333784886
-2.57020564367501, 0.121379636982605, -0.261850271698665
-2.57020564367501, 0.0910517519693233, -0.26884559636948
-2.57020564367501, 0.0607121105711806, -0.275789756394091
-2.57020564367501, 0.0303613319435714, -0.282685077560758
-2.57020564367501, 1.67576807979605E-16, -0.289533777776022
-2.37249751723868, 0.428413979087651, -1.10973295690589E-11
-2.3724975172386, 0.417803821925189, -0.0288235176878062
-2.37249751723854, 0.407138063914158, -0.0576265071072307
-2.3724975172385, 0.396415521683218, -0.0864084053830417
-2.37249751723848, 0.385635012721725, -0.115168641706417
-2.37249751723848, 0.374795355420028, -0.143906637159374
-2.37249751723847, 0.363895369114618, -0.172621804534868
-2.37249751723847, 0.352933866290061, -0.201313550247898
-2.37249751723847, 0.327131480992646, -0.208458753225372
-2.37249751723847, 0.297268147570638, -0.214692919496002
-2.37249751723847, 0.267650851153448, -0.222828372486728
-2.37249751723847, 0.238005008355084, -0.230859186142712
-2.37249751723847, 0.208332434454721, -0.238790671369859
-2.37249751723847, 0.178634794444296, -0.246627765528423
-2.37249751723847, 0.148913599796709, -0.254375080894088
-2.37249751723847, 0.119170259475703, -0.26203693324393
-2.37249751723847, 0.0894060675406679, -0.269617382532017
-2.37249751723847, 0.0596222237043811, -0.27712026106245
-2.37249751723847, 0.02981985273461, -0.284549199027556
-2.37249751723847, 1.93856912831407E-16, -0.291907653588158
-2.174789390802, 0.421537582097944, -1.10972811290337E-11
-2.17478939080193, 0.410603611496204, -0.0280787483225275
-2.17478939080193, 0.399611911683476, -0.0561349480754938
-2.17478939080193, 0.388561483654816, -0.0841680684405024
-2.17478939080193, 0.377451279071236, -0.112177551450584
-2.17478939080193, 0.366280250140585, -0.140162831227894
-2.17478939080193, 0.355047349653389, -0.168123333817875
-2.17478939080193, 0.343751531022479, -0.196058477030494
-2.17478939080193, 0.318270211159122, -0.202966843385478
-2.17478939080193, 0.289209181654552, -0.209840863597291
-2.17478939080193, 0.260463079017989, -0.218875661900539
-2.17478939080193, 0.231670845448178, -0.227762366818597
-2.17478939080193, 0.202835653150909, -0.236508676643514
-2.17478939080193, 0.173960376663283, -0.245121745274638
-2.17478939080193, 0.145047642538568, -0.253608241371917
-2.17478939080193, 0.116099858562221, -0.26197440505645
-2.17478939080193, 0.0871192318558359, -0.27022610052083
-2.17478939080193, 0.0581078086300034, -0.278368856530553
-2.17478939080193, 0.0290674780457108, -0.286407912452472
-2.17478939080193, 1.37703607890992E-16, -0.29434825367354
-1.97708126436759, 0.411133054833882, -1.10973455616587E-11
-1.97708126436638, 0.399974872082706, -0.0271909239775491
-1.97708126436572, 0.388758868457035, -0.0543580481725214
-1.97708126436545, 0.377483843287796, -0.0815007298268734
-1.97708126436539, 0.366148597068045, -0.108618317077513
-1.97708126436539, 0.354751900265684, -0.135710135594799
-1.97708126436539, 0.343292316441905, -0.162775413125042
-1.97708126436539, 0.331768333516862, -0.189813332919064
-1.97708126436539, 0.306942517167032, -0.196733622247206
-1.97708126436539, 0.278888547349266, -0.204185977340262
-1.97708126436539, 0.251265537074803, -0.214226750753091
-1.97708126436539, 0.223571709232666, -0.224070538380578
-1.97708126436539, 0.195812188957106, -0.233727539901702
-1.97708126436539, 0.167991624094302, -0.243207263190411
-1.97708126436539, 0.140114245868739, -0.252518601442472
-1.97708126436539, 0.112183916268222, -0.261669903905934
-1.97708126436539, 0.0842041898096704, -0.270669033007401
-1.97708126436539, 0.0561783180076206, -0.279523432745999
-1.97708126436539, 0.0281093214355513, -0.288240169276972
-1.97708126436539, 1.38247597764404E-16, -0.29682598685897
-1.77937313792887, 0.397270147162307, -1.10973026504604E-11
-1.77937313792887, 0.385980870350651, -0.0261742678100314
-1.77937313792886, 0.374632842469973, -0.0523231171394966
-1.77937313792886, 0.363225450809869, -0.0784461235845327
-1.77937313792886, 0.351758082140701, -0.104542857059696
-1.77937313792886, 0.340230122728161, -0.130612881724514
-1.77937313792885, 0.328640958352638, -0.156655755893995
-1.77937313792886, 0.31698997562917, -0.182671032495538
-1.77937313792886, 0.293155527838079, -0.189892509439683
-1.77937313792886, 0.266295224588082, -0.197812061282938
-1.77937313792886, 0.240053222278401, -0.208942711800811
-1.77937313792886, 0.213707630668516, -0.219825934069376
-1.77937313792886, 0.187266024401401, -0.230473786892489
-1.77937313792886, 0.160735309913495, -0.240897654263721
-1.77937313792886, 0.134121802757533, -0.251108310959926
-1.77937313792886, 0.107431295399719, -0.26111598377499
-1.77937313792886, 0.0806691191964189, -0.270930408196981
-1.77937313792886, 0.0538401926022666, -0.280560884543718
-1.77937313792886, 0.0269490738264768, -0.290016327868616
-1.77937313792886, 1.68219224924333E-16, -0.29930531927095
-1.58166501149786, 0.379935717247887, -1.10972199569509E-11
-1.58166501149383, 0.368611937837905, -0.025053660453407
-1.58166501149246, 0.357234715873955, -0.0500830970635239
-1.58166501149232, 0.345803636384415, -0.0750879778837921
-1.58166501149232, 0.334318299200531, -0.100067992361613
-1.58166501149232, 0.322777824827156, -0.125022577187722
-1.58166501149232, 0.311181154499783, -0.149951096543696
-1.58166501149232, 0.299527232416434, -0.174852902242168
-1.58166501149232, 0.276961607168277, -0.182613666193753
-1.58166501149232, 0.251437400935971, -0.190788765771894
-1.58166501149232, 0.226834250630822, -0.203060274954599
-1.58166501149232, 0.202087739975203, -0.215040085742912
-1.58166501149232, 0.177207653253665, -0.226739992239779
-1.58166501149232, 0.152203102763646, -0.238171512597657
-1.58166501149232, 0.127082575603744, -0.249345901283363
-1.58166501149232, 0.101853988457222, -0.260274159364162
-1.58166501149232, 0.0765247320964631, -0.270967051019876
-1.58166501149232, 0.0511017290822392, -0.281435115931834
-1.58166501149232, 0.0255914568792449, -0.291688697507402
-1.58166501149232, 2.00594616183517E-16, -0.301737960049981
-1.38395688505625, 0.359274561763371, -1.10973067849599E-11
-1.38395688505586, 0.348024227127422, -0.023855663196689
-1.38395688505578, 0.336721449868875, -0.0476865234657641
-1.38395688505578, 0.325364228676369, -0.0714914846024152
-1.38395688505578, 0.313949572248805, -0.0952689576756846
-1.38395688505578, 0.302474077507542, -0.119017127798096
-1.38395688505578, 0.290934237377083, -0.142734096443765
-1.38395688505578, 0.279325589809067, -0.166417460695069
-1.38395688505578, 0.25833380752431, -0.175072099526965
-1.38395688505578, 0.234206340942366, -0.183103058060923
-1.38395688505578, 0.211508162012472, -0.196535994228979
-1.38395688505578, 0.188623073937837, -0.209647998617485
-1.38395688505578, 0.165561395208384, -0.222446883398914
-1.38395688505578, 0.142333226827729, -0.234941100729423
-1.38395688505578, 0.11894843220611, -0.24713967887953
-1.38395688505578, 0.0954165991694219, -0.259052171257124
-1.38395688505578, 0.0717470210347085, -0.270688598586102
-1.38395688505578, 0.0479486779365793, -0.282059395139396
-1.38395688505578, 0.0240302303416594, -0.293175353495293
-1.38395688505578, 1.81099502482577E-16, -0.304047579808345
-1.17624875862283, 0.333973932883734, -1.10972864807771E-11
-1.17624875861926, 0.322832487682449, -0.0224497677303688
-1.17624875861924, 0.311619982542898, -0.0448641274467077
-1.17624875861924, 0.300330669779799, -0.0672398980551552
-1.17624875861924, 0.288958446686939, -0.0895736421744909
-1.17624875861924, 0.277497021839705, -0.111861737516273
-1.17624875861924, 0.265938917276769, -0.13409984685773
-1.17624875861924, 0.254276240622573, -0.156283288632723
-1.17624875861924, 0.235547955191827, -0.166813130491233
-1.17624875861924, 0.212770865761678, -0.173792378014927
-1.17624875861924, 0.192395182993318, -0.188384957006617
-1.17624875861924, 0.1717978589401, -0.202662995893659
-1.17624875861924, 0.150986255323975, -0.216626865144052
-1.17624875861924, 0.129968191393981, -0.23027801470501
-1.17624875861924, 0.108751872329915, -0.243618963106366
-1.17624875861924, 0.0873457954447805, -0.256653283275794
-1.17624875861924, 0.0657586770721159, -0.269385559603171
-1.17624875861924, 0.043999391250453, -0.281821326610176
-1.17624875861924, 0.0220768595876651, -0.293967026114533
-1.17624875861924, 2.22458020212328E-16, -0.305829922470645
-1.10716550804639, 0.324556405382987, -1.10972884837836E-11
-1.10716550804462, 0.313436863022305, -0.0219170570386808
-1.10716550804462, 0.302235413141145, -0.043792370651502
-1.10716550804462, 0.290945480380224, -0.0656221427854433
-1.10716550804462, 0.279560148567694, -0.0874023030531988
-1.10716550804462, 0.268073727650506, -0.10912932960282
-1.10716550804462, 0.2564871296456, -0.13080309622668
-1.10716550804462, 0.244809102681264, -0.152427742436377
-1.10716550804462, 0.227090212222184, -0.163962954111702
-1.10716550804462, 0.20467856684522, -0.170246111749846
-1.10716550804462, 0.185154035147354, -0.185172029855113
-1.10716550804462, 0.165402137108495, -0.199795746039077
-1.10716550804462, 0.14542859825933, -0.214115259273659
-1.10716550804462, 0.125239758468341, -0.228129599731995
-1.10716550804462, 0.104842512407162, -0.241838845161291
-1.10716550804462, 0.0842442207105282, -0.255244135934563
-1.10716550804462, 0.0634526409981172, -0.268347656325908
-1.10716550804462, 0.0424758523051344, -0.281152603426096
-1.10716550804462, 0.0213221550529207, -0.293663155850325
-1.10716550804462, 2.27307623978613E-16, -0.305884411761534
-1.02808225747003, 0.312962783785915, -1.1097400170125E-11
-1.02808225747001, 0.30185026067962, -0.0212544856936964
-1.02808225747001, 0.290643394123384, -0.0424593772634794
-1.02808225747, 0.279342066289474, -0.0636140763498647
-1.02808225747, 0.267954830859478, -0.0847226628479054
-1.02808225747001, 0.256491320552016, -0.105789926757665
-1.02808225747001, 0.244958375463342, -0.126819261856946
-1.02808225747001, 0.233359825777206, -0.147812485178611
-1.02808225747, 0.216911517235412, -0.160621682840708
-1.02808225747001, 0.194793692384065, -0.165739012779984
-1.02808225747, 0.176287537248724, -0.180995271018317
-1.02808225747, 0.157552275307081, -0.195969286749219
-1.02808225747, 0.138591611696746, -0.210656846100248
-1.02808225747, 0.119409944924729, -0.225054586870242
-1.02808225747, 0.10001233154292, -0.239160038338162
-1.02808225747, 0.0804044172668078, -0.252971665488126
-1.02808225747, 0.0605923842169711, -0.266488880603522
-1.02808225747, 0.040582889516662, -0.279712042872302
-1.02808225747, 0.0203829748551428, -0.29264245973376
-1.02808225747, 2.32203992711702E-16, -0.30528235599375
-0.948999006896087, 0.300305339629857, -1.10972016251566E-11
-0.948999006895389, 0.289215482054643, -0.020539275450224
-0.948999006895389, 0.278056248111422, -0.0410409483686303
-0.948999006895389, 0.266832890402085, -0.0615075876600866
-0.948999006895389, 0.255548537077083, -0.0819406596840622
-0.94899900689539, 0.24420384961848, -0.102340292876462
-0.948999006895389, 0.232798072264872, -0.122705835960575
-0.948999006895389, 0.221327491493386, -0.143034946811857
-0.948999006895389, 0.206222133657173, -0.157186236028316
-0.948999006895389, 0.184202590677121, -0.160617247017856
-0.948999006895389, 0.166761075399436, -0.176129543449804
-0.948999006895389, 0.149094325372022, -0.191384823796201
-0.948999006895389, 0.131204171315327, -0.206377484322255
-0.948999006895389, 0.113093084056224, -0.221102495567047
-0.94899900689539, 0.0947641636346028, -0.235555448748261
-0.94899900689539, 0.0762210998474398, -0.249732611137284
-0.94899900689539, 0.0574681410792635, -0.263630959455512
-0.94899900689539, 0.0385100726922981, -0.277248192787095
-0.94899900689539, 0.0193521373953508, -0.290582773929522
-0.94899900689539, 2.63227864668119E-16, -0.303633923685665
-0.869915756325174, 0.286626553958706, -1.1097412526216E-11
-0.869915756320865, 0.275675972833013, -0.0198085069614465
-0.869915756320773, 0.264669943918173, -0.0395862597434874
-0.869915756320773, 0.253607092317425, -0.059332283443327
-0.869915756320773, 0.242483997821375, -0.0790444334724575
-0.869915756320773, 0.231296727402691, -0.0987202307819481
-0.869915756320774, 0.220039389983523, -0.118356021364928
-0.869915756320774, 0.208705561392638, -0.137947761057985
-0.869915756320773, 0.195084850138018, -0.153643527112325
-0.869915756320773, 0.172879365765455, -0.15469784449626
-0.869915756320773, 0.156547920271474, -0.170368468953551
-0.869915756320774, 0.140000515754186, -0.185810864461628
-0.869915756320773, 0.123237640572982, -0.201019085864169
-0.869915756320773, 0.106260242846509, -0.215987438134996
-0.869915756320773, 0.0890697175878988, -0.230710525137891
-0.869915756320774, 0.0716679097095097, -0.245183278435368
-0.869915756320774, 0.0540571136607715, -0.259400984340564
-0.869915756320773, 0.0362400394987254, -0.27335933208252
-0.869915756320774, 0.0182198292690798, -0.287054415052224
-0.869915756320774, 2.63545378292272E-16, -0.3004827834759
-0.79083250574917, 0.272149122739712, -1.10971935047807E-11
-0.790832505746158, 0.261402914326065, -0.0190132992730495
-0.790832505746158, 0.250596689037457, -0.0379925503199201
-0.790832505746158, 0.239724947134844, -0.0569343459020991
-0.790832505746158, 0.228781987337336, -0.0758350846801197
-0.790832505746158, 0.217761356505822, -0.0946906374433965
-0.790832505746158, 0.206656221286175, -0.11349654108437
-0.790832505746158, 0.195459604996632, -0.132248119028641
-0.790832505746158, 0.183626281859697, -0.149982975857391
-0.790832505746158, 0.161786251898127, -0.149982871893338
-0.790832505746158, 0.145653285520254, -0.163450704480517
-0.790832505746158, 0.13027448281292, -0.178957882577488
-0.790832505746158, 0.114693596147027, -0.194261999411597
-0.790832505746158, 0.0989107056983343, -0.20935769975635
-0.790832505746158, 0.0829260178278373, -0.224239542291456
-0.790832505746158, 0.0667399749842185, -0.238902129126184
-0.790832505746158, 0.0503532744962046, -0.253340110674296
-0.790832505746158, 0.0337668649041236, -0.267548211048794
-0.790832505746158, 0.0169819537557017, -0.281521242259041
-0.790832505746158, 2.59159490895081E-16, -0.295254130564162
-0.711749255174672, 0.256820678648693, -1.10973026734023E-11
-0.711749255172238, 0.246311548579463, -0.0180962337430525
-0.711749255171572, 0.235729671319615, -0.0361500217999787
-0.711749255171542, 0.225069002992139, -0.0541573936505739
-0.711749255171542, 0.214323197806807, -0.0721140871473553
-0.711749255171542, 0.203486183412939, -0.0900158778014255
-0.711749255171542, 0.192552281472772, -0.107858654560855
-0.711749255171542, 0.181516230360725, -0.125638428007963
-0.711749255171542, 0.170373217316757, -0.143351358449601
-0.711749255171542, 0.151010072705161, -0.146193832671597
-0.711749255171542, 0.134060302557038, -0.155126220442701
-0.711749255171542, 0.119907503925888, -0.170540784617376
-0.711749255171541, 0.10556696760435, -0.185780850625316
-0.711749255171542, 0.0910404571474494, -0.200843753561944
-0.711749255171541, 0.0763290544183308, -0.215726127348068
-0.711749255171542, 0.0614331855020357, -0.230423861652461
-0.711749255171542, 0.0463526516680945, -0.244932050984714
-0.711749255171542, 0.0310870140574761, -0.259245339545856
-0.711749255171542, 0.0156361195467625, -0.273358439864606
-0.711749255171542, 2.20123003872169E-16, -0.287266039620973
-0.632666004596926, 0.24037985336841, -1.10972090517686E-11
-0.632666004596926, 0.230145948474122, -0.0170073860474178
-0.632666004596926, 0.219827714115567, -0.0339637376447802
-0.632666004596926, 0.209420089162938, -0.0508653645695071
-0.632666004596926, 0.198918234437336, -0.0677086028614475
-0.632666004596926, 0.188317552761123, -0.0844898208467242
-0.632666004596926, 0.177614240785345, -0.101205758591064
-0.632666004596926, 0.166805397739693, -0.117853649384392
-0.632666004596926, 0.155888574559542, -0.134430932585135
-0.632666004596926, 0.14023782553812, -0.142268108918173
-0.632666004596926, 0.121737936735947, -0.14515696692162
-0.632666004596926, 0.108890751193709, -0.160287402860169
-0.632666004596926, 0.0958678282807721, -0.175266848414371
-0.632666004596926, 0.0826726044383687, -0.190094741072774
-0.632666004596926, 0.069307882798631, -0.204770047581111
-0.632666004596926, 0.0557758748243306, -0.219291246711788
-0.632666004596926, 0.0420782304252904, -0.233656309451888
-0.632666004596926, 0.0282160642099175, -0.247862668647608
-0.632666004596927, 0.0141899615486627, -0.261907194775154
-0.632666004596926, 1.71755225327579E-16, -0.275786140789351
-0.55358275402231, 0.222447650890183, -1.10973660037674E-11
-0.55358275402231, 0.212560710466184, -0.0157125721273306
-0.55358275402231, 0.202584291268522, -0.0313684814488814
-0.55358275402231, 0.19251528382419, -0.0469650019867422
-0.55358275402231, 0.182350692655647, -0.0624993952397408
-0.55358275402231, 0.172087988469885, -0.0779691442723848
-0.55358275402231, 0.1617254547473, -0.0933721984397485
-0.553582754022311, 0.151261502663362, -0.108706533882206
-0.553582754022311, 0.140695738477323, -0.123970896509116
-0.553582754022311, 0.129529933529311, -0.138201191024043
-0.55358275402231, 0.110965521092833, -0.138200879792773
-0.55358275402231, 0.0971535851840183, -0.147980415805706
-0.553582754022311, 0.0855458162493695, -0.162468117744093
-0.55358275402231, 0.0737780121409767, -0.176826137145498
-0.55358275402231, 0.0618542044685638, -0.191054870742535
-0.55358275402231, 0.0497778833934619, -0.205154395365714
-0.553582754022311, 0.0375520291325421, -0.219124461359885
-0.553582754022311, 0.0251791461219949, -0.232964472366153
-0.55358275402231, 0.0126612705046866, -0.246673484931126
-0.55358275402231, 1.1500995217738E-16, -0.26025017242607
-0.474499503448145, 0.20259862878201, -1.10972185175778E-11
-0.474499503447826, 0.193181535963126, -0.0141908406373286
-0.47449950344771, 0.183678700844067, -0.028324406314155
-0.474499503447694, 0.174088459910103, -0.042398808216714
-0.474499503447694, 0.164409223047472, -0.0564121535037398
-0.474499503447695, 0.154640111450013, -0.0703629887921468
-0.474499503447695, 0.144780778762747, -0.084250213028352
-0.474499503447695, 0.134831276426831, -0.0980729782173618
-0.474499503447694, 0.124792044275756, -0.111830712689909
-0.474499503447695, 0.114664059366804, -0.125523246993965
-0.474499503447695, 0.101875607857198, -0.133992547095703
-0.474499503447695, 0.0848443876986595, -0.133992942387518
-0.474499503447695, 0.0744870365883869, -0.147182928139889
-0.474499503447695, 0.0642546015787905, -0.16079751363694
-0.474499503447695, 0.0538797206208324, -0.174303873905236
-0.474499503447695, 0.0433665804624092, -0.18770289744525
-0.474499503447695, 0.0327189150556039, -0.200995275595782
-0.474499503447695, 0.0219400434982272, -0.214181484075734
-0.474499503447695, 0.011032890900395, -0.227261779313796
-0.474499503447695, 2.8710150196404E-17, -0.240236198385573
-0.398206703986543, 0.181225478785017, -2.21948196927307E-11
-0.401389066490001, 0.172540825750277, -0.0137116791474256
-0.404591658608449, 0.16380096618673, -0.0273835048322367
-0.407814480533597, 0.155005899571203, -0.0410151189358936
-0.411057459455501, 0.14615582460171, -0.0546062904637121
-0.414320453726802, 0.137251127833254, -0.068156933702902
-0.41760325604272, 0.128292374999655, -0.0816671035968308
-0.420905515646823, 0.119280523313648, -0.0951371565477927
-0.424226555482677, 0.110217420459212, -0.108568150695841
-0.427565650845287, 0.101105044153031, -0.121961276129792
-0.431576984552345, 0.0901581324123034, -0.131650493703858
-0.437266658596372, 0.0746310374005162, -0.131963561776669
-0.440558894808755, 0.0656465395056705, -0.145155138650771
-0.443822273774654, 0.0567407929073779, -0.158704870193024
-0.447145503444062, 0.0476717140069677, -0.172131164809661
-0.450527117350438, 0.0384433047850705, -0.185433744410684
-0.453965827249157, 0.0290590808555058, -0.198612105953977
-0.457460510648197, 0.0195221054939759, -0.211665493597985
-0.461010204049621, 0.00983500808204375, -0.2245928852394
-0.464614097125868, 2.51587705456534E-17, -0.23739297384333
-0.343287485462836, 0.164261831124958, -2.21945579347986E-11
-0.34890473561279, 0.156196754784708, -0.0134516382604568
-0.354545302084062, 0.148098201581866, -0.0268733735104368
-0.360208899316937, 0.13996658151436, -0.0402653844931724
-0.365895039518685, 0.131802594940101, -0.0536281192518721
-0.371603166903326, 0.123607039839643, -0.0669621251309714
-0.377332667133179, 0.115380798260277, -0.0802680374125028
-0.383082660242228, 0.107125133630356, -0.0935468612379494
-0.388852019050835, 0.098841664320003, -0.106799941972103
-0.394639408852646, 0.0905323066598721, -0.1200289366649
-0.401395908980383, 0.0808315299687067, -0.129979941472892
-0.410912594585557, 0.0671677632033038, -0.130509036807754
-0.416477847796802, 0.05917734248083, -0.143773863487623
-0.422032290673881, 0.0512024429062435, -0.157304922376005
-0.427702007411908, 0.0430620366399933, -0.170688822123032
-0.433484234009386, 0.0347600921510739, -0.183924543076643
-0.439376542931448, 0.0263000948199663, -0.197010795341278
-0.445376820197079, 0.0176850798360993, -0.209945982725445
-0.451483252606092, 0.00891765053696502, -0.222728181293892
-0.457694312700589, 2.27499110466302E-17, -0.23535510415221
-0.300691911229219, 0.150082617046091, -2.21955979061692E-11
-0.308193552685563, 0.142580975589747, -0.0132393112909571
-0.315715183980833, 0.135059344294477, -0.0264559200721201
-0.323255829352033, 0.127518698923277, -0.0396508420909714
-0.330814518124196, 0.119960010151114, -0.0528251006918507
-0.338390284492926, 0.112384243782384, -0.0659797264298275
-0.345982167285596, 0.104792360989714, -0.0791157566583804
-0.353589209716834, 0.0971853185584764, -0.0922342351386914
-0.361210459133705, 0.0895640691416048, -0.105336211660712
-0.368844756430659, 0.0819297718446508, -0.118422987269353
-0.377488528197281, 0.0732860000780286, -0.128643064188856
-0.38947554535565, 0.0612989829196601, -0.12931504468697
-0.396797144525088, 0.0539773837502223, -0.142387021753288
-0.404048631957057, 0.0467258963182536, -0.155901964309178
-0.411459478690822, 0.0393150495844882, -0.169242909537846
-0.419025536556009, 0.0317489917193009, -0.182408461436834
-0.426743120961867, 0.0240314073134436, -0.195396923426326
-0.434608978862188, 0.0161655494131222, -0.208206255983491
-0.442620266466143, 0.00815426180916739, -0.220834043569148
-0.45077452827531, 2.04131373153549E-17, -0.233277455389007
-0.261522548099001, 0.13618009169895, -2.21947756806398E-11
-0.270765389978751, 0.129276807012674, -0.0130355947096144
-0.280021692972565, 0.122363468502716, -0.0260563010825946
-0.289290505822095, 0.115440786643979, -0.0390631373570048
-0.298570879857009, 0.10850946997843, -0.0520571251096074
-0.307861869459247, 0.101570224768361, -0.0650392899296338
-0.317162531661535, 0.0946237552962441, -0.0780106608664295
-0.326471857405428, 0.0876708152066622, -0.090972346423664
-0.335788154319161, 0.0807126684965817, -0.103926226868637
-0.345109406369396, 0.0737508208990056, -0.116874555367047
-0.355352661507466, 0.06610034853864, -0.12739482018498
-0.369285064186494, 0.0556945292778031, -0.128181790647074
-0.378232500744688, 0.0490118766286288, -0.141051275992711
-0.387036928391858, 0.0424360343347884, -0.154551043092851
-0.396040352641024, 0.0357115656538422, -0.167844786653846
-0.405236845861032, 0.0288428978091376, -0.180931032606776
-0.414621069283017, 0.0218340182151335, -0.193807991538043
-0.424188231472735, 0.0146885054935429, -0.206473509160225
-0.433934053900092, 0.00740955518873022, -0.21892502101147
-0.443854743850031, 1.81562295530217E-17, -0.231159509754915
-0.223032696826682, 0.121642633954392, -2.21943546725693E-11
-0.23399644290596, 0.115407735197867, -0.0128309388553525
-0.244966310239131, 0.109169355386783, -0.0256549533843182
-0.255941467644181, 0.102927967200427, -0.0384729781855767
-0.26692110551875, 0.0966840310461022, -0.0512859191911941
-0.277904422634921, 0.090438002568704, -0.0640946887261553
-0.288889974906936, 0.0841907029956157, -0.0769009220739772
-0.299876201588747, 0.0779430198969729, -0.0897063900918878
-0.31086154187241, 0.071695840878109, -0.102512863564667
-0.321844433233522, 0.0654500545204823, -0.115322115111363
-0.333593199478568, 0.0587687279444878, -0.126158299453454
-0.349213964191832, 0.0498854606941832, -0.127047065917112
-0.359730656393216, 0.0439047939900268, -0.13984449152788
-0.37009068706074, 0.0380132180761533, -0.153322563434619
-0.380686398939348, 0.0319876142051108, -0.166555961673267
-0.391509509626252, 0.0258326924406378, -0.179543546117539
-0.402552471794799, 0.0195527448209872, -0.192283863025744
-0.413808421321761, 0.0131516748580662, -0.204775085742002
-0.42527112746742, 0.00663302586919043, -0.217014954707189
-0.436934959424752, 1.59872225710276E-17, -0.229000730327367
-0.183746650420166, 0.105826762775286, -2.22010048789626E-11
-0.196472824786005, 0.100358058084132, -0.0126260336549706
-0.209198482554341, 0.0948895753857856, -0.0252526916479804
-0.221922631306897, 0.0894217411432469, -0.0378811514019646
-0.234644281476073, 0.0839549805945189, -0.0505125931459884
-0.247362440701312, 0.0784897201777975, -0.0631481943380907
-0.260076119702759, 0.0730263850074355, -0.0757891355007498
-0.272784182368936, 0.0675654632944221, -0.0884367561306695
-0.285484859224529, 0.0621077154195019, -0.101093173439939
-0.298176221206839, 0.0566539703414759, -0.113760652929423
-0.311455565876798, 0.0509475567403075, -0.124890871536033
-0.32865159265641, 0.0435580624888915, -0.125876315103176
-0.340686891957311, 0.038386241338699, -0.138889129379789
-0.352692971555117, 0.0332269765092666, -0.152324176957861
-0.364968171629551, 0.0279520649528043, -0.165467995447021
-0.377501146448963, 0.0225663821687444, -0.17832041358504
-0.390281483308514, 0.0170744027152824, -0.190880959094828
-0.403299635186832, 0.0114802291482266, -0.203148781979659
-0.416546861889892, 0.00578761731271066, -0.215122585891307
-0.430015174999474, 1.39144190239686E-17, -0.226800560130091
-0.142629883716686, 0.0881059207605875, -2.22176052594714E-11
-0.157199737141994, 0.0835289217357637, -0.012429004667779
-0.171764022671955, 0.078953671819241, -0.0248651766584851
-0.186322189136525, 0.0743803441565331, -0.0373092178771645
-0.200873012222018, 0.0698093233556645, -0.0497626909971655
-0.215415248207799, 0.0652410001211933, -0.062227179952158
-0.229947649020678, 0.0606757665249951, -0.0747042650609188
-0.244468963099116, 0.0561140157347828, -0.0871955237998473
-0.25897793457151, 0.0515561422722404, -0.0997025301188381
-0.273473302780466, 0.0470025421624677, -0.112226854036897
-0.288405266747829, 0.0423117891039222, -0.123561343656904
-0.30714282271161, 0.0364255407752434, -0.124689512870253
-0.320642367618613, 0.0321847703246917, -0.138381413936161
-0.334455876087949, 0.0278453708161334, -0.151724864227496
-0.348566893865322, 0.0234125112175514, -0.164721825502313
-0.362960272544155, 0.0188909502756609, -0.177374060715666
-0.377622085094085, 0.0142850630519355, -0.189683030628451
-0.392539537977652, 0.00959886853042124, -0.201649794978641
-0.407700893731028, 0.00483605393836278, -0.213274926232769
-0.423095390574195, 1.19464035125992E-17, -0.224558421142932
-0.0988896592948413, 0.0677753212346558, -2.22254002436793E-11
-0.115411845546521, 0.0642460237923666, -0.0122561398429748
-0.131925881595574, 0.0607184673115242, -0.0245237726987779
-0.148431062855411, 0.0571928022985819, -0.0368038513524824
-0.164926694350482, 0.0536691772069823, -0.0490973318884341
-0.181412145419449, 0.0501477267520359, -0.061405095653342
-0.197886390612287, 0.0466286699797023, -0.0737285299490103
-0.214348251102455, 0.0431122586986368, -0.0860692606465969
-0.230796535653532, 0.0395987473683636, -0.0984289046054882
-0.247230049252282, 0.0360883912551707, -0.110809076150775
-0.264024830491839, 0.0325008649091008, -0.122144469564903
-0.283706731350839, 0.0282966221228897, -0.125064470176655
-0.299215079516328, 0.0249838902192031, -0.138634416498434
-0.31506182444442, 0.0215988735215708, -0.151789282130785
-0.331225720578414, 0.0181461102846634, -0.164534338440014
-0.347687291533922, 0.0146297608509783, -0.176874634353357
-0.364428700383217, 0.0110536353593456, -0.188814849558014
-0.381433621921134, 0.00742122103015865, -0.200359166223039
-0.398687136371725, 0.00373570487065035, -0.211511165031585
-0.416175606148916, 1.00920576276248E-17, -0.222273713246662
-0.0405399935860757, 0.0414742739833304, -3.33534630470034E-10
-0.0613977473996069, 0.0411873457727983, -0.00928831336112641
-0.0815227357695022, 0.0399880187138924, -0.0200080461007332
-0.100885447897245, 0.0379832719023883, -0.0319489265015737
-0.119902552497237, 0.0356516638250724, -0.0443816197241182
-0.138900627451268, 0.0333108816269121, -0.0568417273123014
-0.157889574910781, 0.0309712240414682, -0.0693159487973997
-0.176868646305688, 0.0286327833012192, -0.0818054075433732
-0.195837878377544, 0.026295554879181, -0.094310046388911
-0.214796619609827, 0.0239596190497122, -0.106830815880484
-0.233743360743845, 0.0216251617709104, -0.119370015421896
-0.255057906085284, 0.018998963673585, -0.124348807140095
-0.273217617982103, 0.0167614774843447, -0.138017896587412
-0.291746239889615, 0.0144785373221181, -0.151174892065589
-0.310615534695974, 0.0121536223251283, -0.16383092237488
-0.329799896977346, 0.00978988737724793, -0.175996689365269
-0.349276134878338, 0.00739018998284942, -0.187682268627525
-0.369023233609699, 0.00495711940661853, -0.198896929600316
-0.389022193561954, 0.00249301661982398, -0.209649017379416
-0.409255821723637, 8.36057601210915E-18, -0.219945813097426
-0.00326604243600899, 0.0130827060357894, -6.09021681646782E-06
-0.0244138598110619, 0.0136692555102102, -0.0113455450626202
-0.0453545577248925, 0.0136900942694616, -0.0230783610469697
-0.0661170187854471, 0.0132652101915584, -0.0351169811779714
-0.0867559611412187, 0.012553912213232, -0.0473534179109057
-0.10734431935199, 0.0117390294810206, -0.0596685784801451
-0.127923223911359, 0.0109201035498408, -0.0719992661252373
-0.148492580602792, 0.0101015575706949, -0.0843458990940026
-0.169050306734002, 0.00928347442315069, -0.0967119178147396
-0.189594309773705, 0.00846593737831376, -0.109100757032016
-0.210897958876191, 0.00761817064571391, -0.119021406806246
-0.231281649628674, 0.00680701313744093, -0.131195636019913
-0.251684297728438, 0.00599510123177814, -0.143814847234916
-0.272417340255763, 0.00517004146718439, -0.155882787512762
-0.293452013799387, 0.00433297846682014, -0.167416201836816
-0.314762604012845, 0.00348493551689593, -0.17843072475679
-0.336326068089991, 0.0026268295935513, -0.188940864799026
-0.358121673392098, 0.00175948574075166, -0.198960018355172
-0.380130662583758, 0.000883650396093615, -0.20850061828051
-0.402336037298358, 6.76148352796905E-18, -0.217574072925029
