-4.61306316718372, 0.408214185984839, -2.65829025458686E-11
-4.61306316718372, 0.400238862734655, -0.0318795122035675
-4.61306316718372, 0.392263539484471, -0.0637590243805522
-4.61306316718372, 0.384288216234287, -0.0956385365575368
-4.61306316718372, 0.376312892984103, -0.127518048734521
-4.61306316718372, 0.368337569733919, -0.159397560911506
-4.61306316718372, 0.360362246483735, -0.191277073088491
-4.61306316718372, 0.352386923233551, -0.223156585265475
-4.61306316718372, 0.344411599983367, -0.25503609744246
-4.61306316718372, 0.322195378200193, -0.268673180203994
-4.61306316718372, 0.28978166226865, -0.273110232990109
-4.61306316718372, 0.257583699794355, -0.279682925748131
-4.61306316718372, 0.225385737320061, -0.286255618506154
-4.61306316718372, 0.193187774845767, -0.292828311264177
-4.61306316718372, 0.160989812371472, -0.2994010040222
-4.61306316718372, 0.128791849897178, -0.305973696780222
-4.61306316718372, 0.0965938874228836, -0.312546389538245
-4.61306316718372, 0.0643959249485892, -0.319119082296268
-4.61306316718372, 0.0321979624742948, -0.325691775054291
-4.61306316718372, 1.95215988938465E-16, -0.332264467812314
-4.52080190384004, 0.410028760693838, -1.32914129407686E-11
-4.52080190384004, 0.402034582059041, -0.0319744438853962
-4.52080190384004, 0.394040519731398, -0.0639489168372588
-4.52080190384004, 0.386046577360363, -0.0959234197787965
-4.52080190384004, 0.378052758595466, -0.127897953619624
-4.52080190384004, 0.370059067084397, -0.159872519276716
-4.52080190384004, 0.362065506476216, -0.19184711766157
-4.52080190384004, 0.354072080419982, -0.223821749685683
-4.52080190384004, 0.346078792564755, -0.255796416260554
-4.52080190384004, 0.323090147774227, -0.268565567625557
-4.52080190384004, 0.290596133727261, -0.273150127982238
-4.52080190384004, 0.258307650819797, -0.279762678517584
-4.52080190384004, 0.226019173814779, -0.28637525787503
-4.52080190384004, 0.193730702711823, -0.292987866051223
-4.52080190384004, 0.161442237510214, -0.299600503042876
-4.52080190384004, 0.129153778209258, -0.306213168846698
-4.52080190384004, 0.096865324808356, -0.312825863459378
-4.52080190384004, 0.064576877306911, -0.319438586877605
-4.52080190384004, 0.032288435704325, -0.32605133909807
-4.52080190384004, 2.08531308121867E-16, -0.332664120117461
-4.42854064049637, 0.411843329279435, -1.32914711704016E-11
-4.42854064049637, 0.403836490386027, -0.0320733798489107
-4.42854064049637, 0.395830018052853, -0.0641468511990085
-4.42854064049637, 0.387823922218283, -0.0962204165600782
-4.42854064049637, 0.379818212826391, -0.128294078405764
-4.42854064049637, 0.371812899829534, -0.160367839176529
-4.42854064049637, 0.363807993173783, -0.192441701338016
-4.42854064049637, 0.355803502805209, -0.22451566735587
-4.42854064049637, 0.347799438669883, -0.256589739695733
-4.42854064049637, 0.323989801909393, -0.268429143988464
-4.42854064049637, 0.291417154011721, -0.273194259007366
-4.42854064049637, 0.259037482308459, -0.279855191674975
-4.42854064049637, 0.226657807554296, -0.286516109512008
-4.42854064049637, 0.194278129762975, -0.293177012584877
-4.42854064049637, 0.161898448948147, -0.299837900960011
-4.42854064049637, 0.129518765123473, -0.306498774703839
-4.42854064049637, 0.0971390783026367, -0.313159633882785
-4.42854064049637, 0.0647593884993229, -0.31982047856327
-4.42854064049637, 0.0323796957272158, -0.32648130881172
-4.42854064049637, 1.80497750951686E-16, -0.333142124694557
-4.3362793771527, 0.413657970472513, -1.32914995115703E-11
-4.3362793771527, 0.405641397948967, -0.0321735894850449
-4.3362793771527, 0.397625422995142, -0.0643473278726212
-4.3362793771527, 0.389610057118305, -0.0965212179951342
-4.33627937715269, 0.381595311827233, -0.128695262665632
-4.3362793771527, 0.373581198599561, -0.160869464822194
-4.33627937715269, 0.365567728937075, -0.193043827305943
-4.3362793771527, 0.357554914341564, -0.225218352958005
-4.3362793771527, 0.349542766314815, -0.257393044619505
-4.33627937715269, 0.32487406735723, -0.268254539000707
-4.33627937715269, 0.292225951704861, -0.27322763615935
-4.33627937715269, 0.259756564669884, -0.279946579650017
-4.33627937715269, 0.227287135993818, -0.286665321953701
-4.33627937715269, 0.194817666051471, -0.293383864810644
-4.33627937715269, 0.162348155200491, -0.300102209964638
-4.33627937715269, 0.129878603800918, -0.306820359158976
-4.33627937715269, 0.0974090122169176, -0.313538314136103
-4.33627937715269, 0.0649393808126542, -0.320256076638459
-4.33627937715269, 0.0324697099522934, -0.326973648408489
-4.33627937715269, 1.80066554837187E-16, -0.333691031188633
-4.24401811380902, 0.41548278583636, -1.32914496862599E-11
-4.24401811380902, 0.407455879632715, -0.0322723919651626
-4.24401811380902, 0.399429401371496, -0.0645448903516046
-4.24401811380902, 0.391403332618258, -0.0968174905833784
-4.24401811380902, 0.383377645131244, -0.129090185650495
-4.24401811380902, 0.375352309087249, -0.161362968131738
-4.24401811380902, 0.367327294670328, -0.193635830576704
-4.24401811380902, 0.359302572059368, -0.225908765555769
-4.24401811380902, 0.351278111433257, -0.258181765639308
-4.24401811380902, 0.325723791943223, -0.268032425676608
-4.24401811380902, 0.293005140417766, -0.273238798635451
-4.24401811380902, 0.260449507117656, -0.280026231356499
-4.24401811380902, 0.227893746639495, -0.286813054458667
-4.24401811380902, 0.195337860709947, -0.293599275580378
-4.24401811380902, 0.162781850894069, -0.300384902393746
-4.24401811380902, 0.130225718785805, -0.307169942564858
-4.24401811380902, 0.0976694660137118, -0.313954403752588
-4.24401811380902, 0.0651130942063435, -0.320738293615811
-4.24401811380902, 0.0325566049922548, -0.327521619813398
-4.24401811380902, 1.79504931695928E-16, -0.334304390004224
-4.15175685046533, 0.417377159794491, -1.32914656200918E-11
-4.15175685046533, 0.409328987774666, -0.0323660429470485
-4.15175685046534, 0.401280384595481, -0.0647319786870287
-4.15175685046534, 0.393231281271878, -0.0970977901091537
-4.15175685046534, 0.385181608833201, -0.129463460031407
-4.15175685046534, 0.37713129832159, -0.161828971220336
-4.15175685046535, 0.369080280768773, -0.19419430648435
-4.15175685046535, 0.36102848720648, -0.226559448631856
-4.15175685046534, 0.352975848666438, -0.258924380471266
-4.15175685046535, 0.326525549092773, -0.267753423082156
-4.15175685046535, 0.293742425497651, -0.27321553049058
-4.15175685046535, 0.261105453607068, -0.280082979958556
-4.15175685046535, 0.2284682018753, -0.286949101232346
-4.15175685046535, 0.195830675425617, -0.293813915684809
-4.15175685046535, 0.163192878607317, -0.300677444851627
-4.15175685046535, 0.130554815937156, -0.307539710233226
-4.15175685046535, 0.0979164920782392, -0.314400733299245
-4.15175685046535, 0.0652779116936709, -0.321260535519322
-4.15175685046535, 0.0326390794465563, -0.328119138363097
-4.15175685046535, 2.06588869330606E-16, -0.334976563300209
-4.05949558712167, 0.41931822851246, -1.32915725069364E-11
-4.05949558712167, 0.411235191068261, -0.0324516486226
-4.05949558712167, 0.403150458230794, -0.0649028751302454
-4.05949558712167, 0.395063907226225, -0.0973536492139618
-4.05949558712167, 0.386975415424604, -0.12980393997366
-4.05949558712167, 0.378884860298035, -0.162253716099895
-4.05949558712167, 0.370792119233401, -0.194702946625248
-4.05949558712167, 0.362697069617585, -0.227151600582298
-4.05949558712167, 0.35459958883747, -0.259599647003624
-4.05949558712167, 0.327255357233385, -0.267408039549527
-4.05949558712167, 0.294416254724844, -0.27314770954217
-4.05949558712167, 0.26170532941993, -0.280107618323889
-4.05949558712167, 0.228993880922279, -0.287065073762588
-4.05949558712167, 0.196281921462471, -0.294020123293743
-4.05949558712167, 0.163569460549683, -0.300972814931604
-4.05949558712167, 0.13085650837827, -0.307923196544525
-4.05949558712167, 0.098143075592913, -0.314871315905097
-4.05949558712167, 0.0654291728382948, -0.32181722078591
-4.05949558712167, 0.0327148107590967, -0.328760958959554
-4.05949558712167, 1.78070161214531E-16, -0.335702578198619
-3.967234323778, 0.421266340289549, -1.32916049131408E-11
-3.967234323778, 0.413135121785883, -0.0325268354036704
-3.967234323778, 0.405000543702148, -0.0650528316221703
-3.967234323778, 0.396862416550164, -0.0975779420993897
-3.967234323778, 0.3887205513455, -0.130102118249945
-3.967234323778, 0.380574759396976, -0.162625310317448
-3.967234323778, 0.372424851761844, -0.195147469551176
-3.967234323778, 0.364270639497354, -0.227668547200406
-3.967234323778, 0.356111933660758, -0.260188494514416
-3.967234323778, 0.32788697850484, -0.266986650539113
-3.967234323778, 0.295003134484525, -0.273025685073429
-3.967234323778, 0.262228346555507, -0.280091444510212
-3.967234323778, 0.229452673714723, -0.287153114129402
-3.967234323778, 0.19667614156287, -0.294210785025446
-3.967234323778, 0.163898767898639, -0.301264549973519
-3.967234323778, 0.131120572742691, -0.308314501269342
-3.967234323778, 0.0983415772349386, -0.315360730967559
-3.967234323778, 0.0655618025152967, -0.322403331122813
-3.967234323778, 0.0327812697236793, -0.329442393789748
-3.967234323778, 1.7723255021934E-16, -0.336478011023009
-3.87497306043431, 0.423181167985457, -1.32915177610611E-11
-3.87497306043432, 0.414988786209291, -0.032589238521102
-3.87497306043432, 0.406790997068479, -0.0651771193840312
-3.87497306043432, 0.398587533016646, -0.0977635772801293
-3.87497306043432, 0.390378129754948, -0.130348533986183
-3.87497306043432, 0.382162519224552, -0.162931926209332
-3.87497306043432, 0.37394043313276, -0.195513691558902
-3.87497306043432, 0.365711607864089, -0.228093749104285
-3.87497306043432, 0.357475775281446, -0.260672035828223
-3.87497306043432, 0.328393927648485, -0.266479344303708
-3.87497306043432, 0.295479398817758, -0.272839778091309
-3.87497306043432, 0.262653579155601, -0.280025809092055
-3.87497306043432, 0.229826361654241, -0.287205489002054
-3.87497306043432, 0.196997795429387, -0.294378976112786
-3.87497306043432, 0.16416791017709, -0.301546432961899
-3.87497306043432, 0.13133674171698, -0.308708020745217
-3.87497306043432, 0.0985043282591367, -0.315863900135985
-3.87497306043432, 0.0656707080136391, -0.323014231807446
-3.87497306043432, 0.0328359191905671, -0.330159176432844
-3.87497306043432, 2.04091865216246E-16, -0.337298894685422
-3.7827117970906, 0.425021748465475, -1.32914530575794E-11
-3.78271179709061, 0.416755737556547, -0.0326365575465511
-3.78271179709062, 0.408481901837222, -0.0652711366904717
-3.78271179709063, 0.400199885241549, -0.0979036430899055
-3.78271179709064, 0.391909332621711, -0.130533978764954
-3.78271179709064, 0.383609886826916, -0.163162053607712
-3.78271179709065, 0.37530119151757, -0.195787774291183
-3.78271179709065, 0.366982890426009, -0.228411047183414
-3.78271179709065, 0.358654627005011, -0.261031779723313
-3.78271179709065, 0.328749618690938, -0.265875907337547
-3.78271179709065, 0.295821336827212, -0.27258010940853
-3.78271179709065, 0.262960074118056, -0.279901958971361
-3.78271179709065, 0.230096722237833, -0.287214445529064
-3.78271179709065, 0.197231352799748, -0.294517828413799
-3.78271179709065, 0.164364014733925, -0.301812371996073
-3.78271179709065, 0.131494776912387, -0.309098336210809
-3.78271179709065, 0.0986236966295081, -0.316375983559037
-3.78271179709065, 0.0657508340023147, -0.32364557591018
-3.78271179709065, 0.0328762489540491, -0.330907375172061
-3.78271179709065, 2.03151861917345E-16, -0.338161643558819
-3.68045053374697, 0.426925453702141, -1.32915446051044E-11
-3.68045053374697, 0.418563933812725, -0.0326686430724704
-3.68045053374697, 0.410191492264288, -0.0653344853777854
-3.68045053374697, 0.401807660193127, -0.097997412901583
-3.68045053374697, 0.393411973761402, -0.13065729196892
-3.68045053374697, 0.38500396597333, -0.163314001162679
-3.68045053374698, 0.376583170774275, -0.195967415340735
-3.68045053374698, 0.368149122236901, -0.228617408808366
-3.68045053374698, 0.359701354019257, -0.261263857410464
-3.68045053374697, 0.328934763210136, -0.265081912987983
-3.68045053374698, 0.296014560629934, -0.27219370706632
-3.68045053374698, 0.263135625299486, -0.279685760110028
-3.68045053374698, 0.230253563965234, -0.287164072322196
-3.68045053374698, 0.197368472199648, -0.294629065691557
-3.68045053374698, 0.164480452140683, -0.3020811606958
-3.68045053374698, 0.131589611945653, -0.309520776439688
-3.68045053374697, 0.0986960468203065, -0.316948334947549
-3.68045053374698, 0.0657998563202255, -0.324364257242564
-3.68045053374697, 0.0329011395502276, -0.331768964435939
-3.68045053374697, 2.02076051177814E-16, -0.339162876641509
-3.45979737538764, 0.430285199452415, -1.32914727593372E-11
-3.45979737538772, 0.421672385376256, -0.0326512845814691
-3.45979737538776, 0.413040612280897, -0.0652975712901635
-3.45979737538778, 0.404389182974418, -0.0979386499143315
-3.45979737538779, 0.395717396046418, -0.130574325971594
-3.45979737538779, 0.387024550183882, -0.163204398971994
-3.45979737538779, 0.378309850435201, -0.195828645249831
-3.45979737538779, 0.369572420725112, -0.228446808175307
-3.45979737538779, 0.360811393776207, -0.261058639431254
-3.45979737538779, 0.32843035000737, -0.262969693436697
-3.45979737538779, 0.295615655834008, -0.270937321911251
-3.45979737538779, 0.262793963360208, -0.278876069330243
-3.45979737538779, 0.229965544136923, -0.286786931869864
-3.45979737538779, 0.197130647330429, -0.294670910967652
-3.45979737538779, 0.164289550499813, -0.302529001108796
-3.45979737538779, 0.131442508212967, -0.31036220218563
-3.45979737538779, 0.0985897778778419, -0.318171513285556
-3.45979737538779, 0.0657316146875966, -0.325957933909792
-3.45979737538779, 0.0328682717137978, -0.333722463955297
-3.45979737538779, 1.99718581305804E-16, -0.341466103698025
-3.2291442170286, 0.432202571507734, -1.32914399738315E-11
-3.2291442170286, 0.423267415265107, -0.0324769469092046
-3.2291442170286, 0.414302185430469, -0.0649456047855529
-3.2291442170286, 0.405305686761476, -0.0974056124139784
-3.2291442170286, 0.396276724716317, -0.129856605016864
-3.2291442170286, 0.387214105482188, -0.162298214130477
-3.2291442170286, 0.378116636006939, -0.194730067467587
-3.2291442170286, 0.368983124033441, -0.227151788781535
-3.2291442170286, 0.359812378087302, -0.259562997906323
-3.2291442170286, 0.326246056644271, -0.26026200956406
-3.2291442170286, 0.293677848844376, -0.268858563813521
-3.2291442170286, 0.261095435498732, -0.277401119956669
-3.2291442170286, 0.228499461117255, -0.285891785348367
-3.2291442170286, 0.195890559843594, -0.294332669282706
-3.2291442170286, 0.163269355889483, -0.302725882860479
-3.2291442170286, 0.130636463928024, -0.311073538881518
-3.2291442170286, 0.0979924895361326, -0.319377751737938
-3.2291442170286, 0.0653380296161194, -0.327640637325813
-3.2291442170286, 0.0326736728237886, -0.335864312967541
-3.2291442170286, 1.69608696922706E-16, -0.344050897345109
-2.99849105866941, 0.431827324317143, -1.32914369954434E-11
-2.99849105866942, 0.42251418822896, -0.0321097932168933
-2.99849105866942, 0.413159541434441, -0.0642075174070004
-2.99849105866942, 0.40376225546803, -0.0962927838440371
-2.99849105866942, 0.394321155328134, -0.128365182153552
-2.99849105866942, 0.384835041466678, -0.16042430131197
-2.99849105866942, 0.375302719899275, -0.192469708497772
-2.99849105866942, 0.365722994203754, -0.224500976366973
-2.99849105866941, 0.355132695858758, -0.255222843333724
-2.99849105866942, 0.321864239237764, -0.25636271276555
-2.99849105866942, 0.289781992190956, -0.26577027881009
-2.99849105866942, 0.25767273171501, -0.275085219976835
-2.99849105866942, 0.225538115594487, -0.284312313828897
-2.99849105866942, 0.193379665219893, -0.293455998813778
-2.99849105866942, 0.161198783337473, -0.302520413374311
-2.99849105866942, 0.128996757018253, -0.311509433912842
-2.99849105866942, 0.0967747865366701, -0.320426701109573
-2.99849105866941, 0.064533986710634, -0.329275650442296
-2.99849105866941, 0.032275396018556, -0.338059537568507
-2.99849105866942, 1.67576807979605E-16, -0.346781457549556
-2.76783790031047, 0.428413979087652, -1.32914591475872E-11
-2.76783790031038, 0.418719770059753, -0.0315503937339997
-2.76783790031031, 0.408977457572267, -0.0630859668418726
-2.76783790031027, 0.399186063742442, -0.094606335205254
-2.76783790031025, 0.389344611142646, -0.126111109708111
-2.76783790031024, 0.379452122818228, -0.157599896143448
-2.76783790031023, 0.369507622309009, -0.189072295106117
-2.76783790031023, 0.359510133269036, -0.220527901272543
-2.76783790031023, 0.347787790351127, -0.24967596323784
-2.76783790031023, 0.315034770413272, -0.25122978523474
-2.76783790031023, 0.283707212186023, -0.261621497345126
-2.76783790031023, 0.252333476773238, -0.271872948209387
-2.76783790031023, 0.220916635960215, -0.281991536896989
-2.76783790031023, 0.189459490087174, -0.291984124211486
-2.76783790031023, 0.157964596822973, -0.301857097796521
-2.76783790031023, 0.126434300379114, -0.311616427945303
-2.76783790031023, 0.0948707631652277, -0.321267715263961
-2.76783790031023, 0.0632759803047387, -0.330816237571047
-2.76783790031023, 0.0316518157402364, -0.340266985327861
-2.76783790031023, 1.66101337215778E-16, -0.349624704788264
-2.53718474195112, 0.421537582097944, -1.32913929802535E-11
-2.53718474195104, 0.411518735890087, -0.0308236342108055
-2.53718474195104, 0.401449437360118, -0.0616308237042189
-2.53718474195104, 0.391328853492104, -0.0924212002840846
-2.53718474195104, 0.381156091531035, -0.123194383007232
-2.53718474195104, 0.370930264263088, -0.153949969939979
-2.53718474195104, 0.360650481292424, -0.184687564572851
-2.53718474195104, 0.350315853429794, -0.215406762467434
-2.53718474195104, 0.337769144291624, -0.243098165172389
-2.53718474195104, 0.305716030519426, -0.245024998381222
-2.53718474195104, 0.275422015388548, -0.256546413659408
-2.53718474195104, 0.245054361080369, -0.267872316286317
-2.53718474195104, 0.214618284244669, -0.279013056054091
-2.53718474195105, 0.184118515208094, -0.289978245547938
-2.53718474195104, 0.153559364387903, -0.300776843814686
-2.53718474195105, 0.122944759294753, -0.311417237673143
-2.53718474195104, 0.0922783171356603, -0.321907300002691
-2.53718474195104, 0.0615633694863737, -0.332254456423501
-2.53718474195104, 0.0308029755839966, -0.342465748373106
-2.53718474195104, 1.65459183506621E-16, -0.352547869268089
-2.30653158359442, 0.411133054833882, -1.32914667786291E-11
-2.3065315835931, 0.400872162305162, -0.029955532821538
-2.30653158359233, 0.390560185188211, -0.0598935183783711
-2.30653158359197, 0.380196097500465, -0.0898135037963142
-2.30653158359187, 0.369778873898463, -0.119715030227943
-2.30653158359186, 0.359307485163996, -0.149597631143171
-2.30653158359186, 0.348780772302345, -0.179460787746315
-2.30653158359186, 0.338197444328112, -0.209303927005282
-2.30653158359186, 0.325095467151851, -0.235632508248451
-2.30653158359186, 0.293914767477614, -0.237898622389721
-2.30653158359186, 0.264938748723313, -0.250665919050319
-2.30653158359186, 0.235851807973766, -0.263178468618924
-2.30653158359186, 0.206662055026139, -0.275449285506825
-2.30653158359186, 0.177376851972029, -0.287490551199579
-2.30653158359186, 0.148002904486485, -0.299313702725084
-2.30653158359186, 0.118546339284022, -0.310929513719163
-2.30653158359186, 0.0890127829611918, -0.32234816421848
-2.30653158359186, 0.0594074086780769, -0.333579314179958
-2.30653158359186, 0.0297350010052876, -0.344632162579535
-2.30653158359186, 1.93758748995662E-16, -0.355515508940608
-2.07587842523269, 0.397270147162307, -1.32914053565305E-11
-2.07587842523269, 0.386842617350011, -0.0289633217512088
-2.07587842523268, 0.376362463065581, -0.0579076432043723
-2.07587842523268, 0.365829120572861, -0.0868326508653406
-2.07587842523267, 0.355242025854245, -0.115738027382424
-2.07587842523267, 0.344600614616411, -0.144623451508611
-2.07587842523267, 0.333904322299896, -0.173488598044167
-2.07587842523267, 0.323152584088379, -0.20233313778429
-2.07587842523267, 0.309770545097658, -0.227438749653337
-2.07587842523267, 0.279620765660972, -0.230014150995356
-2.07587842523267, 0.252251245364364, -0.244103382119903
-2.07587842523267, 0.224723721798809, -0.257881388381875
-2.07587842523267, 0.197049517470112, -0.2713623800132
-2.07587842523267, 0.1692390104326, -0.284559933615916
-2.07587842523267, 0.141301747466809, -0.297487033694027
-2.07587842523267, 0.113246526207771, -0.310156124324852
-2.07587842523267, 0.0850814695659157, -0.322579159543732
-2.07587842523267, 0.0568141151776482, -0.334767643441759
-2.07587842523267, 0.0284514524993122, -0.34673269020552
-2.07587842523267, 1.95974800539962E-16, -0.358485064044611
-1.84522526687349, 0.379935717220981, -1.32913143590265E-11
-1.84522526687349, 0.369418882253874, -0.0278746240881745
-1.84522526687349, 0.358853442836384, -0.055730857476398
-1.84522526687349, 0.348238993962649, -0.0835684589110145
-1.84522526687349, 0.337575185747385, -0.111387173274616
-1.84522526687349, 0.32686132468473, -0.139186659106718
-1.84522526687349, 0.316096463432965, -0.166966435635815
-1.84522526687349, 0.305279651260074, -0.194726024724267
-1.84522526687349, 0.291857998028504, -0.218720714939951
-1.84522526687349, 0.262863052778165, -0.221531945853475
-1.84522526687349, 0.237379539961039, -0.236964843159903
-1.84522526687349, 0.211685105061823, -0.252043994779101
-1.84522526687349, 0.185793168080323, -0.266781490050333
-1.84522526687349, 0.159716413869412, -0.281189472848598
-1.84522526687349, 0.133466809162071, -0.295280119684734
-1.84522526687349, 0.107055650398038, -0.30906560797373
-1.84522526687349, 0.0804935977923299, -0.322558099085669
-1.84522526687349, 0.0537907203369255, -0.335769721876449
-1.84522526687349, 0.0269565199239269, -0.34871257216921
-1.84522526687349, 1.72839040567888E-16, -0.36139869547486
-1.61457210851486, 0.359274561763371, -1.32914151249027E-11
-1.61457210851441, 0.34875675157422, -0.0267169837610937
-1.6145721085143, 0.338190505145456, -0.0534148483256583
-1.6145721085143, 0.327574095108126, -0.0800928046719566
-1.6145721085143, 0.316905011205161, -0.106749738755143
-1.6145721085143, 0.306180235223661, -0.133384314650397
-1.6145721085143, 0.295396732810903, -0.159995167566071
-1.6145721085143, 0.284550896742176, -0.186580675000686
-1.6145721085143, 0.271328314640057, -0.209687996673436
-1.6145721085143, 0.243545698392391, -0.212531873588709
-1.6145721085143, 0.220223914939829, -0.229279963432091
-1.6145721085143, 0.196639737507966, -0.245656517330175
-1.6145721085143, 0.172805417057982, -0.261666857349072
-1.6145721085143, 0.14873335735111, -0.277317495801093
-1.6145721085143, 0.124436011967306, -0.292616080421582
-1.6145721085143, 0.0999258152872039, -0.307571310566464
-1.6145721085143, 0.0752150924211251, -0.322192863124904
-1.6145721085143, 0.0503159924132169, -0.336491302059477
-1.6145721085143, 0.0252404188941673, -0.35047799018168
-1.6145721085143, 2.08855078098206E-16, -0.364164981717324
-1.37391895015923, 0.334162560557353, -1.32914200829944E-11
-1.3739189501552, 0.323654412716474, -0.0253764126493758
-1.37391895015511, 0.313079444142652, -0.0507250510290547
-1.37391895015512, 0.302432508866993, -0.0760435446099934
-1.37391895015512, 0.291707982927848, -0.101329267936114
-1.37391895015512, 0.280900194917375, -0.1265795131065
-1.37391895015512, 0.270002564006652, -0.151791111075379
-1.37391895015512, 0.259007754951446, -0.176960478586275
-1.37391895015511, 0.246466720250473, -0.199865877995427
-1.37391895015512, 0.219870094228067, -0.202165374605024
-1.37391895015512, 0.199107181235745, -0.220145036458218
-1.37391895015512, 0.178050958943641, -0.237780295753249
-1.37391895015511, 0.156707899316809, -0.255067308898176
-1.37391895015511, 0.135085454353489, -0.272003583409722
-1.37391895015512, 0.113191982210168, -0.288588016788763
-1.37391895015511, 0.0910366175656159, -0.30482094185633
-1.37391895015511, 0.0686291743524498, -0.320704111744133
-1.37391895015512, 0.0459800157662298, -0.336240678778195
-1.37391895015512, 0.0230999297916351, -0.351435142125696
-1.37391895015512, 2.2235593569589E-16, -0.366293276931243
-1.29165768681351, 0.324556405382987, -1.32914171977438E-11
-1.29165768681144, 0.314031228966544, -0.0248534000539231
-1.29165768681144, 0.303428038489829, -0.0496736204048751
-1.29165768681144, 0.292740751725238, -0.0744577415115213
-1.29165768681144, 0.281962932571807, -0.0992026244464146
-1.29165768681144, 0.271088471498634, -0.123905188492994
-1.29165768681144, 0.260116428014626, -0.148564564897515
-1.29165768681144, 0.249052612506044, -0.173182904847885
-1.29165768681144, 0.237017644365577, -0.196382310553599
-1.29165768681144, 0.210757735776352, -0.198223825620781
-1.29165768681144, 0.190940170498902, -0.216546480972583
-1.29165768681144, 0.170827745912777, -0.234544975154764
-1.29165768681144, 0.150424421702206, -0.25221301739292
-1.29165768681144, 0.129735248687321, -0.269545462258537
-1.29165768681144, 0.108766321533169, -0.286538385758202
-1.29165768681144, 0.087524683826838, -0.30318916383089
-1.29165768681144, 0.0660182495758564, -0.319496499877108
-1.29165768681144, 0.0442556924135607, -0.3354604434752
-1.29165768681144, 0.0222463300067993, -0.351082380114791
-1.29165768681144, 2.8281877520987E-16, -0.36636499881686
-1.1993964234678, 0.312962783785916, -1.32915061789207E-11
-1.19939642346777, 0.302395816445723, -0.0242135371815041
-1.19939642346777, 0.291737634572677, -0.0483870581992658
-1.19939642346777, 0.280987253056681, -0.0725197253345136
-1.19939642346777, 0.270151800434748, -0.0966143160032659
-1.19939642346777, 0.259240397333368, -0.120674611941434
-1.19939642346777, 0.248259851769019, -0.144703428573579
-1.19939642346777, 0.237214487269439, -0.168702522327847
-1.19939642346777, 0.225919562162236, -0.19238072314255
-1.19939642346777, 0.199909118577208, -0.193358473325661
-1.19939642346777, 0.181187789380559, -0.21199860938228
-1.19939642346777, 0.162176217091217, -0.230342615980317
-1.19939642346777, 0.142875661562903, -0.248382315629438
-1.19939642346777, 0.123288439500158, -0.266110337913009
-1.19939642346777, 0.103417911153049, -0.283520213825823
-1.19939642346777, 0.0832684341004692, -0.300606470695512
-1.19939642346777, 0.0628453165519725, -0.317364696554301
-1.19939642346777, 0.0421547578900135, -0.333791585790494
-1.19939642346777, 0.0212037516978621, -0.349884985296579
-1.19939642346777, 2.59959568327331E-16, -0.365643902375948
-1.10713516012491, 0.300305339629857, -1.32913028828575E-11
-1.10713516012409, 0.289706514008174, -0.0235154547355983
-1.10713516012409, 0.279039354948058, -0.0469999969227078
-1.10713516012409, 0.268308718800368, -0.0704556020074919
-1.10713516012409, 0.257517869151582, -0.0938835668601235
-1.10713516012409, 0.246667405239993, -0.117283981628645
-1.10713516012409, 0.235757095734102, -0.14065655322514
-1.10713516012409, 0.224783705178587, -0.163999573682139
-1.10713516012409, 0.213743184853825, -0.187310917809285
-1.10713516012409, 0.188552717373824, -0.188265658156956
-1.10713516012409, 0.170782479365209, -0.206719022483409
-1.10713516012409, 0.15291458494918, -0.225321123596434
-1.10713516012409, 0.134766854608723, -0.243650317184402
-1.10713516012409, 0.116339220063648, -0.261698068294775
-1.10713516012409, 0.0976324823907211, -0.279456347493965
-1.10713516012409, 0.0786483040738255, -0.296917716965364
-1.10713516012409, 0.0593892137137439, -0.314075388003384
-1.10713516012409, 0.0398585680252808, -0.330923300068977
-1.10713516012409, 0.0200605281291851, -0.347456167211146
-1.10713516012409, 2.63227864668119E-16, -0.36366953598989
-1.01487389678555, 0.286626553958706, -1.3291538560504E-11
-1.01487389678056, 0.276111737820936, -0.0227840044287716
-1.01487389678042, 0.265541848957475, -0.0455425120295837
-1.01487389678042, 0.254915678289568, -0.0682747948289653
-1.01487389678042, 0.24422989142088, -0.0909791138169631
-1.01487389678042, 0.233480804525114, -0.11365352858128
-1.01487389678042, 0.222662903439324, -0.136295196830524
-1.01487389678042, 0.211769875289318, -0.158900809446453
-1.01487389678042, 0.200795058525184, -0.181466829922392
-1.01487389678042, 0.177297094375025, -0.184022592143811
-1.01487389678042, 0.159708646108366, -0.200462192897083
-1.01487389678042, 0.14302622526473, -0.219206766545268
-1.01487389678042, 0.126079953232865, -0.237713135119126
-1.01487389678042, 0.108868172426946, -0.255972814254596
-1.01487389678042, 0.0913897696132908, -0.273977436414454
-1.01487389678042, 0.0736442038376896, -0.291718786726205
-1.01487389678042, 0.0556315150360895, -0.30918885587605
-1.01487389678042, 0.0373523345748314, -0.326379886207341
-1.01487389678042, 0.0188078903168598, -0.343284418068525
-1.01487389678042, 2.91300953907901E-16, -0.359895340787937
-0.922612633440257, 0.272149122739712, -1.32912846664561E-11
-0.922612633436743, 0.261784261652822, -0.0219673339131694
-0.922612633436743, 0.251359278874018, -0.0439061984177819
-0.922612633436743, 0.240868728616828, -0.0658137843344395
-0.922612633436743, 0.230306973526531, -0.087687129035302
-0.922612633436743, 0.21966765778477, -0.109522850414818
-0.922612633436744, 0.208943905163196, -0.131317225253077
-0.922612633436743, 0.198128682590342, -0.15306635087987
-0.922612633436744, 0.187215120620292, -0.174766293995607
-0.922612633436743, 0.165918695641352, -0.179637791111588
-0.922612633436743, 0.147978541508985, -0.192918047774831
-0.922612633436744, 0.13252329596266, -0.211656288637143
-0.922612633436744, 0.116825906604955, -0.230192144652451
-0.922612633436743, 0.100884200707138, -0.248518290998047
-0.922612633436743, 0.0846960094591199, -0.266627065467021
-0.922612633436744, 0.0682594075436741, -0.284510661030253
-0.922612633436744, 0.051572732810769, -0.302161139111022
-0.922612633436744, 0.0346346052378943, -0.319570445798261
-0.922612633436744, 0.0174439460716002, -0.336730429821002
-0.922612633436744, 2.59159490895081E-16, -0.353632859457846
-0.830351370096721, 0.256820678648693, -1.32914144951615E-11
-0.83035137009393, 0.246638735942221, -0.0210024303612566
-0.830351370093117, 0.236382943394315, -0.0419688955384698
-0.830351370093069, 0.226047169021968, -0.0628960455618187
-0.830351370093069, 0.21562492299827, -0.0837802633174578
-0.830351370093069, 0.205109871467502, -0.104617903139347
-0.830351370093069, 0.194496016142716, -0.125405388351244
-0.830351370093069, 0.183777698009425, -0.146139201236373
-0.830351370093069, 0.172949633235046, -0.16681590975379
-0.830351370093069, 0.154600360230637, -0.175099814813957
-0.830351370093069, 0.135592928383296, -0.183771541461588
-0.830351370093069, 0.121416706618687, -0.202313459064811
-0.830351370093069, 0.107020098415849, -0.22068479103989
-0.830351370093069, 0.0924033633171736, -0.238881466417187
-0.830351370093069, 0.0775659221627832, -0.256898626222371
-0.830351370093069, 0.0625063785139972, -0.274730553067404
-0.830351370093069, 0.0472225296544637, -0.292370594132278
-0.830351370093069, 0.0317117355921192, -0.309811409796641
-0.830351370093069, 0.0159716231748471, -0.327045541563364
-0.830351370093069, 1.9236742825654E-16, -0.344065333894523
-0.738090106749395, 0.240379853368411, -1.32913176747757E-11
-0.738090106749395, 0.230418454233625, -0.0198306302840213
-0.738090106749395, 0.220370157954687, -0.0396173673810254
-0.738090106749395, 0.210229599230349, -0.0593569756837025
-0.738090106749395, 0.199991578623875, -0.0790462099877214
-0.738090106749395, 0.189651074502116, -0.0986818164208001
-0.738090106749395, 0.179203691938885, -0.118260760063284
-0.738090106749395, 0.168646015487054, -0.13778044801845
-0.738090106749395, 0.157974957148151, -0.157238381920027
-0.738090106749395, 0.143530486249516, -0.170397881864608
-0.738090106749394, 0.122542873240216, -0.172707991642003
-0.738090106749394, 0.109721389375631, -0.190821206568911
-0.738090106749395, 0.0966980490180932, -0.208789834654084
-0.738090106749395, 0.083475279277353, -0.2266122171126
-0.738090106749395, 0.0700547914367506, -0.24428619473337
-0.738090106749395, 0.0564376170043338, -0.261809081368317
-0.738090106749395, 0.0426241314479952, -0.279177633598031
-0.738090106749395, 0.0286140741187736, -0.296388006006957
-0.738090106749394, 0.014406541122406, -0.313435720341554
-0.738090106749395, 1.99510800943208E-16, -0.330315587388501
-0.64582884340572, 0.222447650890183, -1.32914979346851E-11
-0.64582884340572, 0.212777638250841, -0.0184089174611329
-0.64582884340572, 0.20301389001144, -0.036768289074439
-0.64582884340572, 0.193152862319185, -0.0550755925624138
-0.64582884340572, 0.183191108650794, -0.0733282803210746
-0.64582884340572, 0.173125559025117, -0.0915239334633296
-0.64582884340572, 0.162953974960219, -0.10966052363827
-0.64582884340572, 0.152674242459141, -0.127736033800146
-0.64582884340572, 0.142285266309672, -0.145748977279256
-0.64582884340572, 0.13178724686232, -0.163698588497774
-0.64582884340572, 0.112037778709235, -0.165526403178489
-0.645828843405721, 0.0973817914447251, -0.176894454979999
-0.64582884340572, 0.0858239958357945, -0.194180623409871
-0.64582884340572, 0.0740853613130195, -0.21134450459511
-0.64582884340572, 0.0621691369333624, -0.228385573464044
-0.64582884340572, 0.0500780111078689, -0.245302995496906
-0.64582884340572, 0.0378141378056878, -0.262095614062002
-0.645828843405721, 0.0253791630578145, -0.278761925198013
-0.645828843405721, 0.0127742328806014, -0.295300065795585
-0.64582884340572, 1.42765527793009E-16, -0.311707790416259
-0.553567580062571, 0.20259862878201, -1.32913380241062E-11
-0.553567580062203, 0.193342576192314, -0.0167079258679136
-0.553567580062066, 0.183995073254632, -0.033364859484908
-0.553567580062046, 0.174554025913959, -0.0499689500779543
-0.553567580062046, 0.16501739223238, -0.0665183279206514
-0.553567580062046, 0.155383807052432, -0.0830114457832047
-0.553567580062046, 0.145652476185593, -0.0994470870291917
-0.553567580062046, 0.135823023869794, -0.115824234495065
-0.553567580062046, 0.125895482184887, -0.13214210833518
-0.553567580062046, 0.115870400027223, -0.148400242518474
-0.553567580062046, 0.103475761270869, -0.160486134268817
-0.553567580062046, 0.0843752328689354, -0.160486568198568
-0.553567580062046, 0.074290437983273, -0.176601201172497
-0.553567580062046, 0.0641355825949306, -0.19277853304113
-0.553567580062046, 0.053822800844372, -0.208855657084193
-0.553567580062046, 0.0433556527854132, -0.22483270953037
-0.553567580062046, 0.0327372661330897, -0.240709655383862
-0.553567580062046, 0.02197036601518, -0.256486267303247
-0.553567580062046, 0.0110572907155387, -0.272162118733185
-0.553567580062046, 5.6465725812033E-17, -0.287736580071013
-0.474691162525069, 0.183780818718999, -2.65830189173903E-11
-0.477866607827383, 0.175115042695235, -0.0162499482078355
-0.481065242435697, 0.166385983159139, -0.0324614230222869
-0.484287167020299, 0.157593365381949, -0.0486338957310212
-0.487532402637652, 0.148737131900671, -0.0647669478507585
-0.490800893786809, 0.139817434177137, -0.0808602929678658
-0.494092508560751, 0.130834632185015, -0.0969137761993916
-0.497407012488797, 0.121789365793747, -0.112927429065965
-0.500743817589564, 0.112683239601891, -0.128901910126517
-0.504102173788041, 0.103518300560802, -0.144838196163271
-0.508029917909927, 0.0927995044240474, -0.157937143935459
-0.514458548435504, 0.0752558004800381, -0.158299731951028
-0.517715896333716, 0.0663665126384821, -0.174296071562616
-0.521002461317483, 0.0573974915011583, -0.190358182353795
-0.524353164101525, 0.0482534385938197, -0.206307964846511
-0.527766872845711, 0.0389374427031264, -0.222144482274306
-0.531242626210618, 0.0294521273200577, -0.23786658508865
-0.5347796234545, 0.0197996776652583, -0.253472881350284
-0.5383772193222, 0.00998185463716371, -0.268961720702562
-0.542034922144087, 2.51587705456535E-17, -0.284331182750973
-0.416508298279522, 0.168636528969502, -2.65826882097677E-11
-0.422192333908442, 0.160475564076685, -0.0160043330513252
-0.427905427375893, 0.15227287882608, -0.031976959826578
-0.433647337911402, 0.144028818908586, -0.0479179206386014
-0.439417837178841, 0.135743712162248, -0.0638272461812692
-0.445216707941114, 0.127417870489455, -0.0797049589436648
-0.451042957026471, 0.119052719855901, -0.0955519587745904
-0.456895379413051, 0.110649990395198, -0.111369406062606
-0.462772778110705, 0.102211400709271, -0.127158476914768
-0.468673963835644, 0.0937386583354918, -0.142920362375436
-0.475418805436683, 0.0840546206011694, -0.156087530213126
-0.486182255925765, 0.0686007868637368, -0.156700463997019
-0.491807388553455, 0.0605243931025069, -0.172599249735924
-0.497468768165321, 0.0523959570275676, -0.188627985826297
-0.503253319484581, 0.0440906747740596, -0.204521524183495
-0.509158967273258, 0.035611525905336, -0.22027813129486
-0.515183961454295, 0.026961023128631, -0.23589580245709
-0.521326858371839, 0.0181412392009566, -0.251372224224457
-0.527586511067999, 0.0091538208894545, -0.266704751273141
-0.533962061601515, 2.27499110466304E-17, -0.281890377995096
-0.370167553890429, 0.155721647168515, -2.65831453923095E-11
-0.377855722582947, 0.148033478475997, -0.0157948987199045
-0.385571053666572, 0.140318147392371, -0.0315632796489671
-0.393313238992413, 0.132575962066531, -0.0473053172353271
-0.401081064066994, 0.12480813699195, -0.0630220731779385
-0.408873281682754, 0.11701591937619, -0.0787146616802552
-0.416688650995591, 0.109200550063353, -0.094384207415025
-0.424525937234784, 0.10136326382416, -0.11003184495291
-0.432383911402033, 0.0935052896569106, -0.125658718220811
-0.44026134995475, 0.0856278511041936, -0.141265979977204
-0.449025675086382, 0.0768635259725616, -0.154576127708614
-0.462573554661751, 0.0633156463971926, -0.155353717228988
-0.470140053556435, 0.0557491475025094, -0.170845417137405
-0.477603764734249, 0.0482854363246946, -0.186853964273105
-0.485238853572201, 0.0406503474867427, -0.202700057192676
-0.493042151141547, 0.0328470499173967, -0.218381413690091
-0.501010935927381, 0.0248782651315629, -0.233895435903741
-0.509142906033598, 0.0167462950253459, -0.249239165637965
-0.51743616453326, 0.00845303652568358, -0.264409256467917
-0.525889201058944, 2.04131373153549E-17, -0.279401928903202
-0.326587822935546, 0.142824567829866, -2.65840217639121E-11
-0.33618797747738, 0.135654413812655, -0.0155841172323744
-0.345809158264937, 0.128468555733642, -0.0311480215905443
-0.355450192205958, 0.121267869750824, -0.0466927760220648
-0.365109910739459, 0.114053228637883, -0.0622194499976115
-0.374787149595861, 0.106825501963341, -0.0777291191384294
-0.384480748544703, 0.0995855562789887, -0.0932228648228246
-0.394189551134719, 0.0923342553140141, -0.10870177380442
-0.403912245720856, 0.0850725787085894, -0.124167092405951
-0.41364633427846, 0.0778023921849193, -0.139621245090284
-0.424182253965983, 0.0699333348126341, -0.153141905922468
-0.439915383488069, 0.0581825904517489, -0.154051589242665
-0.449359253682814, 0.0511291619345525, -0.169099964059408
-0.458510517332075, 0.0442942751073282, -0.185098967441259
-0.467878182978955, 0.0372977621681703, -0.200901669794087
-0.47745753207168, 0.0301431473044029, -0.216505431833581
-0.487244407711323, 0.0228335352166255, -0.231907269418013
-0.497235177375471, 0.0153716389596164, -0.247103802686883
-0.507426708037984, 0.00775979852487118, -0.262091217220894
-0.517816340516372, 1.81562295530218E-17, -0.276865215295405
-0.282783895801078, 0.129068114028508, -2.65821944747103E-11
-0.294335501344437, 0.122498909441193, -0.0153628547990564
-0.305899592417391, 0.115922604542325, -0.0307132737850379
-0.317475078570819, 0.109339819452055, -0.046052322550798
-0.329060871814023, 0.10275117289247, -0.0613810697930941
-0.340655888297768, 0.0961572812304741, -0.0767005895638053
-0.352259035997205, 0.0895587654823051, -0.0920119504189115
-0.363868553296758, 0.082956627449198, -0.107316923494586
-0.375482161095383, 0.0763521632176943, -0.122617788669685
-0.387097580770351, 0.0697466686023262, -0.137916837736706
-0.399353233412902, 0.0627770842226875, -0.15169760595345
-0.416987973979036, 0.0527485026382197, -0.152724615962432
-0.428309132553731, 0.0463103493820806, -0.167444669742555
-0.439193604737971, 0.0401205323618559, -0.183438835782924
-0.450338259762693, 0.0337827537182164, -0.199194108034946
-0.461736128582864, 0.0273009766303437, -0.214707802491644
-0.473380929534656, 0.0206787733752417, -0.229976882757378
-0.485267020693639, 0.0139193524208339, -0.244997901194858
-0.49738936166077, 0.00702558015763062, -0.259766947150481
-0.509743479973801, 1.59872225710276E-17, -0.274279594086843
-0.236958475069936, 0.113752373970302, -2.65858308261351E-11
-0.250577388198088, 0.107900040663266, -0.0151293199149541
-0.264199758737388, 0.102046221633968, -0.0302549519000593
-0.277824903770872, 0.0961912103461852, -0.0453776221502194
-0.291451491891326, 0.090335578933591, -0.0604987550747701
-0.305078029638614, 0.0844799691674054, -0.0756199422665439
-0.318703023842397, 0.0786250226943167, -0.0907427756396603
-0.332324981032971, 0.0727713812896563, -0.105868846776018
-0.345942368857243, 0.0669197034377666, -0.120999789080856
-0.359552825603863, 0.061071004015669, -0.136138120730066
-0.373610856450011, 0.0550299725928177, -0.150188967025864
-0.393042653776603, 0.0466797207305801, -0.151328886433704
-0.406237916158947, 0.0410094390562193, -0.16601879322973
-0.419009716256467, 0.0355211280288861, -0.181998904200198
-0.432084264876078, 0.0299027195963626, -0.197686310645735
-0.445451378887934, 0.0241585896636423, -0.213078863311482
-0.459101732260388, 0.0182927458226023, -0.228174079537798
-0.473026797007564, 0.0123088527280737, -0.242969071560855
-0.487218787662547, 0.00621025595887809, -0.257460476777142
-0.501670619431229, 1.39144190239686E-17, -0.27164439817385
-0.187646494630772, 0.0961120607925668, -2.65784373391816E-11
-0.20350590405585, 0.0911299584093829, -0.0148909923625959
-0.219360902630303, 0.0861492416584648, -0.0297871480806101
-0.235210482620251, 0.0811702271110808, -0.0446896375391442
-0.251053641962169, 0.0761932295572046, -0.0595996157174301
-0.26688952227732, 0.071218518649422, -0.0745180994978642
-0.282716489506739, 0.06624660771385, -0.0894469670292535
-0.298532645335865, 0.0612780930903173, -0.104388417756895
-0.3143360843699, 0.05631357334285, -0.119344644592559
-0.330124895583263, 0.0513536488043394, -0.134317835318727
-0.346193115662549, 0.0463059502800837, -0.148569902119346
-0.36745125749589, 0.0396278807346644, -0.149826365180529
-0.382479980885466, 0.0349067315034061, -0.165068987582212
-0.397394700695273, 0.0302213955544232, -0.180995712735593
-0.412651686565539, 0.0254285395515852, -0.196562208069471
-0.428236346388194, 0.0205327474850292, -0.211767904664025
-0.44413521502024, 0.015538249318131, -0.226611935939791
-0.460335877293194, 0.0104489451734502, -0.241093040918637
-0.476826898637033, 0.00526842712664576, -0.255209477076998
-0.493597758888658, 1.19464035125992E-17, -0.268958935248011
-0.13351387258668, 0.0751929311258057, -2.6554725172886E-11
-0.151834032743019, 0.0712795692136965, -0.0146688983389093
-0.170145035747248, 0.0673681633571014, -0.0293497458616953
-0.188445839575103, 0.0634589361423966, -0.044043887284871
-0.206735396214663, 0.0595521114349799, -0.0587526626060517
-0.225012656576571, 0.0556479133303993, -0.0734774110869412
-0.243276567601656, 0.0517465667721932, -0.0882194689418583
-0.261526032657932, 0.0478483060114713, -0.102980220987216
-0.279759446002217, 0.0439534740503775, -0.117761701267788
-0.297974929425753, 0.0400624720923156, -0.132566276631456
-0.316395467915582, 0.0361276684054769, -0.146796355377874
-0.339353967598776, 0.0312235126856214, -0.148815191380351
-0.356378843987776, 0.0275868358088624, -0.165032969047131
-0.373799621321063, 0.0238655906934463, -0.180805056710384
-0.391594426677687, 0.0200644496050637, -0.196134365573145
-0.409743064883457, 0.0161877264266075, -0.211023651921293
-0.428226913990334, 0.012239398984776, -0.225475371585646
-0.447028817622066, 0.00822313204607728, -0.239491546804098
-0.466132987304136, 0.00414229818009093, -0.253073649935575
-0.485524898346087, 1.00920576276249E-17, -0.266222486532324
-0.0734740077205588, 0.0497747578927941, -2.8305899493663E-11
-0.0945049059906566, 0.047183508389827, -0.014506612292112
-0.115526834837519, 0.0445933640233691, -0.0290264139037341
-0.136539250930239, 0.0420043917380618, -0.0435601913757102
-0.157541433523547, 0.0394166803380446, -0.0581089760408799
-0.178532589609828, 0.0368303275310121, -0.0726739057336756
-0.199511923750384, 0.0342454313241967, -0.0872561167248937
-0.220478638079628, 0.0316620900238513, -0.101856739454695
-0.241431840164616, 0.0290804135880192, -0.116477047081084
-0.262370187561653, 0.0265005674212642, -0.131118937145409
-0.283621407864781, 0.0238821716998497, -0.144829574600097
-0.307361956905866, 0.0209570619345506, -0.150731929480074
-0.327343156829272, 0.0184951473883787, -0.166672588969137
-0.347741805212842, 0.01598179837179, -0.182067232786896
-0.368529184018781, 0.0134205532786375, -0.19692469919682
-0.38967900312207, 0.0108146513558858, -0.211253558422033
-0.411167226459505, 0.00816705412405747, -0.225061910866149
-0.432971881226482, 0.00548046888639156, -0.238357202964023
-0.45507292251092, 0.00275736540750773, -0.251146095758981
-0.477452037803515, 8.3605760121092E-18, -0.263434305433101
-0.00384433855964222, 0.0144041252746932, -7.29439680764721E-06
-0.0284207797499847, 0.0145157859192911, -0.01378755834091
-0.0528949124157111, 0.0144300246201369, -0.0277489341851894
-0.0772703085732083, 0.0141620949574773, -0.0418797387075817
-0.10155211262784, 0.0137294947307615, -0.056166764107804
-0.12574705510359, 0.0131518605328061, -0.0705953614416754
-0.149863402916185, 0.0124507995701936, -0.0851495533206731
-0.173910863126051, 0.0116496597998282, -0.0998121856059294
-0.197900424055543, 0.01077324345399, -0.114565104840759
-0.22184412862815, 0.00984747246218436, -0.129389350623205
-0.246295172389848, 0.00887750248772084, -0.142570200191804
-0.27059395504633, 0.00791054610011149, -0.15536911682765
-0.294219220814251, 0.00697039193821457, -0.170693209943143
-0.318255168907053, 0.00601389490421972, -0.185363850124662
-0.34266714560834, 0.00504243402325217, -0.19939898365196
-0.367424032899929, 0.00405724761937844, -0.212815486961472
-0.392497824705695, 0.00305945017864598, -0.225629113791034
-0.417863235532135, 0.00205004792303178, -0.237854464860431
-0.443497309875127, 0.00102995435389921, -0.249505133106202
-0.469379177260944, 6.7614835279691E-18, -0.260593616100648
